RA_r1_rl
13m14s__81
1e-06
0.3735681371506392
0.35862924111134364
0.35752299652729214
0.35868279450193663
0.3576280217804615
0.36008695755797104
0.36336721367904024
0.36154761772975097
0.3573573111023429
0.36398472810031235
0.37035371438416065
0.3962030793380058
0.38151630815431625
0.3633538623138024
0.3572330470336311
0.3578108644929363
0.35903929161768255
0.35763512856164814
0.3594807129739197
0.40596317317193353
0.3572330470336311
0.3593334041673779
0.379623267005861
0.3681131552250587
0.35852005280213994
0.35849284500827583
0.3626793457133961
0.3653687901436693
0.36117604485449695
0.3578937072054109
0.36448228943854843
0.3653980794655505
0.3583028955146146
0.365354576581296
0.3577108644929363
0.3573573111023429
0.3576694431366989
0.38955175540507136
0.35920497704263155
0.3581472605960041
0.370480922178025
0.3644923399448876
0.3580522858491735
0.359996145867175
0.37273762849787606
0.35772299652729234
0.3584635556863942
0.3603133031547001
0.36504625046922756
0.3587049770426318
0.37397696832609606
0.35769370720541094
0.3572744683898683
0.35769370720541094
0.3693117879645351
0.3584978702614452
0.35868573822708916
0.37544265375104535
0.36677000947455096
0.36384173027944655
0.3647316797731075
0.36083340416737775
0.36103964875142935
0.3698758969248557
0.38617179514328503
0.3584301033084789
0.3572330470336311
0.3743126501616705
0.3574280217804615
0.3572330470336311
0.3628006660569558
0.3962821161281931
0.4317186960546522
0.3892412864905219
0.35812507805530913
0.3604283789142084
0.3645906155506171
0.3590141653518355
0.36378939621973516
0.3574987324585803
0.35773010330847876
0.3847931154868447
0.3573573111023429
0.36567970284714324
0.36617884065000794
0.3601434546737168
0.35793721008966517
0.359348479926886
0.36698178437516016
0.3582685809395638
0.35793512856164833
0.35739873245858034
0.37631803254858665
0.36455421944754907
0.37926346903121666
0.3759936205502332
0.5224465419738684
0.35777152466471596
0.36101954773875167
0.3649788406500081
