0.3735681371506392 0.0033432311466603686
0.35862924111134364 0.0009909841068352185
0.35752299652729214 0.00045809715126815184
0.35868279450193663 0.0010229002883956988
0.3576280217804615 0.000308198799478504
0.36008695755797104 0.0012785878929506547
0.36336721367904024 0.001926153031303586
0.36154761772975097 0.001465307646878289
0.3573573111023429 0.0002999549966245008
0.36398472810031235 0.002193238017179164
0.37035371438416065 0.002644364857579225
0.3962030793380058 0.0049227920431397475
0.38151630815431625 0.0034476444132189744
0.3633538623138024 0.0016245383959759203
0.3572330470336311 0.0
0.3578108644929363 0.00041827443144424025
0.35903929161768255 0.0008565941279275771
0.35763512856164814 0.0005146197625431785
0.3594807129739197 0.0009506474109784334
0.40596317317193353 0.0047789774533889585
0.3572330470336311 0.0
0.3593334041673779 0.0012198305210151142
0.379623267005861 0.0037531121086373078
0.3681131552250587 0.0024441624332273847
0.35852005280213994 0.0008181210179429473
0.35849284500827583 0.0009262845135270176
0.3626793457133961 0.0018966889571039305
0.3653687901436693 0.0023936940071780247
0.36117604485449695 0.001581679645187358
0.3578937072054109 0.00048469113876778333
0.36448228943854843 0.0019257305107413187
0.3653980794655505 0.002393042728410841
0.3583028955146146 0.0008179957212602072
0.365354576581296 0.0023243104353764775
0.3577108644929363 0.000393642604401507
0.3573573111023429 0.0002999549966245008
0.3576694431366989 0.00035351591194739373
0.38955175540507136 0.004627232650299745
0.35920497704263155 0.0009867286861138665
0.3581472605960041 0.0005829331007928708
0.370480922178025 0.002612118201766526
0.3644923399448876 0.0018860551423540086
0.3580522858491735 0.0004300587169213062
0.359996145867175 0.0014009205901834695
0.37273762849787606 0.003204046972190016
0.35772299652729234 0.0004999009901970628
0.3584635556863942 0.0009288452508356796
0.3603133031547001 0.0013874921621400231
0.36504625046922756 0.00218554981640776
0.3587049770426318 0.0009341833331846588
0.37397696832609606 0.0031776975154976577
0.35769370720541094 0.0005048816693048063
0.3572744683898683 0.00017319642028632774
0.35769370720541094 0.0005048816693048063
0.3693117879645351 0.002856086395752061
0.3584978702614452 0.0008505606974225893
0.35868573822708916 0.000888311882167524
0.37544265375104535 0.0033218468507744277
0.36677000947455096 0.0025709620767331415
0.36384173027944655 0.00166258879462121
0.3647316797731075 0.001774387359062278
0.36083340416737775 0.0013377225048566703
0.36103964875142935 0.0015422911527983318
0.3698758969248557 0.002535019723789147
0.38617179514328503 0.003862641259552847
0.3584301033084789 0.0006162751009086731
0.3572330470336311 0.0
0.3743126501616705 0.002945651201347506
0.3574280217804615 0.00033908479765391007
0.3572330470336311 0.0
0.3628006660569558 0.0019823064848806787
0.3962821161281931 0.0050215668869387775
0.4317186960546522 0.006651454427416608
0.3892412864905219 0.0039059886072542517
0.35812507805530913 0.0006741175713479091
0.3604283789142084 0.0013361485695834905
0.3645906155506171 0.0020511628409270654
0.3590141653518355 0.0011333371078368541
0.36378939621973516 0.0019182544148261486
0.3574987324585803 0.0003741269837902465
0.35773010330847876 0.0005996398919351483
0.3847931154868447 0.003940363244676817
0.3573573111023429 0.0002999549966245008
0.36567970284714324 0.002236004136847695
0.36617884065000794 0.0023490076628227535
0.3601434546737168 0.001225369536099221
0.35793721008966517 0.0007135355632342317
0.359348479926886 0.0011257184372657338
0.36698178437516016 0.002373922071172514
0.3582685809395638 0.0008649421946003078
0.35793512856164833 0.0005146867979655281
0.35739873245858034 0.0003463408725518889
0.37631803254858665 0.0031778127698151148
0.36455421944754907 0.0020715932274459653
0.37926346903121666 0.0036738343049190453
0.3759936205502332 0.003512599251266788
0.5224465419738684 0.008489770933305562
0.35777152466471596 0.0006240937429585459
0.36101954773875167 0.0016332317655495133
0.3649788406500081 0.002346293459906496
