With Shot Noise
02/11/2024 18:05:30 

VQEr_100_shots_10000_COBYLA_maxIter_10000_tol_1e-06_RA_r1_rl 

Reference value: 3.5723304703e-01 

Number of pauli strings:  4
Qubits:  2
VQE runs:  100
Optimizer:  COBYLA
Max iterations:  10000
Optimizers's tolerance:  1e-06
Ansatz:  RA_r1_rl 

All run converged!!!
Number of iterations for each converged VQE run:
[74, 86, 64, 76, 80, 71, 87, 80, 77, 101, 105, 118, 60, 95, 71, 79, 90, 77, 76, 66, 82, 70, 78, 66, 79, 80, 80, 74, 75, 77, 82, 87, 67, 63, 64, 77, 70, 79, 96, 71, 78, 77, 78, 112, 78, 80, 70, 75, 77, 67, 81, 88, 88, 75, 83, 75, 68, 98, 69, 104, 77, 70, 79, 108, 74, 83, 73, 73, 74, 74, 117, 84, 65, 64, 79, 89, 64, 68, 76, 73, 79, 76, 70, 112, 110, 70, 62, 72, 92, 90, 60, 74, 66, 79, 118, 106, 128, 69, 120, 81] 

Average iterations of converged run:
81 

VQE eigenvalues:
[0.3735681371506392, 0.35862924111134364, 0.35752299652729214, 0.35868279450193663, 0.3576280217804615, 0.36008695755797104, 0.36336721367904024, 0.36154761772975097, 0.3573573111023429, 0.36398472810031235, 0.37035371438416065, 0.3962030793380058, 0.38151630815431625, 0.3633538623138024, 0.3572330470336311, 0.3578108644929363, 0.35903929161768255, 0.35763512856164814, 0.3594807129739197, 0.40596317317193353, 0.3572330470336311, 0.3593334041673779, 0.379623267005861, 0.3681131552250587, 0.35852005280213994, 0.35849284500827583, 0.3626793457133961, 0.3653687901436693, 0.36117604485449695, 0.3578937072054109, 0.36448228943854843, 0.3653980794655505, 0.3583028955146146, 0.365354576581296, 0.3577108644929363, 0.3573573111023429, 0.3576694431366989, 0.38955175540507136, 0.35920497704263155, 0.3581472605960041, 0.370480922178025, 0.3644923399448876, 0.3580522858491735, 0.359996145867175, 0.37273762849787606, 0.35772299652729234, 0.3584635556863942, 0.3603133031547001, 0.36504625046922756, 0.3587049770426318, 0.37397696832609606, 0.35769370720541094, 0.3572744683898683, 0.35769370720541094, 0.3693117879645351, 0.3584978702614452, 0.35868573822708916, 0.37544265375104535, 0.36677000947455096, 0.36384173027944655, 0.3647316797731075, 0.36083340416737775, 0.36103964875142935, 0.3698758969248557, 0.38617179514328503, 0.3584301033084789, 0.3572330470336311, 0.3743126501616705, 0.3574280217804615, 0.3572330470336311, 0.3628006660569558, 0.3962821161281931, 0.4317186960546522, 0.3892412864905219, 0.35812507805530913, 0.3604283789142084, 0.3645906155506171, 0.3590141653518355, 0.36378939621973516, 0.3574987324585803, 0.35773010330847876, 0.3847931154868447, 0.3573573111023429, 0.36567970284714324, 0.36617884065000794, 0.3601434546737168, 0.35793721008966517, 0.359348479926886, 0.36698178437516016, 0.3582685809395638, 0.35793512856164833, 0.35739873245858034, 0.37631803254858665, 0.36455421944754907, 0.37926346903121666, 0.3759936205502332, 0.5224465419738684, 0.35777152466471596, 0.36101954773875167, 0.3649788406500081] 

VQE eigenvalues standard deviation:
[0.0033432311466603686, 0.0009909841068352185, 0.00045809715126815184, 0.0010229002883956988, 0.000308198799478504, 0.0012785878929506547, 0.001926153031303586, 0.001465307646878289, 0.0002999549966245008, 0.002193238017179164, 0.002644364857579225, 0.0049227920431397475, 0.0034476444132189744, 0.0016245383959759203, 0.0, 0.00041827443144424025, 0.0008565941279275771, 0.0005146197625431785, 0.0009506474109784334, 0.0047789774533889585, 0.0, 0.0012198305210151142, 0.0037531121086373078, 0.0024441624332273847, 0.0008181210179429473, 0.0009262845135270176, 0.0018966889571039305, 0.0023936940071780247, 0.001581679645187358, 0.00048469113876778333, 0.0019257305107413187, 0.002393042728410841, 0.0008179957212602072, 0.0023243104353764775, 0.000393642604401507, 0.0002999549966245008, 0.00035351591194739373, 0.004627232650299745, 0.0009867286861138665, 0.0005829331007928708, 0.002612118201766526, 0.0018860551423540086, 0.0004300587169213062, 0.0014009205901834695, 0.003204046972190016, 0.0004999009901970628, 0.0009288452508356796, 0.0013874921621400231, 0.00218554981640776, 0.0009341833331846588, 0.0031776975154976577, 0.0005048816693048063, 0.00017319642028632774, 0.0005048816693048063, 0.002856086395752061, 0.0008505606974225893, 0.000888311882167524, 0.0033218468507744277, 0.0025709620767331415, 0.00166258879462121, 0.001774387359062278, 0.0013377225048566703, 0.0015422911527983318, 0.002535019723789147, 0.003862641259552847, 0.0006162751009086731, 0.0, 0.002945651201347506, 0.00033908479765391007, 0.0, 0.0019823064848806787, 0.0050215668869387775, 0.006651454427416608, 0.0039059886072542517, 0.0006741175713479091, 0.0013361485695834905, 0.0020511628409270654, 0.0011333371078368541, 0.0019182544148261486, 0.0003741269837902465, 0.0005996398919351483, 0.003940363244676817, 0.0002999549966245008, 0.002236004136847695, 0.0023490076628227535, 0.001225369536099221, 0.0007135355632342317, 0.0011257184372657338, 0.002373922071172514, 0.0008649421946003078, 0.0005146867979655281, 0.0003463408725518889, 0.0031778127698151148, 0.0020715932274459653, 0.0036738343049190453, 0.003512599251266788, 0.008489770933305562, 0.0006240937429585459, 0.0016332317655495133, 0.002346293459906496] 

Median VQE eigenvalues:
0.3606308915407931 

Min eigenvalue after 100 VQE steps on Aer qasm simulator: 3.57233e-01
Delta from reference energy value is 4.44089e-16 

Optimizer history of the smallest VQE eigenvalue:
[0.9724219628235535, 1.4885744912196923, 1.128034253300587, 0.8906603179057108, 0.6529429557687223, 0.49685714830502326, 0.6044746014518318, 0.9175016928551625, 0.4896677905299285, 0.5007059110272667, 0.6778890093506322, 0.5560323537922094, 0.3921422966172985, 0.4040926716979203, 0.44533028713187006, 0.38837783052323127, 0.43590997691508715, 0.3758469647367213, 0.39063834276536946, 0.3984020945919431, 0.3727495513281265, 0.3620496992577682, 0.36514122521605796, 0.3605899012831233, 0.3572330470336311, 0.3676810701076665, 0.3642890390859883, 0.35814934212402116, 0.3579401538148175, 0.3572330470336311, 0.3572330470336311, 0.3577401538148175, 0.3572744683898683, 0.35745731110234313, 0.3572330470336311, 0.3575866004242243, 0.35734517906798713, 0.3573866004242243, 0.3576280217804615, 0.3572744683898683, 0.35745731110234313, 0.3572330470336311, 0.3572330470336311, 0.3572330470336311, 0.3581644178835295, 0.3574987324585803, 0.3573866004242243, 0.35734517906798713, 0.3572330470336311, 0.35734517906798713, 0.3572330470336311, 0.3581351285616483, 0.3572744683898683, 0.3572330470336311, 0.3572330470336311, 0.3572330470336311, 0.35734517906798713, 0.3576987324585803, 0.35734517906798713, 0.35734517906798713, 0.3574280217804615, 0.35745731110234313, 0.35734517906798713, 0.35745731110234313, 0.3578108644929363, 0.3572330470336311, 0.35734517906798713, 0.35745731110234313, 0.3572330470336311, 0.3572330470336311, 0.3572330470336311] 

Optimizer history of the smallest VQE eigenvalue standard deviation:
[0.01262294494165288, 0.012465429535318871, 0.012827835261648787, 0.0071928127321653525, 0.010077719310439244, 0.008186196277881445, 0.0075642936550612576, 0.012364351762223526, 0.007309886011423161, 0.007249760133963056, 0.010715634488913852, 0.00850436029340244, 0.002888291536531586, 0.005039678065114876, 0.005225546622124809, 0.0032176147998167846, 0.004618043579266009, 0.0029964048458110595, 0.0040076097614413515, 0.0030452709239080855, 0.0025610571059623034, 0.0015589637583985122, 0.002206520677446735, 0.0011649871243923637, 0.0, 0.0014120973762457032, 0.001281055229098265, 0.0007643811222158794, 0.0003605190702306625, 0.0, 0.0, 0.0003872596028505665, 0.00017319642028632774, 0.0003316293111291344, 0.0, 0.0002549382278121433, 0.00023450906165859955, 0.00029152958683467006, 0.000308198799478504, 0.00017319642028632774, 0.0003316293111291344, 0.0, 0.0, 0.0, 0.0004898122089127598, 0.0003741269837902465, 0.00029152958683467006, 0.00023450906165859955, 0.0, 0.00023450906165859955, 0.0, 0.0004948924125504556, 0.00017319642028632774, 0.0, 0.0, 0.0, 0.00023450906165859955, 0.00034637984929840446, 0.00023450906165859955, 0.00023450906165859955, 0.00033908479765391007, 0.0003316293111291344, 0.00023450906165859955, 0.0003316293111291344, 0.00041827443144424025, 0.0, 0.00023450906165859955, 0.0003316293111291344, 0.0, 0.0, 0.0] 

Smallest VQE eingenvalue optimizer final message:
{   'aux_operators_evaluated': None,
    'cost_function_evals': 71,
    'eigenvalue': 0.3572330470336311,
    'optimal_circuit': <qiskit.circuit.library.n_local.real_amplitudes.RealAmplitudes object at 0x000001D3438A97C0>,
    'optimal_parameters': {   ParameterVectorElement(θ[0]): -3.1272578979043777,
                              ParameterVectorElement(θ[1]): -2.9520016975513084,
                              ParameterVectorElement(θ[2]): 1.5666826420655924,
                              ParameterVectorElement(θ[3]): 0.17629481930039084},
    'optimal_point': array([-3.1272579 , -2.9520017 ,  1.56668264,  0.17629482]),
    'optimal_value': 0.3572330470336311,
    'optimizer_evals': None,
    'optimizer_result': <qiskit_algorithms.optimizers.optimizer.OptimizerResult object at 0x000001D3454819D0>,
    'optimizer_time': 6.650878667831421}
     ┌──────────┐ ░       ░ ┌──────────┐
q_0: ┤ Ry(θ[0]) ├─░───■───░─┤ Ry(θ[2]) ├
     ├──────────┤ ░ ┌─┴─┐ ░ ├──────────┤
q_1: ┤ Ry(θ[1]) ├─░─┤ X ├─░─┤ Ry(θ[3]) ├
     └──────────┘ ░ └───┘ ░ └──────────┘
The number of ansatz parameters is: 
 4
Line for latex table
RA r1 rl & $1\mathrm{e}{-06}$ & 10000 & 100/100 &81 & $3.5723\mathrm{e}{-01}$ & $0\mathrm{e}{+00}$ & $4.4409\mathrm{e}{-16}$ & $3.6063\mathrm{e}{-01}$ & $3.3978\mathrm{e}{-03}$ & - & 00h 13m 14s\\

