RA_r1_rl
05m45s__1400
1e-07
5.21471754666436e-13
6.850631173449528e-13
2.486344463648038e-13
2.5346391652192324e-13
5.043188089359774e-13
3.468336728928989e-13
2.082223282684481e-13
2.691735723203692e-13
1.3289369604763124e-13
4.218847493575595e-14
1.979527652906654e-13
1.0286216323152075e-13
2.265410081747632e-13
1.1124434706744069e-13
1.9056978217690812e-13
1.0765832669790143e-12
1.3683498778505054e-13
1.0996759058912176e-13
1.528221993396528e-13
7.510658761589184e-14
1.3968270984321407e-12
1.4138690218601369e-13
1.4749312882145205e-13
4.5285997174460135e-13
1.3912204721577837e-12
1.7458257062230587e-13
1.124100812432971e-13
2.8133051444001467e-13
2.2160051571518125e-13
2.4280577548552174e-13
7.238654120556021e-13
3.3926750298007846e-12
2.1139201500375293e-12
3.390621117205228e-13
2.356448369766895e-13
3.7425618160114027e-13
4.762856775641922e-13
6.327161017338767e-13
1.63202784619898e-13
2.0794477251229182e-13
2.371991492111647e-13
2.71282996067157e-13
1.8551826741486366e-13
3.977929097231936e-13
2.7067237340361316e-13
1.9240165016753963e-13
2.0555779300934773e-13
3.460565167756613e-13
1.163513729807164e-13
2.370881269087022e-13
3.1441516057384433e-13
6.572520305780927e-14
3.618216837253385e-13
6.75626221635639e-13
1.520450432224152e-13
7.932543510946743e-13
1.2467804566540508e-13
1.723066134218243e-13
2.071676163950542e-13
4.388156504830931e-13
9.85878045867139e-14
2.245426067304379e-13
2.315370117855764e-13
3.974043316645748e-13
2.786659791809143e-13
2.2984947278814616e-12
2.5240920464852934e-13
2.808864252301646e-13
1.2706502516834917e-13
7.899236820207989e-14
1.9417800700693988e-13
4.3889891720994e-11
9.456879723757083e-13
1.585953590677036e-13
1.655897641228421e-13
3.306799278846029e-13
1.915134717478395e-13
3.4983127505938683e-13
1.6830981053317373e-13
1.120215031846783e-13
3.93796106834543e-13
7.177591854201637e-14
3.0742075551870585e-13
2.699507284376068e-13
2.840505608503463e-13
2.015054789694659e-13
2.28872476526476e-13
1.4349632593280148e-13
1.2262413306984854e-13
9.847678228425139e-13
9.71445146547012e-13
4.06902289640243e-12
2.438049762076844e-13
2.7755575615628914e-13
1.8185453143360064e-13
9.620082508376981e-13
2.9176661087149114e-13
1.1501910535116622e-13
