No Shot Noise
31/10/2024 17:33:04 

VQEr_100_COBYLA_maxIter_10000_tol_1e-07_RA_r1_rl 

Reference value: 0.0000000000e+00 

Qubits:  6
VQE runs:  100
Optimizer:  COBYLA
Max iterations:  10000
Optimizers's tolerance:  1e-07
Ansatz:  RA_r1_rl 

Only 98 runs out of 100 converged
Number of iterations for each converged VQE run:
[976, 1750, 1151, 1125, 1298, 1783, 1159, 1066, 1010, 915, 1155, 934, 1180, 895, 1079, 2655, 817, 922, 1329, 769, 3349, 1161, 1202, 1049, 1729, 986, 1269, 1313, 1031, 880, 1440, 6487, 4777, 1262, 1106, 1062, 1305, 1778, 844, 1208, 1559, 1280, 961, 1284, 1121, 771, 1126, 1144, 1127, 1518, 1086, 1005, 1661, 1465, 1104, 1482, 1211, 1168, 1095, 1428, 1144, 1251, 1484, 1024, 902, 4097, 1141, 1078, 1001, 1186, 1098, 1162, 1614, 927, 788, 1206, 1219, 1420, 1079, 881, 1112, 987, 1125, 1052, 1207, 1037, 804, 1128, 1036, 3485, 1962, 4555, 1217, 1181, 888, 2028, 1051, 1798] 

Average iterations of converged run:
1400 

VQE eigenvalues:
[5.21471754666436e-13, 6.850631173449528e-13, 2.486344463648038e-13, 2.5346391652192324e-13, 5.043188089359774e-13, 3.468336728928989e-13, 2.082223282684481e-13, 2.691735723203692e-13, 1.3289369604763124e-13, 4.218847493575595e-14, 1.979527652906654e-13, 1.0286216323152075e-13, 2.265410081747632e-13, 1.1124434706744069e-13, 1.9056978217690812e-13, 1.0765832669790143e-12, 1.3683498778505054e-13, 1.0996759058912176e-13, 1.528221993396528e-13, 7.510658761589184e-14, 1.3968270984321407e-12, 1.4138690218601369e-13, 1.4749312882145205e-13, 4.5285997174460135e-13, 1.3912204721577837e-12, 1.7458257062230587e-13, 1.124100812432971e-13, 2.8133051444001467e-13, 2.2160051571518125e-13, 2.4280577548552174e-13, 7.238654120556021e-13, 3.3926750298007846e-12, 2.1139201500375293e-12, 3.390621117205228e-13, 2.356448369766895e-13, 3.7425618160114027e-13, 4.762856775641922e-13, 6.327161017338767e-13, 1.63202784619898e-13, 2.0794477251229182e-13, 2.371991492111647e-13, 2.71282996067157e-13, 1.8551826741486366e-13, 3.977929097231936e-13, 2.7067237340361316e-13, 1.9240165016753963e-13, 2.0555779300934773e-13, 3.460565167756613e-13, 1.163513729807164e-13, 2.370881269087022e-13, 3.1441516057384433e-13, 6.572520305780927e-14, 3.618216837253385e-13, 6.75626221635639e-13, 1.520450432224152e-13, 7.932543510946743e-13, 1.2467804566540508e-13, 1.723066134218243e-13, 2.071676163950542e-13, 4.388156504830931e-13, 9.85878045867139e-14, 2.245426067304379e-13, 2.315370117855764e-13, 3.974043316645748e-13, 2.786659791809143e-13, 2.2984947278814616e-12, 2.5240920464852934e-13, 2.808864252301646e-13, 1.2706502516834917e-13, 7.899236820207989e-14, 1.9417800700693988e-13, 4.3889891720994e-11, 9.456879723757083e-13, 1.585953590677036e-13, 1.655897641228421e-13, 3.306799278846029e-13, 1.915134717478395e-13, 3.4983127505938683e-13, 1.6830981053317373e-13, 1.120215031846783e-13, 3.93796106834543e-13, 7.177591854201637e-14, 3.0742075551870585e-13, 2.699507284376068e-13, 2.840505608503463e-13, 2.015054789694659e-13, 2.28872476526476e-13, 1.4349632593280148e-13, 1.2262413306984854e-13, 9.847678228425139e-13, 9.71445146547012e-13, 4.06902289640243e-12, 2.438049762076844e-13, 2.7755575615628914e-13, 1.8185453143360064e-13, 9.620082508376981e-13, 2.9176661087149114e-13, 1.1501910535116622e-13] 

Median VQE eigenvalues:
2.400024623483432e-13 

Min eigenvalue after 100 VQE steps on Aer qasm simulator: 4.21885e-14
Delta from reference energy value is 4.21885e-14 

Optimizer history of the smallest VQE eigenvalue:
[24.790346738994696, 25.278013071291593, 24.102313938642304, 24.350672334702264, 21.94264639810418, 19.992394510116487, 18.545638025085186, 18.52737682457328, 18.801955339451446, 18.070664596524942, 18.023073074004287, 17.62370919918687, 18.043425166689303, 18.866524649228612, 17.503682613442894, 18.21529277975281, 17.08791858001603, 18.86424026740005, 15.875535028241126, 11.18897554200898, 8.907652832420922, 8.279763953354236, 7.87738822543923, 9.289430858539376, 8.777165672902626, 8.659442237942878, 7.663457385909279, 8.190165234061018, 8.065652445482689, 7.461279570163459, 7.653646934291033, 7.177318679437234, 8.548873409211264, 8.65366796871375, 6.311825424236281, 7.984996209740877, 6.562188151367723, 6.1491213224408705, 6.046706465637212, 5.002556937491536, 6.226898721077106, 4.440559489055517, 4.767579726928804, 4.8012712550826775, 2.9597248444972246, 2.228409253114852, 3.0646975213111984, 2.246651363497909, 1.934220223295188, 1.9795374066445899, 2.63705082626232, 1.9233444607460908, 1.3026526573133461, 1.1756723119311407, 1.2678607470555492, 0.9099569526999707, 0.9140662816228776, 2.1680674035316425, 1.2246760716687828, 1.262293478922016, 0.7628616383288515, 1.4284634127342932, 0.6799155388426356, 1.1298778888263348, 0.5138266703961861, 1.0236272569246923, 0.9403739360235426, 0.6215459549602341, 0.4805621284904069, 0.7716583115383614, 0.4387197013592263, 0.559356826257289, 0.517926914617185, 0.5329059649087816, 0.422583118037521, 0.46007990613641503, 0.45279367209812177, 0.5533178748538283, 0.3541824463428469, 0.5050088589571817, 0.393167178694332, 0.48475262904171396, 0.38443252478779905, 0.39215545310380623, 0.3331350422638651, 0.3103018793718166, 0.27140164122902094, 0.24415510387157446, 0.2473372942457701, 0.19818501817506307, 0.24333650644548332, 0.18489070193685186, 0.2065596513794853, 0.17762890945219695, 0.24773134825960363, 0.1757957881012036, 0.14914326189045735, 0.24537848833229103, 0.15453419613633812, 0.14936451733352868, 0.16170891089226802, 0.16104465612081326, 0.16224977308029026, 0.1537418694295994, 0.13937617032408073, 0.11735984742684413, 0.11477411850228991, 0.11741775517039743, 0.10403807866991027, 0.11089182289634925, 0.10964445575240578, 0.10582893925267706, 0.12028039553661424, 0.09196930635623868, 0.09640369525471032, 0.07461310105236124, 0.08289306015439896, 0.0778893448056488, 0.06734946715216561, 0.07676250176028843, 0.0639017116586002, 0.05676011282760779, 0.05748627527804212, 0.0678823085273823, 0.05579267840735608, 0.05565165380316023, 0.05841657554877716, 0.0619809038920931, 0.06485443679805958, 0.05489692831991572, 0.05550473142054957, 0.04150229596178173, 0.06050934628591975, 0.04384766706166082, 0.04768667513601099, 0.04196703513164135, 0.0355416586216043, 0.04740139494878698, 0.033681170089592205, 0.03357600987482928, 0.0348042308533375, 0.04537364555048995, 0.03815677139367213, 0.037187050365357355, 0.028616719188789053, 0.031724565513240544, 0.031089858464233844, 0.026982069632997263, 0.0280113458456826, 0.030252172997812132, 0.02868917839199614, 0.026714615325691193, 0.02771240429712235, 0.022841555663324686, 0.0208835175925689, 0.020204248510552247, 0.018313182147542795, 0.01941167917958475, 0.017216007159100988, 0.017529842304386367, 0.016343162426688096, 0.01300415619601697, 0.015672254066094793, 0.012851205247237929, 0.012615824480340654, 0.012955615403117626, 0.011148457816702373, 0.013696848310604137, 0.012219014640068415, 0.011812770067521405, 0.011557012456012317, 0.011648698248114597, 0.01217426707117747, 0.011890782168038794, 0.014074220359759526, 0.010332376174305602, 0.010046381141196048, 0.010438339677053321, 0.010992934751825667, 0.010153571015307172, 0.01011800082992953, 0.010442035977647313, 0.00930922386514571, 0.009236238505619498, 0.008662748590355318, 0.00876068199984742, 0.009493556940761372, 0.007939798956112853, 0.008511786391105336, 0.007875547753219636, 0.007513217450199117, 0.007049061429310388, 0.006460790040886677, 0.0063811079599756515, 0.006659589147238187, 0.006411705307286297, 0.006019631095391942, 0.006381242120761466, 0.006197577721136216, 0.006598233171171364, 0.005783096717085656, 0.00577555328685736, 0.004791814189797128, 0.005593117198400777, 0.004890021584730564, 0.0049316557476491996, 0.004846276447459219, 0.0038990728805261, 0.004308220423472786, 0.0039286128481466065, 0.004491448318586444, 0.00418368264079455, 0.0038626171251078256, 0.004086144039647632, 0.004128366515426252, 0.0038266801294984387, 0.004863494239428501, 0.003626092204621234, 0.003689476047633755, 0.0035773425031629946, 0.003417934174835935, 0.0037745541683216755, 0.0031019267175613208, 0.002960823903844667, 0.0029539796593447964, 0.0025751957539500436, 0.0025017632236846166, 0.002519018620029123, 0.002550607353358325, 0.002547816261533886, 0.0028944967368729757, 0.002433215673626976, 0.002296038834091796, 0.002255557834334898, 0.0019971775525784996, 0.0019498803932426756, 0.0018731873300784074, 0.0021370135873928775, 0.0020456935901429496, 0.0015920235753024703, 0.0015922890691608127, 0.0016277890705037046, 0.0018257319281339002, 0.0016693348905247873, 0.0015052115788064535, 0.0014406648083100104, 0.0014252515860565529, 0.0014864614363233608, 0.0013710486388404108, 0.0015404851620193782, 0.0012531524750620804, 0.0013576457641225614, 0.0013513913690504364, 0.0012085115312170935, 0.0014336564922471373, 0.0012084495297864928, 0.0011331809024497375, 0.0010406148522469905, 0.0010458533390798053, 0.0008977182792730409, 0.0009164403091761475, 0.0007415921992885988, 0.0006586210568135242, 0.0007038987345413528, 0.0009659043926615318, 0.0007187889406133907, 0.0006522105636471709, 0.0005552920103037984, 0.0005506945262363505, 0.000537706686802697, 0.000845197155198929, 0.0006271288037815181, 0.0004984356073904905, 0.0006033801295161068, 0.0005885033297604592, 0.00044559844541830484, 0.0004223742738204139, 0.00047295107465850084, 0.0003996969926268745, 0.00032488052691881375, 0.00029758127045587113, 0.0002991017666229556, 0.00038834117591007855, 0.0003980400537791917, 0.0003646647154207927, 0.00038690227884025097, 0.00033464269185518036, 0.00026401611398396696, 0.0003282155029688538, 0.00025050147658634003, 0.00033764372821726285, 0.00022410203905542936, 0.0002385968120472426, 0.0002570477118469805, 0.0002312768064891002, 0.0001878423657585837, 0.00017288648163921172, 0.00017939440044950627, 0.00018029379422301872, 0.00016130972931410748, 0.000148784259171586, 0.0001988220998682122, 0.00014364980674486105, 0.0001473840565780482, 0.00014990918132151698, 0.00019464680368885823, 0.00014115332295894234, 0.00013827682005745912, 0.0001305961517972798, 0.0001980119411917336, 0.00017174109211764987, 0.0001156945189026426, 0.00014744012737133438, 9.034529611123832e-05, 8.309984251975155e-05, 9.606613762486171e-05, 9.854574925804993e-05, 8.235231275477428e-05, 9.903453807030838e-05, 0.00010498685998888702, 9.226182086030654e-05, 8.352469730715795e-05, 0.00011551316369323716, 6.491933505975434e-05, 6.922998549679926e-05, 6.484292485092746e-05, 6.918598223021322e-05, 6.589155308117656e-05, 7.150802184635596e-05, 6.693902596316414e-05, 7.676404789663804e-05, 6.1006443375255515e-05, 6.516053682165124e-05, 5.116462464843652e-05, 5.402752510486053e-05, 6.348506045522617e-05, 4.296007958054515e-05, 4.8394894288816825e-05, 5.016081590408783e-05, 5.00064888745988e-05, 5.0002109338531664e-05, 3.348714543593978e-05, 3.141376244497618e-05, 3.4747593876338634e-05, 4.229517216891576e-05, 3.894485462258013e-05, 4.1348001437679915e-05, 3.636307165372221e-05, 2.8459610114162093e-05, 3.442470636044748e-05, 2.2759332761024265e-05, 2.0535041062863524e-05, 3.908607208136239e-05, 1.8457726980392053e-05, 1.947544635799714e-05, 1.7848606403636502e-05, 1.5990938000309818e-05, 1.8888943561778948e-05, 2.7725563308711454e-05, 1.7222035512520772e-05, 3.431241180018585e-05, 1.6722139554614657e-05, 2.0546487510708644e-05, 1.577828084925459e-05, 1.9151041427245552e-05, 1.3773681786344305e-05, 1.3562456081028795e-05, 1.355432282768021e-05, 1.613284872448162e-05, 9.876739378356092e-06, 9.847748645763765e-06, 9.658332813078374e-06, 9.656802328672498e-06, 1.1369274670880447e-05, 1.1935952240360592e-05, 8.714538240695013e-06, 9.601958907257124e-06, 9.768801334741894e-06, 7.211000377260746e-06, 8.136930386870578e-06, 8.049590456526978e-06, 9.309285620151542e-06, 7.260784664175901e-06, 6.974678403270929e-06, 7.242925824491042e-06, 7.067346096456539e-06, 8.024940313378082e-06, 7.535168754568833e-06, 7.922181066932765e-06, 7.347594431439397e-06, 5.018887976160347e-06, 5.147252807924385e-06, 4.581667150616031e-06, 3.912742072009756e-06, 3.686464176366755e-06, 3.4851150267356523e-06, 3.1914466218641024e-06, 3.528318140655351e-06, 3.427757240714868e-06, 2.662942022779724e-06, 2.5602521135370537e-06, 2.410759604831725e-06, 2.7819446374865997e-06, 2.1008715453407767e-06, 2.5140864969852572e-06, 2.529407111706572e-06, 1.729665024596816e-06, 1.3699290706270517e-06, 1.9989717331969636e-06, 1.3036769240803991e-06, 1.6462319545884618e-06, 1.509877412930738e-06, 1.5485915116908444e-06, 1.3766225509526109e-06, 1.8639137636666803e-06, 1.3173650236786294e-06, 1.2695543709639878e-06, 1.1642186440452562e-06, 1.2269454947033687e-06, 1.2854174179510736e-06, 1.2948251503774877e-06, 1.1488831302419733e-06, 1.1895798709415928e-06, 1.1137398185923075e-06, 1.1215755593707577e-06, 1.1803923080644374e-06, 1.1758215852641918e-06, 1.1096897111206872e-06, 1.3167279259707065e-06, 1.4674435080963555e-06, 1.0872603509737289e-06, 8.481641590729616e-07, 6.81323445994586e-07, 7.490163548284912e-07, 6.669719973539934e-07, 6.572699927653858e-07, 7.21352231725092e-07, 5.355426617725811e-07, 5.678895171890019e-07, 5.061610326984045e-07, 6.738397646532945e-07, 6.106434526365057e-07, 5.551363236877549e-07, 6.284234835840508e-07, 4.759118562014386e-07, 4.6673449716205795e-07, 5.023782173596558e-07, 4.779740932492338e-07, 4.560404810449725e-07, 4.142314710686712e-07, 4.254517420587689e-07, 3.754418733126208e-07, 3.8076446101653616e-07, 3.2964519441902596e-07, 3.266240312660429e-07, 3.082538623799813e-07, 2.771326989559064e-07, 2.3512531377445356e-07, 3.2961831969435806e-07, 2.652787320922556e-07, 2.3498521356524193e-07, 2.483307687262126e-07, 2.537307339234296e-07, 2.428281375421726e-07, 1.8965304299234376e-07, 1.795755499856e-07, 1.7801429297303883e-07, 1.69362569413245e-07, 1.6601158436824193e-07, 2.2606075744668885e-07, 1.390267816980817e-07, 1.2976303548350998e-07, 1.491629795791205e-07, 1.1546567790787776e-07, 1.452816512093058e-07, 1.0758373425456824e-07, 1.0383217002862821e-07, 1.0841300401853715e-07, 9.488642277455384e-08, 6.810382402466786e-08, 1.0567109637316108e-07, 6.916918160460028e-08, 1.3459907505231072e-07, 6.234802785165527e-08, 1.0480559520242849e-07, 6.686604814287733e-08, 5.5237024565446546e-08, 5.597069430152146e-08, 6.930849560937702e-08, 5.289291954424513e-08, 5.348895559809108e-08, 4.501610606499895e-08, 4.4611159044638526e-08, 4.4970117907272567e-08, 4.959815186333927e-08, 4.899903627286761e-08, 4.846780293776831e-08, 4.7034716010863065e-08, 4.188242203051473e-08, 4.2877041805944316e-08, 5.0104873694500895e-08, 4.32056040389206e-08, 4.662458813475823e-08, 3.9533932405522165e-08, 3.993972041982374e-08, 4.232061495690331e-08, 4.223292976446302e-08, 4.224093630433856e-08, 3.908530787910536e-08, 3.926753611160905e-08, 4.0385100374962235e-08, 4.513154500118688e-08, 3.868166864595679e-08, 3.376062285287418e-08, 3.0605929124405407e-08, 2.8742279667426374e-08, 2.6610733006027232e-08, 2.8919995842535684e-08, 2.7485006659500044e-08, 2.4861907310658182e-08, 2.301729412623743e-08, 2.454706665711015e-08, 2.4494444250677816e-08, 2.1992643539636703e-08, 1.9827706143615842e-08, 1.8642586641082204e-08, 1.7598232260329638e-08, 1.8049958694366097e-08, 2.2611499950198066e-08, 1.6893170473597507e-08, 1.3327789261108336e-08, 1.4209335263970502e-08, 1.3748241156630314e-08, 1.5420878018979067e-08, 1.2932728443715291e-08, 1.074993649652356e-08, 1.0680477002811273e-08, 1.2343214450538653e-08, 8.701536269306587e-09, 8.26895568684094e-09, 8.906852755341532e-09, 1.2230497226095594e-08, 8.174811938488347e-09, 9.631436537205218e-09, 9.221711172457958e-09, 6.921065998088949e-09, 7.595802875570712e-09, 7.532802659415694e-09, 8.916030247441142e-09, 5.195798680190933e-09, 7.285979541915566e-09, 6.061329604900578e-09, 5.514509238135901e-09, 4.8030385224606675e-09, 4.698997135843541e-09, 5.146577497505689e-09, 7.705287186077214e-09, 5.892006715857434e-09, 7.163880100247155e-09, 4.517030693929058e-09, 6.805264629594632e-09, 5.475860376247255e-09, 5.147903603397452e-09, 4.543699250181277e-09, 6.5871699206354606e-09, 3.5353445171359965e-09, 4.3510497427234895e-09, 3.1916675968801655e-09, 3.4936149528874694e-09, 3.228113221176443e-09, 3.2350726542063057e-09, 3.1509409526009335e-09, 3.299064077477709e-09, 3.0217794932951847e-09, 2.9794858802389967e-09, 3.310114571331013e-09, 3.029000661403103e-09, 2.658822662038318e-09, 2.6762979055128255e-09, 2.652889019572058e-09, 2.8435427346096276e-09, 2.553558531293021e-09, 2.429757395283616e-09, 2.3763394585429864e-09, 2.101350371486177e-09, 2.2274696531709992e-09, 2.1796892069048113e-09, 2.0321617721918983e-09, 2.0827979896331783e-09, 1.8615333163829462e-09, 1.6842371386438515e-09, 1.5787013918355797e-09, 1.6992545148752924e-09, 1.6821225523599992e-09, 1.7546541442037267e-09, 1.5521361418358026e-09, 1.697525897625951e-09, 1.6296618499112014e-09, 1.4151289029484815e-09, 1.368166357984535e-09, 1.4342720344728832e-09, 1.1737374405740297e-09, 1.1666524413200818e-09, 1.3617126315423889e-09, 1.2144735772601223e-09, 1.0660331506429088e-09, 1.3592517111860047e-09, 9.499845354810077e-10, 8.040004773057774e-10, 8.215284008628032e-10, 7.839113802532438e-10, 1.024769102908607e-09, 8.754865721272154e-10, 8.085284664005599e-10, 8.237961424129026e-10, 7.30199345433391e-10, 6.640137328872697e-10, 6.516284734026101e-10, 6.777284289327667e-10, 7.998305906475878e-10, 6.423938048172317e-10, 5.463605678990291e-10, 5.545686687646878e-10, 5.571010319727066e-10, 4.996835167858649e-10, 5.101952749164695e-10, 4.4705134039091377e-10, 3.9415187780278416e-10, 3.9285241726361164e-10, 3.7677527764401475e-10, 3.6476960341147446e-10, 3.5770753026298507e-10, 3.2325392362864136e-10, 3.5547020882376046e-10, 3.5035607748312714e-10, 2.9804408940847793e-10, 3.7854214207655446e-10, 2.906697660343127e-10, 3.0894009572790537e-10, 2.8078156466548876e-10, 2.8271940344382074e-10, 3.1999425331719067e-10, 2.9295882386648486e-10, 2.960482969882605e-10, 2.429481615884299e-10, 2.704285684274055e-10, 2.382826158608964e-10, 2.2279061928642818e-10, 2.2135171473536275e-10, 2.096133822071522e-10, 1.9478746393630786e-10, 2.0604046246930352e-10, 1.9667040218607212e-10, 1.7509671490500978e-10, 1.7681095476618225e-10, 1.8416218550143526e-10, 1.7214707437318566e-10, 1.7571466504051614e-10, 1.5957041243908066e-10, 1.531814675104215e-10, 1.680208194798638e-10, 1.455768283697978e-10, 1.3832263112689702e-10, 1.4754980570685916e-10, 1.345191180668337e-10, 1.4330353570457532e-10, 1.1203360461564671e-10, 9.886053087271307e-11, 1.0451839393965656e-10, 1.0505646352854114e-10, 9.66692836890104e-11, 1.001907445896677e-10, 1.0269790573502746e-10, 1.057772203161278e-10, 8.696732223256731e-11, 8.517264671326075e-11, 7.995787365544516e-11, 7.593992101817548e-11, 7.516576250310436e-11, 7.70671304550774e-11, 8.478912016940399e-11, 8.054518163547186e-11, 8.076944668644614e-11, 6.672351560155221e-11, 6.29882257463521e-11, 6.475803226990706e-11, 7.152523018305601e-11, 6.565376020617464e-11, 7.400285939596074e-11, 6.525158191550418e-11, 6.397354868070693e-11, 6.766132099045308e-11, 6.458933388131527e-11, 6.47524256436327e-11, 6.88821222283309e-11, 5.905287370211454e-11, 5.910266720476898e-11, 5.995476337616878e-11, 5.221240106934033e-11, 4.873113024217446e-11, 5.001415948058252e-11, 4.712424894748324e-11, 4.327849190133293e-11, 3.990613395288278e-11, 4.093214656109012e-11, 4.2491066221117535e-11, 3.856387431611097e-11, 3.800215697680187e-11, 3.243399993024809e-11, 3.0455749033819757e-11, 3.1099067765438804e-11, 2.6889823701026216e-11, 2.4510005136590962e-11, 2.4417801114395843e-11, 2.4083401939378746e-11, 2.430783352380672e-11, 2.4545865340286355e-11, 2.19930740286145e-11, 2.366656870478323e-11, 2.0663581956625876e-11, 2.2145174582988147e-11, 2.1990298471052938e-11, 1.87960758069039e-11, 2.162187096033108e-11, 1.7376877714525563e-11, 2.071048887941629e-11, 1.8455625916402596e-11, 1.5948464771042836e-11, 1.610794830853024e-11, 1.6670442803956576e-11, 1.7604750990329876e-11, 1.6410928171950445e-11, 1.482364231364386e-11, 1.618871703357172e-11, 1.561939466654394e-11, 1.6033563365880354e-11, 1.4265533199164793e-11, 1.3787304631307506e-11, 1.301070362558221e-11, 1.2402634474995011e-11, 1.2433165608172203e-11, 1.288585904646311e-11, 1.2002121518861486e-11, 1.1899370377932428e-11, 1.0555778473531063e-11, 1.044442310416116e-11, 1.0201173239465788e-11, 9.277745238733814e-12, 8.270772955398797e-12, 9.76518865769549e-12, 8.406331186705529e-12, 7.612632746401005e-12, 8.633871395602455e-12, 7.977618565746525e-12, 6.535383345607215e-12, 6.629474746944197e-12, 6.609268687896019e-12, 5.8203997177486144e-12, 5.535294445024874e-12, 4.779676654464993e-12, 5.145162074171594e-12, 4.443390100306033e-12, 4.862665825555723e-12, 4.5477510646207975e-12, 4.811651077574197e-12, 4.788169860603375e-12, 4.014788501649491e-12, 4.3826053897078054e-12, 4.37749836379453e-12, 4.163724920402956e-12, 3.884670363163423e-12, 4.316047519381527e-12, 4.0325520700434936e-12, 4.223010829917939e-12, 3.718914065586887e-12, 3.823164007599189e-12, 3.488764832582092e-12, 3.4696689965585392e-12, 3.853306562717762e-12, 3.6301517347681056e-12, 3.2891467327544888e-12, 3.037514684223197e-12, 3.1722402482614598e-12, 2.6615376569338878e-12, 2.464195514306766e-12, 2.4188429037508286e-12, 2.3757662503953725e-12, 2.601918680511517e-12, 2.4541479959339085e-12, 2.148725641859528e-12, 2.2672974608894947e-12, 2.1062041000163845e-12, 2.1191381982532675e-12, 2.1442847497610273e-12, 2.2390422849127845e-12, 2.0306534231906426e-12, 2.0680679391205103e-12, 2.1665447214047617e-12, 2.086053552119438e-12, 2.0557999746984024e-12, 1.838917906837878e-12, 1.869948640376151e-12, 1.8093859743828489e-12, 1.7476575742136902e-12, 2.0033419367848637e-12, 1.761812917777661e-12, 1.6202039709867222e-12, 1.4968581929508673e-12, 1.5748513604307846e-12, 1.7212342662276114e-12, 1.4079293286783923e-12, 1.420807915764044e-12, 1.5446532941609803e-12, 1.3452572389383022e-12, 1.423361428720682e-12, 1.1767253838002034e-12, 1.0789147353307271e-12, 1.0974554598419672e-12, 9.99866855977416e-13, 1.1211587214177143e-12, 1.0051404153443855e-12, 1.342870259435358e-12, 9.99422766767566e-13, 8.79296635503124e-13, 8.565370634983083e-13, 9.546807788751721e-13, 9.043321647084213e-13, 8.703593401548915e-13, 1.030453500305839e-12, 7.85205234166142e-13, 7.411848912397545e-13, 8.151812558310212e-13, 5.875300246316328e-13, 6.467049118441537e-13, 6.870615187892781e-13, 6.791789353144395e-13, 6.711298183859071e-13, 5.90361093344427e-13, 5.706546346573305e-13, 5.954126081064715e-13, 5.414557691096888e-13, 5.106470801763408e-13, 6.054046153280979e-13, 4.886646642887627e-13, 5.247469125890802e-13, 4.768407890765047e-13, 5.630496069386481e-13, 6.52145004664817e-13, 4.681255383331973e-13, 4.855560398198122e-13, 5.117573032009659e-13, 4.903299988257004e-13, 4.553024623987767e-13, 4.926614671774132e-13, 4.1178171983347056e-13, 4.334310688136611e-13, 4.4275694222051243e-13, 3.513300761426308e-13, 3.110289803487376e-13, 3.5849101465146305e-13, 3.0664359940146824e-13, 2.614020111479931e-13, 2.4974466938942896e-13, 2.802202914153895e-13, 2.4619195571062846e-13, 2.474687121889474e-13, 2.2409851752058785e-13, 2.106093077713922e-13, 2.1266322036694874e-13, 2.0444756998472258e-13, 2.1760371282653068e-13, 1.9867441025667176e-13, 2.202127369343998e-13, 2.307598556683388e-13, 2.084998840246044e-13, 1.9378942894832107e-13, 1.9562129693895258e-13, 2.3803181647963356e-13, 1.9595436384634013e-13, 2.0866641747829817e-13, 2.2426505097428162e-13, 1.9123591599168321e-13, 2.1094237467877974e-13, 1.7325030299275568e-13, 1.6231460620019789e-13, 1.680877659282487e-13, 1.603162047558726e-13, 1.8685053504441385e-13, 1.6253665080512292e-13, 1.43607348235264e-13, 1.8712809080057013e-13, 1.3933298959045715e-13, 1.1335377081422848e-13, 1.1668443988810395e-13, 1.0835776720341528e-13, 1.1446399383885364e-13, 1.2712053631958042e-13, 1.3972156764907595e-13, 1.010858063921205e-13, 1.1268763699945339e-13, 8.665290707199347e-14, 6.389333506717776e-14, 7.97695243193175e-14, 7.704947790898586e-14, 5.562217353372034e-14, 5.773159728050814e-14, 9.076073226310655e-14, 4.6629367034256575e-14, 8.210099267103033e-14, 5.101474798152594e-14, 5.956346527113965e-14, 5.134781488891349e-14, 4.901634653720066e-14, 5.262457136723242e-14, 4.218847493575595e-14] 

Smallest VQE eingenvalue optimizer final message:
{   'aux_operators_evaluated': None,
    'cost_function_evals': 915,
    'eigenvalue': 4.218847493575595e-14,
    'optimal_circuit': <qiskit.circuit.library.n_local.real_amplitudes.RealAmplitudes object at 0x0000022385323EC0>,
    'optimal_parameters': {   ParameterVectorElement(θ[0]): -1.5977283484639384,
                              ParameterVectorElement(θ[1]): -1.57079637888457,
                              ParameterVectorElement(θ[2]): -1.570796339078426,
                              ParameterVectorElement(θ[3]): -1.5707963261776203,
                              ParameterVectorElement(θ[4]): 4.712388972661272,
                              ParameterVectorElement(θ[5]): 1.570796330185431,
                              ParameterVectorElement(θ[6]): 1.5977282658382805,
                              ParameterVectorElement(θ[7]): -1.5707962803380386,
                              ParameterVectorElement(θ[8]): 1.5707963600806338,
                              ParameterVectorElement(θ[9]): -1.5707962948799334,
                              ParameterVectorElement(θ[10]): 1.5707962823822006,
                              ParameterVectorElement(θ[11]): -4.712388645834888},
    'optimal_point': array([-1.59772835, -1.57079638, -1.57079634, -1.57079633,  4.71238897,
        1.57079633,  1.59772827, -1.57079628,  1.57079636, -1.57079629,
        1.57079628, -4.71238865]),
    'optimal_value': 4.218847493575595e-14,
    'optimizer_evals': None,
    'optimizer_result': <qiskit_algorithms.optimizers.optimizer.OptimizerResult object at 0x0000022385323860>,
    'optimizer_time': 1.8895866870880127}
     ┌──────────┐ ░                           ░  ┌──────────┐
q_0: ┤ Ry(θ[0]) ├─░───────────────────────■───░──┤ Ry(θ[6]) ├
     ├──────────┤ ░                     ┌─┴─┐ ░  ├──────────┤
q_1: ┤ Ry(θ[1]) ├─░──────────────────■──┤ X ├─░──┤ Ry(θ[7]) ├
     ├──────────┤ ░                ┌─┴─┐└───┘ ░  ├──────────┤
q_2: ┤ Ry(θ[2]) ├─░─────────────■──┤ X ├──────░──┤ Ry(θ[8]) ├
     ├──────────┤ ░           ┌─┴─┐└───┘      ░  ├──────────┤
q_3: ┤ Ry(θ[3]) ├─░────────■──┤ X ├───────────░──┤ Ry(θ[9]) ├
     ├──────────┤ ░      ┌─┴─┐└───┘           ░ ┌┴──────────┤
q_4: ┤ Ry(θ[4]) ├─░───■──┤ X ├────────────────░─┤ Ry(θ[10]) ├
     ├──────────┤ ░ ┌─┴─┐└───┘                ░ ├───────────┤
q_5: ┤ Ry(θ[5]) ├─░─┤ X ├─────────────────────░─┤ Ry(θ[11]) ├
     └──────────┘ ░ └───┘                     ░ └───────────┘
The number of ansatz parameters is: 
 12
Line for latex table
RA r1 rl & $1\mathrm{e}{-07}$ & 98/100 &1400 & $4.2188\mathrm{e}{-14}$ & $4.2188\mathrm{e}{-14}$ & $2.4\mathrm{e}{-13}$ & $2.4\mathrm{e}{-13}$ & - & 00h 05m 45s\\

