RA_r1_rl
02h44m06s__133
1e-06
37.31816516872442
270.0147397639474
62.43451405488048
2.216599326209206
53.2588928931272
38.59922730939367
87.7649123906533
6.45781636775294
107.5315747209596
75.60352860606235
70.8335997699097
44.43519557201944
39.65600950812491
41.24515361154167
92.24859634996153
77.91540560661109
128.09146548890422
76.14933826840272
125.47626713036935
44.63366013380043
102.90791677221571
78.51818915619214
58.17878668427582
102.59787620081124
53.448113182318025
19.864240821195388
35.69157732569283
23.532522457284045
95.79944516247548
143.65336566359667
103.70936338493823
30.652768980442374
46.183846561474255
48.49966953300347
23.616626182722
64.36889066871544
89.35092301865845
128.58878055897077
111.53394787739504
54.81315056941031
42.90168075375635
14.463751280400501
149.70156264156404
0.8266358813347665
91.85435105740163
115.1267680089042
72.85911690031574
134.5947817862836
46.8996284863679
63.48850061252761
84.13255707924812
99.69604873021629
31.919165709911965
96.35379670329004
50.778938570493665
57.521510529561844
55.1337005042436
15.631309527105557
205.58438769652724
91.46741405699191
130.0135644934574
77.55935177227076
139.56560950408343
93.55776920302503
37.65935005976942
85.38729443808798
95.72239524527572
34.996005925010536
120.05257160425916
116.62485106466565
70.70752825679263
52.54361537812213
26.71876970312689
83.33352444632433
51.59681740617479
60.99899359949812
97.90202327005295
166.03827359429891
14.366633788498596
33.15051306380306
5.873758500420088
15.773689719666486
15.434703136696458
117.64555489832594
256.65440411941904
58.55280789286933
74.76154824344421
75.15590698367137
77.18900177440176
64.2680070029925
148.60311152450387
36.87386460310522
124.31183183096002
46.220484052718774
60.56356292150163
84.93050659230352
51.2782768356816
52.16164284193904
139.67566250983828
43.7543683096559
