37.31816516872442 14.467803510551324
270.0147397639474 17.763180287287042
62.43451405488048 15.037304093882858
2.216599326209206 15.675573790086984
53.2588928931272 13.69410252868434
38.59922730939367 14.960282217144233
87.7649123906533 15.091980680633176
6.45781636775294 13.766830656921037
107.5315747209596 16.019225672464508
75.60352860606235 16.57227204770225
70.8335997699097 16.52916832781804
44.43519557201944 13.71323402080507
39.65600950812491 15.369231657071909
41.24515361154167 15.372755077904447
92.24859634996153 14.637581948965993
77.91540560661109 17.352266032870332
128.09146548890422 16.301836623600558
76.14933826840272 15.572865033131878
125.47626713036935 17.04362960353316
44.63366013380043 17.627168320798855
102.90791677221571 15.769270275172117
78.51818915619214 15.693002625296979
58.17878668427582 12.408309962232796
102.59787620081124 16.345530885805537
53.448113182318025 16.41544138038309
19.864240821195388 15.52914866311339
35.69157732569283 16.30599057222666
23.532522457284045 16.266573827991163
95.79944516247548 16.207123126550854
143.65336566359667 16.153732402716745
103.70936338493823 15.841116984878205
30.652768980442374 15.143612537173272
46.183846561474255 13.099866970228598
48.49966953300347 15.862406216523635
23.616626182722 15.113219562389448
64.36889066871544 15.642730230236037
89.35092301865845 16.24080403581552
128.58878055897077 12.406055042411328
111.53394787739504 16.943884657607722
54.81315056941031 16.091888830798574
42.90168075375635 15.906014025089725
14.463751280400501 13.896893216559862
149.70156264156404 17.47159278661183
0.8266358813347665 12.583426889832706
91.85435105740163 15.79405474328498
115.1267680089042 16.488653085986257
72.85911690031574 15.449216514641465
134.5947817862836 16.070855958529513
46.8996284863679 15.002794677295364
63.48850061252761 13.959058835931438
84.13255707924812 16.36485469531257
99.69604873021629 15.938524971197834
31.919165709911965 16.27506153631299
96.35379670329004 15.15949749942894
50.778938570493665 15.932948585610848
57.521510529561844 12.001899062660208
55.1337005042436 15.135498325757915
15.631309527105557 16.599559926466892
205.58438769652724 17.7887777677807
91.46741405699191 17.049347847667832
130.0135644934574 16.361428479708064
77.55935177227076 15.02185112670611
139.56560950408343 17.360168513936955
93.55776920302503 12.53433729718368
37.65935005976942 17.02723114426716
85.38729443808798 15.845047726215233
95.72239524527572 13.420816439370194
34.996005925010536 14.258098127191877
120.05257160425916 16.177087906501725
116.62485106466565 16.491847596926565
70.70752825679263 14.653426397661473
52.54361537812213 16.810333700805746
26.71876970312689 14.18441664530554
83.33352444632433 13.36475014266278
51.59681740617479 14.725156733758078
60.99899359949812 16.397828474133483
97.90202327005295 15.827337386937067
166.03827359429891 16.37671194795779
14.366633788498596 16.36469624390907
33.15051306380306 15.774449432650899
5.873758500420088 14.426508408146754
15.773689719666486 15.073700340285264
15.434703136696458 16.00083720734442
117.64555489832594 16.747667173923347
256.65440411941904 16.19926631782083
58.55280789286933 15.788245507555814
74.76154824344421 15.767792684250068
75.15590698367137 13.59549245324345
77.18900177440176 12.24822692581694
64.2680070029925 16.225632908162368
148.60311152450387 15.597763179084659
36.87386460310522 16.34837172888457
124.31183183096002 16.132479301659945
46.220484052718774 16.828778386166725
60.56356292150163 15.486068055319624
84.93050659230352 15.332306447765228
51.2782768356816 16.132146193526047
52.16164284193904 16.02801246509054
139.67566250983828 17.561715069623645
43.7543683096559 16.232038492699044
