With Shot Noise
02/11/2024 11:28:54 

VQEr_100_shots_10000_COBYLA_maxIter_10000_tol_1e-06_RA_r1_rl 

Reference value: -1.1669756808e-03 

Number of pauli strings:  102
Qubits:  5
VQE runs:  100
Optimizer:  COBYLA
Max iterations:  10000
Optimizers's tolerance:  1e-06
Ansatz:  RA_r1_rl 

All run converged!!!
Number of iterations for each converged VQE run:
[135, 121, 138, 127, 133, 154, 119, 138, 125, 148, 134, 129, 128, 126, 141, 145, 136, 134, 113, 136, 122, 128, 147, 140, 128, 130, 132, 143, 134, 122, 129, 132, 125, 123, 145, 135, 136, 139, 134, 139, 141, 140, 140, 133, 127, 133, 125, 148, 136, 124, 125, 155, 123, 138, 135, 148, 138, 142, 121, 123, 153, 118, 133, 113, 140, 152, 138, 128, 128, 140, 122, 136, 119, 133, 145, 129, 121, 136, 141, 132, 128, 138, 144, 122, 140, 125, 142, 126, 155, 118, 131, 120, 131, 158, 139, 131, 128, 133, 127, 130] 

Average iterations of converged run:
133 

VQE eigenvalues:
[37.31816516872442, 270.0147397639474, 62.43451405488048, 2.216599326209206, 53.2588928931272, 38.59922730939367, 87.7649123906533, 6.45781636775294, 107.5315747209596, 75.60352860606235, 70.8335997699097, 44.43519557201944, 39.65600950812491, 41.24515361154167, 92.24859634996153, 77.91540560661109, 128.09146548890422, 76.14933826840272, 125.47626713036935, 44.63366013380043, 102.90791677221571, 78.51818915619214, 58.17878668427582, 102.59787620081124, 53.448113182318025, 19.864240821195388, 35.69157732569283, 23.532522457284045, 95.79944516247548, 143.65336566359667, 103.70936338493823, 30.652768980442374, 46.183846561474255, 48.49966953300347, 23.616626182722, 64.36889066871544, 89.35092301865845, 128.58878055897077, 111.53394787739504, 54.81315056941031, 42.90168075375635, 14.463751280400501, 149.70156264156404, 0.8266358813347665, 91.85435105740163, 115.1267680089042, 72.85911690031574, 134.5947817862836, 46.8996284863679, 63.48850061252761, 84.13255707924812, 99.69604873021629, 31.919165709911965, 96.35379670329004, 50.778938570493665, 57.521510529561844, 55.1337005042436, 15.631309527105557, 205.58438769652724, 91.46741405699191, 130.0135644934574, 77.55935177227076, 139.56560950408343, 93.55776920302503, 37.65935005976942, 85.38729443808798, 95.72239524527572, 34.996005925010536, 120.05257160425916, 116.62485106466565, 70.70752825679263, 52.54361537812213, 26.71876970312689, 83.33352444632433, 51.59681740617479, 60.99899359949812, 97.90202327005295, 166.03827359429891, 14.366633788498596, 33.15051306380306, 5.873758500420088, 15.773689719666486, 15.434703136696458, 117.64555489832594, 256.65440411941904, 58.55280789286933, 74.76154824344421, 75.15590698367137, 77.18900177440176, 64.2680070029925, 148.60311152450387, 36.87386460310522, 124.31183183096002, 46.220484052718774, 60.56356292150163, 84.93050659230352, 51.2782768356816, 52.16164284193904, 139.67566250983828, 43.7543683096559] 

VQE eigenvalues standard deviation:
[14.467803510551324, 17.763180287287042, 15.037304093882858, 15.675573790086984, 13.69410252868434, 14.960282217144233, 15.091980680633176, 13.766830656921037, 16.019225672464508, 16.57227204770225, 16.52916832781804, 13.71323402080507, 15.369231657071909, 15.372755077904447, 14.637581948965993, 17.352266032870332, 16.301836623600558, 15.572865033131878, 17.04362960353316, 17.627168320798855, 15.769270275172117, 15.693002625296979, 12.408309962232796, 16.345530885805537, 16.41544138038309, 15.52914866311339, 16.30599057222666, 16.266573827991163, 16.207123126550854, 16.153732402716745, 15.841116984878205, 15.143612537173272, 13.099866970228598, 15.862406216523635, 15.113219562389448, 15.642730230236037, 16.24080403581552, 12.406055042411328, 16.943884657607722, 16.091888830798574, 15.906014025089725, 13.896893216559862, 17.47159278661183, 12.583426889832706, 15.79405474328498, 16.488653085986257, 15.449216514641465, 16.070855958529513, 15.002794677295364, 13.959058835931438, 16.36485469531257, 15.938524971197834, 16.27506153631299, 15.15949749942894, 15.932948585610848, 12.001899062660208, 15.135498325757915, 16.599559926466892, 17.7887777677807, 17.049347847667832, 16.361428479708064, 15.02185112670611, 17.360168513936955, 12.53433729718368, 17.02723114426716, 15.845047726215233, 13.420816439370194, 14.258098127191877, 16.177087906501725, 16.491847596926565, 14.653426397661473, 16.810333700805746, 14.18441664530554, 13.36475014266278, 14.725156733758078, 16.397828474133483, 15.827337386937067, 16.37671194795779, 16.36469624390907, 15.774449432650899, 14.426508408146754, 15.073700340285264, 16.00083720734442, 16.747667173923347, 16.19926631782083, 15.788245507555814, 15.767792684250068, 13.59549245324345, 12.24822692581694, 16.225632908162368, 15.597763179084659, 16.34837172888457, 16.132479301659945, 16.828778386166725, 15.486068055319624, 15.332306447765228, 16.132146193526047, 16.02801246509054, 17.561715069623645, 16.232038492699044] 

Median VQE eigenvalues:
67.53820946275403 

Min eigenvalue after 100 VQE steps on Aer qasm simulator: 8.26636e-01
Delta from reference energy value is 8.27803e-01 

Optimizer history of the smallest VQE eigenvalue:
[470.1203558224891, 544.8220274754187, 252.45024478689803, 228.70888942462167, 864.6512218893382, 274.9109535186633, 177.56966584397372, 258.47872444085635, 132.62533166136043, 249.98776802719053, 171.2319393177146, 105.95149945605698, 167.45845032691457, 23.88983988346706, 185.03610769127596, 27.739982243963595, 120.13641937138908, 27.208664484674415, 72.19159331408588, 85.1677638594619, 25.460264709249202, 11.759423581179647, 42.94070920975895, 1.7401562416521301, 5.720021025795404, 30.03482659045045, 22.114759921959774, 22.270744394249846, 6.879795956230396, 15.680698129797179, 28.128049170702297, 19.84617214172647, 23.20774494714246, -4.28022665904831, 15.010745907901821, 17.816456243327764, 11.298519905960006, 35.49219635666799, 22.758929313004387, 39.15350335462239, 30.620457813326425, 30.02026299566569, 31.563148096445616, 47.72076225249805, 18.687324971643136, 18.504093113427984, 32.86427591056599, 29.104940319152035, 13.08028613610395, 40.58813696346772, 10.834005329348997, 34.57658280067051, -0.6160232217218891, 24.05247960596182, 2.2318321540503234, 24.248278451679255, -7.660300174105146, 44.773536531653804, 18.383183686942175, 6.171245911313179, 23.277997922085092, 10.660229392967153, 21.621698687271078, 15.070648734829263, 27.687316249431547, 14.444580939757714, 46.7289264102954, 8.291392623085699, 24.582007440141183, 23.481551641346584, 31.77448584077581, 23.061441765350082, 36.4095959854057, -16.717796785257974, 16.462588840644912, 46.60009405188771, 26.36967915122233, 20.684461380170433, 27.81283438811738, 20.731035903874385, 10.465185135940715, 6.396313843068526, 14.94921321703049, 26.122470220402192, 17.685969390358707, 42.29242429138327, 31.08876168769791, 5.24899395949825, 17.05330733097361, 8.77811307822492, 1.8128794802669859, 24.451676016365866, 22.95942113804614, 23.549634271892728, 18.518185000387348, 12.718871467092356, 15.216539096121835, 27.637490422506175, 16.219074598912243, 3.435573620654395, 15.696101551583524, 16.91066271728033, 11.290604097791515, 25.66962238108613, 8.540439534325685, 28.50530432538966, 40.919596489148944, 13.677650825625278, 28.09665021037904, 26.555572552285128, 20.379511675799506, -1.811647481597447, 22.82740798357736, -0.19583862365408322, 11.585457985973164, 22.955838309282797, 4.4167054147631575, 28.729146124605222, 17.119128507460687, 42.02579904346095, 24.472316055795204, 16.92741584501482, 5.759598711632179, 8.154356802910172, 14.606118730380615, 22.142469792899874, 23.269759145437547, 31.493366564629866, 41.239982454077165, 19.105569274520803, 14.17602619052019, 35.538971528472416, 0.8266358813347665] 

Optimizer history of the smallest VQE eigenvalue standard deviation:
[17.9318319806243, 18.34204869176218, 17.756386122554698, 15.922658513580714, 17.530174990826485, 15.94922986971762, 15.777065283683877, 15.52090530165876, 15.111199558829965, 16.00941714007425, 15.125157766168904, 15.639385972664948, 16.284664111974443, 12.731593298483919, 14.976574201793, 11.978960475034356, 15.207954037102054, 13.404499309864777, 15.252823221389729, 14.657142567399744, 12.702060744215405, 12.432829127018334, 12.791008436080128, 12.436715108035873, 12.190367630320624, 12.617895035054893, 12.938969460443756, 12.418950044493945, 12.335912376951894, 12.779871164476507, 12.615127984488252, 12.449459459603208, 12.712685155709083, 12.589917136268749, 12.836252472839778, 12.68379761574939, 12.585365917555944, 12.710374984407592, 12.494106066818846, 12.872288160440062, 12.470642149307642, 12.85489987759646, 12.56939268431317, 12.512390313730329, 12.706006232256156, 12.601537289271588, 12.518777461658154, 12.674798628386721, 12.631414099716308, 12.624005149413504, 12.562540484554175, 12.655882659810118, 12.606451122934176, 12.555127602863207, 12.541889674451818, 12.599618000293221, 12.58720307057445, 12.612629883751364, 12.600488845713897, 12.557096545205003, 12.606128641632733, 12.581768144229104, 12.629013317355417, 12.612118938542705, 12.618204192251081, 12.633734674861413, 12.660263243079061, 12.587972553717453, 12.596750979025485, 12.581767264853566, 12.626980686361845, 12.603464758172096, 12.663908591200792, 12.606053053233241, 12.587424783444154, 12.603387807959205, 12.615886960620612, 12.609332913627783, 12.639909223762995, 12.606701843915449, 12.627847951929839, 12.623639213285212, 12.598026822112935, 12.530803644905392, 12.604894017008263, 12.636076671522932, 12.609202758552406, 12.601600544665333, 12.611202795244017, 12.608992047331414, 12.63452944873302, 12.618257198059506, 12.615153258626695, 12.66674984824847, 12.647071980719975, 12.574605534532374, 12.560453420644427, 12.572227243812605, 12.63670149503252, 12.638972197650563, 12.59540876340887, 12.661311165230032, 12.612248772175677, 12.574948237950473, 12.585544234968012, 12.587566004497402, 12.675360476761139, 12.629429991966296, 12.586826908743213, 12.670717773102574, 12.57093917568105, 12.58419122904665, 12.58520170088635, 12.59107784909925, 12.603540844285282, 12.61237851243965, 12.663884831461633, 12.62030045080649, 12.64181185979723, 12.593611753195232, 12.623047669348242, 12.611358771353201, 12.619083184722172, 12.576759952626665, 12.590192973644275, 12.609293237831732, 12.616610986530398, 12.624688612983846, 12.600257497004366, 12.601565540564664, 12.640993741485145, 12.56170698730868, 12.583426889832706] 

Smallest VQE eingenvalue optimizer final message:
{   'aux_operators_evaluated': None,
    'cost_function_evals': 133,
    'eigenvalue': 0.8266358813347665,
    'optimal_circuit': <qiskit.circuit.library.n_local.real_amplitudes.RealAmplitudes object at 0x0000018207833830>,
    'optimal_parameters': {   ParameterVectorElement(θ[0]): -0.29744650116073634,
                              ParameterVectorElement(θ[9]): 1.9237950944492193,
                              ParameterVectorElement(θ[8]): 2.4333379406741984,
                              ParameterVectorElement(θ[7]): 0.4334040511940331,
                              ParameterVectorElement(θ[6]): 1.7019467814483755,
                              ParameterVectorElement(θ[5]): -0.1934849512869094,
                              ParameterVectorElement(θ[4]): 1.7284633484585434,
                              ParameterVectorElement(θ[3]): -0.5272574133535232,
                              ParameterVectorElement(θ[2]): 2.804349777117439,
                              ParameterVectorElement(θ[1]): 3.2145270040340805},
    'optimal_point': array([-0.2974465 ,  3.214527  ,  2.80434978, -0.52725741,  1.72846335,
       -0.19348495,  1.70194678,  0.43340405,  2.43333794,  1.92379509]),
    'optimal_value': 0.8266358813347665,
    'optimizer_evals': None,
    'optimizer_result': <qiskit_algorithms.optimizers.optimizer.OptimizerResult object at 0x000001820BA40B60>,
    'optimizer_time': 95.42208051681519}
     ┌──────────┐ ░                      ░ ┌──────────┐
q_0: ┤ Ry(θ[0]) ├─░──────────────────■───░─┤ Ry(θ[5]) ├
     ├──────────┤ ░                ┌─┴─┐ ░ ├──────────┤
q_1: ┤ Ry(θ[1]) ├─░─────────────■──┤ X ├─░─┤ Ry(θ[6]) ├
     ├──────────┤ ░           ┌─┴─┐└───┘ ░ ├──────────┤
q_2: ┤ Ry(θ[2]) ├─░────────■──┤ X ├──────░─┤ Ry(θ[7]) ├
     ├──────────┤ ░      ┌─┴─┐└───┘      ░ ├──────────┤
q_3: ┤ Ry(θ[3]) ├─░───■──┤ X ├───────────░─┤ Ry(θ[8]) ├
     ├──────────┤ ░ ┌─┴─┐└───┘           ░ ├──────────┤
q_4: ┤ Ry(θ[4]) ├─░─┤ X ├────────────────░─┤ Ry(θ[9]) ├
     └──────────┘ ░ └───┘                ░ └──────────┘
The number of ansatz parameters is: 
 10
Line for latex table
RA r1 rl & $1\mathrm{e}{-06}$ & 10000 & 100/100 &133 & $8.2664\mathrm{e}{-01}$ & $1.2583\mathrm{e}{+01}$ & $8.278\mathrm{e}{-01}$ & $6.7538\mathrm{e}{+01}$ & $6.7539\mathrm{e}{+01}$ & - & 02h 44m 06s\\

