2.0619160413569246
3.149156142825209
11.49393409330915
5.561598928584925
12.830781190700096
6.120581189102499
3.024109666097768
3.1316039566202925
5.185520742232909
5.158140774488731
3.2511282776452384
1.6004469294396617
2.5811894547285994
4.06003452589858
3.297632178363233
1.9020205410748376
4.5358499099513025
2.0488933572673105
9.480436796162397
11.578958343416868
13.604815141509931
5.987616687411409
5.427841408544984
6.430400222899484
15.252692084252358
1.584366712643713
1.7032635820601534
5.605693669008014
2.919191330369975
5.2177210900150115
4.544007060117086
13.849617539754819
8.066880104768726
2.8392908802995245
1.8186185173177987
4.588385338291209
2.7332730587898295
3.3091794368474376
3.6488978093637416
3.035135066135352
3.9279151620598256
6.751247819805765
2.0643901318388767
8.012344732979528
10.55853657691581
3.888253419291938
2.3323870575692567
2.235816668615691
5.5415755466635765
6.061332957107986
5.594348250651176
8.521188889889006
5.496553035618259
4.747254749706451
5.25428002717326
3.4771878197267956
2.1714822543760914
6.297034288225639
4.181448340731356
3.73767055033975
4.985424036707469
6.440398414476792
4.014673716450026
4.150273810897834
11.586713955405413
6.56830749525553
7.7787981248332185
3.919336641097871
3.498139360194532
3.934000974086792
8.234379899819661
5.6161668263213
6.589026185207092
3.078234508239428
1.8626535013824175
7.5085418759379365
16.203221981683146
2.9553039802344463
5.693209154280722
3.2308444903411395
7.694581440457309
3.1548553831900934
8.989251416892357
2.814061465787141
2.0891307950356204
3.7140981399286943
4.712820850714757
2.273991074166882
3.507054868227499
1.3895305509900753
4.653289107251564
3.4525741759700477
4.052043747366111
2.3343898383816564
1.4441303759985935
5.891163061584234
16.824170742370132
1.746401854767029
5.798539553758273
4.352856342457807
