RA_r1_rl
36m50s__70
1e-04
1.0169638596352581
1.7861554572442446
1.267363293563084
0.8811354366770724
1.1403232570199255
1.0048956723377918
1.2563605130870117
1.382656995225497
1.268173880247419
2.230163230685421
1.0673146775530802
1.1148359249815347
1.829442386889749
1.0668120432104078
1.203420832083709
1.1113147543621682
1.4466860840380888
1.0758686027552293
2.0536474508004368
1.4330344311654373
1.4725015540507285
1.363004267500949
1.7273557117097864
1.8319505523965938
1.6061143400861957
2.267078187391996
1.0514592483004086
1.5354618249923275
2.2059845371264406
2.075285562044818
0.9683720831228045
1.2793905188230899
2.3161999483907927
1.3569775599692253
1.6319922006901546
1.1485617402785986
1.6611715078348723
1.4874142160116985
1.129361378951757
1.0638405242987923
1.413248045513979
1.2214829183990417
1.8761622004984797
1.9962506887540545
1.1101871417657398
1.0954744664672336
1.9449262731809278
1.9770042148876001
1.4226048160023617
0.9241351944335122
1.038790913673103
1.44016644207565
1.6098211759780805
1.0742782412872822
1.029378933080802
1.0902102871196275
1.3031979314772217
1.518398499397956
1.6397220825148104
1.2371878629670596
1.0346983550677362
1.1148767893922826
1.020073707787346
1.2709512977294497
1.8541158109741527
1.4318577905155996
1.3387415285765296
1.169859042230748
1.9224466738383956
2.145347079679839
1.240898450176466
1.255386276751547
1.088910583666443
1.4189639878963325
1.2099019538259215
1.1759677036802445
2.307555274405546
0.953027592609859
1.1638914367372295
1.0247933990215792
1.8585321142245665
1.3219376320325997
1.404348464477216
1.011396474778553
1.3627978989000837
1.3141663036681845
1.9735337161439606
1.6162132280025683
1.0455478102125557
1.5518937598814082
1.1947407020173173
0.9731890395059435
1.4215593985516635
1.9557440368557975
1.2421503677984362
1.3066155187888593
1.2620319363203307
1.0497962390559306
2.285966653731804
0.962119801135331
