1.0169638596352581 0.0515380645194352
1.7861554572442446 0.04672734229677437
1.267363293563084 0.039574884832749686
0.8811354366770724 0.05122126421424579
1.1403232570199255 0.043108514264610834
1.0048956723377918 0.05004423857467401
1.2563605130870117 0.04827391274377373
1.382656995225497 0.047283023903626625
1.268173880247419 0.044857585792425055
2.230163230685421 0.0531651122161936
1.0673146775530802 0.04486452424431306
1.1148359249815347 0.048926221069449605
1.829442386889749 0.05034487811496298
1.0668120432104078 0.04454573557114139
1.203420832083709 0.046616774594906325
1.1113147543621682 0.050181495328359194
1.4466860840380888 0.04091309468960805
1.0758686027552293 0.04405040256880826
2.0536474508004368 0.048591172750321786
1.4330344311654373 0.04036512733629766
1.4725015540507285 0.03918763716462613
1.363004267500949 0.03352434757528757
1.7273557117097864 0.0465509709969285
1.8319505523965938 0.05252086172552862
1.6061143400861957 0.04726561101052069
2.267078187391996 0.04586894045387008
1.0514592483004086 0.04730650327806892
1.5354618249923275 0.04621222542829812
2.2059845371264406 0.04668720071863009
2.075285562044818 0.04792336125622017
0.9683720831228045 0.05110878832399183
1.2793905188230899 0.04804592004348348
2.3161999483907927 0.051692430577804774
1.3569775599692253 0.03704575565389884
1.6319922006901546 0.05082018792269993
1.1485617402785986 0.04726231544054916
1.6611715078348723 0.04290523048733537
1.4874142160116985 0.040513819831385
1.129361378951757 0.04596017185817872
1.0638405242987923 0.04055997877212285
1.413248045513979 0.04379049450627192
1.2214829183990417 0.04108565950611331
1.8761622004984797 0.04631161151380013
1.9962506887540545 0.04414991083560422
1.1101871417657398 0.046438377632004806
1.0954744664672336 0.050421610297202026
1.9449262731809278 0.05139092592134376
1.9770042148876001 0.045529307467406195
1.4226048160023617 0.05368564893809294
0.9241351944335122 0.05009247711069335
1.038790913673103 0.05131954439244111
1.44016644207565 0.04797319139371344
1.6098211759780805 0.044001804636245485
1.0742782412872822 0.04365731305754158
1.029378933080802 0.05167458738540527
1.0902102871196275 0.04367308127160302
1.3031979314772217 0.04735456601005174
1.518398499397956 0.046836555981250735
1.6397220825148104 0.04565134983173773
1.2371878629670596 0.04077123658543731
1.0346983550677362 0.050782776162026984
1.1148767893922826 0.05112030816429242
1.020073707787346 0.0492580276681194
1.2709512977294497 0.044660925986947805
1.8541158109741527 0.04581589712983846
1.4318577905155996 0.0493391106938615
1.3387415285765296 0.04620582173459492
1.169859042230748 0.045548893220330774
1.9224466738383956 0.050865759377781455
2.145347079679839 0.05249214344196684
1.240898450176466 0.042583744366594026
1.255386276751547 0.046298913412205274
1.088910583666443 0.04467744229461072
1.4189639878963325 0.05195290605074195
1.2099019538259215 0.04266911813001429
1.1759677036802445 0.04756757445650588
2.307555274405546 0.04914016680187643
0.953027592609859 0.045623999268109734
1.1638914367372295 0.047689041280719394
1.0247933990215792 0.051774681937153365
1.8585321142245665 0.04801890450268109
1.3219376320325997 0.04723421591994219
1.404348464477216 0.051161955811116246
1.011396474778553 0.043251461723238446
1.3627978989000837 0.040360598251338455
1.3141663036681845 0.040985825970931165
1.9735337161439606 0.04414640027705198
1.6162132280025683 0.048669742968889304
1.0455478102125557 0.04487307803225201
1.5518937598814082 0.04102156214689074
1.1947407020173173 0.041906491582267086
0.9731890395059435 0.045806002047429364
1.4215593985516635 0.04673950622339418
1.9557440368557975 0.04944891257998657
1.2421503677984362 0.04388605151714309
1.3066155187888593 0.04647685094266192
1.2620319363203307 0.04342415301280387
1.0497962390559306 0.05063146437559609
2.285966653731804 0.048644969550836664
0.962119801135331 0.049623919019751286
