No Shot Noise
24/10/2024 10:39:47 

VQEr_100_COBYLA_maxIter_10000_tol_1e-04_RA_r1_rl 

Reference value: 8.9159936233e-01 

Qubits:  5
VQE runs:  100
Optimizer:  COBYLA
Max iterations:  10000
Optimizers's tolerance:  1e-04
Ansatz:  RA_r1_rl 

All run converged!!!
Number of iterations for each converged VQE run:
[3819, 1998, 1815, 1154, 3947, 1530, 5559, 6508, 3647, 4071, 1885, 1544, 3950, 1995, 2156, 2016, 1517, 1374, 1170, 4815, 2857, 2041, 1932, 2861, 2385, 1020, 3334, 1840, 620, 1176, 1136, 3198, 772, 3763, 1253, 4068, 1957, 1492, 1668, 2720, 2075, 1667, 2581, 2653, 2697, 2710, 1222, 1516, 1315, 2736, 1048, 2187, 1052, 2184, 877, 1199, 2236, 1215, 1745, 1871, 1896, 701, 935, 1346, 2067, 957, 1860, 2358, 2777, 2222, 1087, 953, 2067, 2022, 2910, 1243, 3709, 1527, 896, 2339, 4375, 3973, 2140, 1167, 2670, 3631, 2881, 960, 880, 2322, 976, 1413, 1350, 1204, 1040, 2475, 1125, 1141, 1495, 870] 

Average iterations of converged run:
2093 

VQE eigenvalues:
[0.9163908478024606, 0.8937089224453394, 0.9147979649213166, 0.9147955391429298, 0.8936221967839073, 0.89370814445701, 0.8934706067114443, 0.9147932801325223, 0.9164820584200369, 0.8937015666602103, 0.8937039846879319, 0.9148030387938821, 0.9154755762333052, 0.9147965042625297, 0.8933382675610434, 0.9148567340373488, 0.9147383520841013, 0.8937275861314993, 0.8937131978620605, 0.8938640350116225, 0.9147994708333506, 0.9147684420922161, 0.9148099453657736, 0.9157050409936206, 0.8937079636466613, 0.8937014900422221, 0.893707312122072, 0.8937068391574999, 0.9132359119807918, 0.9147962029002523, 0.8937059399331928, 0.8937108570310863, 0.9147967089544439, 0.8933377003899665, 0.8937033309720677, 0.8955978463362371, 0.8937100706538689, 0.9137911249950138, 0.914795374622906, 0.8937085517346405, 0.8937116592343706, 0.9148149450700314, 0.9148356536962241, 0.9148083128728084, 0.9148066482897295, 0.8937404520270391, 0.8937051745186478, 0.9147951455526212, 0.9132559257355927, 0.8934466047661382, 0.8937022592219225, 0.8935096089831015, 0.8937121118111211, 0.9147952158569267, 0.8933935830799403, 0.8937016250457205, 0.9138549592870213, 0.8937000438835363, 0.8937092177884645, 0.9147954997782807, 0.8937269136395775, 0.8937011995149268, 0.9132464796709161, 0.9147946940778505, 0.8937232621905246, 0.9147960973915948, 0.893707105483769, 0.9148694218859267, 0.8938297834659724, 0.8937045447176997, 0.9148440166404026, 0.9147935090896873, 0.9147977052876338, 0.8937055111170975, 0.8937088978297155, 0.8937018884143627, 0.8937671067135757, 0.8937022617115086, 0.8937024931313868, 0.8937066950816743, 0.9139989324938811, 0.9155661385784247, 0.9148062984008339, 0.9136882813363751, 0.8937564349498891, 0.914799226373879, 0.9148029931197043, 0.8937024749807808, 0.9147945581072269, 0.893417002692265, 0.8937057800853783, 0.8937077485504591, 0.9147973720003651, 0.8937154337172057, 0.8937034307773651, 0.9143153955981267, 0.893704933392222, 0.8937044507745342, 0.893704183790635, 0.9147942718160608] 

Median VQE eigenvalues:
0.8937484434884642 

Min eigenvalue after 100 VQE steps on Aer qasm simulator: 8.93338e-01
Delta from reference energy value is 1.73834e-03 

Optimizer history of the smallest VQE eigenvalue:
[89.51258530590286, 121.94336305298074, 55.46682136414432, 86.53892214474959, 36.39102171669422, 30.213614022413793, 32.46168318599649, 75.58723947810786, 37.1506748178343, 43.428124190352065, 30.226884133163306, 51.03477691152918, 20.237236282885647, 18.274770729846082, 17.885586805108858, 18.6949449813387, 27.9152957625801, 13.723586324739621, 19.827475608294854, 16.381546677136633, 14.86409800258604, 14.107316850316334, 14.438242899927236, 13.827824640790446, 15.775776405744617, 13.893745973648496, 14.019462931094456, 13.775107010063218, 13.898656463161574, 12.707590051904347, 12.849479565742842, 12.1649668342473, 11.282990766774397, 10.65905178550205, 10.914686470821495, 10.77591487901561, 10.892200139411363, 10.584483301895276, 10.41651739645776, 10.382097749334957, 11.037407909056295, 10.392101983880062, 11.26316517299442, 10.610345018614561, 10.442489490870605, 10.51165706502176, 10.229586091181394, 9.985046935599508, 10.18318054523903, 10.078806819401903, 10.108778841778758, 9.958694514679266, 9.707393988214967, 9.688016605992127, 9.750793656744786, 9.876542448761088, 9.652026316556789, 9.546764703019935, 9.90507167966496, 9.663582727422689, 9.332641706077435, 9.462117755971962, 9.280974545079957, 9.489277211283897, 9.272608012439994, 9.391248283421861, 9.31215352362516, 9.262776841551801, 9.120047609447921, 9.12521345128569, 9.152090449946071, 9.118870811249593, 9.119514087248202, 9.008800816065868, 8.896217875486828, 8.97307223126448, 8.900304109368365, 8.82010499885651, 8.804614703868568, 8.813944612312634, 8.695146523315008, 8.601639276953055, 8.546524794166164, 8.528482193767656, 8.59885320408714, 8.394817657244614, 8.31087657391457, 8.226834840454941, 8.157146073127965, 8.063362450842082, 8.066643707443717, 8.06519434672947, 7.981383131552847, 7.967244276892602, 7.968321819496946, 7.923812796095573, 7.881628565851964, 7.835852989630921, 7.8044537921276556, 7.915104937152464, 7.810832717553974, 7.701090212316089, 7.69649914015087, 7.68683585456317, 7.671759245685403, 7.716567868448092, 7.579701447860999, 7.506289016906305, 7.432593931907641, 7.380799326401158, 7.361376948289086, 7.399073872795792, 7.386368848739092, 7.336779409930044, 7.227399775304578, 7.148316205413945, 7.113375757107649, 7.125194568481128, 7.127048448781269, 7.065425367914271, 7.047179530777018, 7.072018514697143, 7.116745700740358, 7.0472761343706765, 7.092306835977334, 7.021779134030628, 6.916606729411569, 6.924954139198921, 6.896765899593018, 6.856004587038573, 6.8320354032791135, 6.743935711669151, 6.67831467111438, 6.742300859389444, 6.677280259816077, 6.6230772150863, 6.599231212487785, 6.63840025919011, 6.516148460390488, 6.482050884515803, 6.4678637209849965, 6.4833167612390135, 6.457230053247208, 6.507460236830135, 6.369776318719039, 6.284911972246278, 6.236830858336908, 6.216542740353498, 6.2176586391861965, 6.214605696086534, 6.212133704941359, 6.229782518882779, 6.2192714493581445, 6.110854152218978, 6.032205313256293, 6.005024763044784, 5.946646400775637, 5.984813706850379, 5.979236984134089, 5.873253045804098, 5.874723289354214, 5.872201544370979, 5.842585293758322, 5.780800562063441, 5.780930303248824, 5.749921314923292, 5.712765710565781, 5.707466458724582, 5.671339392297082, 5.59031041128249, 5.507652757979434, 5.4801456596116465, 5.459232127527977, 5.472998564909526, 5.4306435791808845, 5.377259927506083, 5.3357516222472405, 5.393361926612354, 5.325149485198031, 5.24326026088185, 5.207644129087081, 5.20400819378451, 5.165640430398092, 5.13775569881988, 5.154183165937468, 5.122281701303798, 5.164028562719219, 5.046381636067652, 5.0751313502374735, 5.044314850999131, 4.976289253086495, 4.994830013703974, 4.95409296610693, 4.903225956094497, 4.896158575813455, 4.900097104976939, 4.8375950039016775, 4.827114801592226, 4.864432957189913, 4.75496378636309, 4.727618823694185, 4.693455672036209, 4.717518000453721, 4.650747678068262, 4.606100785392808, 4.611694682883238, 4.622247489657182, 4.5747836395471095, 4.530558043080825, 4.487176264560357, 4.493249834380238, 4.493033776943912, 4.5695268460932725, 4.4836266348293385, 4.413687474238717, 4.399285317948224, 4.418279348837829, 4.395969602173269, 4.399259391656951, 4.412811583700845, 4.368600294288693, 4.303465925568566, 4.295981313057109, 4.301549471437357, 4.28876502879084, 4.292710455916361, 4.292864683525481, 4.336356557542853, 4.22059434615008, 4.209394340068723, 4.21265040859716, 4.184867634922244, 4.203483320952354, 4.186083442654568, 4.162885793901959, 4.222089933786626, 4.152295888953099, 4.193127844925271, 4.133902985032358, 4.086650553087614, 4.0494814286190275, 4.077218727657267, 4.066072611168095, 4.040954825420889, 4.058498404786832, 3.9887877024179015, 3.964978805654803, 3.972085177751992, 3.9698567983873585, 3.924780212829917, 3.9298596654317373, 3.940540494927404, 3.9148457434808477, 3.919566063998529, 3.880102067629119, 3.877453505763423, 3.877470761635782, 3.908327047734109, 3.8748626475459003, 3.8216625181428006, 3.852285230994599, 3.8247335415441137, 3.7873234221160765, 3.755725556234993, 3.764269359820364, 3.7889537068604957, 3.7781901054077824, 3.7575164806393864, 3.766017073788601, 3.7645002103551874, 3.705064362795069, 3.6858023037975136, 3.68878634980517, 3.7113043592520554, 3.710726568386141, 3.6583098493264417, 3.6431320288721145, 3.6583094798517637, 3.65516628888265, 3.6203323731125474, 3.621606919112561, 3.624373159661373, 3.6006883203287936, 3.5711424931506857, 3.5710574618816184, 3.5818453135138677, 3.561755768599493, 3.589609322016323, 3.5584646402206133, 3.5426033605176994, 3.5271411376519164, 3.523369705522758, 3.5099905482975604, 3.4864998328938737, 3.481908617411605, 3.452047961425466, 3.438369977996311, 3.441664074982626, 3.3968028647348256, 3.3508000070394557, 3.3446822672272076, 3.3491548644943907, 3.336015023613092, 3.3351768016662158, 3.3281681539422845, 3.322493715886408, 3.2665927741581453, 3.2302182406309434, 3.2198408760747554, 3.223502097458879, 3.27073487712665, 3.2200300110476703, 3.2118544473480255, 3.212298036796081, 3.185062226695287, 3.1400747843117722, 3.1019642367575524, 3.0658555468908606, 3.058968719027599, 3.05515001537642, 3.0388663762257093, 2.9996729856949553, 2.970644542831015, 2.9626207926268435, 2.9570168933237997, 2.921342264859561, 2.969952128757635, 2.922473905136913, 2.907331591831351, 2.913160309782707, 2.8974227220178363, 2.929823976103005, 2.875227043132206, 2.8696635637168355, 2.8650196961118257, 2.841406088298998, 2.8053035276563882, 2.832676089854152, 2.8136532644390906, 2.773890956912326, 2.821113434603259, 2.773376268761572, 2.759917252305205, 2.7617337740441044, 2.762556937030062, 2.7546800357245718, 2.7523743142294537, 2.787411139509085, 2.708022325501905, 2.6749148469434076, 2.661526096461505, 2.663903771707481, 2.659905891788709, 2.6527732060779567, 2.6546174984509645, 2.6402426784543773, 2.688359058626646, 2.6476323730880624, 2.606069329452443, 2.606347441158492, 2.616971336746506, 2.643198465128878, 2.602629859372813, 2.580705755219964, 2.579318028291088, 2.5770949014554088, 2.571040542869074, 2.57148588750654, 2.5908375502267047, 2.568307977649154, 2.5524894113626, 2.548658965785862, 2.5494119842802005, 2.563614868676, 2.528419205822124, 2.524185084607729, 2.4980014316683583, 2.4753353833986393, 2.452763932971018, 2.429899656150568, 2.4072944613771456, 2.385390172647415, 2.3631410816031266, 2.3464034244251626, 2.3331821960258368, 2.3341835622983513, 2.3410012454152893, 2.3106351357729045, 2.300280378216995, 2.291823697901477, 2.292177983514936, 2.2708763422384353, 2.266312373298278, 2.2535531814817347, 2.2506691477424137, 2.2568562342887457, 2.2531857134791786, 2.263108127410194, 2.232605332633752, 2.2204186693588626, 2.201062657800878, 2.18889995061212, 2.169301778020383, 2.167131007206126, 2.1743823381194303, 2.1526277920005894, 2.135760990089576, 2.1224028300946833, 2.1257465838632292, 2.131323813893716, 2.1054244259039043, 2.092412259801446, 2.0729114031578217, 2.0547949358608038, 2.0360936446089215, 2.0270564733923755, 2.0294270364547446, 2.0253733220435013, 2.0012695715945945, 1.9818551970426546, 1.9746672866312394, 1.963777653872626, 1.9511669203844288, 1.93691342792394, 1.9304949123645592, 1.9078418359362153, 1.9042261711205957, 1.91692521908943, 1.8799473111124037, 1.8549022936993191, 1.843826348193205, 1.832155103382896, 1.8370813513661048, 1.834654910794508, 1.8265800127841287, 1.836720242745884, 1.8076591553482235, 1.7868648441706756, 1.7738911376102835, 1.76233278222134, 1.7432915283898036, 1.7442873522662805, 1.7438034559113593, 1.7297494089540817, 1.723533924474447, 1.7215293351088565, 1.7010077110845332, 1.6885998675575957, 1.6723095220783148, 1.6691971189418797, 1.6674605517495538, 1.6549042855885703, 1.6532311104274535, 1.6690621900715792, 1.6386152782466048, 1.6216470747565659, 1.608866596253402, 1.588621154026748, 1.5935090203071993, 1.5863117036624246, 1.5732996031861484, 1.5778623182880196, 1.5781593955926556, 1.5539992232409914, 1.5373393706068303, 1.5261327150707553, 1.510977435516274, 1.5115118349988084, 1.5128997020509334, 1.4937071818045506, 1.4739420528602056, 1.4634397843346916, 1.461734466139677, 1.462147856878573, 1.4436610327792199, 1.428122849461859, 1.4159529947042424, 1.403198214950749, 1.4103156297073374, 1.396446564785881, 1.3796524612615542, 1.3642392504949654, 1.3613941604462625, 1.3612846980207063, 1.3737644302534042, 1.363097082037201, 1.344898004210992, 1.3409628652823327, 1.3490569620005228, 1.3293772842713212, 1.32064223450702, 1.3234089209970448, 1.328025230969539, 1.3059595153311747, 1.2961867290077187, 1.2843858903159908, 1.277646075198662, 1.2677619930606845, 1.2620051964449623, 1.2709946953734483, 1.2608390667176874, 1.2471970017774296, 1.231737917859056, 1.2224066448350366, 1.2184868128718571, 1.212253265084121, 1.204989835146489, 1.2149596133684868, 1.2113545416295792, 1.2016724117904478, 1.2119943143920158, 1.2008147969335405, 1.1914879640900269, 1.1809457520555628, 1.1897502976518297, 1.1883442533844968, 1.1828349570065126, 1.1819499559341837, 1.17015745144143, 1.164961321218455, 1.1538488462368304, 1.1594943400703657, 1.1527852447705877, 1.153572637354212, 1.1583022048662681, 1.1429837362651991, 1.1345297222147375, 1.132062678903844, 1.1334053892735694, 1.1265548762593176, 1.131537915584604, 1.1233184562741314, 1.1120107064869602, 1.108112939521637, 1.110724225875878, 1.1046426521144228, 1.1033161198644161, 1.1044893348143727, 1.1020936246634558, 1.0954640593958318, 1.0890429851559382, 1.093806169611336, 1.0903295111271942, 1.0863747948007072, 1.086567889131456, 1.0879226412977685, 1.086683744978537, 1.0921106034675994, 1.0771196945817645, 1.0759566043989066, 1.0799796157934802, 1.0814595323126048, 1.0734737460178956, 1.0673806169955418, 1.0657821797782643, 1.0661392271816095, 1.0761239019804922, 1.06896066120836, 1.0629484554070876, 1.068440730811239, 1.0560058198982092, 1.054574227261986, 1.055080681361372, 1.0548494060611562, 1.0562215375977484, 1.0526609852568287, 1.0499657645815967, 1.0445117586555444, 1.047852618281727, 1.050593332655257, 1.0456110116439623, 1.0445826788997084, 1.0367981903022927, 1.044225592655314, 1.0352108365169002, 1.0329886447880754, 1.0337630096675647, 1.0322781621677115, 1.0335767617009473, 1.0345219074946195, 1.0350442273871963, 1.0297216510965175, 1.0434533206299328, 1.0332026434319015, 1.0252091897837388, 1.0228399501439116, 1.0241657374641226, 1.0262729764853253, 1.0262978578110342, 1.0215797498588288, 1.0213130031617161, 1.0224265065310822, 1.0215246039843544, 1.0274882028288843, 1.0184972559250225, 1.0181234124944067, 1.0156459415076449, 1.0126076761110232, 1.0100107790685455, 1.0130991016091633, 1.0082529891592542, 1.0121960401073997, 1.0078413237072965, 1.0061467511847264, 1.0061513802351691, 1.0080515156732675, 1.0066123505347644, 1.006873033467615, 1.0061027384026258, 1.0056426039096258, 1.0062412975497002, 1.0056650354360352, 1.0083316315106394, 1.0059258829245044, 1.005803617434991, 1.0060929850248832, 1.0052774031743437, 1.004505506152803, 1.0042302994438796, 1.0037081781396773, 1.0024890879648913, 1.002435338858087, 1.0027102022397238, 1.002172785381732, 1.002200734840685, 1.0016751775241195, 1.000701433230848, 1.0007417033707702, 1.00067020693415, 1.000426392016677, 1.0011261028489185, 0.9995211844606132, 0.9995245648854817, 0.9992298564739952, 0.999166477299173, 0.9992985040116723, 0.9988058444429766, 0.9990531009339634, 0.9984966862222687, 0.9987084763417614, 0.9981581690546252, 0.997780885917287, 0.9976376067454261, 0.9986866389751395, 0.9975021998264232, 0.9968249923409218, 0.9959533706018999, 0.9955225511184027, 0.9949810055227515, 0.9949645815638025, 0.9947072442279579, 0.9945829819510204, 0.9946368917544944, 0.9938119835642175, 0.9934113578182454, 0.9930084826364111, 0.9936428527898321, 0.9931819573009388, 0.9927226121444684, 0.9922648223630696, 0.9915680647989181, 0.9913796806073564, 0.9914727056624805, 0.9915640534733237, 0.991304229455051, 0.9909959269341578, 0.9905224319161413, 0.9903522329185965, 0.9901300941263835, 0.9900278984228807, 0.9906237235972827, 0.9892204468373154, 0.9894111332250503, 0.9893250905066096, 0.989227805104957, 0.9892989917532328, 0.9890239116125104, 0.9889855445889296, 0.9897584695477321, 0.9892419113647161, 0.9884416675307682, 0.9879743840879233, 0.9884226979907365, 0.9880384106968373, 0.9877166107004137, 0.9877747859739154, 0.9872041581997119, 0.9873328493412629, 0.9872900079842343, 0.9871973806094446, 0.9872059261101641, 0.9875000264762608, 0.9875619727589312, 0.9865364337082985, 0.9860026612071799, 0.9856048055809402, 0.9850726503078339, 0.9848343060361282, 0.9850411935654546, 0.9846668431381735, 0.9847610357840728, 0.9846163196153046, 0.9849074000381416, 0.9846828748314312, 0.9840949081850393, 0.984195740290672, 0.984355435961284, 0.9842057462047625, 0.9841763383811565, 0.9841220334289956, 0.9838581516571662, 0.9836556804637873, 0.9835597002891685, 0.9835621737853989, 0.9835108563315268, 0.9836144593961637, 0.9832750776396979, 0.9830521067122623, 0.9830691801843111, 0.9829847827940502, 0.9827769646329741, 0.9826590959506571, 0.9824551945493057, 0.9823702905856755, 0.9820694949542503, 0.981930080414437, 0.9818035055342994, 0.9817200090097064, 0.9818223149666248, 0.9814986048242017, 0.9812232778129777, 0.9810026325694713, 0.9807900344689016, 0.9806781661296865, 0.9806445033461915, 0.9807678101104051, 0.9804425124467846, 0.9803658681398556, 0.9803769128104414, 0.9801466229209339, 0.9799002696600175, 0.9799602868937903, 0.9798977497965736, 0.9797357905898666, 0.9795424254904417, 0.9797925516667203, 0.9795591884854571, 0.9795211934451985, 0.9795187659659625, 0.9794713117801718, 0.9794456675265267, 0.9791729870026434, 0.9789463155703685, 0.9789047043620619, 0.9790463632544784, 0.9788083347028539, 0.978605650231943, 0.9784652894302497, 0.9783059872055888, 0.9781593373741136, 0.9782179518594758, 0.97824173381877, 0.9779425801531085, 0.9778499207756045, 0.9775655933430198, 0.9777752721331406, 0.9775179268012691, 0.9773540434762599, 0.977235599966063, 0.9771429155911143, 0.977079200405287, 0.9770574818350071, 0.9768755078512428, 0.9767884116238003, 0.9771768309550717, 0.9768173371141808, 0.9764562011350943, 0.976184194612466, 0.9760361542058562, 0.9757529101800201, 0.9754941716909264, 0.9752432648155555, 0.9750328037510185, 0.9748068439892523, 0.9746368257063189, 0.9744113650068887, 0.9743357669114956, 0.9741896490495633, 0.9740800970136659, 0.9741938957161227, 0.9740785818567004, 0.9739028192966523, 0.9736591958397769, 0.9737665264933635, 0.9737145316338837, 0.9734330682446827, 0.97323659291813, 0.9730197708997765, 0.9731564229055093, 0.973015035360383, 0.97287950710571, 0.9728764378360977, 0.9729413831951015, 0.9726481970449344, 0.972458215867349, 0.972327729305453, 0.9720452582816892, 0.9718113132367859, 0.9715875334645406, 0.9715468234769732, 0.9715646157607087, 0.9713929034240314, 0.9714504554796828, 0.9713052325780624, 0.9712009021615869, 0.9711007947433332, 0.9712347355439196, 0.9710154254168869, 0.9707843011529724, 0.9707962912970448, 0.9707074512867332, 0.9705804956306585, 0.9705129875323292, 0.9705408949545405, 0.9703744521910609, 0.9704221000817237, 0.9703510185995109, 0.9702377285704664, 0.970075680023011, 0.9700568888141607, 0.9702905462765703, 0.9697701051647064, 0.9695006545793559, 0.9694629835247932, 0.9694265855700949, 0.9694066228369189, 0.9694691045818742, 0.9692159705026351, 0.9692752236663574, 0.9692263113914812, 0.9691444653537549, 0.9688546810861974, 0.9690319703976971, 0.9688493799808771, 0.9685766414437673, 0.9684862646236253, 0.9684384180758381, 0.9684243439748822, 0.9684505961209005, 0.9682659673525833, 0.9680588621831883, 0.9681746385712081, 0.9682201145247971, 0.967733385404081, 0.9676014183370155, 0.9674803704492997, 0.9672529560451006, 0.96703784835382, 0.9667772416646624, 0.9665097420478488, 0.9662883466413368, 0.9661654261967628, 0.9660167820099744, 0.9660477028987895, 0.9660238547942491, 0.9657365928231393, 0.9654728398996382, 0.9653939357893044, 0.9655209224099409, 0.9653788849028384, 0.9652595257517395, 0.9650559202289365, 0.9649170352634666, 0.9647995333309785, 0.9648301200898577, 0.9647987789510555, 0.9645616241356292, 0.964454017015648, 0.9644626762407359, 0.9643542572620746, 0.9641026026552518, 0.9639464264392748, 0.9639194637450557, 0.9638974225579952, 0.9637825197822515, 0.9637384171422467, 0.9637724463208949, 0.9635164438014925, 0.9638579764749695, 0.9635277281074379, 0.963271643521714, 0.9630292447905295, 0.9628898933796378, 0.9628960388878206, 0.962908694870872, 0.9629246040576646, 0.9629882641446508, 0.9626037188139294, 0.9623942730302512, 0.9621471043042167, 0.9620854709065696, 0.9620863253747766, 0.9620068628049357, 0.9617211449781704, 0.9614823424084241, 0.9613913620255603, 0.9613183961844725, 0.9613136542340281, 0.9611959608248101, 0.9614154375323861, 0.9611767537877338, 0.9609796094561363, 0.9607018235650441, 0.9606356335405413, 0.9607035701461828, 0.9604904444537659, 0.9602862585221631, 0.9602791503385631, 0.9603794407951133, 0.9605764881364809, 0.9602725358962201, 0.9602562833092504, 0.9602418075664306, 0.9599762568334543, 0.9598568584356599, 0.959706041838648, 0.9594203360091392, 0.9593484807932096, 0.959407768828252, 0.9592122550609526, 0.9590467627115284, 0.9589408568217358, 0.9586867222501131, 0.9586612927324826, 0.9586156722239477, 0.9586603565094397, 0.9586556292808585, 0.9584192458459276, 0.9583260443533465, 0.9581783405118028, 0.9581485577945013, 0.9582070060229245, 0.9581165772349529, 0.9581231800819199, 0.9579735423974971, 0.9580397208324254, 0.9577846027754611, 0.9575450603560467, 0.9574599871777483, 0.9575551474726727, 0.9573074607758557, 0.9571541850077652, 0.9571325655861307, 0.9571307477772582, 0.9571590745415538, 0.9572056340826648, 0.9574296660190347, 0.9570574718601067, 0.9567540854002605, 0.9565789324216827, 0.9565594974508489, 0.9566401611944007, 0.9564721388811136, 0.956180164095341, 0.956034070615981, 0.9559709833870298, 0.9559067312749762, 0.9558349554193669, 0.9558415028562227, 0.9556125247344989, 0.9556125199982268, 0.9556065322174083, 0.9553627271864025, 0.955495145803208, 0.9553369607951365, 0.9550633286347133, 0.9549880146745126, 0.9549716510231423, 0.9549913241617004, 0.9548078959509689, 0.9547322408033075, 0.9547767621214676, 0.9549991875222182, 0.9548206283178804, 0.9543826807533282, 0.9542599206211008, 0.9540710566504167, 0.9539512681260834, 0.9539911494010734, 0.9539353164670293, 0.9543385126174498, 0.9539164575719129, 0.9539200122650079, 0.9539142746864611, 0.9538102510317858, 0.953812092341484, 0.9535456686664078, 0.9535605202712419, 0.9535061536249746, 0.9532771133358495, 0.9531793772960632, 0.9531243269280145, 0.9530900524807938, 0.9529600936891246, 0.9529449567475196, 0.9530172316155421, 0.952801702166708, 0.9525955369174102, 0.952453956489401, 0.9526264368800872, 0.9524229113885275, 0.9521697751288153, 0.9520142003038361, 0.9519828662756576, 0.9519815690275949, 0.9518903828970595, 0.9518717605486812, 0.951932329555353, 0.952004692675116, 0.9516143677274957, 0.9514809306127985, 0.9517885175493177, 0.9514617692842617, 0.9512304490233863, 0.9512250650030611, 0.9512214163044386, 0.9510567097148062, 0.9511423555746082, 0.9510709657525106, 0.9512916649467352, 0.9511829526720289, 0.9507510288693595, 0.950579831823033, 0.9506028251149884, 0.950571036579709, 0.9506115785619825, 0.9505739615888986, 0.9503514444521004, 0.9504778049443525, 0.9503223166458673, 0.9501739435098021, 0.9501199832596642, 0.9500952087927433, 0.950025758203306, 0.949848035582062, 0.9500168669393924, 0.9498970765898478, 0.949491616324154, 0.9493481256307856, 0.9492117809178958, 0.9493670888758877, 0.9491983986681912, 0.9492554203517715, 0.9492435114711067, 0.9491806548631277, 0.9493351361566922, 0.9491620324682524, 0.9491496529032097, 0.9488816661692254, 0.9488639258081903, 0.9487516343983944, 0.9485325011493205, 0.9483766218928669, 0.9484242314453721, 0.9482770297478719, 0.9480823128779627, 0.947937817719933, 0.9479283086032245, 0.9479329730067154, 0.9478789906056527, 0.9479853147026608, 0.9477620217802764, 0.9478188840293574, 0.9479273620978763, 0.9476780124035523, 0.9474401529061162, 0.9472716958073807, 0.9474125506013419, 0.9472646836450106, 0.947032457776823, 0.9468595352906329, 0.9467820434748884, 0.9468384418956045, 0.946803032061463, 0.946797163121752, 0.9466740582556697, 0.9465545976062942, 0.9465864740312908, 0.9465736790833146, 0.946291955361295, 0.9461872352048163, 0.9461123838255419, 0.9461249967024334, 0.9461839075552462, 0.945995949710464, 0.9459746553722069, 0.9459049376073834, 0.9460486067113667, 0.9460410175240422, 0.9456138339267702, 0.9454335645559945, 0.9456090354820754, 0.9454737188172808, 0.9454045677823094, 0.9453423886917273, 0.9451954136460481, 0.9451371774769953, 0.9451454939152097, 0.9449634630900827, 0.9447869788316723, 0.9448224518474312, 0.944947577431826, 0.9444787955992817, 0.9442407428067102, 0.9439870051529892, 0.9437370696149472, 0.943500489358481, 0.9432889254455373, 0.9431414038362241, 0.9430920127747219, 0.9430546978512473, 0.9428641906025805, 0.9427910688134347, 0.9424982081554605, 0.9422300029619727, 0.9420049105209952, 0.9417661343705703, 0.9415297796928449, 0.9412839250890506, 0.9410991415741505, 0.9409895941385787, 0.9408690740260609, 0.9408486245581573, 0.9408762842490112, 0.9407306142752337, 0.9405512374399672, 0.9407157436776907, 0.9407139981664088, 0.9402610977067936, 0.9400895746827076, 0.9402206451237098, 0.9401065889219536, 0.9401208334915452, 0.9400636622524566, 0.9399849349250501, 0.9400072206227489, 0.940036099143877, 0.9399555869213372, 0.9397060968828543, 0.9395625215506088, 0.9395600011842151, 0.9395885074300027, 0.9392373371007807, 0.9389937493732603, 0.9389710228304007, 0.9390114026381082, 0.9388305062656029, 0.9388064730940014, 0.9388648614376237, 0.9387066792066927, 0.9386248839349616, 0.9385340526319412, 0.9388751660443854, 0.9385661847136274, 0.9382561990628316, 0.9381539717403621, 0.9380578679113014, 0.9380612107875285, 0.9381465175036134, 0.9380627263706731, 0.9381653633505815, 0.9380498325584272, 0.9377929520598982, 0.9377556934824425, 0.9376801682359566, 0.9374859341708316, 0.937279612081509, 0.9372482551445309, 0.9373299133693316, 0.9370560258535979, 0.9369328892926596, 0.9368279138096595, 0.9366920664751457, 0.9365873080075477, 0.936444189131942, 0.9365498777389432, 0.9365733263838906, 0.9362170494768427, 0.9360702197967335, 0.9359882376343758, 0.9361491560325449, 0.9360797960579574, 0.9360025134237889, 0.9359570045515804, 0.9359166398475938, 0.935949071668679, 0.9357884056163144, 0.9355720034311216, 0.9355902410653152, 0.9356897593228829, 0.9353204188560436, 0.9353853082292283, 0.9353550635970629, 0.9351219257712202, 0.9351006323812239, 0.9351014927996071, 0.9351463403461305, 0.9351257740588532, 0.9350474568916678, 0.9348631976075913, 0.9349040966724818, 0.9349595126909389, 0.9346194435357765, 0.9345521745062286, 0.9346171539644509, 0.9344676463800364, 0.934237663595018, 0.9340153715408481, 0.9338844030163127, 0.9337423406033947, 0.9336702624207769, 0.9334908963148131, 0.9332926694327585, 0.9330386808866373, 0.9328016651240342, 0.9326236593247283, 0.9324237009983467, 0.932285414539796, 0.9320571963346218, 0.9319289350762878, 0.9316775432186267, 0.9315300933174677, 0.931340054414765, 0.9312072399343341, 0.9310732194129404, 0.9309236459071714, 0.9307735912161395, 0.9305671856070993, 0.930350127472025, 0.9301255909022165, 0.9299133396570372, 0.9297050566752815, 0.9295133512460602, 0.929337288317258, 0.9292685567701919, 0.929193717535399, 0.929291888845118, 0.9292208562821379, 0.9291884110371545, 0.928928851674174, 0.9286990220922376, 0.9285778669539697, 0.92846274133109, 0.9284636364966116, 0.9284436128928297, 0.9283351946349355, 0.9282346971001926, 0.9283650609253298, 0.9283074615227307, 0.9282518123695959, 0.928149683163169, 0.9279787622108225, 0.9280710950023897, 0.9280927800550786, 0.9278482340013934, 0.9279240643540883, 0.9278564838295055, 0.9277020475093776, 0.92765106695565, 0.927749340987852, 0.9274608589121065, 0.927401293910761, 0.9276171041469562, 0.9273921932517505, 0.9271957213769665, 0.9273068954157934, 0.9271556131097558, 0.9270810206729688, 0.9271532576928175, 0.9271374254289538, 0.9270274749703015, 0.9270102526945797, 0.9269036825120761, 0.9267081526483919, 0.9267222359777971, 0.9268470972105018, 0.9265290687951798, 0.9264631698660626, 0.9265178613222533, 0.926500555779181, 0.9264231792705991, 0.9262864754819113, 0.9261606090218282, 0.9262304967145513, 0.9262763547776143, 0.9259550816348696, 0.9260270500376924, 0.9259460775509806, 0.9258572074754954, 0.9257032876927855, 0.925690032270618, 0.9256563237538149, 0.9256815582236276, 0.9257767316752786, 0.9256910396081971, 0.9254355293694322, 0.9254435681247487, 0.9254805214289379, 0.9252268258800463, 0.9251654719012946, 0.9252137266417098, 0.9251756732685908, 0.9251712785898741, 0.9250286291069801, 0.9249795865750418, 0.9250197264075926, 0.9248892149067742, 0.9248629150505766, 0.9250190842178613, 0.9246560513791529, 0.9245361250093278, 0.9245135971822841, 0.924574217714836, 0.9243559040626002, 0.9243327548922183, 0.9243107711427226, 0.9242351242232495, 0.9246026825540605, 0.9241889323430718, 0.9239347272609991, 0.923803057547234, 0.9238264021349779, 0.9237768542128952, 0.9237414118326408, 0.9238157128399818, 0.9235074886994827, 0.9233993736153772, 0.9231887404809375, 0.923128533854861, 0.9230428446132319, 0.9230320833147385, 0.9229620197230688, 0.9229622299200939, 0.9227689689925758, 0.9226377457311583, 0.9224700964863147, 0.9225010322534178, 0.9225747177151995, 0.9222437869688132, 0.9221474206272194, 0.9221410920850766, 0.9222038994011227, 0.9221791678448279, 0.9221446918262932, 0.9219984215558925, 0.9219120487699582, 0.9217990548187333, 0.9215963109258741, 0.9215341214467235, 0.9214643522589113, 0.9216317539554106, 0.9214282564021944, 0.9212104180172213, 0.9210645027777592, 0.9210817023028205, 0.9210574904924177, 0.920929204867975, 0.920878664627335, 0.9208151813256173, 0.9207056452834186, 0.920928233434262, 0.920813254705905, 0.9207670564388564, 0.9207300580758057, 0.920436747359723, 0.9202589103656161, 0.9201258999370382, 0.9199870290749503, 0.9198926826289131, 0.9199015882051148, 0.9199143386396262, 0.9199509020596794, 0.9198387679596373, 0.9198681893512097, 0.9199015509903588, 0.9196924625388213, 0.91966399217004, 0.9196513773172184, 0.9198330740036238, 0.9197361112822035, 0.9195034604580037, 0.9194586610107779, 0.9195108764698058, 0.919351442026624, 0.9193036723157774, 0.9192052001240312, 0.9194062799839664, 0.9191447667927918, 0.918957989848088, 0.9189117937961228, 0.9189069672338138, 0.9189106730657626, 0.9189432514890632, 0.9189478473376999, 0.9189529410186068, 0.9188618066915949, 0.918767234231163, 0.9185867531888761, 0.9185390511034294, 0.9186107586726843, 0.9184919530392658, 0.9184896517592394, 0.918532473522457, 0.9183879738458266, 0.9184407431916968, 0.9183297959149181, 0.918408744567818, 0.9182620474047007, 0.918364822555775, 0.9181338093389774, 0.917939885277267, 0.9178977400648322, 0.9179681899321694, 0.9178641256990305, 0.9179100632707906, 0.9178626672048413, 0.9179381557701389, 0.9177848885390032, 0.9176244064605857, 0.9177925451342779, 0.9176131396353987, 0.917622265791155, 0.9175893026945282, 0.9173648765112574, 0.9173364599259208, 0.9173249477065205, 0.917167908548676, 0.917130535241958, 0.9172010496129263, 0.9169714800812356, 0.9169195552542374, 0.9169854093767922, 0.9170523544757175, 0.9167957784936996, 0.9166783202841128, 0.9166381229237349, 0.9166199806131724, 0.9168052161988762, 0.9166900965574734, 0.9167021127743769, 0.9167364604613935, 0.9165401565297964, 0.9164465419683268, 0.9162487560016302, 0.9162359831613689, 0.9163815226514433, 0.9160463547183445, 0.9160310426736673, 0.9159913514394118, 0.9157727497525898, 0.9157169319058458, 0.9157114891958149, 0.9157313568641738, 0.9157160755953682, 0.915748711174112, 0.9156315938914933, 0.9154714419794716, 0.9153771215055518, 0.9152813211677856, 0.9153240824614832, 0.9151472955724448, 0.9151789840439779, 0.915207192493345, 0.9150715425001571, 0.9150420306309497, 0.9150116677217208, 0.9149342623429474, 0.9148358394448548, 0.9149104309041151, 0.9148638289640041, 0.9146870372035483, 0.9148117091225847, 0.9147585514800582, 0.914563305241161, 0.9145574098355512, 0.9145501784565809, 0.9145681302678628, 0.9145575576775716, 0.9147258336855607, 0.9145162548403343, 0.9143617829506892, 0.9143973642968285, 0.9142985082564956, 0.9142444680290017, 0.9143367812372305, 0.9142514393085724, 0.9141411941698981, 0.9139397022679322, 0.9139490026192306, 0.9139186212355167, 0.9139089685593278, 0.913897894164511, 0.9138813555117904, 0.9139239129109024, 0.9137404437051114, 0.9136791123606874, 0.9137889801071226, 0.9136868419062929, 0.913547307959932, 0.9135062984206898, 0.9136602285071936, 0.9135192455264822, 0.9132347268218597, 0.9132194077692408, 0.913243969176272, 0.9131248847845632, 0.9131321775516962, 0.9130895058764471, 0.913128408764257, 0.9130726021260973, 0.91338131797099, 0.9131548005042158, 0.9130280298705854, 0.9128848360000483, 0.9128080668126444, 0.9127539277010324, 0.9127694552817054, 0.9127267855973723, 0.9127613821039184, 0.9128275437357206, 0.9127472053531998, 0.9127473922835706, 0.9126907400570271, 0.9126190835789377, 0.9124885333840028, 0.9126484627514284, 0.9125414716091997, 0.9123834587871894, 0.9124310389597677, 0.9124936272767558, 0.9123003258559746, 0.9122437848907721, 0.912307942563225, 0.9121500130590522, 0.9121592690291915, 0.9120185791467901, 0.9121314351252158, 0.9119725161562116, 0.9120352418702014, 0.9119191778229203, 0.9118264692012339, 0.9119964853411752, 0.9118250156620096, 0.9118442882160476, 0.9118378761323306, 0.9118376939702694, 0.9118572931331365, 0.9118828379684428, 0.9117449695383596, 0.9116985325456358, 0.9116662923716443, 0.9117024044274062, 0.9115882358495888, 0.911544596610597, 0.9114997476668176, 0.9114393189002955, 0.9114316014062498, 0.9113890125884831, 0.9113911742619012, 0.911388472848965, 0.911314611329904, 0.9112353040418362, 0.9111800564677619, 0.9111219301020763, 0.9111703103209621, 0.9111171504619411, 0.911011977492627, 0.9109654588941779, 0.9109680644619745, 0.9109648154219385, 0.9109234435119772, 0.9108962517075736, 0.9108747249101307, 0.9108160343260496, 0.9108510646979726, 0.9108077887079752, 0.9107290588305941, 0.9106402578509805, 0.9105931725516097, 0.9105789562919361, 0.9105895716579374, 0.9105641153963571, 0.9105921646304831, 0.9105102346946479, 0.9104415029917847, 0.910347590245776, 0.9103345648184384, 0.9103459650376379, 0.910252894660528, 0.9102147703482497, 0.9102219929018179, 0.9102276142096534, 0.9101939926843484, 0.9101748964445396, 0.9101223095801899, 0.9101067997949398, 0.9100990635666298, 0.9100279527244409, 0.9100575877211612, 0.910022598441202, 0.9099447431168558, 0.9099125093424285, 0.9098806500522607, 0.9098274653571561, 0.9098220134749032, 0.9097850785453168, 0.9097566417712033, 0.9097198574370235, 0.9097512106144446, 0.90962834213212, 0.9095618303522164, 0.909498046840189, 0.909415961053021, 0.909363313080151, 0.9092848782200292, 0.9092663084237336, 0.9092782451659797, 0.9091939285985475, 0.9091571605399538, 0.9091421985714078, 0.9091419840529018, 0.9090753874580336, 0.9091042524950526, 0.9090463982643779, 0.9089726842280317, 0.9089276959068088, 0.9089079491500518, 0.9089103011221554, 0.9088857925684369, 0.9088765117165651, 0.9088562244590671, 0.9088588458070453, 0.9089134239249183, 0.9087687851970502, 0.9087455664004855, 0.9086739458669918, 0.9086634448962962, 0.908666899183047, 0.9087062808197555, 0.9086641362099236, 0.9085977573750253, 0.9086049991798383, 0.9085961200331725, 0.9085148023961869, 0.9084837194405911, 0.9084143607069022, 0.9083778606126932, 0.9083033405291778, 0.9082888679377998, 0.9082994267382466, 0.9082664942108981, 0.9082429052409515, 0.9082374897675735, 0.9082680718053726, 0.9081356207272656, 0.9081346092957955, 0.9081035192710556, 0.9080133461090031, 0.9079469673378149, 0.9078992327757276, 0.9078219051609336, 0.9077671947298468, 0.9077003675444539, 0.9076416152450627, 0.9076510770432139, 0.9076443959640977, 0.9076358620452661, 0.9076570967007219, 0.9075492227109566, 0.9074747204957249, 0.9074132299613515, 0.907369342936657, 0.9073067174977878, 0.9072965381215917, 0.9072930104496536, 0.9072125211651945, 0.9071766769603239, 0.9070905259654382, 0.9070364953270317, 0.9070009490244387, 0.906943972126486, 0.9068942218526236, 0.906874092854594, 0.9068552130374584, 0.9068597785322512, 0.9068917636215399, 0.9067711102363833, 0.9067066046530367, 0.9066897755278719, 0.9066686293259852, 0.906678293619696, 0.9067119693994607, 0.9066631152523504, 0.9066760453089479, 0.9066924212171096, 0.9065863180977439, 0.9065994580510639, 0.9065786319359501, 0.9065284094568422, 0.9064666131297502, 0.9064989395802509, 0.9064950441805483, 0.9064098254827841, 0.9063492018505707, 0.9063264453242189, 0.906305502628, 0.9063329452605332, 0.9062446653010402, 0.9061752695732127, 0.9060972070255471, 0.9060437315253054, 0.9060425301575169, 0.906053738624477, 0.905969096510294, 0.9058992444228514, 0.905859480927707, 0.9057802070385784, 0.9057404319207635, 0.9056926037485685, 0.9056496137043096, 0.9056161091337435, 0.9056356489093272, 0.9055830508799756, 0.9055588769176623, 0.905554473902399, 0.9054836016815488, 0.905480424450134, 0.9054757307051396, 0.9054252584599424, 0.905415676828675, 0.9054067259594968, 0.9054832296572605, 0.9053935628527208, 0.9053087771623409, 0.9052973380885864, 0.9053063598654427, 0.9052515116315479, 0.9052675531343544, 0.9052468934360115, 0.9052545651714251, 0.9052320225403174, 0.9051602885893373, 0.9051485465725634, 0.9051365203972458, 0.9050861720707349, 0.9050285473475141, 0.9049848629557649, 0.9049704613234671, 0.9049925431737628, 0.9049230069242928, 0.9048583778224105, 0.9048126122933061, 0.9048079741518055, 0.9047999629357599, 0.9047965960548063, 0.9047714082171929, 0.9047161400390041, 0.9046800770259223, 0.9046162008954084, 0.9046107306223432, 0.9046334209382897, 0.9045537670830696, 0.904530268543515, 0.9044700192197261, 0.9044442193625225, 0.9044389026615984, 0.90442791531694, 0.9043621572179081, 0.9043937313763937, 0.9043697345913383, 0.9042857927987722, 0.9042719107562891, 0.9042714519521085, 0.9042810425086635, 0.9042262759846666, 0.9042475346158234, 0.9041864340491834, 0.9041481793638961, 0.9041539782675084, 0.9040797443445662, 0.9040399267875576, 0.9039996549767554, 0.9039717674428337, 0.9040452782687805, 0.9039490109095591, 0.9039526871548946, 0.9039687562759079, 0.9038759628570311, 0.9038727154471068, 0.9038763396261575, 0.9038485497937908, 0.9038355279520272, 0.9038414932137137, 0.9038238820433425, 0.9037617224008061, 0.9037404068247638, 0.9037092778526838, 0.9037044976490664, 0.9036946025322372, 0.9036572801202981, 0.9035617530881435, 0.9035293292086963, 0.9035356029337449, 0.9034759517340555, 0.9034526984398213, 0.9034275295975098, 0.9033640075890538, 0.9033586923727858, 0.9033773445871525, 0.9033653068930458, 0.903328542576446, 0.9032538597380312, 0.9031942163076537, 0.9031665980627985, 0.9031625202845609, 0.9031552341506737, 0.9031112900613356, 0.9030851353098934, 0.9030542993948474, 0.9030229503890469, 0.9029814311602151, 0.9030710365512314, 0.9029777612238762, 0.9028987193438068, 0.9028351172165373, 0.9028008700789735, 0.902805751660512, 0.9027903806109803, 0.9027717473489539, 0.9027646952579329, 0.9027646075892892, 0.9027712210215082, 0.902763216117708, 0.9027676479535619, 0.902682593079541, 0.9026270740928294, 0.9026160245094845, 0.902648357009368, 0.9026482080242308, 0.9025579282885342, 0.9025296575733086, 0.9025273063946345, 0.9025287831935344, 0.9025207431036255, 0.9025141917283056, 0.9024866759626221, 0.9024322306253545, 0.9023957780219182, 0.902349764888084, 0.9022758020616031, 0.9022107526934424, 0.9021514194559984, 0.9020917494432973, 0.9020780515723139, 0.9020495430458516, 0.9020617224577556, 0.9020621663260319, 0.9020902859863055, 0.9020762502663455, 0.9019951955722859, 0.9019365229089138, 0.9019259578737494, 0.9019377346998874, 0.901927250735954, 0.9019155876769092, 0.9018928395631709, 0.901929122873473, 0.901885910231072, 0.9018151538647539, 0.9018119796945591, 0.9018080482048894, 0.9017672691103946, 0.9017388969179366, 0.9017075177622211, 0.9017236901402518, 0.9017372958780983, 0.9017480166151888, 0.9017181395589038, 0.9016865505915689, 0.9016252947185194, 0.9015589901426097, 0.901506139947945, 0.9015045660302277, 0.9014973445466378, 0.9014761120356771, 0.9014552873232383, 0.9014201190362876, 0.9013560880919304, 0.9013152861098284, 0.9012926487632497, 0.9012850665978691, 0.9012476924189693, 0.9012181139971538, 0.9012037911650358, 0.9011883691261823, 0.901124325959528, 0.9011146293339751, 0.9011073513583683, 0.9010720485715782, 0.901053486579724, 0.901040521037936, 0.9010795039005418, 0.9009877691838053, 0.901022021428058, 0.9009857594711078, 0.9009854352904852, 0.9009913224110176, 0.90091027597723, 0.9009408982026272, 0.9009178376789909, 0.9009530582379012, 0.9009191795768873, 0.9008482240507086, 0.9008205439765973, 0.900788816552802, 0.9007697374358713, 0.9007622587171222, 0.9007689222812495, 0.9007710706906786, 0.9007269532309387, 0.9007135010550189, 0.9006732119262919, 0.900743786270368, 0.9006570850811645, 0.90060116724715, 0.9005789221181545, 0.9005714846364586, 0.9005720835882112, 0.9005435607834564, 0.9005416582341009, 0.9005490546879233, 0.9005505529007876, 0.900478125560384, 0.9004488883137779, 0.900425362004306, 0.9003588748726108, 0.9003395906337592, 0.9002924986241989, 0.9002689497683176, 0.9002709483643035, 0.9002484810242556, 0.9002197878895257, 0.9002039472085401, 0.9002192012426933, 0.9002059905640382, 0.9002716439354996, 0.9001808058533401, 0.9001161144698576, 0.9000799804476095, 0.9000629675547339, 0.9000600657345306, 0.9001125967687281, 0.9000728892761078, 0.9000106690983906, 0.9000078481750544, 0.9000217726842965, 0.8999858752426367, 0.8999830124451488, 0.9000025223379688, 0.9000122057467346, 0.8999306990844598, 0.8999246983850597, 0.8999425831653319, 0.8998918343600081, 0.8998902244409487, 0.8998905000554729, 0.899827523191787, 0.8998443225949065, 0.8998429746957071, 0.8997760758961071, 0.8997769152833405, 0.8997644366074006, 0.8997483727176471, 0.8997344447373399, 0.8997223610883189, 0.8997095761012641, 0.8997072122884872, 0.8996809807359835, 0.8996589574554397, 0.8995923637074834, 0.8995423116528745, 0.899507525125152, 0.899465065915883, 0.8994474709488407, 0.8994559485509107, 0.8994352870732688, 0.8994212235036794, 0.8994552625594417, 0.899381528895405, 0.8993770817786859, 0.8993887986645662, 0.8993284633839046, 0.8993353292347689, 0.8993329209215271, 0.8993761984481121, 0.8993352820331554, 0.8993097639516205, 0.8993075073588228, 0.8992689032933906, 0.8992642142858771, 0.8992629546522319, 0.8992170678149084, 0.8992172851783999, 0.8992319843103734, 0.8991688288777958, 0.8991654150326586, 0.899169405885693, 0.8991664780549261, 0.8991692708319581, 0.8991683241447053, 0.8991586429542753, 0.8991420198305535, 0.899170892582941, 0.8990943089237381, 0.8990633774211821, 0.899022921540173, 0.8989835622713451, 0.8989625639751185, 0.8989373475487351, 0.8989281748952721, 0.8989128975990961, 0.8988517130743992, 0.8988332651727666, 0.8988600051674017, 0.898804122253419, 0.898802470199195, 0.8987702521716441, 0.8987770941604408, 0.8987744181454702, 0.8988297266960266, 0.8987822363312403, 0.8987986700697367, 0.8987332254673124, 0.8987621047575611, 0.898730277240374, 0.8986890236127051, 0.8986746384377647, 0.8986238215679991, 0.8986329526851379, 0.8986480882696648, 0.8985972195896462, 0.8985849774698532, 0.8986002403329472, 0.8985761155412445, 0.8985679574172994, 0.8985212205665815, 0.8985290026609551, 0.8985462381085157, 0.8984885893191039, 0.8984514694407557, 0.8984924723410105, 0.8984453202069651, 0.8984455335463908, 0.8984432765240603, 0.8984087968247543, 0.8984037890517524, 0.898404952950072, 0.8983792037424474, 0.8984477314575294, 0.8983762724577146, 0.8983247884639477, 0.8983355211816336, 0.8983491685459698, 0.8983135021282672, 0.8983040805280201, 0.8982936466901855, 0.8982894104338299, 0.8982625945703537, 0.8982613707124832, 0.8982675870175992, 0.8983206856977677, 0.8982857006691773, 0.898229556117374, 0.8981855837365359, 0.8981423717489438, 0.8981052576802556, 0.898095202529797, 0.898127115116395, 0.898105701966542, 0.8980454636228359, 0.8980259674008909, 0.8980314058304851, 0.8980165204960767, 0.8980085477657616, 0.8980182215300054, 0.8979853968841719, 0.8979666011687585, 0.8979715809649366, 0.8979907583992371, 0.8979466929020896, 0.8979473826273541, 0.8979235358774045, 0.897920183979538, 0.8979145011993561, 0.8978892104760415, 0.8979302568992392, 0.8978874644290118, 0.8978956144824423, 0.8979221752159181, 0.8978299166775927, 0.8978202889323609, 0.8978292755405286, 0.8978476664132806, 0.8978232000211918, 0.8978361999665043, 0.8978098663233016, 0.897780955057248, 0.897760708682846, 0.8977787756978007, 0.8977434065036991, 0.8977360969346586, 0.8976853641283121, 0.8976742690150507, 0.8976907276103647, 0.8976515897975376, 0.8976866786441163, 0.8976373284023351, 0.8976140314405604, 0.8976065367984513, 0.8976060870877234, 0.8975828064450425, 0.8975533088835695, 0.8975731729282089, 0.897565711397364, 0.8975310688135135, 0.8974816151076149, 0.8974817860860159, 0.8974719703397472, 0.8974373293225132, 0.89739578413315, 0.8973822094405708, 0.8973448133912636, 0.8973350566730677, 0.8973406770115598, 0.8973398116852397, 0.8973464092328097, 0.8972922213171102, 0.8972649172603945, 0.8972788704937604, 0.8972785752155872, 0.89724388173126, 0.8972241074198446, 0.8972389615718682, 0.8972195142112547, 0.8971929230092754, 0.8972012043325392, 0.8971780516695416, 0.8971830377634556, 0.8971831284750275, 0.8971607766878217, 0.8971440714160449, 0.8971872470360602, 0.8971619171744438, 0.8971359916476594, 0.8971473442318315, 0.8971640438074092, 0.897124213997576, 0.8971277817055205, 0.8971057874217268, 0.8970958576450236, 0.8970884311661815, 0.8970986368209011, 0.8970729919149545, 0.8970719864147472, 0.8970844780285179, 0.8970518973243443, 0.897035452101784, 0.8970270729352162, 0.8970231373982536, 0.897019815538568, 0.8970041726523077, 0.8970091401504469, 0.8969980354452578, 0.8969801957516135, 0.8969582901202121, 0.8969423198268442, 0.8969277458591666, 0.8969143365525726, 0.8969208145619851, 0.8969215512618217, 0.8969059286406339, 0.8968963872259873, 0.8968903594047881, 0.8968829975585355, 0.8968666800395765, 0.896854298318618, 0.8968532470294724, 0.896847207977005, 0.8968435802405482, 0.8968290722442619, 0.896812062326391, 0.8968056059013927, 0.8968161175971489, 0.8968065277468147, 0.8967852601435634, 0.8967711829882339, 0.896772738778352, 0.8967687404955551, 0.8967559304613557, 0.8967685299218304, 0.8967561292683656, 0.8967435822523503, 0.8967272781817669, 0.8967278961143507, 0.8967274206538909, 0.8967183484955797, 0.8967181418899393, 0.8967311570089084, 0.8966882097958905, 0.8966722045217749, 0.8966720787082447, 0.8966737388481936, 0.8966604017517859, 0.8966516616096151, 0.8966406642628894, 0.8966232709712373, 0.8966007891078737, 0.896583122378916, 0.8965659360862975, 0.8965506305390204, 0.8965349140365176, 0.8965439473850935, 0.8965368639122097, 0.8965303026437964, 0.896525867328301, 0.8965236617071497, 0.896526603884428, 0.8965052740291414, 0.8965027088903424, 0.8965034781030187, 0.896502917595628, 0.8965117979652966, 0.8964812145388412, 0.8964776647045422, 0.8964785042029697, 0.8964692282079019, 0.8964606130165624, 0.8964644341988367, 0.896463180298592, 0.896443631424589, 0.8964428537163027, 0.896450524637194, 0.8964281596936291, 0.8964119508697126, 0.8963993661205801, 0.896393749598506, 0.8963823834066523, 0.8963601730478967, 0.8963587257473564, 0.8963563768949041, 0.8963472155190471, 0.8963572836200026, 0.896340421907953, 0.8963246740461612, 0.8963205379127898, 0.8963130484196309, 0.8963194655280793, 0.8963174845735429, 0.8962998196146845, 0.8962816022714919, 0.8962683874538974, 0.8962661072321426, 0.8962658574798286, 0.8962535480195554, 0.8962394238339325, 0.8962248399085143, 0.8962346078645517, 0.8962244444192833, 0.8962074027874645, 0.8962060195301697, 0.8962075918289204, 0.8961884633821959, 0.8961712296634923, 0.8961576525538534, 0.896143889290651, 0.8961443998567797, 0.8961454120603642, 0.8961392500317186, 0.8961461123608356, 0.8961331716640081, 0.8961133338540653, 0.8961085551418803, 0.8961134588821869, 0.8961147427168387, 0.8961158534434748, 0.896124085371211, 0.8961100292775483, 0.8960883093111189, 0.8960757440430579, 0.8960759813881448, 0.896079650639552, 0.8960722679931356, 0.8960553056689433, 0.8960424278747278, 0.8960503503626494, 0.8960459587106101, 0.8960292084053263, 0.8960167984129058, 0.8960017729010552, 0.896000017664357, 0.8960000574655224, 0.8960018895327547, 0.8960111983401399, 0.8959842700206001, 0.895976570924176, 0.8959679062990222, 0.895961187231735, 0.8959548560717284, 0.8959500601479101, 0.895959287348203, 0.8959358132182524, 0.895928922418539, 0.8959262645143602, 0.8959203749413517, 0.8959227114710081, 0.8959215336586445, 0.8959182184327892, 0.8959135011516235, 0.8958988989846516, 0.895880652662907, 0.8958690939312864, 0.8958614275248215, 0.8958541171537149, 0.8958502588810038, 0.8958536829980345, 0.8958419432892444, 0.8958258670876328, 0.8958087605691559, 0.8958096632280734, 0.8958117714210935, 0.8957922823122773, 0.895783309896006, 0.8957791515473478, 0.8957797775569615, 0.8957882630076951, 0.8957819625596629, 0.8957787416202878, 0.8957874753961464, 0.8957633543422006, 0.8957502222310799, 0.8957655249305676, 0.8957469305094449, 0.8957371151596285, 0.8957226998745602, 0.895729255579103, 0.8957227677338074, 0.8957089455530943, 0.8956990231851043, 0.8956821607950497, 0.8956701297330177, 0.8956656820683723, 0.8956643721202758, 0.895656168757751, 0.8956409562704815, 0.8956336629710838, 0.895615292465129, 0.8956016154211031, 0.8955850942468677, 0.895575960577179, 0.8955603268930628, 0.8955478828878947, 0.8955397123453797, 0.8955318080337242, 0.8955270426195588, 0.8955141314118832, 0.8955223311877855, 0.8955115042830177, 0.8954970976417437, 0.8954874684343502, 0.8954995367392838, 0.8954895954848142, 0.8954760965662328, 0.8954627772200668, 0.8954642565465807, 0.8954673447120041, 0.8954576965219927, 0.8954488156870524, 0.8954494033898132, 0.8954529847256383, 0.8954384726464903, 0.895450495119389, 0.8954336492700159, 0.8954294655154461, 0.8954214198907554, 0.8954116018546142, 0.8954242239084548, 0.8954110968230276, 0.8954058872053826, 0.8953989127809268, 0.8953853149213904, 0.8953972738114294, 0.8953893328090875, 0.8953729164745069, 0.8953560506936366, 0.8953538942915987, 0.8953586653251294, 0.8953502959747638, 0.8953501315698327, 0.8953418124536893, 0.8953493746887033, 0.8953470080169215, 0.895325493004031, 0.895317826704966, 0.8953102225801032, 0.8953046660940037, 0.8953007141992656, 0.8952846103152194, 0.8952847832045129, 0.8952846433697226, 0.8952806930008076, 0.8952607959603287, 0.8952515613429118, 0.8952418333517842, 0.8952330012473961, 0.8952377901300008, 0.8952327276736864, 0.8952380824295166, 0.8952351799546525, 0.8952299459310625, 0.8952338029158784, 0.895209957847849, 0.895196578765107, 0.8951877413385123, 0.8951896638170124, 0.8951945779802323, 0.8951857748924261, 0.8951859782363701, 0.8951737168141674, 0.8951732419790193, 0.8951785240776091, 0.8951705839957824, 0.8951654055604541, 0.8951569783787844, 0.8951649648934935, 0.8951614206034676, 0.8951387043953188, 0.895132845232725, 0.8951281225551694, 0.8951287088963472, 0.8951154798665376, 0.8951081203061401, 0.8951085591127548, 0.895107277120945, 0.8951124632364552, 0.8951070166020053, 0.8950934043641732, 0.8950824582394601, 0.8950886202769149, 0.8950843637575154, 0.895081608231723, 0.8950866296299117, 0.8950724077593338, 0.8950683667357815, 0.8950687082818809, 0.8950541872771222, 0.8950514215709924, 0.895050281872956, 0.8950482392471495, 0.8950417148178799, 0.895024124907457, 0.8950177557770388, 0.8950168415102305, 0.895010415900475, 0.8950118517090738, 0.8950083394844471, 0.8949977401826427, 0.8949902046318976, 0.8949751079696411, 0.8949639227244871, 0.8949535086122515, 0.894947687535565, 0.894936565020282, 0.8949327477266295, 0.8949302526011738, 0.8949299796279164, 0.8949205303108315, 0.8949162202861632, 0.8949079826505697, 0.8948990465852132, 0.8948869589684764, 0.8948876846708473, 0.8948903769907769, 0.8948956262820917, 0.8948846834236552, 0.8948889861157583, 0.894885280911075, 0.8948777619515594, 0.8948733501338161, 0.894870124487679, 0.8948598044644298, 0.8948580051845743, 0.8948427795689485, 0.8948335292235718, 0.894823713148054, 0.8948223950358639, 0.8948225380176436, 0.8948158651875834, 0.894813281256186, 0.8948008834247593, 0.8948002315670398, 0.8947940204069043, 0.8947798068997028, 0.8947676950927047, 0.8947649231517757, 0.8947630818864681, 0.8947662025887193, 0.894765008598594, 0.8947687768816514, 0.8947690135779536, 0.8947536018189565, 0.8947501781134346, 0.8947574288719362, 0.894741932545239, 0.8947466769741543, 0.8947370134921306, 0.8947292288067307, 0.8947206559231439, 0.8947207781229894, 0.8947203632716154, 0.8947238190602689, 0.8947236519476237, 0.8947266251885361, 0.8947101661359517, 0.8947178213827427, 0.8947044852193837, 0.894695569444886, 0.894697236356757, 0.8946983212870913, 0.8946954402218845, 0.8946951793120828, 0.894691676004187, 0.8946847037017047, 0.894693058175926, 0.8946948478013997, 0.8946729661236268, 0.8946663168521733, 0.894666187360642, 0.8946710747030725, 0.8946649589430964, 0.8946610475068186, 0.8946464409944843, 0.8946361766580802, 0.8946301401525546, 0.8946232944417962, 0.8946160685193322, 0.894615617586636, 0.8946150020825947, 0.8946122864210005, 0.894601063802039, 0.8945988174128678, 0.8946024168999037, 0.8945860239880921, 0.894582512361305, 0.8945796488021525, 0.8945765681873825, 0.8945672815998311, 0.8945524828245801, 0.8945540196549345, 0.8945517636759351, 0.8945452360391678, 0.8945406400881143, 0.8945306915241218, 0.8945308296565381, 0.8945327510999205, 0.8945352800636348, 0.8945268527563882, 0.894520236055368, 0.8945093052080167, 0.8945033951522094, 0.8945063170327513, 0.894500290700056, 0.8944946942273374, 0.8944878852438347, 0.8944947220514299, 0.8944867390071688, 0.894481023856955, 0.8944822082817248, 0.8944751718506038, 0.8944724199468019, 0.894472940212339, 0.894469886444548, 0.8944613088385831, 0.8944612387197202, 0.8944581799380401, 0.8944564028129798, 0.8944570913274849, 0.8944603465575202, 0.8944638856658645, 0.8944426267380234, 0.894439243595325, 0.8944582096078195, 0.894442296493836, 0.8944354498330007, 0.894433807889815, 0.8944270002195155, 0.8944201928307436, 0.8944199664200725, 0.894415549106357, 0.8944137084532484, 0.8944209620809327, 0.8944002363234422, 0.8943999649154024, 0.8943981661895611, 0.8943932906105795, 0.8943983796375226, 0.8943938637742742, 0.8943935173468034, 0.8943940129235638, 0.8943975952407662, 0.8943933826217941, 0.8943807333029138, 0.8943749010189274, 0.8943684946745458, 0.8943671613942802, 0.8943736246870728, 0.8943592418143914, 0.8943522897677681, 0.8943480878653495, 0.8943478866814842, 0.8943437935504831, 0.8943465082366266, 0.8943374467708928, 0.8943492225645114, 0.8943422529484324, 0.8943270614791249, 0.894323699060595, 0.8943224928887076, 0.8943277750213054, 0.8943266102033853, 0.894322995877533, 0.8943247008409394, 0.8943171061460924, 0.8943119941858303, 0.8943178329029448, 0.8943068117475523, 0.8943059673595819, 0.8943121489567674, 0.8942995592963854, 0.8942912356817813, 0.8942839915615541, 0.8942837210824306, 0.8942883095148803, 0.8942859244419814, 0.894282552108665, 0.894286284695045, 0.8942825898932137, 0.8942735084554614, 0.8942741343594339, 0.894275883671479, 0.8942785364822549, 0.8942747070822163, 0.8942680728664186, 0.8942634678573171, 0.8942556518996887, 0.8942525073116061, 0.8942640014137115, 0.8942568089863782, 0.8942442766226398, 0.8942363686870388, 0.8942395366775823, 0.8942403502907286, 0.894236555698543, 0.8942376006959109, 0.8942401901034338, 0.8942394252291077, 0.8942259347839036, 0.8942205544045814, 0.8942243026367027, 0.8942224819331963, 0.8942154652964411, 0.8942091463637873, 0.8942063836963705, 0.8942069385865845, 0.8941958093288718, 0.8941972873722184, 0.8941990907251183, 0.8941867218384816, 0.894189359406499, 0.8941871318636458, 0.8941883476773881, 0.8941840084412233, 0.8941868080196315, 0.8941826473919758, 0.8941884306678137, 0.8941798436457373, 0.894176677974036, 0.8941816634822933, 0.8941802968293042, 0.8941771855653522, 0.8941707373631301, 0.8941602551662116, 0.8941569109206635, 0.8941527802060841, 0.894152121869926, 0.8941567050617806, 0.894159386103532, 0.8941426871065971, 0.8941409476438783, 0.8941455229147827, 0.8941479480001054, 0.8941437688415933, 0.8941368182493125, 0.8941304629048588, 0.8941443427548004, 0.8941355494597959, 0.8941180096461582, 0.8941135368770928, 0.8941151802395063, 0.8941128744876324, 0.8941137345720063, 0.8941126071209493, 0.8941133766302144, 0.8941179408427682, 0.8941052568982352, 0.8941118491240002, 0.8941031189773256, 0.8941000737112417, 0.8941116151055379, 0.8941034832702612, 0.8940947840245066, 0.8941001028402412, 0.8940863014052068, 0.8940863892703625, 0.8940895509883413, 0.8940874157635815, 0.8940858325180036, 0.8940800112831573, 0.8940794301506504, 0.8940854832003998, 0.8940782311224501, 0.894077541266103, 0.8940731152119561, 0.8940761934164926, 0.8940714862869802, 0.8940637096835142, 0.8940643412093539, 0.8940671195197964, 0.8940713405235375, 0.8940678793302487, 0.8940566863260013, 0.8940471115558797, 0.8940463382310349, 0.8940433246486439, 0.8940353982155277, 0.8940305590106308, 0.8940344382574991, 0.894029682684817, 0.8940354344433558, 0.8940332510438262, 0.8940323490463269, 0.8940330858526024, 0.894020567041599, 0.8940183909978151, 0.8940194172250601, 0.8940210649598347, 0.8940226921077167, 0.8940119691689589, 0.8940082971930312, 0.8940122994376093, 0.8940066976005366, 0.8940068216577337, 0.893994033313432, 0.8939890903655366, 0.8939856732465541, 0.8939836810320894, 0.8939839406164312, 0.8939919056310394, 0.8939814409964505, 0.8939844983148075, 0.8939794033674584, 0.8939759958430776, 0.8939765536746256, 0.8939698648509804, 0.8939888658694831, 0.893971682261774, 0.893960124839465, 0.8939617237903863, 0.8939606612639973, 0.8939618680764444, 0.8939589868174806, 0.8939579451588622, 0.8939621211547133, 0.8939504417526787, 0.8939475070953506, 0.8939570178710756, 0.893949693625724, 0.8939546247815077, 0.8939496563488561, 0.8939402271764665, 0.8939359883270015, 0.8939491985212022, 0.8939361020032943, 0.8939287332076306, 0.8939263989231078, 0.893926443610733, 0.893926275033584, 0.8939244238720436, 0.8939368214059941, 0.893927092817728, 0.893924540768842, 0.8939213720632867, 0.8939136650369247, 0.8939169483936142, 0.8939177835713927, 0.8939090433415753, 0.8939041486509761, 0.8939004201144902, 0.8939026351620795, 0.8939005488540402, 0.8938949343270284, 0.8938933883617941, 0.8938951693985152, 0.8938968188749167, 0.8938884592341998, 0.8938861165942711, 0.8938964011083131, 0.8938856415542032, 0.8938898680691181, 0.8938849994947448, 0.893885397853549, 0.8938878706895517, 0.8938774800915802, 0.8938742404531645, 0.8938716938308213, 0.8938727216237421, 0.8938692386153265, 0.8938611892103462, 0.8938752184069835, 0.8938625746266144, 0.8938594037391889, 0.8938598243523631, 0.893857628233987, 0.8938550982544887, 0.8938550139831558, 0.8938564302273714, 0.8938533313018019, 0.8938431041920385, 0.893842507904468, 0.8938442875121356, 0.8938398413649479, 0.8938356722245248, 0.893857627128267, 0.8938404521428256, 0.8938336232707573, 0.893835441682131, 0.8938286224684935, 0.8938328690186513, 0.8938203280606032, 0.8938168454073006, 0.8938129261155973, 0.8938140489378323, 0.8938117060047357, 0.8938219077365949, 0.8938137793350625, 0.8938151003971793, 0.8938181535940001, 0.8938054051075321, 0.8938037693200389, 0.8938007433413367, 0.893804315758466, 0.8937988912095273, 0.8938085177211186, 0.8938008989314943, 0.8938011104065128, 0.8937931876885409, 0.8937940573723994, 0.8937923826634934, 0.8937968855891668, 0.8937964518846999, 0.8937927952821793, 0.893791376083127, 0.8937904411110301, 0.8937859251832696, 0.8937854981431357, 0.8937856547632826, 0.8937882099027976, 0.8937862290401561, 0.8937822193300325, 0.8937806766300361, 0.8937803366245708, 0.8937803625835601, 0.8937822967984417, 0.8937786542147371, 0.8937803501025527, 0.8937749084706436, 0.8937733826693273, 0.8937720815161073, 0.893772584053265, 0.8937710168247585, 0.8937708795019882, 0.8937702556696209, 0.8937670371475916, 0.8937655482919521, 0.8937630651269064, 0.8937634000363593, 0.8937659315542675, 0.8937617881688666, 0.8937617388583462, 0.8937579123631462, 0.893754285833382, 0.8937548767556179, 0.8937543522950091, 0.8937529254607639, 0.8937536952081292, 0.8937521681158375, 0.8937491578344152, 0.8937504041311347, 0.8937506497178298, 0.8937477961215273, 0.8937491811183966, 0.8937438848001505, 0.8937423588111952, 0.8937402915287899, 0.893740348255686, 0.8937406669692046, 0.8937397179747051, 0.8937412660020846, 0.893737250781013, 0.8937348233770825, 0.8937361584531723, 0.8937338951177393, 0.8937308834041717, 0.8937314246021157, 0.893732809919686, 0.8937289277830691, 0.8937255746378248, 0.8937250072437467, 0.8937248592617271, 0.8937244048341701, 0.8937250899455684, 0.8937233491030042, 0.8937234060156375, 0.89372503278585, 0.8937200953140512, 0.8937188562419531, 0.8937209089339947, 0.8937191659348315, 0.8937153008248921, 0.8937146285159115, 0.8937152016908115, 0.8937157900323487, 0.8937157641582776, 0.8937116298900051, 0.8937110809377464, 0.8937110134114302, 0.8937084388473617, 0.8937089641591781, 0.8937066795654287, 0.8937028405531988, 0.8937001571810521, 0.8936978129032165, 0.8936983523545099, 0.8936972612523468, 0.8936951676201899, 0.8936926346286658, 0.893691806916046, 0.8936910772624647, 0.8936896730497147, 0.8936887146101035, 0.8936880805517848, 0.8936854641997509, 0.8936850348754265, 0.8936827937935192, 0.893682290858822, 0.8936835651428096, 0.8936782057190245, 0.8936769650523969, 0.8936735031455206, 0.8936746752262323, 0.8936745913002275, 0.8936725291770177, 0.8936711168773384, 0.8936703985956092, 0.8936717649587655, 0.8936679264863167, 0.8936650047084015, 0.8936631163358166, 0.8936647755728797, 0.8936633563880226, 0.89366082140601, 0.8936590280418587, 0.8936601981441571, 0.8936604019823667, 0.8936561255256305, 0.8936541931602956, 0.8936548930478466, 0.8936542208874478, 0.8936534039476492, 0.8936512399629295, 0.8936530512570556, 0.8936516232755064, 0.8936530112323732, 0.8936502928498181, 0.8936474560135429, 0.8936467661028296, 0.8936477247852784, 0.8936467427535522, 0.89364466279224, 0.8936456728470217, 0.8936448197042405, 0.8936454827335903, 0.8936418233742928, 0.8936421392693544, 0.8936411156183431, 0.8936396371540047, 0.8936383324765483, 0.8936356417466043, 0.8936364165088403, 0.8936356464479985, 0.8936349018093911, 0.8936334905393373, 0.8936304244994839, 0.8936298043955938, 0.8936279793419928, 0.893628429800705, 0.8936262882580508, 0.8936264499525802, 0.8936269527044219, 0.8936238249766704, 0.8936220909014628, 0.8936222886554466, 0.8936221492134676, 0.8936222932673105, 0.8936210607659205, 0.8936204064871346, 0.8936217489056311, 0.8936181963100218, 0.8936177327572566, 0.8936182810909749, 0.8936180319935138, 0.8936186810388723, 0.8936188846242787, 0.8936197290538993, 0.8936170621046198, 0.8936172392105225, 0.8936173875852965, 0.8936159554828691, 0.8936135967665847, 0.8936135919236973, 0.8936152354274897, 0.8936109556333757, 0.8936112664821267, 0.8936105004710524, 0.8936121392829719, 0.8936098174457163, 0.893607247229028, 0.8936070189263087, 0.8936064744568003, 0.893605513994194, 0.8936046378052144, 0.8936024307168032, 0.8936051534533992, 0.8936029508976285, 0.8936010750292062, 0.8936007542985912, 0.8935994139933732, 0.8935966254734318, 0.8935941950502638, 0.893593580710043, 0.8935920085442544, 0.8935925011161967, 0.893590953869634, 0.8935936424440559, 0.8935914042369263, 0.8935917568545871, 0.8935920556158287, 0.8935899606782005, 0.8935887417346207, 0.8935880121056997, 0.8935879509719833, 0.8935866845680723, 0.8935875897773617, 0.8935872563768433, 0.8935830098256661, 0.8935819729081773, 0.8935792257341776, 0.893578924808808, 0.8935783089558884, 0.8935776389012511, 0.8935774135418479, 0.8935765072975068, 0.893579667579604, 0.8935785290542395, 0.8935747628692828, 0.8935721206431322, 0.8935710493901216, 0.8935704102606854, 0.8935713434235847, 0.8935694735299942, 0.8935694216160736, 0.8935692039783231, 0.893565961674226, 0.8935632404257955, 0.8935622859591179, 0.8935633047951052, 0.8935624518811125, 0.89356173635312, 0.893559361562331, 0.8935587930515585, 0.8935584749490421, 0.893561350314937, 0.8935579052752651, 0.893556329704153, 0.8935563719748522, 0.8935551695165966, 0.8935543105517457, 0.8935553467619453, 0.8935531759259838, 0.893554041825285, 0.8935525397974489, 0.8935495104717022, 0.8935492653485467, 0.8935501718995492, 0.8935484315779946, 0.8935501611532329, 0.8935456435461125, 0.8935442825918966, 0.893545546992878, 0.8935458605164638, 0.8935450659077229, 0.8935436306171011, 0.8935434502549688, 0.8935431093273137, 0.8935438303765709, 0.8935421574540975, 0.8935402922360961, 0.8935428128157141, 0.8935413511960717, 0.8935419589058717, 0.8935395889777265, 0.8935379904433478, 0.893537899813004, 0.8935368203212387, 0.8935358273450177, 0.8935362426651083, 0.8935367671027814, 0.893534360607167, 0.8935322498663337, 0.8935306437802568, 0.893530074591474, 0.8935296369589186, 0.893531964153414, 0.8935292192001724, 0.8935297185645297, 0.8935306028336099, 0.8935282480851974, 0.8935287043170862, 0.8935271782604476, 0.8935288088888617, 0.8935282696378407, 0.8935254903839115, 0.8935252476541765, 0.8935236086252257, 0.8935212928516063, 0.8935212191950898, 0.8935217977198359, 0.89351977956177, 0.8935180335864403, 0.8935159947225301, 0.8935179333929022, 0.8935152402800851, 0.8935157234288691, 0.8935147873936743, 0.8935142731910208, 0.8935143444491301, 0.8935144397788185, 0.8935139066446063, 0.893514687826698, 0.8935143174248614, 0.8935143720664366, 0.8935147704983898, 0.893514315970466, 0.8935125426316795, 0.8935117595958135, 0.8935110782545295, 0.8935112099451877, 0.8935108422431048, 0.8935101670075715, 0.8935095056552141, 0.8935088248098467, 0.8935088283561233, 0.8935091060380795, 0.8935087331068252, 0.893508677005797, 0.8935074512098529, 0.8935063067200486, 0.8935052822326659, 0.8935042205169631, 0.8935033519807648, 0.8935023103225769, 0.8935013395547852, 0.8935005961323171, 0.8935000211111339, 0.8934991272365572, 0.8934983971664275, 0.8934979803400044, 0.8934975033434817, 0.8934969364283738, 0.89349612629318, 0.8934958334336771, 0.8934947829300669, 0.893494031903517, 0.8934937316258463, 0.8934936810240056, 0.8934933299460343, 0.8934921098484263, 0.8934920689721104, 0.8934921753343471, 0.8934916940581153, 0.8934909727521834, 0.8934898841074733, 0.8934895651833694, 0.893489566411609, 0.893489548735348, 0.8934899132878962, 0.8934895588559651, 0.8934883785677561, 0.8934876696548951, 0.8934868766618049, 0.8934859852570116, 0.8934852897989091, 0.893484492413377, 0.8934836978865464, 0.8934836465146326, 0.8934839665700103, 0.8934827586355337, 0.8934821213956116, 0.893481088906788, 0.8934810087248883, 0.8934812563283281, 0.8934801007523614, 0.893479762902546, 0.8934794724931995, 0.8934791142385872, 0.8934786636459696, 0.8934777301726116, 0.8934779275600828, 0.8934780408304501, 0.893476909621679, 0.8934762691625151, 0.8934755025479372, 0.89347505164162, 0.8934748124079269, 0.8934753065663612, 0.8934748584083042, 0.8934746704251483, 0.8934749972884574, 0.8934736286775182, 0.8934729367829274, 0.8934722711790174, 0.8934717000328606, 0.893471067104008, 0.8934711512859853, 0.8934707945527053, 0.8934699363470315, 0.8934692925588394, 0.8934686230203647, 0.8934677014796268, 0.893466735116094, 0.8934659042116134, 0.893465473368799, 0.8934647046704015, 0.8934639731411981, 0.8934633759800167, 0.8934628939033504, 0.8934621517002443, 0.8934615159105223, 0.8934617095505708, 0.8934620148917376, 0.8934604581521484, 0.8934597023540429, 0.8934593769079833, 0.8934593232844888, 0.8934595340627579, 0.8934590720439806, 0.8934590910677318, 0.8934590507688844, 0.8934593786486084, 0.8934594294953883, 0.8934580534906038, 0.8934573968726286, 0.8934570215058649, 0.8934571760485388, 0.893457003558818, 0.893456325105278, 0.8934566177952292, 0.8934560608170508, 0.893455228758851, 0.8934548026924533, 0.8934543436609583, 0.89345380562219, 0.8934537068770377, 0.8934541735962885, 0.8934535024843147, 0.8934536219372436, 0.8934527940022375, 0.8934529349114794, 0.8934523283186835, 0.8934513043810162, 0.8934509637814145, 0.8934505947548166, 0.8934503660879675, 0.8934497660672854, 0.8934495931981565, 0.8934491791073385, 0.8934491184170428, 0.8934492984868757, 0.8934492247177853, 0.8934490602192434, 0.8934480718812545, 0.8934477593359633, 0.8934474698134616, 0.8934474150920797, 0.893447221569781, 0.8934467591711976, 0.8934465649319612, 0.8934460545341425, 0.8934453830055428, 0.8934445839131472, 0.8934439102963305, 0.8934436311311164, 0.8934436640699808, 0.8934436910250909, 0.8934437525188857, 0.8934437121165376, 0.8934444716809752, 0.8934436810562842, 0.8934425602274092, 0.8934421490401047, 0.893441556808348, 0.8934413984779022, 0.8934406374056165, 0.8934414245978897, 0.8934407497257622, 0.8934401067233605, 0.893440157643838, 0.8934400837111661, 0.8934402054443489, 0.8934391215650918, 0.89343827793665, 0.8934375907440851, 0.8934372791617544, 0.8934374761817808, 0.8934371525447609, 0.8934370393706031, 0.8934370809347701, 0.8934364478530908, 0.8934361909315433, 0.8934362361693629, 0.8934353737039905, 0.8934350731865964, 0.8934349757663552, 0.8934355846166061, 0.8934341938217975, 0.8934338711866254, 0.8934340338035911, 0.8934344283472806, 0.8934337740109259, 0.8934331274620464, 0.8934331105741211, 0.8934328695210765, 0.8934319833397515, 0.8934312439039778, 0.8934305867532912, 0.8934303916271378, 0.8934295815379198, 0.8934293761213853, 0.893429513197043, 0.8934291006131541, 0.8934284661686662, 0.8934285815773554, 0.893428812100474, 0.8934275535947485, 0.8934270140638915, 0.8934267924464153, 0.8934261300410459, 0.8934261690999661, 0.893426035374606, 0.8934258356408157, 0.8934258904193673, 0.893425560004215, 0.8934253315925608, 0.8934256568078898, 0.8934249812572541, 0.8934240954829592, 0.8934241363296113, 0.8934243608404301, 0.8934233083036284, 0.8934227574382242, 0.8934221526155488, 0.8934213609989688, 0.893420663234901, 0.8934198390223981, 0.8934191554227094, 0.8934182707764772, 0.8934175260423327, 0.893416994598093, 0.8934166543863424, 0.8934161795721233, 0.8934152906592536, 0.8934144211609529, 0.893413566661312, 0.893412779030544, 0.8934119520164202, 0.8934111258671651, 0.8934103535220189, 0.8934095400206129, 0.8934087093935463, 0.8934081313659868, 0.8934076980159417, 0.8934071296454171, 0.8934065079131844, 0.893405883121478, 0.8934052907271193, 0.8934047750583203, 0.8934039933408995, 0.8934032782826319, 0.8934026310283911, 0.8934018716610888, 0.8934011192392062, 0.8934005517635283, 0.8934003937034658, 0.8933999557530623, 0.8933992611808084, 0.8933987959853693, 0.8933983521884951, 0.893398041034691, 0.8933977815833183, 0.8933976810821975, 0.893397411196764, 0.8933968595273865, 0.8933966561008041, 0.8933960510597877, 0.893396097138802, 0.8933960799279673, 0.893395513047327, 0.893395286606471, 0.893395973363357, 0.8933952499048866, 0.893395021326183, 0.8933947452178954, 0.8933941870857285, 0.8933939868403679, 0.8933940814359764, 0.8933938894012623, 0.8933942218557285, 0.893394064405028, 0.8933935986517935, 0.8933928293815223, 0.8933926549944797, 0.8933926030709147, 0.8933924252272288, 0.8933923797374091, 0.8933924052276222, 0.8933925552666914, 0.8933916712936849, 0.8933911618784539, 0.8933907120577738, 0.8933907303662603, 0.8933906614064734, 0.893390183044812, 0.8933898422413363, 0.8933897234195242, 0.8933902588916252, 0.8933892819373825, 0.8933891626891982, 0.8933891699922509, 0.8933885072333272, 0.8933879087294416, 0.8933879104354638, 0.8933879536912241, 0.8933878868020296, 0.8933879668224405, 0.8933880162711522, 0.8933878021731968, 0.8933878796319177, 0.8933878759927398, 0.893387131899113, 0.89338661342432, 0.8933864836106732, 0.8933864824625873, 0.8933867699427308, 0.8933862424047907, 0.8933859581226945, 0.8933864550954633, 0.8933857288289114, 0.8933853476974226, 0.8933853821154266, 0.8933849315882404, 0.8933843934654806, 0.8933843790046102, 0.8933840779665825, 0.8933844183028397, 0.8933842616504739, 0.8933835080505411, 0.8933830945730086, 0.893382553766722, 0.8933823791735932, 0.8933822964689762, 0.8933821168372822, 0.8933822690003719, 0.8933818983287282, 0.8933814581409514, 0.8933811253582286, 0.8933814402830034, 0.8933811155674406, 0.8933811750693663, 0.8933810755436621, 0.8933810521645856, 0.8933810757789578, 0.8933811453056894, 0.8933806119066706, 0.8933800634023263, 0.8933798249303666, 0.893380250122324, 0.8933800167672713, 0.8933791523100717, 0.893378929170128, 0.8933787781185482, 0.8933786983581389, 0.8933783075081668, 0.8933784810903105, 0.8933783581049363, 0.8933781663503062, 0.893377487947255, 0.8933777004058768, 0.8933773414473706, 0.8933767684113966, 0.8933764389676332, 0.8933764989249201, 0.8933765925009147, 0.8933764721653443, 0.8933766506137537, 0.8933764209861115, 0.8933765607746141, 0.8933758454581873, 0.8933758359667492, 0.893375585032501, 0.8933751891176602, 0.8933749035861016, 0.8933744764311955, 0.8933740353270555, 0.8933738104528974, 0.8933735874008807, 0.8933741624465826, 0.893373707184391, 0.8933732962623138, 0.8933725573907416, 0.8933726119080254, 0.8933726283010278, 0.8933727294862985, 0.8933725859691379, 0.8933720930117536, 0.8933720796910235, 0.893371901274888, 0.8933717306028087, 0.8933713655652578, 0.893371546023376, 0.8933710017453036, 0.8933709793205755, 0.8933711340443953, 0.8933703512105474, 0.8933699040690737, 0.8933699029510335, 0.893370116222828, 0.8933693923584073, 0.8933689121760983, 0.8933693533224305, 0.8933687613063788, 0.8933685994944082, 0.8933684491663323, 0.8933683374816782, 0.8933680802197586, 0.8933682610042496, 0.8933679993055401, 0.8933673791488501, 0.8933674162532388, 0.8933675533354163, 0.8933670080243619, 0.8933668762752998, 0.8933668665362391, 0.8933673940260368, 0.8933666917454443, 0.8933667063089265, 0.8933665500403076, 0.8933661128958292, 0.8933657852807083, 0.8933655913919142, 0.8933663875187455, 0.8933658294726294, 0.8933649230868452, 0.8933647155192939, 0.8933648018697536, 0.8933645262123017, 0.8933646021941993, 0.8933644080235411, 0.8933643585154526, 0.8933647314510309, 0.8933642254190989, 0.893363727514674, 0.893363381866005, 0.8933634466577407, 0.8933634012079776, 0.8933636066111164, 0.8933634238659075, 0.8933634424083379, 0.8933632560536038, 0.8933627228138247, 0.8933626284291821, 0.8933626427990161, 0.8933625316787546, 0.8933629033807396, 0.8933628741585435, 0.8933618402193841, 0.8933616705984014, 0.8933616800190919, 0.8933614862754042, 0.8933615095113716, 0.8933612210281937, 0.8933607160986736, 0.8933603258271681, 0.893359689385269, 0.893359251845572, 0.893358667106739, 0.8933581027781119, 0.8933575434100661, 0.8933569908286738, 0.8933568439377648, 0.8933569753646127, 0.8933569394754831, 0.8933563017568682, 0.8933559550706092, 0.8933558446763172, 0.8933559489844558, 0.8933557195837857, 0.8933556110943944, 0.8933550352028788, 0.8933546895269675, 0.8933542248762899, 0.893354293273192, 0.8933542406331618, 0.8933537137757807, 0.8933533246117576, 0.8933532121804809, 0.8933533961732197, 0.8933531946404119, 0.8933534947266916, 0.8933527271662188, 0.8933529614644513, 0.8933527985945864, 0.8933522878630893, 0.8933521702196118, 0.8933519570524461, 0.8933518979301177, 0.8933517398303106, 0.8933513324491461, 0.8933509257349062, 0.893350862534127, 0.8933511472708253, 0.8933507580629514, 0.8933508300778525, 0.8933503026820486, 0.8933502460306837, 0.89335000868181, 0.8933495073485509, 0.8933491576514605, 0.8933489809513676, 0.893349106257571, 0.8933487789155936, 0.8933484634151541, 0.8933480318750704, 0.8933479965854697, 0.8933480894838214, 0.8933483622318766, 0.8933480490365645, 0.8933476878895915, 0.8933476724725467, 0.8933479799200553, 0.8933475887642622, 0.8933474735069957, 0.8933473393901541, 0.8933474473904127, 0.8933473052542923, 0.8933466351636457, 0.8933466582291322, 0.8933466242842517, 0.8933466208704158, 0.8933465331190367, 0.8933460732305841, 0.8933461537551264, 0.8933460616225768, 0.893346242517092, 0.8933463286421766, 0.8933458558018167, 0.8933460720004389, 0.8933454341166831, 0.8933450914719258, 0.8933452068645108, 0.8933449380689711, 0.8933448521281101, 0.893345095838236, 0.8933446562695216, 0.8933442638214858, 0.8933438413899978, 0.8933437214815564, 0.8933437457250557, 0.8933438855014079, 0.8933439054998423, 0.893343477849839, 0.8933433949200942, 0.8933431944538827, 0.8933429779814298, 0.8933432348397387, 0.8933431164104068, 0.8933427110945138, 0.893342155559349, 0.8933422440652967, 0.893342104569362, 0.8933418755236652, 0.8933420437985784, 0.8933421609428424, 0.8933415579016356, 0.8933414972237037, 0.8933417725065828, 0.8933414062898142, 0.8933414640058062, 0.8933412032149471, 0.8933407946953491, 0.8933405187386331, 0.8933405009279446, 0.8933410030898652, 0.8933403359751904, 0.8933399090513988, 0.8933396039132164, 0.8933395604390515, 0.8933394164237858, 0.8933395091802572, 0.8933395932601783, 0.8933393186660777, 0.8933388165331434, 0.8933386796407148, 0.8933384335359886, 0.8933383489455297, 0.8933382404838822, 0.8933383764488144, 0.8933381335595819, 0.8933378253536176, 0.8933377079590512, 0.8933377556019947, 0.8933378049363666, 0.893337632230324, 0.8933378009392032, 0.8933377003899665] 

Smallest VQE eingenvalue optimizer final message:
{   'aux_operators_evaluated': None,
    'cost_function_evals': 3763,
    'eigenvalue': 0.8933377003899665,
    'optimal_circuit': <qiskit.circuit.library.n_local.real_amplitudes.RealAmplitudes object at 0x000001351DEE8E00>,
    'optimal_parameters': {   ParameterVectorElement([0]): 1.339408774393223,
                              ParameterVectorElement([1]): -1.5445119736551502,
                              ParameterVectorElement([2]): 1.5651331219676605,
                              ParameterVectorElement([3]): 1.570879138436787,
                              ParameterVectorElement([4]): 1.5708294127277627,
                              ParameterVectorElement([5]): 0.966399281631297,
                              ParameterVectorElement([6]): 1.1600838819080943,
                              ParameterVectorElement([7]): -1.4735714462403393,
                              ParameterVectorElement([8]): -1.565909277625143,
                              ParameterVectorElement([9]): 1.5543242425389605},
    'optimal_point': array([ 1.33940877, -1.54451197,  1.56513312,  1.57087914,  1.57082941,
        0.96639928,  1.16008388, -1.47357145, -1.56590928,  1.55432424]),
    'optimal_value': 0.8933377003899665,
    'optimizer_evals': None,
    'optimizer_result': <qiskit_algorithms.optimizers.optimizer.OptimizerResult object at 0x000001351731B860>,
    'optimizer_time': 9.345924615859985}
                             
q_0:  Ry([0])  Ry([5]) 
                        
q_1:  Ry([1])  X  Ry([6]) 
                   
q_2:  Ry([2])  X  Ry([7]) 
                   
q_3:  Ry([3])  X  Ry([8]) 
                   
q_4:  Ry([4])  X  Ry([9]) 
                        
The number of ansatz parameters is: 
 10
Line for latex table
RA r1 rl & $1\mathrm{e}{-04}$ & 100/100 &2093 & $8.9334\mathrm{e}{-01}$ & $1.7383\mathrm{e}{-03}$ & $8.9375\mathrm{e}{-01}$ & $2.1491\mathrm{e}{-03}$ & - & 00h 08m 41s\\

