0.9147898500485236
0.9147898500472237
0.9147898441771988
0.9147898320646606
0.8936991591668183
0.8936991591792655
0.8936991591683845
0.8936991591696997
0.8936991591821919
0.8936991591689724
0.893699159165983
0.8936991284130177
0.9147898500467836
0.9147898500460944
0.8936991591762147
0.8936991592365142
0.8936991591681516
0.8936991591668538
0.8936991591665663
0.9147898500512419
0.8936991591673031
0.8936991592507273
0.9147898340836489
0.8936994449666934
0.914789850046858
0.8936991591871578
0.8936990335686761
0.9147898500480391
0.9147898501126073
0.8936991591688616
0.8936990528830804
0.893699159166917
0.914789832699565
0.8936991591671296
0.9147898783068324
0.9147898500484378
0.8936991591664183
0.9147898461100916
0.914789850046337
0.914789850046077
0.8936991591790929
0.9147898990224899
0.8936991591911116
0.9147898500466228
0.8936991591677964
0.9147898549729864
0.9147898500470956
0.8936991591670298
0.89369920077985
0.8936991591678617
0.8936991429977926
0.8936991591406562
0.8936991591786632
0.914789850047141
0.8936992100159311
0.8936991781308341
0.9147898500483065
0.89369915916745
