0.892549052716626
0.8937674650624349
0.9169186448024162
0.8934698991403156
0.89348974833189
0.8934369912981953
0.916095123067835
0.917138607640977
0.8925984253348429
0.8932587777874086
0.8937314234674697
0.8925061380585466
0.8936158306803177
0.9194377384493495
0.8939115347053207
0.9058596701594381
0.9057057300037571
0.8933652027845425
0.9056648384085595
0.9056948605749761
0.893481804628615
0.893462924167369
0.8935104095695784
0.8937651665908294
0.893422684424924
0.8942178377158377
0.9170205316760408
0.8929754036906481
0.9056617666203476
0.9191943206953906
0.8934557208542374
0.8936629370890056
0.8934846340132253
0.8935320876868933
0.9169293962179929
0.9169752197932595
0.8935428594992498
0.8934900143217596
0.9169682026606293
0.8936000742902829
0.8937214488335208
0.9169429560842165
0.9169256106631605
0.8934210609494176
0.9056031214263124
0.9115945832953403
0.9169346125292549
0.8936565954225267
0.8929010063002445
0.9056655015146146
0.8935348762168277
0.89360348908995
0.893218157370779
0.9169627853739049
0.8939216002783974
0.8934531251388261
0.9184805037227477
0.9176975468227753
0.8924506837119711
0.9169330689617569
0.9129320270598144
0.9169476385539616
0.8936254145687056
0.9055735848506775
0.9058705315757279
0.9169225450134629
0.9157126638936539
0.8936183198269332
0.892813266261763
0.9057144546443077
0.9169493245608114
0.9170123017435636
0.9167226912599965
0.8934670862673909
0.9188386278332152
0.9163297676331431
0.9172071551152006
0.8936094547537178
0.8934330855065716
0.8935318556858654
0.9152326702934788
0.8934915678318233
0.8936053171682307
0.8925342510127954
0.8927554966454848
0.9169630332912848
0.9165936252031783
0.8922925554277349
0.893492611169365
0.8934727973482257
0.919018946707697
0.8935359082706755
0.8931644710834356
0.8922014772634131
0.8935807444366545
0.9160047033953108
0.9057721412307334
0.9058542596962599
0.9169435216027808
0.8934490054233543
