No Shot Noise
31/10/2024 18:50:28 

VQEr_100_COBYLA_maxIter_10000_tol_1e-03_RA_r1_rl 

Reference value: 8.8458044387e-01 

Qubits:  4
VQE runs:  100
Optimizer:  COBYLA
Max iterations:  10000
Optimizers's tolerance:  1e-03
Ansatz:  RA_r1_rl 

All run converged!!!
Number of iterations for each converged VQE run:
[818, 424, 334, 263, 268, 379, 781, 326, 345, 647, 434, 564, 1482, 498, 673, 1049, 726, 551, 375, 1303, 247, 318, 493, 490, 563, 431, 528, 417, 1342, 523, 267, 293, 423, 295, 300, 381, 364, 489, 211, 377, 900, 712, 216, 974, 612, 466, 317, 274, 738, 646, 245, 808, 848, 409, 300, 371, 603, 1272, 720, 244, 741, 373, 345, 447, 1367, 175, 447, 213, 385, 396, 358, 303, 376, 418, 214, 709, 647, 270, 299, 242, 280, 503, 494, 306, 332, 356, 1015, 288, 453, 408, 1019, 463, 371, 341, 774, 228, 1595, 1400, 195, 366] 

Average iterations of converged run:
526 

VQE eigenvalues:
[0.892549052716626, 0.8937674650624349, 0.9169186448024162, 0.8934698991403156, 0.89348974833189, 0.8934369912981953, 0.916095123067835, 0.917138607640977, 0.8925984253348429, 0.8932587777874086, 0.8937314234674697, 0.8925061380585466, 0.8936158306803177, 0.9194377384493495, 0.8939115347053207, 0.9058596701594381, 0.9057057300037571, 0.8933652027845425, 0.9056648384085595, 0.9056948605749761, 0.893481804628615, 0.893462924167369, 0.8935104095695784, 0.8937651665908294, 0.893422684424924, 0.8942178377158377, 0.9170205316760408, 0.8929754036906481, 0.9056617666203476, 0.9191943206953906, 0.8934557208542374, 0.8936629370890056, 0.8934846340132253, 0.8935320876868933, 0.9169293962179929, 0.9169752197932595, 0.8935428594992498, 0.8934900143217596, 0.9169682026606293, 0.8936000742902829, 0.8937214488335208, 0.9169429560842165, 0.9169256106631605, 0.8934210609494176, 0.9056031214263124, 0.9115945832953403, 0.9169346125292549, 0.8936565954225267, 0.8929010063002445, 0.9056655015146146, 0.8935348762168277, 0.89360348908995, 0.893218157370779, 0.9169627853739049, 0.8939216002783974, 0.8934531251388261, 0.9184805037227477, 0.9176975468227753, 0.8924506837119711, 0.9169330689617569, 0.9129320270598144, 0.9169476385539616, 0.8936254145687056, 0.9055735848506775, 0.9058705315757279, 0.9169225450134629, 0.9157126638936539, 0.8936183198269332, 0.892813266261763, 0.9057144546443077, 0.9169493245608114, 0.9170123017435636, 0.9167226912599965, 0.8934670862673909, 0.9188386278332152, 0.9163297676331431, 0.9172071551152006, 0.8936094547537178, 0.8934330855065716, 0.8935318556858654, 0.9152326702934788, 0.8934915678318233, 0.8936053171682307, 0.8925342510127954, 0.8927554966454848, 0.9169630332912848, 0.9165936252031783, 0.8922925554277349, 0.893492611169365, 0.8934727973482257, 0.919018946707697, 0.8935359082706755, 0.8931644710834356, 0.8922014772634131, 0.8935807444366545, 0.9160047033953108, 0.9057721412307334, 0.9058542596962599, 0.9169435216027808, 0.8934490054233543] 

Median VQE eigenvalues:
0.8937482950291495 

Min eigenvalue after 100 VQE steps on Aer qasm simulator: 8.92201e-01
Delta from reference energy value is 7.62103e-03 

Optimizer history of the smallest VQE eigenvalue:
[5.018045654432372, 4.090542714528601, 5.182046269215182, 11.456169705091142, 6.670344738802113, 4.254864114822137, 4.15567740564274, 6.855496908939086, 4.312264462181815, 5.855945153331018, 4.038927484551239, 4.849995928732162, 4.41074830800288, 3.6942751553616673, 3.8918457710528043, 3.657152769063688, 3.420919335187201, 3.285803902356959, 3.509820388147417, 3.8534603118150805, 2.7980811741424896, 2.968334015822303, 2.6338762609009567, 2.487463643024062, 2.4954789845396284, 2.4656212783013185, 2.8582851286698383, 2.3148163368918597, 1.9599694589249028, 2.027416594268259, 2.299756490069417, 1.7798293767808364, 2.1375449293737185, 2.054601807928428, 1.9194579209792975, 1.7788111349509919, 2.2439147457879187, 1.7343670745863389, 1.9749224534550693, 1.7054452291503246, 1.835178429803273, 1.4877461483854884, 1.5089034397770973, 1.4966596868604551, 1.3847437693097346, 1.4174961976654585, 1.4422659146363617, 1.3976460418981382, 1.340546705736144, 1.2811967523677628, 1.2463385858260099, 1.2047376498034394, 1.2125409132128464, 1.1952089231337186, 1.2384094223141033, 1.1826497956598419, 1.2720552306414095, 1.1511929782165082, 1.2011492192057638, 1.1840085370211846, 1.1154001996101601, 1.1151343842784558, 1.0595635107089159, 1.136524902195579, 1.0954725737399, 1.0228995429982977, 1.0465643475202822, 1.049161992115025, 0.9908104799460093, 1.0254619310206758, 0.9715210922331329, 0.9504317030355891, 1.0421148993394516, 0.9781389042135068, 1.0037550872199807, 0.9394488723224158, 0.9336215949659828, 0.9738581020772148, 0.9388471664164382, 0.9614430434591784, 0.9367523829071047, 0.9470478823255202, 0.9307939971453218, 0.9362059243188569, 0.9191715878209968, 0.9215928199550879, 0.926785605038945, 0.9142825426439886, 0.9204957801562084, 0.9186569867146893, 0.914902222338924, 0.9164676785441789, 0.9154440229060664, 0.9080314239333759, 0.9082300895706336, 0.9082587644500837, 0.9051551199021853, 0.9025737738227296, 0.9033730422699472, 0.9026577626511062, 0.9035040809048797, 0.9059471005442503, 0.9046171209624626, 0.9039230318730702, 0.9035974143926756, 0.9027417100613861, 0.9035991958263478, 0.9008251427653302, 0.900427985653456, 0.8992353429354791, 0.9001968126940435, 0.8995683358669987, 0.8983373927446715, 0.8978338130779308, 0.8982852634286723, 0.8966069859928808, 0.8972829828211747, 0.8971072489539086, 0.8968702314473426, 0.8964125374707637, 0.8961499031328897, 0.8964406784932698, 0.8963930299978028, 0.8960758215463615, 0.8959014577530149, 0.8959593383593819, 0.8962085492341649, 0.8953422019273982, 0.8953634867179162, 0.895260730790175, 0.8950298128565967, 0.895097032368832, 0.8952419984569735, 0.89515142178065, 0.8948773171828026, 0.8947301016656717, 0.8946512725260111, 0.8945383360978378, 0.8946580449175153, 0.894471273175366, 0.8943641040410395, 0.8942070203060699, 0.894170325006437, 0.894176940416618, 0.8940848628713798, 0.8942013404479898, 0.8940747190663482, 0.8940062252545533, 0.8938371638932117, 0.893851128819392, 0.8938264442622659, 0.8937438305592493, 0.8936736463513248, 0.8936366327819323, 0.8935678296004436, 0.893631028577492, 0.8936229312947535, 0.8934822466396058, 0.8934674897425604, 0.8935458499685985, 0.8933828867905059, 0.8933260071911752, 0.8933522321466322, 0.8933587080384962, 0.8933468190229622, 0.8932553845665785, 0.8933410797776943, 0.8932359837959317, 0.8932067662376353, 0.8932741153897946, 0.8932791115204903, 0.8930979989783404, 0.8930642344629041, 0.8930812194011403, 0.8930423648631476, 0.8931643265845065, 0.8930818181904274, 0.8930978696807194, 0.8929949238623378, 0.892919802890699, 0.8929674851238942, 0.8929381344653516, 0.8929225390580342, 0.8929119842680971, 0.8928939353217461, 0.8928657621040277, 0.892851816539249, 0.8928477338170805, 0.8928748445231453, 0.8928103609053941, 0.8927989829466375, 0.8927923148563399, 0.8928270663986638, 0.8927997479850092, 0.8927603438270044, 0.8927315555866746, 0.8927319091104184, 0.8927365411951563, 0.8927461055069819, 0.8927309815543198, 0.8927009819307401, 0.8926935215619454, 0.8927008073448431, 0.8926799262860032, 0.8926803957088977, 0.8926980031532661, 0.8926469058943021, 0.8926353022295498, 0.8926390006664566, 0.8926249021508097, 0.8926083507649379, 0.892626020917309, 0.892617859235309, 0.8926002570093273, 0.8926110368823502, 0.8925943552002709, 0.8925828355072306, 0.8925538969589369, 0.8925940400698364, 0.8925561487131584, 0.8925328581711598, 0.8925244826524591, 0.8925194889772466, 0.8925272735076428, 0.892513927625471, 0.8925287632329697, 0.892509872881019, 0.8924902433129432, 0.8924974438953548, 0.8924803258669978, 0.8924786116570468, 0.8924724487047213, 0.8924700377250779, 0.8924559120774681, 0.8924486420803616, 0.8924493395104922, 0.8924537852942888, 0.8924372753034872, 0.8924313641507464, 0.8924298334924837, 0.892433400319889, 0.8924325879979138, 0.8924307424919421, 0.8924203756132336, 0.892414997592628, 0.892423565550663, 0.8924113720350054, 0.892401573737588, 0.8923966538977699, 0.8923978880081664, 0.8923944608360426, 0.8923961839423291, 0.8924001313670171, 0.892389209441336, 0.8923794532668073, 0.8923779323962523, 0.8923765198451559, 0.8923726420004175, 0.8923603007866189, 0.8923562325898715, 0.8923591621489204, 0.8923567553249098, 0.8923484224290484, 0.8923469507708705, 0.8923443978978046, 0.8923364260872606, 0.8923394358012006, 0.892337707448318, 0.8923309310124761, 0.8923316284736844, 0.8923304696720742, 0.8923236004996982, 0.8923284004983549, 0.8923215777151183, 0.8923173857939263, 0.892313891760489, 0.8923085604307768, 0.8923083107409413, 0.8923107135462226, 0.8923125223947678, 0.8923120408534326, 0.8922984034694459, 0.8922961214393925, 0.8922976728613492, 0.8922978398424496, 0.8923006291350106, 0.8922894508754661, 0.8922852405431486, 0.8922819055012847, 0.8922813708674212, 0.8922788194614127, 0.8922769784828621, 0.8922815987328511, 0.8922769813944954, 0.8922665950185618, 0.8922626428068987, 0.8922625407675236, 0.8922630804016048, 0.8922627161130321, 0.8922612245543559, 0.8922650440821666, 0.8922598760562797, 0.8922526092276066, 0.8922509278440189, 0.892258784740315, 0.8922550042593693, 0.8922454251653287, 0.8922442698777088, 0.8922430902296948, 0.8922411251469875, 0.892240072323287, 0.8922393285192672, 0.8922358927949596, 0.8922342314952245, 0.8922286409236602, 0.8922285778121466, 0.8922262153715874, 0.8922227993175889, 0.8922266239000892, 0.8922227352820733, 0.8922225511843261, 0.8922222761947514, 0.8922190228203675, 0.8922274375476018, 0.8922180503898104, 0.8922166211623495, 0.8922146723575557, 0.8922138815877287, 0.892213812455498, 0.8922098090856483, 0.8922111459316532, 0.8922102962497762, 0.892209012951682, 0.8922123548749809, 0.8922064589239346, 0.8922043245520568, 0.8922066007182206, 0.892202566139043, 0.8922087346083614, 0.8922027847908088, 0.8922014772634131] 

Smallest VQE eingenvalue optimizer final message:
{   'aux_operators_evaluated': None,
    'cost_function_evals': 341,
    'eigenvalue': 0.8922014772634131,
    'optimal_circuit': <qiskit.circuit.library.n_local.real_amplitudes.RealAmplitudes object at 0x000002800F71BE90>,
    'optimal_parameters': {   ParameterVectorElement(θ[0]): -1.2674067098371269,
                              ParameterVectorElement(θ[1]): 1.6016315204078981,
                              ParameterVectorElement(θ[2]): -1.553371983917809,
                              ParameterVectorElement(θ[3]): 1.5708385404983753,
                              ParameterVectorElement(θ[4]): -1.641366012663252,
                              ParameterVectorElement(θ[5]): 1.1738779179166439,
                              ParameterVectorElement(θ[6]): 1.6653458585790804,
                              ParameterVectorElement(θ[7]): 1.5820889270589462},
    'optimal_point': array([-1.26740671,  1.60163152, -1.55337198,  1.57083854, -1.64136601,
        1.17387792,  1.66534586,  1.58208893]),
    'optimal_value': 0.8922014772634131,
    'optimizer_evals': None,
    'optimizer_result': <qiskit_algorithms.optimizers.optimizer.OptimizerResult object at 0x000002800F4F3F20>,
    'optimizer_time': 1.132913589477539}
     ┌──────────┐ ░                 ░ ┌──────────┐
q_0: ┤ Ry(θ[0]) ├─░─────────────■───░─┤ Ry(θ[4]) ├
     ├──────────┤ ░           ┌─┴─┐ ░ ├──────────┤
q_1: ┤ Ry(θ[1]) ├─░────────■──┤ X ├─░─┤ Ry(θ[5]) ├
     ├──────────┤ ░      ┌─┴─┐└───┘ ░ ├──────────┤
q_2: ┤ Ry(θ[2]) ├─░───■──┤ X ├──────░─┤ Ry(θ[6]) ├
     ├──────────┤ ░ ┌─┴─┐└───┘      ░ ├──────────┤
q_3: ┤ Ry(θ[3]) ├─░─┤ X ├───────────░─┤ Ry(θ[7]) ├
     └──────────┘ ░ └───┘           ░ └──────────┘
The number of ansatz parameters is: 
 8
Line for latex table
RA r1 rl & $1\mathrm{e}{-03}$ & 100/100 &526 & $8.922\mathrm{e}{-01}$ & $7.621\mathrm{e}{-03}$ & $8.9375\mathrm{e}{-01}$ & $9.1679\mathrm{e}{-03}$ & - & 00h 02m 54s\\

