0.36139999999999795 0.008549596949564366
0.0251000000000019 0.004143279980884645
0.17110000000000447 0.008215378201884586
1.3474999999999984 0.019095045195023776
0.22119999999999962 0.01589287488153103
0.07040000000000113 0.008940869308965428
1.5364000000000022 0.0201789907577163
0.44719999999999693 0.019665534317683826
0.16809999999999903 0.011248471585064342
0.029100000000001458 0.005234440466754825
0.12290000000000134 0.009286641858066878
0.7649000000000026 0.016020422559970125
0.29969999999999963 0.01726560213256404
0.09860000000000113 0.009583506456407308
1.3716000000000008 0.020013289184939092
0.20909999999999584 0.012615507877212086
0.38739999999999775 0.007987076561546118
0.09140000000000015 0.007169424523628064
0.49599999999999866 0.020024980998742534
0.15029999999999966 0.010302725707306762
1.6690000000000005 0.02350307613909294
0.12159999999999549 0.009664336500764061
0.04929999999999879 0.004886546121750954
0.42549999999999955 0.016040788415785545
0.08859999999999779 0.009106944163658839
0.6635999999999989 0.012482951894483927
0.5878000000000032 0.018792300338170434
0.1271000000000022 0.007656861563329958
0.42159999999999975 0.014150777787810816
0.41549999999999976 0.013650116812687017
0.060200000000003584 0.007042420038594692
0.4137999999999984 0.01916384731727948
0.08579999999999899 0.006221041391921449
0.8984999999999967 0.01921050616199374
0.1313999999999993 0.009693243007373736
0.23540000000000028 0.011406669277225516
2.5157000000000025 0.02395861408763035
0.1049999999999951 0.0062457063651759825
0.08009999999999984 0.007655604809549661
0.15850000000000009 0.010047228722389041
1.4640999999999984 0.021775613998232066
0.06800000000000139 0.0073020824427008696
0.11940000000000062 0.011452799308466002
0.8445999999999998 0.02117585936863013
1.6039999999999992 0.02404858598753782
1.2440999999999995 0.022703283617133457
0.6068999999999978 0.014755162181419739
0.312400000000002 0.017950701601887324
0.952099999999998 0.01571072464910515
0.8242000000000029 0.02237060553494248
0.49840000000000195 0.008070218584400268
0.17769999999999975 0.014409530214410177
3.5368999999999975 0.030914488625885434
0.03850000000000087 0.004303671804401358
2.4292 0.022772348495489016
3.5440000000000005 0.03796506567885797
1.1069999999999993 0.01165237074590403
0.14899999999999913 0.010132300429813577
0.498999999999997 0.018075751049403163
0.4469000000000012 0.019056678645556248
0.1283999999999974 0.010799169227306324
0.0948999999999991 0.010959653233565384
1.0406999999999993 0.006470484912276677
0.5274999999999999 0.016642702094311488
1.3643000000000018 0.024748513632135583
0.1221000000000032 0.010525340612065712
0.3200999999999965 0.014331105505159043
0.27830000000000155 0.01656114588426777
0.20789999999999864 0.014982714607173148
0.0802999999999976 0.007496669860678166
0.3371999999999993 0.01660435846396965
1.0951999999999984 0.017888925289127895
0.12280000000000335 0.012016167775126988
0.061500000000000554 0.007172516922252578
3.2370999999999963 0.027082635673065503
0.2179000000000002 0.011932349181950703
0.7119 0.021224937620638606
0.3567 0.016875805551143323
0.4975000000000005 0.010512466266295449
0.493800000000002 0.014486266737845211
0.5153000000000016 0.016973555638109525
0.3312000000000008 0.014141575018363408
0.17900000000000027 0.006384467401436077
0.6796999999999986 0.020396195650169664
1.0361999999999991 0.006883979662956547
2.2570000000000032 0.01907349281070461
0.019999999999999574 0.003412656443300466
0.27890000000000015 0.009641504602498508
0.27309999999999945 0.01422047752362769
0.37159999999999727 0.017857371587106537
0.8718000000000021 0.02100312871931227
0.24859999999999793 0.011476054199941712
0.49319999999999986 0.017857748010317552
1.1926000000000005 0.014275536697441547
0.20940000000000047 0.010338746926006063
0.3358999999999952 0.01730267918560591
0.14329999999999998 0.013088378012572854
0.3584999999999994 0.016784132774736983
1.0297 0.019736741904377242
0.2811000000000021 0.016649013574383312
