With Shot Noise
02/11/2024 02:24:44 

VQEr_100_shots_10000_COBYLA_maxIter_10000_tol_1e-05_RA_r1_rl 

Reference value: 0.0000000000e+00 

Number of pauli strings:  32
Qubits:  6
VQE runs:  100
Optimizer:  COBYLA
Max iterations:  10000
Optimizers's tolerance:  1e-05
Ansatz:  RA_r1_rl 

All run converged!!!
Number of iterations for each converged VQE run:
[209, 221, 175, 214, 242, 222, 157, 215, 218, 185, 163, 173, 240, 262, 198, 195, 188, 179, 165, 154, 169, 238, 183, 240, 249, 238, 194, 259, 224, 211, 234, 200, 169, 225, 205, 186, 172, 218, 193, 207, 257, 285, 206, 216, 194, 179, 240, 250, 196, 161, 209, 220, 136, 202, 203, 146, 219, 182, 271, 234, 179, 215, 187, 211, 198, 285, 201, 226, 240, 191, 254, 170, 296, 235, 152, 192, 238, 176, 198, 186, 185, 219, 194, 205, 189, 200, 216, 207, 199, 276, 221, 217, 172, 180, 183, 243, 175, 187, 171, 204] 

Average iterations of converged run:
207 

VQE eigenvalues:
[0.36139999999999795, 0.0251000000000019, 0.17110000000000447, 1.3474999999999984, 0.22119999999999962, 0.07040000000000113, 1.5364000000000022, 0.44719999999999693, 0.16809999999999903, 0.029100000000001458, 0.12290000000000134, 0.7649000000000026, 0.29969999999999963, 0.09860000000000113, 1.3716000000000008, 0.20909999999999584, 0.38739999999999775, 0.09140000000000015, 0.49599999999999866, 0.15029999999999966, 1.6690000000000005, 0.12159999999999549, 0.04929999999999879, 0.42549999999999955, 0.08859999999999779, 0.6635999999999989, 0.5878000000000032, 0.1271000000000022, 0.42159999999999975, 0.41549999999999976, 0.060200000000003584, 0.4137999999999984, 0.08579999999999899, 0.8984999999999967, 0.1313999999999993, 0.23540000000000028, 2.5157000000000025, 0.1049999999999951, 0.08009999999999984, 0.15850000000000009, 1.4640999999999984, 0.06800000000000139, 0.11940000000000062, 0.8445999999999998, 1.6039999999999992, 1.2440999999999995, 0.6068999999999978, 0.312400000000002, 0.952099999999998, 0.8242000000000029, 0.49840000000000195, 0.17769999999999975, 3.5368999999999975, 0.03850000000000087, 2.4292, 3.5440000000000005, 1.1069999999999993, 0.14899999999999913, 0.498999999999997, 0.4469000000000012, 0.1283999999999974, 0.0948999999999991, 1.0406999999999993, 0.5274999999999999, 1.3643000000000018, 0.1221000000000032, 0.3200999999999965, 0.27830000000000155, 0.20789999999999864, 0.0802999999999976, 0.3371999999999993, 1.0951999999999984, 0.12280000000000335, 0.061500000000000554, 3.2370999999999963, 0.2179000000000002, 0.7119, 0.3567, 0.4975000000000005, 0.493800000000002, 0.5153000000000016, 0.3312000000000008, 0.17900000000000027, 0.6796999999999986, 1.0361999999999991, 2.2570000000000032, 0.019999999999999574, 0.27890000000000015, 0.27309999999999945, 0.37159999999999727, 0.8718000000000021, 0.24859999999999793, 0.49319999999999986, 1.1926000000000005, 0.20940000000000047, 0.3358999999999952, 0.14329999999999998, 0.3584999999999994, 1.0297, 0.2811000000000021] 

VQE eigenvalues standard deviation:
[0.008549596949564366, 0.004143279980884645, 0.008215378201884586, 0.019095045195023776, 0.01589287488153103, 0.008940869308965428, 0.0201789907577163, 0.019665534317683826, 0.011248471585064342, 0.005234440466754825, 0.009286641858066878, 0.016020422559970125, 0.01726560213256404, 0.009583506456407308, 0.020013289184939092, 0.012615507877212086, 0.007987076561546118, 0.007169424523628064, 0.020024980998742534, 0.010302725707306762, 0.02350307613909294, 0.009664336500764061, 0.004886546121750954, 0.016040788415785545, 0.009106944163658839, 0.012482951894483927, 0.018792300338170434, 0.007656861563329958, 0.014150777787810816, 0.013650116812687017, 0.007042420038594692, 0.01916384731727948, 0.006221041391921449, 0.01921050616199374, 0.009693243007373736, 0.011406669277225516, 0.02395861408763035, 0.0062457063651759825, 0.007655604809549661, 0.010047228722389041, 0.021775613998232066, 0.0073020824427008696, 0.011452799308466002, 0.02117585936863013, 0.02404858598753782, 0.022703283617133457, 0.014755162181419739, 0.017950701601887324, 0.01571072464910515, 0.02237060553494248, 0.008070218584400268, 0.014409530214410177, 0.030914488625885434, 0.004303671804401358, 0.022772348495489016, 0.03796506567885797, 0.01165237074590403, 0.010132300429813577, 0.018075751049403163, 0.019056678645556248, 0.010799169227306324, 0.010959653233565384, 0.006470484912276677, 0.016642702094311488, 0.024748513632135583, 0.010525340612065712, 0.014331105505159043, 0.01656114588426777, 0.014982714607173148, 0.007496669860678166, 0.01660435846396965, 0.017888925289127895, 0.012016167775126988, 0.007172516922252578, 0.027082635673065503, 0.011932349181950703, 0.021224937620638606, 0.016875805551143323, 0.010512466266295449, 0.014486266737845211, 0.016973555638109525, 0.014141575018363408, 0.006384467401436077, 0.020396195650169664, 0.006883979662956547, 0.01907349281070461, 0.003412656443300466, 0.009641504602498508, 0.01422047752362769, 0.017857371587106537, 0.02100312871931227, 0.011476054199941712, 0.017857748010317552, 0.014275536697441547, 0.010338746926006063, 0.01730267918560591, 0.013088378012572854, 0.016784132774736983, 0.019736741904377242, 0.016649013574383312] 

Median VQE eigenvalues:
0.34694999999999965 

Min eigenvalue after 100 VQE steps on Aer qasm simulator: 2.00000e-02
Delta from reference energy value is 2.00000e-02 

Optimizer history of the smallest VQE eigenvalue:
[12.7333, 11.9261, 11.595600000000001, 11.4771, 12.0856, 14.7248, 17.9647, 11.5012, 11.445599999999999, 12.2104, 11.6947, 12.922600000000001, 11.7172, 9.0403, 9.782499999999999, 8.376199999999999, 12.5308, 9.5662, 8.883700000000001, 9.2534, 8.1085, 8.3882, 8.0809, 8.2799, 8.141, 8.7764, 8.3474, 7.282499999999999, 6.197899999999999, 3.781099999999997, 2.540799999999999, 2.548799999999998, 2.6362000000000005, 4.206299999999999, 2.6815999999999995, 2.5970999999999957, 2.3057, 2.4375999999999998, 2.9153999999999964, 2.7598999999999982, 2.1807999999999996, 2.756199999999996, 2.557599999999997, 2.0700000000000003, 2.2287999999999997, 1.7438999999999965, 1.3574999999999982, 1.2917999999999985, 2.8058000000000014, 1.350999999999999, 1.6704000000000025, 1.6311999999999998, 0.7559999999999967, 0.6932999999999989, 0.5990999999999982, 0.7545999999999999, 0.6965999999999966, 0.9539000000000009, 0.6964000000000006, 2.0489999999999995, 0.5228000000000037, 1.128999999999996, 0.4883999999999986, 0.5216000000000012, 0.6268000000000011, 0.4986999999999995, 0.7729999999999997, 0.5389999999999997, 0.32789999999999964, 0.25590000000000224, 0.30400000000000027, 0.41960000000000264, 0.22160000000000224, 0.26590000000000025, 0.2873000000000019, 0.24430000000000263, 0.2264999999999997, 0.2251999999999974, 0.2737999999999978, 0.291400000000003, 0.23239999999999839, 0.17769999999999975, 0.1584000000000021, 0.14610000000000056, 0.1966999999999981, 0.11109999999999864, 0.10830000000000162, 0.12690000000000268, 0.12070000000000114, 0.17689999999999984, 0.2013999999999978, 0.15729999999999933, 0.12859999999999694, 0.1599999999999966, 0.17600000000000193, 0.0810000000000013, 0.09849999999999781, 0.13459999999999717, 0.07119999999999926, 0.08560000000000123, 0.08730000000000082, 0.0813000000000006, 0.06839999999999868, 0.0694999999999979, 0.05560000000000187, 0.0724000000000018, 0.05829999999999913, 0.06739999999999924, 0.06109999999999971, 0.043500000000003425, 0.06890000000000107, 0.05089999999999861, 0.033500000000000085, 0.041200000000003456, 0.026499999999998636, 0.02780000000000271, 0.03279999999999994, 0.023000000000001464, 0.020400000000000418, 0.03530000000000122, 0.022399999999997533, 0.02999999999999936, 0.028799999999998604, 0.02910000000000501, 0.020799999999999486, 0.016199999999999548, 0.021199999999998553, 0.02620000000000111, 0.026499999999998636, 0.019200000000001438, 0.01869999999999905, 0.02289999999999992, 0.027599999999999625, 0.025300000000001432, 0.02440000000000353, 0.02990000000000137, 0.025299999999999656, 0.016600000000000392, 0.022000000000002018, 0.019199999999999662, 0.019700000000000273, 0.024700000000001054, 0.019099999999999895, 0.02099999999999902, 0.022500000000004405, 0.017799999999999372, 0.019899999999999807, 0.020699999999997942, 0.01850000000000307, 0.02030000000000065, 0.021699999999999164, 0.02090000000000103, 0.02260000000000062, 0.016000000000000014, 0.022800000000000153, 0.027000000000001023, 0.02500000000000213, 0.017300000000002314, 0.01860000000000106, 0.028499999999999304, 0.024700000000001054, 0.01969999999999672, 0.022999999999999687, 0.02239999999999931, 0.025500000000000966, 0.026000000000001577, 0.01699999999999946, 0.019300000000001205, 0.021399999999999864, 0.019000000000001904, 0.01389999999999958, 0.020400000000000418, 0.017999999999998906, 0.02090000000000458, 0.025000000000000355, 0.023499999999998522, 0.03360000000000163, 0.02179999999999893, 0.019199999999997885, 0.022900000000001697, 0.019899999999999807, 0.021300000000001873, 0.02120000000000033, 0.021199999999998553, 0.0235000000000003, 0.018400000000001526, 0.01899999999999835, 0.01830000000000176, 0.01640000000000086, 0.017100000000001003, 0.022399999999997533, 0.03749999999999787, 0.015799999999998704, 0.017300000000000537, 0.015499999999999403, 0.01810000000000045, 0.02040000000000397, 0.017800000000002925, 0.018900000000002137, 0.02599999999999625, 0.011699999999999378, 0.02009999999999934, 0.015999999999998238, 0.019600000000000506, 0.024900000000002365, 0.02130000000000365, 0.015900000000000247, 0.015000000000000568, 0.02239999999999931, 0.023099999999999454, 0.022499999999999076, 0.020799999999999486, 0.0235000000000003, 0.022299999999999542, 0.017799999999999372, 0.019999999999999574] 

Optimizer history of the smallest VQE eigenvalue standard deviation:
[0.059547119737229946, 0.05980225907940269, 0.05970668558880153, 0.059298247065153624, 0.062338444767254184, 0.07711036303895864, 0.082601235311586, 0.060062068429250756, 0.05865679046794156, 0.06058822954997117, 0.05742773193327418, 0.07047696330007415, 0.05934550126167947, 0.038228286006568475, 0.05912239677990059, 0.0376441107213333, 0.0789107484947393, 0.056932916700271036, 0.035994858841228966, 0.03250900835153235, 0.041020545864237354, 0.042723944574442084, 0.04086151435030279, 0.041675006646670135, 0.041194237363980896, 0.036695943645040655, 0.04045610846337053, 0.04673968903405327, 0.055041042241222145, 0.04383636420826891, 0.03395871128296832, 0.03207379653237204, 0.03547746214147793, 0.05422283018249785, 0.03358004026203663, 0.03543472050122591, 0.0314934568601162, 0.03438631820942742, 0.03329284079197809, 0.04313837807567641, 0.03134285405000635, 0.04461743542607531, 0.03145130928912181, 0.03588793479708745, 0.038475080610701776, 0.035179058699743505, 0.02755374981740236, 0.027102260127155445, 0.04085476912185406, 0.027800756824230527, 0.030238282887756707, 0.029176456330404478, 0.023888374745888424, 0.02368971871930943, 0.023339122241421144, 0.02558718820034744, 0.022411075654684667, 0.029841420860944268, 0.026537231807405994, 0.04773757827959017, 0.020983243028664573, 0.03252663327182818, 0.020646617737537554, 0.020875478820855827, 0.022766419569181268, 0.021351240268424682, 0.023873084425771195, 0.021347597429219045, 0.016345731338793006, 0.014175491490597426, 0.018460410829664643, 0.01991795300727461, 0.012835277947905928, 0.014914652024100337, 0.014908146866730303, 0.014799762531878667, 0.012987557930573386, 0.011829534563963226, 0.01434160311820126, 0.015896736646242846, 0.0131995690838754, 0.011055122387382233, 0.01014056310073558, 0.011063149687137052, 0.01314037651667563, 0.008776903725118605, 0.00849244046196383, 0.009957674477507302, 0.00938999164003892, 0.011874372362360847, 0.01368094587373255, 0.009802571448349656, 0.009753806231415505, 0.011478149153935954, 0.011605582105176834, 0.00687203783458733, 0.007456625845514823, 0.010767406372938661, 0.0057365453018345235, 0.006928523363603573, 0.007134524300890748, 0.0065996070337559064, 0.005226095674592975, 0.005319156042080282, 0.004534140712417309, 0.00638038023945279, 0.005060931831194708, 0.0056109664051747655, 0.004999419866344445, 0.004154885196969991, 0.0065550190693849, 0.004823924854306936, 0.003994805251823939, 0.005007722835780712, 0.003145794494241374, 0.0039661225397105765, 0.004569660818922969, 0.0027728772060803524, 0.0027604637291585286, 0.003546621349961126, 0.003205585749905833, 0.0037278986037712213, 0.003514063175299989, 0.003847678650823158, 0.002347930152283073, 0.002815475093123599, 0.003600503853629432, 0.004595216208188655, 0.004450586141172839, 0.002936830945083444, 0.003364306912277827, 0.003897678668130575, 0.004453907048872893, 0.004186840455522499, 0.004185477750508282, 0.004683852794441749, 0.0035891808257594612, 0.002154949651384002, 0.0038005236481306577, 0.003359430308847047, 0.002906994840036671, 0.004008191736930788, 0.0027911572868614563, 0.002986604761263175, 0.003229770425277815, 0.0027503956079080413, 0.0031613732775487347, 0.003242385695749227, 0.0027699550537869564, 0.0035177403258342117, 0.0039563327716459476, 0.0032423995743891976, 0.0035723902362424244, 0.0025038226774274247, 0.003515291737537623, 0.004134485215840098, 0.004110687533734436, 0.0029761224773183206, 0.0030108018865410823, 0.004585432258795191, 0.0044418179836638655, 0.0030844754821524128, 0.003592010022257795, 0.0035556850254206186, 0.004198757792490525, 0.004056739577542578, 0.002899422701159549, 0.0027844717631895304, 0.0032496085918152277, 0.003213486580024764, 0.001848500743846221, 0.003589229443766488, 0.0029404128961761783, 0.003419638723608139, 0.0042494253729180535, 0.0040757339216391094, 0.0052918556291721135, 0.004020389035901841, 0.003030273915011535, 0.003890086245830594, 0.003110048713444748, 0.0032762138208607856, 0.0032774526693759138, 0.0032471242661775666, 0.0036510309502933783, 0.003143921118603223, 0.0034476560153240575, 0.0030258600430289806, 0.0026127763011784743, 0.00252098889327182, 0.0036444181977374913, 0.0056627033296827375, 0.002847717682636272, 0.002931831338941477, 0.0018747855877406432, 0.0030328423961688508, 0.0028847024109949072, 0.0027250130274917776, 0.0028551239903023174, 0.004019493500430166, 0.0016371142293682456, 0.003387543505255715, 0.0023542897017996786, 0.0033475077296400996, 0.0035505051753235367, 0.0034684574381128428, 0.002618961435378504, 0.00231603972332083, 0.0033851853715859055, 0.0038590767030470337, 0.0035287925697043156, 0.0034561365713756415, 0.003737606052007119, 0.0035652140188213353, 0.003060767877510353, 0.003412656443300466] 

Smallest VQE eingenvalue optimizer final message:
{   'aux_operators_evaluated': None,
    'cost_function_evals': 216,
    'eigenvalue': 0.019999999999999574,
    'optimal_circuit': <qiskit.circuit.library.n_local.real_amplitudes.RealAmplitudes object at 0x000001FDB6B37E30>,
    'optimal_parameters': {   ParameterVectorElement(θ[0]): 3.0895722927383824,
                              ParameterVectorElement(θ[1]): 0.007104902641366533,
                              ParameterVectorElement(θ[2]): 3.8841263380070834,
                              ParameterVectorElement(θ[3]): 1.5728771727408404,
                              ParameterVectorElement(θ[4]): -1.5870919530393213,
                              ParameterVectorElement(θ[5]): 1.5908725897073681,
                              ParameterVectorElement(θ[6]): -3.0954543983528864,
                              ParameterVectorElement(θ[7]): 3.171736555725446,
                              ParameterVectorElement(θ[8]): -2.353436824157077,
                              ParameterVectorElement(θ[9]): 1.5728167039328877,
                              ParameterVectorElement(θ[10]): 1.5494396709612444,
                              ParameterVectorElement(θ[11]): 1.7697672812813179},
    'optimal_point': array([ 3.08957229,  0.0071049 ,  3.88412634,  1.57287717, -1.58709195,
        1.59087259, -3.0954544 ,  3.17173656, -2.35343682,  1.5728167 ,
        1.54943967,  1.76976728]),
    'optimal_value': 0.019999999999999574,
    'optimizer_evals': None,
    'optimizer_result': <qiskit_algorithms.optimizers.optimizer.OptimizerResult object at 0x000001FDB7492C90>,
    'optimizer_time': 20.474749088287354}
     ┌──────────┐ ░                           ░  ┌──────────┐
q_0: ┤ Ry(θ[0]) ├─░───────────────────────■───░──┤ Ry(θ[6]) ├
     ├──────────┤ ░                     ┌─┴─┐ ░  ├──────────┤
q_1: ┤ Ry(θ[1]) ├─░──────────────────■──┤ X ├─░──┤ Ry(θ[7]) ├
     ├──────────┤ ░                ┌─┴─┐└───┘ ░  ├──────────┤
q_2: ┤ Ry(θ[2]) ├─░─────────────■──┤ X ├──────░──┤ Ry(θ[8]) ├
     ├──────────┤ ░           ┌─┴─┐└───┘      ░  ├──────────┤
q_3: ┤ Ry(θ[3]) ├─░────────■──┤ X ├───────────░──┤ Ry(θ[9]) ├
     ├──────────┤ ░      ┌─┴─┐└───┘           ░ ┌┴──────────┤
q_4: ┤ Ry(θ[4]) ├─░───■──┤ X ├────────────────░─┤ Ry(θ[10]) ├
     ├──────────┤ ░ ┌─┴─┐└───┘                ░ ├───────────┤
q_5: ┤ Ry(θ[5]) ├─░─┤ X ├─────────────────────░─┤ Ry(θ[11]) ├
     └──────────┘ ░ └───┘                     ░ └───────────┘
The number of ansatz parameters is: 
 12
Line for latex table
RA r1 rl & $1\mathrm{e}{-05}$ & 10000 & 100/100 &207 & $2\mathrm{e}{-02}$ & $3.4127\mathrm{e}{-03}$ & $2\mathrm{e}{-02}$ & $3.4695\mathrm{e}{-01}$ & $3.4695\mathrm{e}{-01}$ & - & 00h 32m 52s\\

