RA_r1_rl
04h10m35s__95
1e-03
419.80190506929716
1200.8154813975466
381.3423720679178
929.886519701367
785.6097282058586
335.7557384679642
453.90940551256176
671.3587727843031
212.05612372617423
735.8986421209565
743.7071980275693
102.03946858483721
679.6547615065838
385.29448938062365
796.0396042998011
417.4787504908959
144.30628841741088
402.9915947139684
775.9529335142519
1201.9142415492577
457.00553005161305
1058.143755014064
2740.0875927876446
669.7143371745868
1231.5992876835144
587.1173248759089
305.9580950385645
650.9096556412761
326.7677429348898
1498.1239667236189
282.99475578453325
704.0827268477024
576.5368552240249
766.595972536267
255.62815742072002
518.4417127430182
813.9990284540045
670.1493631201307
155.09736099107516
671.0241819198294
293.6306690261648
312.5120872308056
442.0861433173181
1014.1128012282812
613.2995652534897
560.1124991178597
62.7550751548699
1159.5772031098732
419.4182527400902
428.6044007043397
1465.744400024189
126.96317904806403
1802.184302567005
330.8952890395661
317.3152520947733
4587.163520169881
936.1911848763898
549.479486362605
335.87189220484544
651.0024130022864
236.2777391849263
159.55645707687884
513.16607788326
1295.040716722012
469.73345799696455
1271.5150968185521
940.643989407404
622.2073519990746
970.2366792172052
206.92281806040017
594.3902786767575
1146.8919698667803
-117.17505091687303
208.0548839263515
314.76779769354994
542.0804443024464
413.37918033435676
291.6994158240414
256.81778187782726
168.05842346524372
791.7417134579514
962.6221025843936
2703.3653737746445
407.6336819886215
24.510629804550945
907.6836920786112
867.2023947855391
387.5002742881384
336.8098327271287
734.0831641398554
560.2816237101248
86.43834335221518
513.1798858294686
740.3056975843093
509.58501016889926
7.615098490609
1368.8127384222207
1216.1439450440773
367.7935993356467
173.19043866055785
