419.80190506929716 127.86471994624128
1200.8154813975466 148.93074080803618
381.3423720679178 146.7580170671741
929.886519701367 135.34632016064467
785.6097282058586 148.25640029083604
335.7557384679642 128.7010345417693
453.90940551256176 127.79205181924195
671.3587727843031 140.20750728419628
212.05612372617423 122.80773579419014
735.8986421209565 146.54515249536928
743.7071980275693 156.075541741802
102.03946858483721 140.73300686272992
679.6547615065838 151.53441852648552
385.29448938062365 148.22975075454613
796.0396042998011 146.32070521207856
417.4787504908959 140.61450063271187
144.30628841741088 147.78099618211047
402.9915947139684 159.48419465286486
775.9529335142519 155.45360644954923
1201.9142415492577 169.68296444419906
457.00553005161305 150.12375633483208
1058.143755014064 152.31517627818636
2740.0875927876446 172.89860498432316
669.7143371745868 156.93997624506588
1231.5992876835144 157.65385671686806
587.1173248759089 163.2209442120434
305.9580950385645 162.63013915986335
650.9096556412761 153.29522088798953
326.7677429348898 148.72220847517815
1498.1239667236189 155.5595232523676
282.99475578453325 150.5241331721218
704.0827268477024 148.0153469263354
576.5368552240249 142.54518013973174
766.595972536267 135.8592884244005
255.62815742072002 149.34149432919642
518.4417127430182 139.36846099001437
813.9990284540045 156.3250911540515
670.1493631201307 160.0868065323934
155.09736099107516 139.08203014171795
671.0241819198294 158.12769861006433
293.6306690261648 147.29042816182346
312.5120872308056 151.8486066163591
442.0861433173181 113.32213629144366
1014.1128012282812 147.40482073255262
613.2995652534897 143.32893538176836
560.1124991178597 157.44702574396393
62.7550751548699 140.3529049833686
1159.5772031098732 158.18947770226063
419.4182527400902 154.65835565980777
428.6044007043397 143.9977267164294
1465.744400024189 169.3998324943564
126.96317904806403 136.18925920885692
1802.184302567005 164.08084433378326
330.8952890395661 156.45722884202377
317.3152520947733 107.542427796381
4587.163520169881 172.03805790608533
936.1911848763898 162.06138121466336
549.479486362605 151.02145074058774
335.87189220484544 164.56306985291062
651.0024130022864 141.60401834546752
236.2777391849263 144.82675742972404
159.55645707687884 151.49231505234587
513.16607788326 162.39992436677093
1295.040716722012 151.07877810034742
469.73345799696455 142.1203023180618
1271.5150968185521 158.48147596168423
940.643989407404 149.36672521667774
622.2073519990746 146.5554557319044
970.2366792172052 161.81107893154714
206.92281806040017 141.60964859324034
594.3902786767575 114.63151310222608
1146.8919698667803 165.98338134582875
-117.17505091687303 133.04654377552959
208.0548839263515 146.0896552732202
314.76779769354994 147.03858815175158
542.0804443024464 147.2108443114792
413.37918033435676 152.51368181899232
291.6994158240414 146.95733633126113
256.81778187782726 143.70379036778112
168.05842346524372 133.31412283941975
791.7417134579514 156.34460451764113
962.6221025843936 156.4436618323103
2703.3653737746445 160.55799270020844
407.6336819886215 150.7967413200082
24.510629804550945 153.08732994816756
907.6836920786112 157.6401636083547
867.2023947855391 153.9202445108747
387.5002742881384 142.25894376178735
336.8098327271287 150.94936046671083
734.0831641398554 145.74346682389
560.2816237101248 126.5977948901366
86.43834335221518 142.0559580780687
513.1798858294686 144.61408587981356
740.3056975843093 157.09323256680966
509.58501016889926 150.67852134290015
7.615098490609 142.92675446964353
1368.8127384222207 161.5332285013233
1216.1439450440773 165.92545457574735
367.7935993356467 151.72830689653415
173.19043866055785 149.1518208016298
