RA_r1_rl
52m15s__99
1e-05
3.938390900275934
8.455467832556828
6.697919375340535
5.580867523970994
10.123746490849758
15.114736506157195
19.003743016662412
2.644501842031236
0.6636421294160026
21.861560435144227
5.522237290300231
11.594880042553758
6.862812141717452
10.630461966211683
9.60932817610742
19.221819827705644
32.77052816740196
13.787990126503846
6.704965782504543
3.952968680742014
4.953074817651653
14.282873510074683
15.224073919593085
8.406975193190881
11.730283182697416
18.41155369995545
3.5210543429665986
9.724647487269706
10.392780766055207
0.9813103838472266
3.952095116600084
7.258817064786655
7.670231485671444
2.4834523643079898
0.7931777513311111
8.407050585061096
8.160016295534149
6.936460845250135
4.321913480518333
1.497543808724867
7.072255322641345
3.2543191158649396
16.065393037962565
21.81430367698419
8.811771901380872
3.448413331977914
4.998161061492016
13.189405391021882
0.952954194198588
7.527006598287997
5.768431781245935
11.458132739882807
3.17712517182388
9.618949413680362
11.217052499393443
3.6850394137069102
8.905114073410257
8.762444610887908
6.79149143896818
8.958800448055829
2.6782291245871566
16.687639318133492
33.297767214984276
11.286204008905571
7.623330120818689
7.876874548560129
6.09875296322458
13.016127432604764
16.846823652433827
18.199834202629805
15.398820534379311
1.3127463444266674
14.571018983819933
4.572680156866699
4.237145651332838
6.193057354885491
9.816181718298543
12.41747357525422
8.470628809145825
5.225483772347102
24.909339090231516
8.684978810404935
8.123325210344243
18.4321134125447
4.584343562625248
36.36138444994385
7.669379324694398
0.397194665174454
8.041962150834994
18.568085616775527
21.78579789913396
2.6675530226282476
3.949044690381635
4.6839274559123645
2.8015792207884864
16.480206186179288
10.1565445552791
7.504545259937066
29.83897920656281
7.9636134604960445
