3.938390900275934 1.3442457336871885
8.455467832556828 1.1349528485390183
6.697919375340535 1.4482251352446212
5.580867523970994 1.2186798541925008
10.123746490849758 1.4130578547495334
15.114736506157195 1.4193915429266657
19.003743016662412 1.4466173004979832
2.644501842031236 1.113509885161994
0.6636421294160026 1.274795222220735
21.861560435144227 1.4011695165866263
5.522237290300231 1.4817778494919114
11.594880042553758 1.2849491868448202
6.862812141717452 1.0474375577621169
10.630461966211683 1.3434019744222816
9.60932817610742 1.3658471882937877
19.221819827705644 1.46512344246925
32.77052816740196 1.3356821213384946
13.787990126503846 1.4722816060246728
6.704965782504543 1.5068811824277226
3.952968680742014 1.3756706890871306
4.953074817651653 1.1473737118056286
14.282873510074683 1.4032114268543867
15.224073919593085 1.3333558198057167
8.406975193190881 1.2771640344194872
11.730283182697416 1.311134696534273
18.41155369995545 1.2909264618415421
3.5210543429665986 1.0840610931567614
9.724647487269706 1.0093220239694023
10.392780766055207 1.3321904400471594
0.9813103838472266 1.1300501111557475
3.952095116600084 1.315156247550842
7.258817064786655 1.482833896110844
7.670231485671444 1.41657382080522
2.4834523643079898 0.9442514120605116
0.7931777513311111 1.3135148208453342
8.407050585061096 1.4083787654791455
8.160016295534149 1.3603454075318702
6.936460845250135 1.2597867635901223
4.321913480518333 1.2230648732944058
1.497543808724867 1.2263201138958428
7.072255322641345 1.4151686531289265
3.2543191158649396 1.029543587856109
16.065393037962565 1.2796779581396647
21.81430367698419 1.4127090822235715
8.811771901380872 1.4354869240116512
3.448413331977914 1.1117200871743542
4.998161061492016 1.2526563762936689
13.189405391021882 1.5411944251907732
0.952954194198588 1.1424424811522018
7.527006598287997 1.4264367059617074
5.768431781245935 1.2905089414142046
11.458132739882807 1.4177657823049739
3.17712517182388 1.085950372075798
9.618949413680362 1.419114642308158
11.217052499393443 1.4413014400755462
3.6850394137069102 1.0656422611415253
8.905114073410257 1.4268018952602417
8.762444610887908 1.163799960978081
6.79149143896818 1.4252272832839852
8.958800448055829 1.203062989835997
2.6782291245871566 1.182774511882927
16.687639318133492 1.396508433973095
33.297767214984276 1.5337455786960967
11.286204008905571 1.1747800078606074
7.623330120818689 1.4398583846278779
7.876874548560129 1.3611921017149413
6.09875296322458 1.4476525372906288
13.016127432604764 1.1828569329171763
16.846823652433827 1.4318831163432901
18.199834202629805 1.4399154801246683
15.398820534379311 1.4718927160092676
1.3127463444266674 1.0945630785643061
14.571018983819933 1.4095375389673932
4.572680156866699 1.0335785390375039
4.237145651332838 1.3365077932765994
6.193057354885491 1.4268984330626358
9.816181718298543 1.524898271061148
12.41747357525422 1.5279673397009343
8.470628809145825 1.4187986671593298
5.225483772347102 1.4010675906550267
24.909339090231516 1.4706803011003782
8.684978810404935 1.286813393045261
8.123325210344243 1.437833237472154
18.4321134125447 1.0903981899709747
4.584343562625248 1.210927032362212
36.36138444994385 1.536942014210804
7.669379324694398 1.11985219974913
0.397194665174454 1.425238244593023
8.041962150834994 1.431137049475648
18.568085616775527 1.3994517378276077
21.78579789913396 1.5456770780803455
2.6675530226282476 1.4638594179784956
3.949044690381635 1.3461462419452983
4.6839274559123645 1.4219667951356687
2.8015792207884864 1.3892451179508756
16.480206186179288 1.395618649588845
10.1565445552791 1.1053799421964152
7.504545259937066 1.3847397096353669
29.83897920656281 1.4503406688841654
7.9636134604960445 1.3282054095805855
