With Shot Noise
02/11/2024 03:38:32 

VQEr_100_shots_10000_COBYLA_maxIter_10000_tol_1e-05_RA_r1_rl 

Reference value: 3.2010110009e-02 

Number of pauli strings:  34
Qubits:  4
VQE runs:  100
Optimizer:  COBYLA
Max iterations:  10000
Optimizers's tolerance:  1e-05
Ansatz:  RA_r1_rl 

All run converged!!!
Number of iterations for each converged VQE run:
[108, 102, 115, 106, 91, 96, 91, 98, 104, 102, 94, 98, 96, 96, 100, 88, 89, 113, 111, 106, 91, 87, 90, 89, 92, 96, 93, 125, 102, 94, 90, 102, 97, 111, 96, 116, 100, 103, 91, 97, 97, 100, 103, 90, 91, 103, 108, 91, 94, 86, 91, 93, 102, 109, 105, 102, 111, 111, 97, 104, 98, 83, 102, 107, 109, 94, 97, 93, 90, 94, 100, 103, 93, 105, 101, 93, 97, 96, 105, 93, 87, 96, 96, 99, 87, 94, 96, 103, 113, 94, 108, 109, 110, 84, 115, 117, 111, 99, 111, 96] 

Average iterations of converged run:
99 

VQE eigenvalues:
[3.938390900275934, 8.455467832556828, 6.697919375340535, 5.580867523970994, 10.123746490849758, 15.114736506157195, 19.003743016662412, 2.644501842031236, 0.6636421294160026, 21.861560435144227, 5.522237290300231, 11.594880042553758, 6.862812141717452, 10.630461966211683, 9.60932817610742, 19.221819827705644, 32.77052816740196, 13.787990126503846, 6.704965782504543, 3.952968680742014, 4.953074817651653, 14.282873510074683, 15.224073919593085, 8.406975193190881, 11.730283182697416, 18.41155369995545, 3.5210543429665986, 9.724647487269706, 10.392780766055207, 0.9813103838472266, 3.952095116600084, 7.258817064786655, 7.670231485671444, 2.4834523643079898, 0.7931777513311111, 8.407050585061096, 8.160016295534149, 6.936460845250135, 4.321913480518333, 1.497543808724867, 7.072255322641345, 3.2543191158649396, 16.065393037962565, 21.81430367698419, 8.811771901380872, 3.448413331977914, 4.998161061492016, 13.189405391021882, 0.952954194198588, 7.527006598287997, 5.768431781245935, 11.458132739882807, 3.17712517182388, 9.618949413680362, 11.217052499393443, 3.6850394137069102, 8.905114073410257, 8.762444610887908, 6.79149143896818, 8.958800448055829, 2.6782291245871566, 16.687639318133492, 33.297767214984276, 11.286204008905571, 7.623330120818689, 7.876874548560129, 6.09875296322458, 13.016127432604764, 16.846823652433827, 18.199834202629805, 15.398820534379311, 1.3127463444266674, 14.571018983819933, 4.572680156866699, 4.237145651332838, 6.193057354885491, 9.816181718298543, 12.41747357525422, 8.470628809145825, 5.225483772347102, 24.909339090231516, 8.684978810404935, 8.123325210344243, 18.4321134125447, 4.584343562625248, 36.36138444994385, 7.669379324694398, 0.397194665174454, 8.041962150834994, 18.568085616775527, 21.78579789913396, 2.6675530226282476, 3.949044690381635, 4.6839274559123645, 2.8015792207884864, 16.480206186179288, 10.1565445552791, 7.504545259937066, 29.83897920656281, 7.9636134604960445] 

VQE eigenvalues standard deviation:
[1.3442457336871885, 1.1349528485390183, 1.4482251352446212, 1.2186798541925008, 1.4130578547495334, 1.4193915429266657, 1.4466173004979832, 1.113509885161994, 1.274795222220735, 1.4011695165866263, 1.4817778494919114, 1.2849491868448202, 1.0474375577621169, 1.3434019744222816, 1.3658471882937877, 1.46512344246925, 1.3356821213384946, 1.4722816060246728, 1.5068811824277226, 1.3756706890871306, 1.1473737118056286, 1.4032114268543867, 1.3333558198057167, 1.2771640344194872, 1.311134696534273, 1.2909264618415421, 1.0840610931567614, 1.0093220239694023, 1.3321904400471594, 1.1300501111557475, 1.315156247550842, 1.482833896110844, 1.41657382080522, 0.9442514120605116, 1.3135148208453342, 1.4083787654791455, 1.3603454075318702, 1.2597867635901223, 1.2230648732944058, 1.2263201138958428, 1.4151686531289265, 1.029543587856109, 1.2796779581396647, 1.4127090822235715, 1.4354869240116512, 1.1117200871743542, 1.2526563762936689, 1.5411944251907732, 1.1424424811522018, 1.4264367059617074, 1.2905089414142046, 1.4177657823049739, 1.085950372075798, 1.419114642308158, 1.4413014400755462, 1.0656422611415253, 1.4268018952602417, 1.163799960978081, 1.4252272832839852, 1.203062989835997, 1.182774511882927, 1.396508433973095, 1.5337455786960967, 1.1747800078606074, 1.4398583846278779, 1.3611921017149413, 1.4476525372906288, 1.1828569329171763, 1.4318831163432901, 1.4399154801246683, 1.4718927160092676, 1.0945630785643061, 1.4095375389673932, 1.0335785390375039, 1.3365077932765994, 1.4268984330626358, 1.524898271061148, 1.5279673397009343, 1.4187986671593298, 1.4010675906550267, 1.4706803011003782, 1.286813393045261, 1.437833237472154, 1.0903981899709747, 1.210927032362212, 1.536942014210804, 1.11985219974913, 1.425238244593023, 1.431137049475648, 1.3994517378276077, 1.5456770780803455, 1.4638594179784956, 1.3461462419452983, 1.4219667951356687, 1.3892451179508756, 1.395618649588845, 1.1053799421964152, 1.3847397096353669, 1.4503406688841654, 1.3282054095805855] 

Median VQE eigenvalues:
8.141670752939195 

Min eigenvalue after 100 VQE steps on Aer qasm simulator: 3.97195e-01
Delta from reference energy value is 3.65185e-01 

Optimizer history of the smallest VQE eigenvalue:
[320.4425322172599, 326.2795075054399, 343.4196514613297, 202.24609699365234, 203.60457921932695, 200.1418643023818, 127.97645272604915, 180.121943277074, 133.17510476861696, 26.892185745309007, 27.68295727378034, 34.883278619412316, 20.19840610994046, 25.438163267195172, 38.53235919187188, 25.04876868645267, 19.47761329092821, 17.928162938730082, 14.747955290896703, 2.6315542392474978, 30.61796609766573, 9.887563458611954, 14.557168445007198, 8.444828625916724, 11.73890697494144, 6.893601679496124, 5.652948922906166, 4.405569200558432, 4.352507936056177, 4.065902147141756, 3.3038459348024576, 2.716745587222372, 3.4646715651389695, 3.6092634667148458, 4.028964230143519, 3.7160671890918184, 4.16545651821724, 5.134066212353027, 2.8579033627471535, 2.420270468654932, 2.6863620053490536, 5.260038043016571, 3.296802416384847, 3.380841613873991, 3.8153869382190466, 5.729951749886826, 3.9155567596303484, 2.8806010513575018, -0.008308878349035709, 0.6772612740006707, 1.9450451786145653, 2.1720641984819142, 1.061255335613101, 2.8076394568073226, 4.676168935058383, 3.9082048968017595, 3.466221342846138, 1.1324863879301645, 3.484218202645696, 2.5502371423837467, 3.7266158180109716, 2.6937254364630547, 2.61375926258515, 3.997072714219602, 2.9491245862563433, 1.6110207842951194, 6.124141769253993, 3.104090510026908, 3.4720801000153125, 2.458145665012303, 0.6795651795472102, 2.0000606615790133, 0.4575534143386717, 2.3542342204147246, 3.771302210253306, 1.4855177360884788, 4.321305357545674, 4.107847369896392, 1.9840844793380503, 3.018791326958139, 2.7847502898125542, 2.2121390483584555, 2.7708525164037487, 4.533057095416254, 2.836524391945888, 1.9620898331549501, 3.6141551289718095, 1.2018208148421747, 2.6064930524227776, 3.7887503099128494, 4.005957381599032, 3.537868959865344, 2.509984965858618, 5.139853001241649, 5.37978174757924, 3.6451653245616624, 1.9344311855450886, 1.6576019391612737, 4.530040908994852, 3.0981181735805396, 8.509328731696456, 3.620037337840343, 0.397194665174454] 

Optimizer history of the smallest VQE eigenvalue standard deviation:
[1.372128799769769, 1.397375929504243, 1.2116078497808964, 1.527736404743609, 1.5339729339151198, 1.511270588462777, 1.4965727571230973, 1.4482994315879303, 1.4965425857124885, 1.093062240562478, 1.383226682411748, 1.160311699117251, 1.1268948268533439, 1.245146994009085, 1.3201237863482227, 1.2138151260792107, 1.1314060769239276, 1.1204340165934825, 1.1324265767255501, 1.4270057355140024, 1.4363338092767652, 1.411270374191046, 1.362345118424645, 1.4408180284126502, 1.4810989337818758, 1.4739700477839581, 1.426576205469904, 1.4144280682790955, 1.4294477166344486, 1.3430565357648345, 1.3962404142054416, 1.4511885895912628, 1.4219210104224225, 1.4326241085424498, 1.4275664810150108, 1.4268440818304098, 1.4163693519836087, 1.4266876214726583, 1.427343171687363, 1.4201844103042247, 1.42683577463894, 1.4163088742787282, 1.424271885605577, 1.4242177495352542, 1.4234739830927068, 1.426061713585444, 1.4253717333909792, 1.4284550680405907, 1.4193368155628843, 1.417287809090565, 1.4253232605239021, 1.4260436066430542, 1.4227706270417821, 1.4231056945900615, 1.4237372111980613, 1.4268969536284484, 1.4255761402387235, 1.424825694420372, 1.4233109719877428, 1.4234285507350246, 1.4230508167873706, 1.4217515203802182, 1.424873463759481, 1.423113721614627, 1.424456534451373, 1.4227450516270483, 1.429259132867867, 1.4240744570332138, 1.422357555331115, 1.420264422992307, 1.4215736515254087, 1.4226657176085036, 1.4271402245973157, 1.4236441609967403, 1.426876749002359, 1.4219984262637482, 1.427992689913166, 1.4221904695146543, 1.4258980145844646, 1.4224393382720262, 1.4206552492560158, 1.4226496843795566, 1.4239176134259697, 1.424584939848954, 1.423844791128898, 1.423942784609947, 1.4254645017763996, 1.42349115193255, 1.4202308309412546, 1.4261292543592023, 1.4243262239659242, 1.4207061068329583, 1.422302392660749, 1.4231407174731123, 1.4250822522481446, 1.424441646308267, 1.4251351438833428, 1.4270787777335985, 1.4267552058648243, 1.4236079268893242, 1.4291360230056323, 1.4229968624365301, 1.425238244593023] 

Smallest VQE eingenvalue optimizer final message:
{   'aux_operators_evaluated': None,
    'cost_function_evals': 103,
    'eigenvalue': 0.397194665174454,
    'optimal_circuit': <qiskit.circuit.library.n_local.real_amplitudes.RealAmplitudes object at 0x0000020BA68E7E00>,
    'optimal_parameters': {   ParameterVectorElement(θ[3]): 1.967397560003753,
                              ParameterVectorElement(θ[4]): 2.224503222851161,
                              ParameterVectorElement(θ[5]): 5.479926190696464,
                              ParameterVectorElement(θ[6]): 1.65654083751859,
                              ParameterVectorElement(θ[7]): 2.082120027483563,
                              ParameterVectorElement(θ[0]): 3.2919720898703875,
                              ParameterVectorElement(θ[1]): -2.3949607236981336,
                              ParameterVectorElement(θ[2]): 4.9681869137623895},
    'optimal_point': array([ 3.29197209, -2.39496072,  4.96818691,  1.96739756,  2.22450322,
        5.47992619,  1.65654084,  2.08212003]),
    'optimal_value': 0.397194665174454,
    'optimizer_evals': None,
    'optimizer_result': <qiskit_algorithms.optimizers.optimizer.OptimizerResult object at 0x0000020BA2C243B0>,
    'optimizer_time': 32.360357999801636}
     ┌──────────┐ ░                 ░ ┌──────────┐
q_0: ┤ Ry(θ[0]) ├─░─────────────■───░─┤ Ry(θ[4]) ├
     ├──────────┤ ░           ┌─┴─┐ ░ ├──────────┤
q_1: ┤ Ry(θ[1]) ├─░────────■──┤ X ├─░─┤ Ry(θ[5]) ├
     ├──────────┤ ░      ┌─┴─┐└───┘ ░ ├──────────┤
q_2: ┤ Ry(θ[2]) ├─░───■──┤ X ├──────░─┤ Ry(θ[6]) ├
     ├──────────┤ ░ ┌─┴─┐└───┘      ░ ├──────────┤
q_3: ┤ Ry(θ[3]) ├─░─┤ X ├───────────░─┤ Ry(θ[7]) ├
     └──────────┘ ░ └───┘           ░ └──────────┘
The number of ansatz parameters is: 
 8
Line for latex table
RA r1 rl & $1\mathrm{e}{-05}$ & 10000 & 100/100 &99 & $3.9719\mathrm{e}{-01}$ & $1.4252\mathrm{e}{+00}$ & $3.6518\mathrm{e}{-01}$ & $8.1417\mathrm{e}{+00}$ & $8.1097\mathrm{e}{+00}$ & - & 00h 52m 15s\\

