RA_r1_rl
01m24s__283
1e-03
1.1422510165948196e-05
6.763569944451264e-05
0.0001293550875984817
2.3346059220830107e-06
4.705895409889971e-05
1.2895695960690734e-05
4.376114237814033e-06
0.00016240206113721234
3.0140040510606703e-06
1.8430255104839866e-06
1.4324333993953609e-06
2.5089445234383057e-05
2.691616939276553e-06
3.921940595064122e-06
1.889303070101711e-06
4.021265586295897e-06
3.0996072843958444e-06
5.8097282304603315e-05
3.00768144134711e-06
2.7437223636961328e-06
2.6748428919032285e-06
0.00011094822726859244
5.184958503712256e-06
6.092024676845886e-05
2.0359990008378404e-06
1.8338597804756773e-06
3.0690834574964576e-05
0.00011453825250934413
2.2876243410130392e-06
1.4231352602145364e-05
2.8235727733139093e-06
5.285261880427772e-06
1.0685774836816098e-05
9.192170713784309e-05
4.040471794741762e-05
2.1692835800446453e-06
4.428201918316166e-06
6.670155966675972e-05
3.905417993999016e-06
5.304140159978488e-06
5.031516869591357e-06
3.835240359151282e-05
3.411542360243214e-05
6.542226480499291e-06
8.74122268645916e-06
3.0569216884490658e-06
3.276290100717727e-06
5.7663986340994455e-05
1.5880275091029183e-06
1.353381050400726e-05
3.743344553180927e-05
0.000193927971162966
1.879696435613809e-06
9.827875483925386e-06
3.444621793691205e-06
4.837425271297935e-06
3.921067561807323e-06
3.869437303294365e-06
3.3230698154307348e-06
2.6272996450638075e-06
8.894126101166577e-06
4.124922051762514e-06
4.003597995239083e-06
2.039425115896165e-06
7.37088070745795e-07
2.313042707996482e-05
8.841531422226767e-05
6.2388661702939e-06
3.751284873731997e-06
5.339025833661637e-06
7.97068933017231e-06
4.235108240657759e-06
1.8765783278418269e-06
2.963969752189932e-06
3.240019947670092e-06
5.291384574446223e-06
3.4806774072415614e-06
0.00022103145473284513
6.030315784166795e-06
7.024653994103236e-06
8.644507737409768e-06
7.52398972497792e-06
3.136342939025205e-06
4.137645089663522e-06
2.0654772539485666e-05
1.282544569047861e-06
1.3156699644745196e-06
2.3006342201870034e-06
0.0001362123955262473
0.00012284852146199343
2.851460206643175e-05
3.190479755221798e-06
9.737086368755143e-06
5.9738916826646005e-06
2.1320186852635814e-06
5.063516617498376e-06
2.508135183099114e-06
2.933634500434934e-06
3.6142204299927094e-06
1.9426954032675248e-06
