RA_r1_rl
04m22s__830
1e-05
-0.16478525936849786
-0.16478525967773083
-0.16478519387152957
-0.16478470927237088
-0.16478525932086086
-0.16478525508369668
-0.16478525904398889
-0.16478525547779233
-0.1647852581845709
-0.16478479394532863
-0.16478525971010716
-0.16478525188353843
-0.16478525133944688
-0.16478520082283277
-0.1647852499551059
-0.16478525908463837
-0.16478525885928985
-0.16478525851040393
-0.16478525768126084
-0.16478525565019075
-0.1647852484043255
-0.1647852578636404
-0.16478525572614644
-0.16478525509512865
-0.16478525661864996
-0.16478525907700659
-0.16478525830179747
-0.16478525663844845
-0.1647852567189333
-0.1647852561676415
-0.16478525920719123
-0.16478525581963732
-0.1647852582334961
-0.16478525566546431
-0.16478525584930515
-0.1647852566798963
-0.16478524336915468
-0.1647852590021882
-0.16478525935368593
-0.1647852550711033
-0.16478525916897746
-0.1647852361699924
-0.1647852592924367
-0.16478525655567
-0.16478525425665846
-0.16478524648348603
-0.16478525601316962
-0.16478525782052555
-0.16478525720836668
-0.16478525082399353
-0.1647852575138531
-0.1647852578198158
-0.16478525590779858
-0.1647852508130493
-0.16478525513855447
-0.16478525548309064
-0.1647852552961907
-0.16478525833654878
-0.1647852546217028
-0.16478525082489726
-0.1647852005106677
-0.1647852593939506
-0.16478524577734888
-0.1647852573876457
-0.16478525772096542
-0.16478525567113933
-0.16478523492187547
-0.16478525869088512
-0.1647852133689468
-0.16478524323682886
-0.1647852573487365
-0.1647852515503767
-0.16478523768299158
-0.16478525576420333
-0.1647852560231603
-0.1647852585922681
-0.16478466861628227
-0.1647852569930247
-0.16478519592126795
-0.16478525875854078
-0.16478525760918084
-0.16478525873845584
-0.16478525906128616
-0.16478525879340378
-0.1647852489147975
-0.1647852548530494
-0.16478525727971227
-0.164785258981214
-0.16478525700248214
-0.16478523467954753
-0.16478525615536155
-0.16478523521609711
-0.16478521872274365
-0.16478525735033767
-0.16478522283303987
-0.16478525408891398
-0.16478525843077518
-0.16478525925409893
-0.16478525831241464
