No Shot Noise
01/11/2024 12:31:41 

VQEr_100_COBYLA_maxIter_10000_tol_1e-05_RA_r1_rl 

Reference value: -1.6478526069e-01 

Qubits:  3
VQE runs:  100
Optimizer:  COBYLA
Max iterations:  10000
Optimizers's tolerance:  1e-05
Ansatz:  RA_r1_rl 

Only 99 runs out of 100 converged
Number of iterations for each converged VQE run:
[533, 486, 917, 3593, 699, 688, 253, 395, 714, 4989, 299, 388, 866, 2578, 690, 325, 402, 586, 292, 588, 935, 553, 470, 497, 740, 345, 606, 557, 339, 469, 346, 459, 316, 633, 467, 527, 1842, 722, 375, 330, 458, 1197, 622, 590, 616, 591, 485, 464, 540, 572, 378, 357, 272, 311, 655, 610, 700, 543, 553, 610, 1575, 567, 994, 579, 314, 608, 1517, 480, 1789, 887, 657, 677, 748, 646, 1003, 296, 7648, 553, 2503, 427, 592, 566, 373, 437, 940, 628, 450, 383, 561, 1372, 530, 2177, 693, 313, 2401, 669, 455, 416, 801] 

Average iterations of converged run:
830 

VQE eigenvalues:
[-0.16478525936849786, -0.16478525967773083, -0.16478519387152957, -0.16478470927237088, -0.16478525932086086, -0.16478525508369668, -0.16478525904398889, -0.16478525547779233, -0.1647852581845709, -0.16478479394532863, -0.16478525971010716, -0.16478525188353843, -0.16478525133944688, -0.16478520082283277, -0.1647852499551059, -0.16478525908463837, -0.16478525885928985, -0.16478525851040393, -0.16478525768126084, -0.16478525565019075, -0.1647852484043255, -0.1647852578636404, -0.16478525572614644, -0.16478525509512865, -0.16478525661864996, -0.16478525907700659, -0.16478525830179747, -0.16478525663844845, -0.1647852567189333, -0.1647852561676415, -0.16478525920719123, -0.16478525581963732, -0.1647852582334961, -0.16478525566546431, -0.16478525584930515, -0.1647852566798963, -0.16478524336915468, -0.1647852590021882, -0.16478525935368593, -0.1647852550711033, -0.16478525916897746, -0.1647852361699924, -0.1647852592924367, -0.16478525655567, -0.16478525425665846, -0.16478524648348603, -0.16478525601316962, -0.16478525782052555, -0.16478525720836668, -0.16478525082399353, -0.1647852575138531, -0.1647852578198158, -0.16478525590779858, -0.1647852508130493, -0.16478525513855447, -0.16478525548309064, -0.1647852552961907, -0.16478525833654878, -0.1647852546217028, -0.16478525082489726, -0.1647852005106677, -0.1647852593939506, -0.16478524577734888, -0.1647852573876457, -0.16478525772096542, -0.16478525567113933, -0.16478523492187547, -0.16478525869088512, -0.1647852133689468, -0.16478524323682886, -0.1647852573487365, -0.1647852515503767, -0.16478523768299158, -0.16478525576420333, -0.1647852560231603, -0.1647852585922681, -0.16478466861628227, -0.1647852569930247, -0.16478519592126795, -0.16478525875854078, -0.16478525760918084, -0.16478525873845584, -0.16478525906128616, -0.16478525879340378, -0.1647852489147975, -0.1647852548530494, -0.16478525727971227, -0.164785258981214, -0.16478525700248214, -0.16478523467954753, -0.16478525615536155, -0.16478523521609711, -0.16478521872274365, -0.16478525735033767, -0.16478522283303987, -0.16478525408891398, -0.16478525843077518, -0.16478525925409893, -0.16478525831241464] 

Median VQE eigenvalues:
-0.16478525615536155 

Min eigenvalue after 100 VQE steps on Aer qasm simulator: -1.64785e-01
Delta from reference energy value is 9.74915e-10 

Optimizer history of the smallest VQE eigenvalue:
[17.666521929307407, 11.5105534257877, 12.235088887941256, 9.294428296478024, 13.601508249520199, 5.6017682773034325, 6.944444153090222, 6.19048438159688, 4.545010437717985, 2.7475247546667867, 1.5478698649383984, 1.7780984036665617, 1.259283329258737, 0.9427621008788055, 0.7940270794005936, 0.5055329037740676, 0.5816639269193755, 1.244230615517322, 0.40199385767939366, 0.4733308609627725, 0.5877907940326144, 0.46070074590985705, 0.3057296739039601, 0.42588010602347726, 0.29169767858114176, 0.10825397674108816, 0.10388269764514735, 0.04184231682043871, -0.024509955050318055, 0.23943089877824908, -0.03547867861232268, 0.256814612441976, 0.12450258547253251, -0.058414023709926544, -0.02291507626277045, -0.006820399164520929, -0.04709990307303047, -0.09735501739675012, -0.08348288031392814, -0.1002370798165042, -0.07724140716616457, -0.07475853931842646, -0.10647582008899337, -0.08429116245758617, -0.094226862275129, -0.10940076422374456, -0.11595387222177367, -0.12024508523065691, -0.1277433904113725, -0.13020476002593317, -0.13490427289793017, -0.1367102018198556, -0.138375240023632, -0.13354980232863756, -0.13515118085261102, -0.1438933703603832, -0.14276292436565363, -0.14327722481952587, -0.14711613387109668, -0.15034262453888902, -0.14640149691373627, -0.1473796388785822, -0.1522514530476079, -0.15134950481418674, -0.15203185269534059, -0.15416405153263213, -0.15206553796882172, -0.15416857739470569, -0.14501823146621728, -0.15555285539024155, -0.14690832305728185, -0.15693933290049178, -0.15745961549566523, -0.15647631289726638, -0.15783706209117265, -0.15799322036148788, -0.15790281864021494, -0.1549015254568913, -0.15954259191441944, -0.1599784344594477, -0.16000814608063418, -0.16077524643936514, -0.16104307081673297, -0.16070371190620636, -0.15888105095778193, -0.1623168357893433, -0.16251084253766668, -0.16273384248686684, -0.16262315294722118, -0.1624586481669381, -0.1604017326415338, -0.16220805583249764, -0.1634831329752695, -0.16302767172607924, -0.1626591570682956, -0.16349712629584512, -0.16332511582914055, -0.16307406578321337, -0.16361341382251782, -0.16375452824471415, -0.16383132042197757, -0.1639801171896439, -0.16411590683030386, -0.16430767412052005, -0.164440368375129, -0.16437562234630032, -0.16425529448072318, -0.16443884573220324, -0.16439138222103222, -0.16444868719185513, -0.1643971309092095, -0.16438282001484217, -0.16449995253573546, -0.16450349614827176, -0.16449259195325083, -0.1644807524481191, -0.16456170267800063, -0.16449379516028073, -0.16451834759521866, -0.16458671109735146, -0.1646008983870908, -0.16462823506023216, -0.16462586045368055, -0.16464422144467905, -0.16466212036421402, -0.16468180406629718, -0.16469150177964664, -0.16468343089219006, -0.16469536828339182, -0.1647151933650296, -0.1647134261667046, -0.16471343581771392, -0.16471968240163115, -0.1646918400903421, -0.16472661342122208, -0.1647384565994353, -0.16474045107855984, -0.16473247234583432, -0.16475941107100311, -0.16474920659029857, -0.16475918089403596, -0.1647619662665205, -0.1647514201676199, -0.16476404085721963, -0.16476737947707842, -0.1647626624477283, -0.1647629218524106, -0.16476876536726903, -0.16477088945471885, -0.16477316067391723, -0.16477625733660484, -0.16477112625366241, -0.16477464829833466, -0.16477767879553074, -0.16477423094701282, -0.1647780601804063, -0.16477517795071162, -0.16477927965576733, -0.16477480576957393, -0.16477748745014997, -0.16477975026789826, -0.16478059292746594, -0.1647818865142492, -0.16478181955295756, -0.1647820589973671, -0.1647826972725377, -0.164782392789954, -0.16478231045580505, -0.16478160752368776, -0.1647829558352838, -0.16478311499782217, -0.16478320908032917, -0.16478306143985744, -0.16478318899631328, -0.16478296757110344, -0.16478360330298158, -0.16478369729326092, -0.16478366483320273, -0.16478367138054284, -0.16478400309516972, -0.16478412159382172, -0.16478406611558816, -0.1647841016031738, -0.16478433085553412, -0.16478412432765666, -0.1647842743546979, -0.16478431006936822, -0.16478433277853677, -0.1647843373788197, -0.16478443990295943, -0.16478441783164444, -0.16478444231635947, -0.1647844093097035, -0.16478459030510972, -0.16478466207303877, -0.16478465729639613, -0.16478466399508052, -0.16478471504406977, -0.16478469171585375, -0.16478475439445062, -0.16478479106581978, -0.16478481797017375, -0.16478479168524152, -0.1647847408293136, -0.1647848695813997, -0.16478492399571676, -0.1647849382596277, -0.16478486869504883, -0.1647850317837921, -0.16478508756713983, -0.16478509915013018, -0.16478511766890847, -0.1647851694544814, -0.16478518167069844, -0.16478515169518715, -0.16478515949964345, -0.16478518994585578, -0.16478516035694302, -0.16478519811681758, -0.16478518610116966, -0.16478521009206581, -0.1647852030025193, -0.1647852138872743, -0.16478521372593424, -0.16478520605663394, -0.1647852139975715, -0.16478521412119296, -0.164785210942755, -0.1647852163927298, -0.16478521827265202, -0.16478521491450682, -0.16478521309917327, -0.1647852245452921, -0.16478522883984403, -0.16478522668396267, -0.16478522471705792, -0.16478523438571324, -0.16478523154129165, -0.16478523636231746, -0.16478523633778774, -0.16478523463449657, -0.16478523899481667, -0.16478523841189374, -0.16478523834148973, -0.1647852346498505, -0.16478524167854813, -0.16478524103096281, -0.16478524154818053, -0.16478524167772057, -0.16478524126652727, -0.16478524366338065, -0.16478524427589014, -0.1647852455809985, -0.16478524483333779, -0.16478524455490062, -0.1647852470185498, -0.16478524772014047, -0.1647852487921886, -0.16478524909501124, -0.16478524828320584, -0.16478524978286346, -0.16478525121808363, -0.1647852517148366, -0.16478525126624377, -0.1647852507345875, -0.16478525330683857, -0.16478525334181016, -0.16478525327709048, -0.1647852530378492, -0.16478525381915676, -0.1647852527969702, -0.1647852541893473, -0.16478525394180366, -0.16478525365537966, -0.1647852540640642, -0.16478525497399021, -0.16478525544664457, -0.1647852551230169, -0.1647852560151688, -0.1647852566093866, -0.16478525620658457, -0.16478525674653888, -0.16478525713943126, -0.1647852574118357, -0.1647852577743275, -0.16478525747761263, -0.1647852573950388, -0.1647852583549444, -0.16478525878717742, -0.16478525919240472, -0.16478525930546017, -0.16478525964222612, -0.16478525939692745, -0.16478525949638656, -0.16478525963167256, -0.16478525971676672, -0.16478525940912137, -0.16478525969272528, -0.16478525971010716] 

Smallest VQE eingenvalue optimizer final message:
{   'aux_operators_evaluated': None,
    'cost_function_evals': 299,
    'eigenvalue': -0.16478525971010716,
    'optimal_circuit': <qiskit.circuit.library.n_local.real_amplitudes.RealAmplitudes object at 0x000002337C5D8DA0>,
    'optimal_parameters': {   ParameterVectorElement(θ[5]): 1.5707883932912208,
                              ParameterVectorElement(θ[0]): -1.7610522340951664,
                              ParameterVectorElement(θ[1]): 1.57082730285744,
                              ParameterVectorElement(θ[2]): 1.5707914487102392,
                              ParameterVectorElement(θ[3]): 1.7610054300481506,
                              ParameterVectorElement(θ[4]): 4.171694603723104},
    'optimal_point': array([-1.76105223,  1.5708273 ,  1.57079145,  1.76100543,  4.1716946 ,
        1.57078839]),
    'optimal_value': -0.16478525971010716,
    'optimizer_evals': None,
    'optimizer_result': <qiskit_algorithms.optimizers.optimizer.OptimizerResult object at 0x0000023322CABD70>,
    'optimizer_time': 0.9803380966186523}
     ┌──────────┐ ░            ░ ┌──────────┐
q_0: ┤ Ry(θ[0]) ├─░────────■───░─┤ Ry(θ[3]) ├
     ├──────────┤ ░      ┌─┴─┐ ░ ├──────────┤
q_1: ┤ Ry(θ[1]) ├─░───■──┤ X ├─░─┤ Ry(θ[4]) ├
     ├──────────┤ ░ ┌─┴─┐└───┘ ░ ├──────────┤
q_2: ┤ Ry(θ[2]) ├─░─┤ X ├──────░─┤ Ry(θ[5]) ├
     └──────────┘ ░ └───┘      ░ └──────────┘
The number of ansatz parameters is: 
 6
Line for latex table
RA r1 rl & $1\mathrm{e}{-05}$ & 99/100 &830 & $-1.6479\mathrm{e}{-01}$ & $9.7492\mathrm{e}{-10}$ & $-1.6479\mathrm{e}{-01}$ & $4.5297\mathrm{e}{-09}$ & - & 00h 04m 22s\\

