RA_r1_rl
03m34s__679
1e-06
3.4768854462186027e-12
2.761552098107245e-11
5.5144777633131525e-12
8.568146192544646e-13
4.2724246362979557e-10
2.8926860906608454e-13
5.474898312485266e-12
4.954925358902074e-13
3.444755591885951e-11
4.1783243531767766e-13
7.087663789206999e-13
1.5000778397222803e-12
3.455014052633487e-13
5.196287844455583e-12
3.869682352330983e-13
1.8485213360008856e-13
3.798628078754973e-13
3.765876499528531e-13
2.501920892683529e-11
8.776868121174175e-13
1.6901591237683533e-11
4.822253707459367e-13
3.1097346919750635e-13
2.2063462168375736e-12
4.989342272665453e-13
4.471811809736437e-12
8.762990333366361e-13
4.591327318337335e-13
2.0627943797535409e-13
6.13720352315994e-10
6.015743458931411e-13
5.7431281952347035e-12
5.794253965518692e-13
1.440403352148678e-12
2.6806334929574405e-13
6.998235324573443e-12
1.3163359291468169e-12
1.298248952785741e-09
7.10588532459866e-10
7.646661082105766e-13
6.608047442568932e-13
7.491784970170556e-13
1.4884760091149474e-12
4.015676680069191e-13
3.482769628249116e-13
3.053668429231493e-13
7.461253836993365e-13
4.197753256107717e-13
8.303491227934501e-11
4.074462989223093e-12
1.903921464929681e-11
7.224776332748206e-13
2.559286116365911e-12
3.251510172219696e-12
1.075861622013008e-12
2.2619128792200627e-12
3.968492201522622e-13
1.2789769243681803e-12
5.352940313230192e-13
6.502576255229542e-13
1.5121237595394632e-13
8.354428260304303e-14
5.762668120468106e-12
8.990030941902205e-13
6.289413434501512e-13
2.1845858455549205e-12
2.5396351688300456e-13
1.4893086763834162e-12
3.8680170177940454e-13
2.304434421063206e-12
6.745159986110139e-13
2.2537527399890678e-13
3.086975119970248e-13
4.236500039667135e-12
8.841261056602434e-13
5.124789481669723e-13
5.769273947464626e-13
4.694022948115162e-13
6.800671137341396e-13
1.8605672558180686e-12
6.764033777528766e-13
5.69044811271624e-13
4.02400335275388e-13
4.806710585114615e-13
5.953959547611021e-12
3.303940454557619e-11
1.4801493364302587e-12
2.913225216616411e-13
5.067612995901527e-13
2.246924868387623e-11
1.9234613901630837e-12
2.3608892618653954e-13
5.525024882047092e-13
1.332806087717131e-11
6.7593708408253406e-12
2.751576744230988e-12
5.214162435152048e-13
3.0020430585864233e-13
3.0941527118244494e-11
