RA_r1_rl
08m14s__80
1e-08
0.0
0.0
0.0016999999999999793
0.0
0.0
0.00019999999999997797
9.999999999998899e-05
0.00040000000000001146
0.00019999999999997797
9.999999999998899e-05
0.0
0.0
0.0008000000000000229
0.0
0.0
0.0
0.0
0.0005000000000000004
9.999999999998899e-05
0.0
0.0005000000000000004
0.0
0.00040000000000001146
0.00019999999999997797
0.0
0.0
0.0
9.999999999998899e-05
9.999999999998899e-05
0.0
0.0
0.0010999999999999899
0.0
0.0
9.999999999998899e-05
9.999999999998899e-05
0.00030000000000002247
0.0005999999999999894
0.0030999999999999917
0.00019999999999997797
0.0
0.0
0.0011999999999999789
0.0015999999999999903
0.0
0.0
0.0
0.0009000000000000119
0.00030000000000002247
9.999999999998899e-05
0.0
9.999999999998899e-05
0.006900000000000017
0.0
0.00019999999999997797
0.00030000000000002247
0.0005000000000000004
9.999999999998899e-05
9.999999999998899e-05
0.0005999999999999894
0.0
0.0006999999999999784
0.0
0.0005000000000000004
0.00040000000000001146
0.0
0.00019999999999997797
0.00269999999999998
0.0005000000000000004
0.00019999999999997797
9.999999999998899e-05
0.0005000000000000004
9.999999999998899e-05
0.0010000000000000009
0.00040000000000001146
0.0005000000000000004
0.0
0.003500000000000003
0.0
0.0
0.003500000000000003
0.0005999999999999894
0.0
9.999999999998899e-05
0.0
0.00019999999999997797
0.00030000000000002247
0.0008000000000000229
0.0
0.0010000000000000009
0.0
0.0005999999999999894
0.0
0.004599999999999993
0.0
0.0
0.0040000000000000036
0.0
0.0
0.0
