0.0 0.0
0.0 0.0
0.0016999999999999793 0.00041195994950965487
0.0 0.0
0.0 0.0
0.00019999999999997797 0.0001414072133944981
9.999999999998899e-05 9.999499987499087e-05
0.00040000000000001146 0.00019995999599920291
0.00019999999999997797 0.0001414072133944981
9.999999999998899e-05 9.999499987499087e-05
0.0 0.0
0.0 0.0
0.0008000000000000229 0.0002827295527531614
0.0 0.0
0.0 0.0
0.0 0.0
0.0 0.0
0.0005000000000000004 0.00022355088906108006
9.999999999998899e-05 9.999499987499087e-05
0.0 0.0
0.0005000000000000004 0.00022355088906108006
0.0 0.0
0.00040000000000001146 0.00019995999599920291
0.00019999999999997797 0.0001414072133944981
0.0 0.0
0.0 0.0
0.0 0.0
9.999999999998899e-05 9.999499987499087e-05
9.999999999998899e-05 9.999499987499087e-05
0.0 0.0
0.0 0.0
0.0010999999999999899 0.00033148001448050956
0.0 0.0
0.0 0.0
9.999999999998899e-05 9.999499987499087e-05
9.999999999998899e-05 9.999499987499087e-05
0.00030000000000002247 0.00017317909804592886
0.0005999999999999894 0.0002448754785600193
0.0030999999999999917 0.0005559127629403734
0.00019999999999997797 0.0001414072133944981
0.0 0.0
0.0 0.0
0.0011999999999999789 0.0003462022530255959
0.0015999999999999903 0.0003996798718974947
0.0 0.0
0.0 0.0
0.0 0.0
0.0009000000000000119 0.0002998649696113272
0.00030000000000002247 0.00017317909804592886
9.999999999998899e-05 9.999499987499087e-05
0.0 0.0
9.999999999998899e-05 9.999499987499087e-05
0.006900000000000017 0.000827791640450664
0.0 0.0
0.00019999999999997797 0.0001414072133944981
0.00030000000000002247 0.00017317909804592886
0.0005000000000000004 0.00022355088906108006
9.999999999998899e-05 9.999499987499087e-05
9.999999999998899e-05 9.999499987499087e-05
0.0005999999999999894 0.0002448754785600193
0.0 0.0
0.0006999999999999784 0.00026448251359966813
0.0 0.0
0.0005000000000000004 0.00022355088906108006
0.00040000000000001146 0.00019995999599920291
0.0 0.0
0.00019999999999997797 0.0001414072133944981
0.00269999999999998 0.0005189132875539021
0.0005000000000000004 0.00022355088906108006
0.00019999999999997797 0.0001414072133944981
9.999999999998899e-05 9.999499987499087e-05
0.0005000000000000004 0.00022355088906108006
9.999999999998899e-05 9.999499987499087e-05
0.0010000000000000009 0.0003160696125855821
0.00040000000000001146 0.00019995999599920291
0.0005000000000000004 0.00022355088906108006
0.0 0.0
0.003500000000000003 0.0005905717568594024
0.0 0.0
0.0 0.0
0.003500000000000003 0.0005905717568594024
0.0005999999999999894 0.0002448754785600193
0.0 0.0
9.999999999998899e-05 9.999499987499087e-05
0.0 0.0
0.00019999999999997797 0.0001414072133944981
0.00030000000000002247 0.00017317909804592886
0.0008000000000000229 0.0002827295527531614
0.0 0.0
0.0010000000000000009 0.0003160696125855821
0.0 0.0
0.0005999999999999894 0.0002448754785600193
0.0 0.0
0.004599999999999993 0.0006766712643521964
0.0 0.0
0.0 0.0
0.0040000000000000036 0.0006311893535223813
0.0 0.0
0.0 0.0
0.0 0.0
