With Shot Noise
01/11/2024 18:16:17 

VQEr_100_shots_10000_COBYLA_maxIter_10000_tol_1e-08_RA_r1_rl 

Reference value: 0.0000000000e+00 

Number of pauli strings:  2
Qubits:  2
VQE runs:  100
Optimizer:  COBYLA
Max iterations:  10000
Optimizers's tolerance:  1e-08
Ansatz:  RA_r1_rl 

All run converged!!!
Number of iterations for each converged VQE run:
[71, 94, 91, 92, 64, 73, 87, 79, 86, 86, 73, 60, 77, 57, 93, 67, 83, 90, 70, 63, 90, 53, 83, 77, 71, 54, 67, 87, 85, 53, 75, 80, 93, 74, 91, 85, 84, 77, 79, 85, 65, 87, 90, 87, 77, 90, 87, 78, 82, 78, 81, 92, 78, 78, 94, 83, 81, 90, 74, 87, 58, 88, 72, 83, 84, 83, 85, 75, 88, 85, 92, 85, 82, 83, 89, 89, 71, 81, 70, 82, 81, 81, 69, 81, 80, 85, 83, 84, 74, 94, 65, 91, 88, 81, 85, 65, 99, 61, 74, 84] 

Average iterations of converged run:
80 

VQE eigenvalues:
[0.0, 0.0, 0.0016999999999999793, 0.0, 0.0, 0.00019999999999997797, 9.999999999998899e-05, 0.00040000000000001146, 0.00019999999999997797, 9.999999999998899e-05, 0.0, 0.0, 0.0008000000000000229, 0.0, 0.0, 0.0, 0.0, 0.0005000000000000004, 9.999999999998899e-05, 0.0, 0.0005000000000000004, 0.0, 0.00040000000000001146, 0.00019999999999997797, 0.0, 0.0, 0.0, 9.999999999998899e-05, 9.999999999998899e-05, 0.0, 0.0, 0.0010999999999999899, 0.0, 0.0, 9.999999999998899e-05, 9.999999999998899e-05, 0.00030000000000002247, 0.0005999999999999894, 0.0030999999999999917, 0.00019999999999997797, 0.0, 0.0, 0.0011999999999999789, 0.0015999999999999903, 0.0, 0.0, 0.0, 0.0009000000000000119, 0.00030000000000002247, 9.999999999998899e-05, 0.0, 9.999999999998899e-05, 0.006900000000000017, 0.0, 0.00019999999999997797, 0.00030000000000002247, 0.0005000000000000004, 9.999999999998899e-05, 9.999999999998899e-05, 0.0005999999999999894, 0.0, 0.0006999999999999784, 0.0, 0.0005000000000000004, 0.00040000000000001146, 0.0, 0.00019999999999997797, 0.00269999999999998, 0.0005000000000000004, 0.00019999999999997797, 9.999999999998899e-05, 0.0005000000000000004, 9.999999999998899e-05, 0.0010000000000000009, 0.00040000000000001146, 0.0005000000000000004, 0.0, 0.003500000000000003, 0.0, 0.0, 0.003500000000000003, 0.0005999999999999894, 0.0, 9.999999999998899e-05, 0.0, 0.00019999999999997797, 0.00030000000000002247, 0.0008000000000000229, 0.0, 0.0010000000000000009, 0.0, 0.0005999999999999894, 0.0, 0.004599999999999993, 0.0, 0.0, 0.0040000000000000036, 0.0, 0.0, 0.0] 

VQE eigenvalues standard deviation:
[0.0, 0.0, 0.00041195994950965487, 0.0, 0.0, 0.0001414072133944981, 9.999499987499087e-05, 0.00019995999599920291, 0.0001414072133944981, 9.999499987499087e-05, 0.0, 0.0, 0.0002827295527531614, 0.0, 0.0, 0.0, 0.0, 0.00022355088906108006, 9.999499987499087e-05, 0.0, 0.00022355088906108006, 0.0, 0.00019995999599920291, 0.0001414072133944981, 0.0, 0.0, 0.0, 9.999499987499087e-05, 9.999499987499087e-05, 0.0, 0.0, 0.00033148001448050956, 0.0, 0.0, 9.999499987499087e-05, 9.999499987499087e-05, 0.00017317909804592886, 0.0002448754785600193, 0.0005559127629403734, 0.0001414072133944981, 0.0, 0.0, 0.0003462022530255959, 0.0003996798718974947, 0.0, 0.0, 0.0, 0.0002998649696113272, 0.00017317909804592886, 9.999499987499087e-05, 0.0, 9.999499987499087e-05, 0.000827791640450664, 0.0, 0.0001414072133944981, 0.00017317909804592886, 0.00022355088906108006, 9.999499987499087e-05, 9.999499987499087e-05, 0.0002448754785600193, 0.0, 0.00026448251359966813, 0.0, 0.00022355088906108006, 0.00019995999599920291, 0.0, 0.0001414072133944981, 0.0005189132875539021, 0.00022355088906108006, 0.0001414072133944981, 9.999499987499087e-05, 0.00022355088906108006, 9.999499987499087e-05, 0.0003160696125855821, 0.00019995999599920291, 0.00022355088906108006, 0.0, 0.0005905717568594024, 0.0, 0.0, 0.0005905717568594024, 0.0002448754785600193, 0.0, 9.999499987499087e-05, 0.0, 0.0001414072133944981, 0.00017317909804592886, 0.0002827295527531614, 0.0, 0.0003160696125855821, 0.0, 0.0002448754785600193, 0.0, 0.0006766712643521964, 0.0, 0.0, 0.0006311893535223813, 0.0, 0.0, 0.0] 

Median VQE eigenvalues:
9.999999999998899e-05 

Min eigenvalue after 100 VQE steps on Aer qasm simulator: 0.00000e+00
Delta from reference energy value is 0.00000e+00 

Optimizer history of the smallest VQE eigenvalue:
[0.6396, 0.9365, 0.3628, 0.3655, 0.2828, 0.09870000000000001, 0.04420000000000002, 0.006000000000000005, 0.3393, 0.006699999999999984, 0.2696, 0.06979999999999997, 0.009500000000000008, 0.00030000000000002247, 0.018400000000000027, 0.0010999999999999899, 0.00019999999999997797, 0.007599999999999996, 9.999999999998899e-05, 0.0005000000000000004, 0.0010000000000000009, 0.00040000000000001146, 0.0014000000000000123, 0.0005999999999999894, 9.999999999998899e-05, 9.999999999998899e-05, 0.00019999999999997797, 0.0, 0.0, 0.0, 0.0, 0.0, 0.0, 0.0, 9.999999999998899e-05, 0.0, 0.0, 0.0, 0.0, 0.0, 0.0, 0.0, 0.0, 0.0, 0.0, 0.00019999999999997797, 9.999999999998899e-05, 0.0, 0.0, 0.0, 0.0, 0.0, 0.0, 9.999999999998899e-05, 0.0, 9.999999999998899e-05, 0.00019999999999997797, 0.0, 0.0, 0.0, 0.0, 0.0, 0.0, 0.0, 0.0, 9.999999999998899e-05, 0.0, 0.0, 0.0, 0.0, 0.0] 

Optimizer history of the smallest VQE eigenvalue standard deviation:
[0.004801164858656699, 0.0024386010333795893, 0.004808078202359026, 0.004815700883568247, 0.004503600337507759, 0.0029825879702030586, 0.002055391933427783, 0.0007722693830523128, 0.00473471762621595, 0.0008157885755512877, 0.004437520028123817, 0.002548096544481782, 0.000970038659023443, 0.00017317909804592886, 0.0013439285695303913, 0.00033148001448050956, 0.0001414072133944981, 0.0008684607072286003, 9.999499987499087e-05, 0.00022355088906108006, 0.0003160696125855821, 0.00019995999599920291, 0.0003739037309254906, 0.0002448754785600193, 9.999499987499087e-05, 9.999499987499087e-05, 0.0001414072133944981, 0.0, 0.0, 0.0, 0.0, 0.0, 0.0, 0.0, 9.999499987499087e-05, 0.0, 0.0, 0.0, 0.0, 0.0, 0.0, 0.0, 0.0, 0.0, 0.0, 0.0001414072133944981, 9.999499987499087e-05, 0.0, 0.0, 0.0, 0.0, 0.0, 0.0, 9.999499987499087e-05, 0.0, 9.999499987499087e-05, 0.0001414072133944981, 0.0, 0.0, 0.0, 0.0, 0.0, 0.0, 0.0, 0.0, 9.999499987499087e-05, 0.0, 0.0, 0.0, 0.0, 0.0] 

Smallest VQE eingenvalue optimizer final message:
{   'aux_operators_evaluated': None,
    'cost_function_evals': 71,
    'eigenvalue': 0.0,
    'optimal_circuit': <qiskit.circuit.library.n_local.real_amplitudes.RealAmplitudes object at 0x000001B5009B8230>,
    'optimal_parameters': {   ParameterVectorElement(θ[0]): -3.1312053437741394,
                              ParameterVectorElement(θ[1]): 2.315987396485204,
                              ParameterVectorElement(θ[2]): -0.9166044280664958,
                              ParameterVectorElement(θ[3]): 2.3148327717620147},
    'optimal_point': array([-3.13120534,  2.3159874 , -0.91660443,  2.31483277]),
    'optimal_value': 0.0,
    'optimizer_evals': None,
    'optimizer_result': <qiskit_algorithms.optimizers.optimizer.OptimizerResult object at 0x000001B500AC2CC0>,
    'optimizer_time': 4.435938358306885}
     ┌──────────┐ ░       ░ ┌──────────┐
q_0: ┤ Ry(θ[0]) ├─░───■───░─┤ Ry(θ[2]) ├
     ├──────────┤ ░ ┌─┴─┐ ░ ├──────────┤
q_1: ┤ Ry(θ[1]) ├─░─┤ X ├─░─┤ Ry(θ[3]) ├
     └──────────┘ ░ └───┘ ░ └──────────┘
The number of ansatz parameters is: 
 4
Line for latex table
RA r1 rl & $1\mathrm{e}{-08}$ & 10000 & 100/100 &80 & $0\mathrm{e}{+00}$ & $0\mathrm{e}{+00}$ & $0\mathrm{e}{+00}$ & $1\mathrm{e}{-04}$ & $1\mathrm{e}{-04}$ & - & 00h 08m 14s\\

