RA_r1_rl
10m28s__102
1e-06
0.0023999999999999577
0.0014000000000000679
0.0022999999999999687
0.0016000000000000458
0.0009000000000001229
0.0016000000000000458
0.005900000000000016
0.0005999999999999339
0.00039999999999995595
0.009600000000000053
0.012199999999999989
0.0045000000000001705
0.01540000000000008
0.42599999999999993
0.0022999999999999687
0.0017000000000000348
0.0024000000000001798
0.011200000000000099
0.484
0.0034000000000000696
0.0022999999999999687
0.006200000000000205
0.001100000000000101
0.0018000000000000238
0.001100000000000101
0.01540000000000008
0.0009000000000001229
0.0
0.0024999999999999467
0.0039000000000000146
0.0008000000000001339
0.03190000000000004
0.00029999999999996696
0.0007999999999999119
0.0012000000000000899
0.0044999999999999485
0.0006999999999999229
0.0045999999999999375
0.0005999999999999339
0.0032000000000000917
0.0020999999999999908
0.0015000000000000568
0.0035000000000000586
0.0020000000000000018
0.00039999999999995595
0.014899999999999913
0.009300000000000086
0.007600000000000051
0.0045999999999999375
0.0049000000000001265
0.0009000000000001229
0.001100000000000101
0.0012000000000000899
0.004100000000000215
0.0012000000000000899
0.4344999999999999
0.0015000000000000568
0.008299999999999974
0.0015000000000000568
0.0032000000000000917
0.0004999999999999449
0.40900000000000003
0.0022999999999999687
0.0026999999999999247
0.002000000000000224
0.0050000000000001155
0.0030000000000001137
0.0034000000000000696
0.000500000000000167
0.011200000000000099
0.00039999999999995595
0.006699999999999928
0.010399999999999965
0.0026999999999999247
0.009800000000000031
0.013400000000000079
0.0017000000000000348
0.006900000000000128
0.000700000000000145
0.01750000000000007
0.0024000000000001798
0.0
0.0009000000000001229
0.0042999999999999705
0.00019999999999997797
0.008600000000000163
0.015100000000000113
0.000600000000000156
0.000700000000000145
0.0005999999999999339
0.0007999999999999119
0.007800000000000029
0.001000000000000112
0.0
0.00039999999999995595
9.999999999998899e-05
0.0039000000000000146
0.01089999999999991
0.001000000000000112
0.010199999999999987
