0.0023999999999999577 0.0004896039215529224
0.0014000000000000679 0.0003740507986891574
0.0022999999999999687 0.00047936520524543565
0.0016000000000000458 0.0003998799819946044
0.0009000000000001229 0.0002999449949573981
0.0016000000000000458 0.0003998299638596368
0.005900000000000016 0.0007673558496551658
0.0005999999999999339 0.00024492039523077284
0.00039999999999995595 0.0001999799989998856
0.009600000000000053 0.0009752753457357567
0.012199999999999989 0.0011016051924351115
0.0045000000000001705 0.0006703155973121905
0.01540000000000008 0.0012377422995114946
0.42599999999999993 0.005311115137143987
0.0022999999999999687 0.00047939440964617366
0.0017000000000000348 0.00041219048994366343
0.0024000000000001798 0.0004893097178679389
0.011200000000000099 0.0010550611356693964
0.484 0.00540771134584678
0.0034000000000000696 0.0005826645690275044
0.0022999999999999687 0.0004791210702943431
0.006200000000000205 0.000786459153421205
0.001100000000000101 0.0003315101808391402
0.0018000000000000238 0.0004240731069049317
0.001100000000000101 0.0003315373282150911
0.01540000000000008 0.0012338808694521545
0.0009000000000001229 0.000299944994957412
0.0 0.0
0.0024999999999999467 0.0004997889554602052
0.0039000000000000146 0.0006238805975505207
0.0008000000000001339 0.000282782602010804
0.03190000000000004 0.0017712625440628501
0.00029999999999996696 0.00017319064639869137
0.0007999999999999119 0.00028277552935145804
0.0012000000000000899 0.0003463322104569561
0.0044999999999999485 0.0006699753726817128
0.0006999999999999229 0.00026453544185987214
0.0045999999999999375 0.0006775868947965269
0.0005999999999999339 0.0002449081460466318
0.0032000000000000917 0.0005650699071796322
0.0020999999999999908 0.00045799235801484943
0.0015000000000000568 0.0003871937499495548
0.0035000000000000586 0.0005909627737852863
0.0020000000000000018 0.000446972034919412
0.00039999999999995595 0.00019998499943744776
0.014899999999999913 0.0012168479773578937
0.009300000000000086 0.0009608938546998823
0.007600000000000051 0.0008704148436234327
0.0045999999999999375 0.0006769239248246421
0.0049000000000001265 0.0006993618519765018
0.0009000000000001229 0.00029994166099426764
0.001100000000000101 0.00033159764776005603
0.0012000000000000899 0.00034628600895791146
0.004100000000000215 0.0006397491695969654
0.0012000000000000899 0.0003462340249022303
0.4344999999999999 0.005339476285180036
0.0015000000000000568 0.00038712917740723143
0.008299999999999974 0.0009086148799133784
0.0015000000000000568 0.00038718341906646034
0.0032000000000000917 0.0005652963824402247
0.0004999999999999449 0.00022357772697654513
0.40900000000000003 0.005454387041639051
0.0022999999999999687 0.00047939023769784584
0.0026999999999999247 0.0005193062680153184
0.002000000000000224 0.0004470167782086051
0.0050000000000001155 0.0007054062659205699
0.0030000000000001137 0.0005472165933156686
0.0034000000000000696 0.0005827538073663721
0.000500000000000167 0.00022358219964925714
0.011200000000000099 0.0010556220914702374
0.00039999999999995595 0.00019997499843730677
0.006699999999999928 0.0008166927206728396
0.010399999999999965 0.0010156879442033385
0.0026999999999999247 0.0005191656768315841
0.009800000000000031 0.0009877388318781455
0.013400000000000079 0.0011549597395580488
0.0017000000000000348 0.0004121395394766161
0.006900000000000128 0.0008281853657243645
0.000700000000000145 0.0002645430021754416
0.01750000000000007 0.001315960105778287
0.0024000000000001798 0.0004896958239560583
0.0 0.0
0.0009000000000001229 0.00029989164709941837
0.0042999999999999705 0.0006545189072899255
0.00019999999999997797 0.00014140721339449809
0.008600000000000163 0.0009246912998401169
0.015100000000000113 0.0012242732538122365
0.000600000000000156 0.00024491222917609256
0.000700000000000145 0.00026448251359966813
0.0005999999999999339 0.00024492039523077284
0.0007999999999999119 0.0002827543103119704
0.007800000000000029 0.000880971055143128
0.001000000000000112 0.00031615502526450423
0.0 0.0
0.00039999999999995595 0.00019995999599920291
9.999999999998899e-05 9.999499987499086e-05
0.0039000000000000146 0.000623511828275932
0.01089999999999991 0.0010387333632843388
0.001000000000000112 0.00031616767703229547
0.010199999999999987 0.0010049855720357377
