With Shot Noise
01/11/2024 18:21:30 

VQEr_100_shots_10000_COBYLA_maxIter_10000_tol_1e-06_RA_r1_rl 

Reference value: 0.0000000000e+00 

Number of pauli strings:  4
Qubits:  3
VQE runs:  100
Optimizer:  COBYLA
Max iterations:  10000
Optimizers's tolerance:  1e-06
Ansatz:  RA_r1_rl 

All run converged!!!
Number of iterations for each converged VQE run:
[113, 134, 106, 98, 105, 96, 110, 91, 91, 90, 107, 85, 103, 94, 96, 84, 92, 98, 85, 117, 102, 97, 99, 94, 101, 102, 96, 105, 100, 100, 101, 92, 107, 151, 106, 109, 118, 109, 124, 100, 98, 103, 125, 93, 88, 88, 108, 99, 115, 97, 115, 111, 101, 108, 101, 91, 107, 88, 98, 100, 120, 86, 99, 95, 93, 111, 102, 122, 101, 104, 103, 100, 100, 99, 98, 101, 102, 108, 96, 105, 99, 94, 101, 89, 99, 123, 95, 111, 115, 98, 100, 95, 93, 111, 116, 134, 104, 95, 105, 86] 

Average iterations of converged run:
102 

VQE eigenvalues:
[0.0023999999999999577, 0.0014000000000000679, 0.0022999999999999687, 0.0016000000000000458, 0.0009000000000001229, 0.0016000000000000458, 0.005900000000000016, 0.0005999999999999339, 0.00039999999999995595, 0.009600000000000053, 0.012199999999999989, 0.0045000000000001705, 0.01540000000000008, 0.42599999999999993, 0.0022999999999999687, 0.0017000000000000348, 0.0024000000000001798, 0.011200000000000099, 0.484, 0.0034000000000000696, 0.0022999999999999687, 0.006200000000000205, 0.001100000000000101, 0.0018000000000000238, 0.001100000000000101, 0.01540000000000008, 0.0009000000000001229, 0.0, 0.0024999999999999467, 0.0039000000000000146, 0.0008000000000001339, 0.03190000000000004, 0.00029999999999996696, 0.0007999999999999119, 0.0012000000000000899, 0.0044999999999999485, 0.0006999999999999229, 0.0045999999999999375, 0.0005999999999999339, 0.0032000000000000917, 0.0020999999999999908, 0.0015000000000000568, 0.0035000000000000586, 0.0020000000000000018, 0.00039999999999995595, 0.014899999999999913, 0.009300000000000086, 0.007600000000000051, 0.0045999999999999375, 0.0049000000000001265, 0.0009000000000001229, 0.001100000000000101, 0.0012000000000000899, 0.004100000000000215, 0.0012000000000000899, 0.4344999999999999, 0.0015000000000000568, 0.008299999999999974, 0.0015000000000000568, 0.0032000000000000917, 0.0004999999999999449, 0.40900000000000003, 0.0022999999999999687, 0.0026999999999999247, 0.002000000000000224, 0.0050000000000001155, 0.0030000000000001137, 0.0034000000000000696, 0.000500000000000167, 0.011200000000000099, 0.00039999999999995595, 0.006699999999999928, 0.010399999999999965, 0.0026999999999999247, 0.009800000000000031, 0.013400000000000079, 0.0017000000000000348, 0.006900000000000128, 0.000700000000000145, 0.01750000000000007, 0.0024000000000001798, 0.0, 0.0009000000000001229, 0.0042999999999999705, 0.00019999999999997797, 0.008600000000000163, 0.015100000000000113, 0.000600000000000156, 0.000700000000000145, 0.0005999999999999339, 0.0007999999999999119, 0.007800000000000029, 0.001000000000000112, 0.0, 0.00039999999999995595, 9.999999999998899e-05, 0.0039000000000000146, 0.01089999999999991, 0.001000000000000112, 0.010199999999999987] 

VQE eigenvalues standard deviation:
[0.0004896039215529224, 0.0003740507986891574, 0.00047936520524543565, 0.0003998799819946044, 0.0002999449949573981, 0.0003998299638596368, 0.0007673558496551658, 0.00024492039523077284, 0.0001999799989998856, 0.0009752753457357567, 0.0011016051924351115, 0.0006703155973121905, 0.0012377422995114946, 0.005311115137143987, 0.00047939440964617366, 0.00041219048994366343, 0.0004893097178679389, 0.0010550611356693964, 0.00540771134584678, 0.0005826645690275044, 0.0004791210702943431, 0.000786459153421205, 0.0003315101808391402, 0.0004240731069049317, 0.0003315373282150911, 0.0012338808694521545, 0.000299944994957412, 0.0, 0.0004997889554602052, 0.0006238805975505207, 0.000282782602010804, 0.0017712625440628501, 0.00017319064639869137, 0.00028277552935145804, 0.0003463322104569561, 0.0006699753726817128, 0.00026453544185987214, 0.0006775868947965269, 0.0002449081460466318, 0.0005650699071796322, 0.00045799235801484943, 0.0003871937499495548, 0.0005909627737852863, 0.000446972034919412, 0.00019998499943744776, 0.0012168479773578937, 0.0009608938546998823, 0.0008704148436234327, 0.0006769239248246421, 0.0006993618519765018, 0.00029994166099426764, 0.00033159764776005603, 0.00034628600895791146, 0.0006397491695969654, 0.0003462340249022303, 0.005339476285180036, 0.00038712917740723143, 0.0009086148799133784, 0.00038718341906646034, 0.0005652963824402247, 0.00022357772697654513, 0.005454387041639051, 0.00047939023769784584, 0.0005193062680153184, 0.0004470167782086051, 0.0007054062659205699, 0.0005472165933156686, 0.0005827538073663721, 0.00022358219964925714, 0.0010556220914702374, 0.00019997499843730677, 0.0008166927206728396, 0.0010156879442033385, 0.0005191656768315841, 0.0009877388318781455, 0.0011549597395580488, 0.0004121395394766161, 0.0008281853657243645, 0.0002645430021754416, 0.001315960105778287, 0.0004896958239560583, 0.0, 0.00029989164709941837, 0.0006545189072899255, 0.00014140721339449809, 0.0009246912998401169, 0.0012242732538122365, 0.00024491222917609256, 0.00026448251359966813, 0.00024492039523077284, 0.0002827543103119704, 0.000880971055143128, 0.00031615502526450423, 0.0, 0.00019995999599920291, 9.999499987499086e-05, 0.000623511828275932, 0.0010387333632843388, 0.00031616767703229547, 0.0010049855720357377] 

Median VQE eigenvalues:
0.0023499999999999632 

Min eigenvalue after 100 VQE steps on Aer qasm simulator: 0.00000e+00
Delta from reference energy value is 0.00000e+00 

Optimizer history of the smallest VQE eigenvalue:
[1.7345, 1.9531, 1.5705, 1.0010000000000001, 0.6373, 0.6903000000000001, 0.8283, 0.20910000000000006, 0.6521000000000001, 0.18090000000000006, 0.14880000000000004, 0.22710000000000008, 0.1493000000000002, 0.2792000000000001, 0.2663000000000002, 0.11260000000000003, 0.22449999999999992, 0.14900000000000002, 0.07540000000000013, 0.1605000000000001, 0.14749999999999996, 0.046800000000000175, 0.029400000000000093, 0.0665, 0.016199999999999992, 0.015700000000000047, 0.031300000000000106, 0.01980000000000004, 0.017800000000000038, 0.05180000000000007, 0.013800000000000034, 0.013400000000000079, 0.01419999999999999, 0.02190000000000003, 0.0032000000000000917, 0.01110000000000011, 0.009800000000000031, 0.0037000000000000366, 0.007100000000000106, 0.0026000000000001577, 0.0015000000000000568, 0.0034000000000000696, 0.0034000000000000696, 0.0022999999999999687, 0.0009000000000001229, 0.0022999999999999687, 0.0016000000000000458, 0.00039999999999995595, 0.000500000000000167, 0.0004999999999999449, 0.000300000000000189, 9.999999999998899e-05, 0.00019999999999997797, 9.999999999998899e-05, 0.00019999999999997797, 0.0008000000000001339, 0.00039999999999995595, 0.00019999999999997797, 0.00019999999999997797, 0.000500000000000167, 0.0, 9.999999999998899e-05, 0.00029999999999996696, 0.0005999999999999339, 9.999999999998899e-05, 9.999999999998899e-05, 0.0005999999999999339, 0.00019999999999997797, 0.00039999999999995595, 0.00019999999999997797, 0.00019999999999997797, 9.999999999998899e-05, 0.00029999999999996696, 0.0004999999999999449, 0.0, 0.0004999999999999449, 9.999999999998899e-05, 9.999999999998899e-05, 9.999999999998899e-05, 0.00029999999999996696, 9.999999999998899e-05, 9.999999999998899e-05, 0.00019999999999997797, 9.999999999998899e-05, 9.999999999998899e-05, 0.00029999999999996696, 0.0, 9.999999999998899e-05, 0.00019999999999997797, 0.0, 0.00019999999999997797, 0.00019999999999997797, 0.00029999999999996696, 0.00019999999999997797, 9.999999999998899e-05, 0.0005999999999999339, 0.00019999999999997797, 9.999999999998899e-05, 0.00019999999999997797, 0.00039999999999995595, 0.00039999999999995595, 0.00029999999999996696, 0.0, 0.0, 0.0] 

Optimizer history of the smallest VQE eigenvalue standard deviation:
[0.008552409192736279, 0.00787348747379457, 0.008485669743750342, 0.005153916374952159, 0.0062867774733960475, 0.006846803268679479, 0.0072291722209392685, 0.004271410422799477, 0.006784965659456207, 0.004011093491804946, 0.00371987634203074, 0.004580812700820674, 0.003719942875905489, 0.004954591405958719, 0.004884328101182393, 0.003258429990041216, 0.0044557842182942385, 0.0037342967209368885, 0.002699270642229119, 0.0038373765778198002, 0.0036996111957880115, 0.002145878374931812, 0.0017055515237013503, 0.002543369222114634, 0.0012691997478726511, 0.0012492137527260914, 0.0017586713735089905, 0.001401051747795205, 0.0013292832655231925, 0.002256105937229013, 0.0011709602896768092, 0.001154835919081149, 0.0011878669959216805, 0.0014739725234888198, 0.0005653299921284876, 0.0010515678770293424, 0.0009881042455125852, 0.0006078116484569903, 0.0008415966967615785, 0.0005096802919478122, 0.00038713692668098623, 0.0005827074737808062, 0.0005826165119527556, 0.00047939023769784584, 0.0002999516627725204, 0.00047931305010400036, 0.0003998799819946044, 0.00019998499943744773, 0.00022357772697654513, 0.0002235866722324783, 0.00017317909804592886, 9.999499987499087e-05, 0.0001414072133944981, 9.999499987499087e-05, 0.00014141428499270803, 0.0002828038189275385, 0.00019998499943744776, 0.00014141428499270803, 0.0001414072133944981, 0.00022358219964925714, 0.0, 9.999499987499087e-05, 0.00017319064639869137, 0.00024492039523077284, 9.999499987499087e-05, 9.999499987499087e-05, 0.0002448958962498121, 0.00014141428499270803, 0.0001999749984373068, 0.0001414072133944981, 0.00014141428499270803, 9.999499987499087e-05, 0.0001731964202863277, 0.00022357772697654513, 0.0, 0.00022357772697654513, 9.999499987499087e-05, 9.999499987499086e-05, 9.999499987499087e-05, 0.00017319064639869137, 9.999499987499087e-05, 9.999499987499087e-05, 0.00014141428499270803, 9.999499987499086e-05, 9.999499987499087e-05, 0.0001731964202863277, 0.0, 9.999499987499087e-05, 0.0001414072133944981, 0.0, 0.00014141428499270803, 0.0001414072133944981, 0.00017317909804592886, 0.00014141428499270803, 9.999499987499087e-05, 0.00024492039523077284, 0.00014141428499270803, 9.999499987499087e-05, 0.0001414072133944981, 0.00019998499943744776, 0.00019998499943744776, 0.00017317909804592886, 0.0, 0.0, 0.0] 

Smallest VQE eingenvalue optimizer final message:
{   'aux_operators_evaluated': None,
    'cost_function_evals': 105,
    'eigenvalue': 0.0,
    'optimal_circuit': <qiskit.circuit.library.n_local.real_amplitudes.RealAmplitudes object at 0x00000200F39D79E0>,
    'optimal_parameters': {   ParameterVectorElement(θ[0]): -4.236623962547996,
                              ParameterVectorElement(θ[1]): -1.5764724025860937,
                              ParameterVectorElement(θ[2]): 1.5575238832502334,
                              ParameterVectorElement(θ[3]): 2.0383199978375086,
                              ParameterVectorElement(θ[4]): 1.5663601616244025,
                              ParameterVectorElement(θ[5]): 1.5905751682395053},
    'optimal_point': array([-4.23662396, -1.5764724 ,  1.55752388,  2.03832   ,  1.56636016,
        1.59057517]),
    'optimal_value': 0.0,
    'optimizer_evals': None,
    'optimizer_result': <qiskit_algorithms.optimizers.optimizer.OptimizerResult object at 0x00000200F39D0290>,
    'optimizer_time': 7.1909027099609375}
     ┌──────────┐ ░            ░ ┌──────────┐
q_0: ┤ Ry(θ[0]) ├─░────────■───░─┤ Ry(θ[3]) ├
     ├──────────┤ ░      ┌─┴─┐ ░ ├──────────┤
q_1: ┤ Ry(θ[1]) ├─░───■──┤ X ├─░─┤ Ry(θ[4]) ├
     ├──────────┤ ░ ┌─┴─┐└───┘ ░ ├──────────┤
q_2: ┤ Ry(θ[2]) ├─░─┤ X ├──────░─┤ Ry(θ[5]) ├
     └──────────┘ ░ └───┘      ░ └──────────┘
The number of ansatz parameters is: 
 6
Line for latex table
RA r1 rl & $1\mathrm{e}{-06}$ & 10000 & 100/100 &102 & $0\mathrm{e}{+00}$ & $0\mathrm{e}{+00}$ & $0\mathrm{e}{+00}$ & $2.35\mathrm{e}{-03}$ & $2.35\mathrm{e}{-03}$ & - & 00h 10m 28s\\

