0.06400000000000183 0.006098519164518535
0.3508999999999993 0.012382467565069602
1.1689999999999987 0.01244473607594793
0.5905000000000005 0.02036761539797921
0.7859000000000016 0.016501134294344723
0.11849999999999916 0.005703004909694536
0.4538999999999991 0.01946561206332851
0.1495999999999995 0.011475527351716775
1.0258000000000003 0.015281826068896371
0.011099999999999 0.0022750945035316713
0.6520000000000028 0.017777644275887614
0.10390000000000299 0.009828678802361998
0.7068999999999992 0.01471334377359547
0.8749000000000002 0.018289749178159898
0.023700000000003385 0.004684199077750645
0.5544999999999991 0.01984801196593753
0.2301000000000002 0.012023862898419982
1.176300000000003 0.02314029301888808
2.8588000000000022 0.03232768800888799
0.10269999999999868 0.008690742718548302
0.07690000000000197 0.008979934687958517
0.130099999999997 0.009301246421851192
0.14830000000000076 0.0067364812031208325
0.07519999999999705 0.005473248395605636
0.22959999999999958 0.016090578236968363
0.16709999999999958 0.012304703287767659
0.9994999999999976 0.009492427139567605
1.1493000000000002 0.02068817461739919
0.758799999999999 0.020497934530093513
0.08650000000000091 0.008515773423477204
0.15310000000000024 0.012616082395101898
0.21399999999999864 0.015477701121290585
0.041999999999999815 0.005362671722192213
1.0222000000000016 0.011058744955916109
0.3522999999999996 0.018017159237793276
0.20339999999999847 0.011009633236398026
0.05310000000000059 0.004537742059659112
0.3644999999999978 0.01712342608825699
0.07279999999999909 0.008321484723293091
0.20250000000000234 0.004687821988941135
0.6704000000000008 0.012475398350353384
1.3825000000000003 0.023653029594536083
0.1377999999999986 0.011938501413494066
0.10000000000000142 0.01052240048658098
0.061899999999997846 0.008491008479562351
0.10999999999999943 0.009252628167174957
0.8294999999999959 0.014630719018558178
6.562800000000001 0.04557275554539138
0.49470000000000347 0.00686548883911406
0.13789999999999836 0.011178474448689295
0.11059999999999981 0.01005399502685373
0.46369999999999933 0.017169257671780708
0.06650000000000134 0.0063590680921027576
0.11000000000000121 0.010583664771713075
0.6941999999999968 0.022218684659538235
1.3478999999999992 0.02278130178457763
0.12429999999999986 0.009868706855510525
0.20300000000000296 0.015156884244461306
0.7499999999999982 0.019088323446547102
0.5141999999999989 0.016459257091375665
1.2066999999999979 0.02315310054830669
0.14569999999999617 0.005705705127326504
0.09170000000000122 0.009954486174584802
0.4698999999999991 0.009265360273621315
0.1476000000000024 0.01072916343430371
0.047900000000000276 0.005571775749256223
0.7369000000000003 0.019232886860791314
0.04820000000000135 0.005658541154750042
0.19509999999999827 0.014826785322516805
0.4341999999999988 0.01573441959526949
0.23139999999999894 0.013650399554591793
0.44370000000000154 0.01819515328322352
2.210099999999999 0.026654448540534472
0.06070000000000064 0.0075376190537861714
0.3893000000000022 0.016372713367062922
0.1335000000000015 0.012627658175607997
0.3060000000000027 0.013835855448796798
2.1119999999999983 0.02779136052804901
0.032399999999999096 0.00467259328424804
0.5844999999999967 0.019805766660243154
0.14849999999999852 0.009044650186712572
1.1317000000000004 0.02025990288723023
0.19910000000000316 0.015238030548597797
0.03610000000000113 0.0052773511348023616
0.31869999999999976 0.01804157678807483
0.5408999999999988 0.012855250872697885
0.2862000000000009 0.013147245490976407
0.9500000000000011 0.008622296909756742
0.0970999999999993 0.005648881393692045
1.065100000000001 0.022700155968627178
0.3570999999999991 0.009078995263794321
0.20149999999999935 0.01377538010364866
0.2588999999999988 0.01363900388591481
0.0470000000000006 0.005509295417746202
0.098800000000006 0.008445218765668554
1.1611000000000011 0.023543255658468307
0.13319999999999688 0.010358908822844218
2.1246000000000027 0.023839210137921937
0.09609999999999985 0.00790949258802361
0.08280000000000065 0.009793274018427126
