With Shot Noise
02/11/2024 00:50:35 

VQEr_100_shots_10000_COBYLA_maxIter_10000_tol_1e-02_RA_r1_rl 

Reference value: 0.0000000000e+00 

Number of pauli strings:  32
Qubits:  6
VQE runs:  100
Optimizer:  COBYLA
Max iterations:  10000
Optimizers's tolerance:  1e-02
Ansatz:  RA_r1_rl 

All run converged!!!
Number of iterations for each converged VQE run:
[112, 131, 151, 142, 136, 132, 179, 264, 117, 140, 88, 111, 133, 90, 111, 159, 130, 117, 109, 174, 207, 129, 108, 161, 175, 174, 138, 135, 134, 133, 98, 149, 94, 96, 115, 133, 130, 150, 128, 169, 137, 94, 146, 122, 135, 93, 143, 102, 136, 104, 102, 171, 135, 171, 145, 107, 156, 174, 126, 143, 101, 176, 148, 121, 125, 163, 127, 96, 150, 171, 235, 137, 158, 125, 138, 137, 150, 111, 145, 163, 149, 130, 115, 149, 144, 136, 131, 98, 133, 132, 188, 111, 105, 132, 183, 137, 136, 144, 148, 160] 

Average iterations of converged run:
138 

VQE eigenvalues:
[0.06400000000000183, 0.3508999999999993, 1.1689999999999987, 0.5905000000000005, 0.7859000000000016, 0.11849999999999916, 0.4538999999999991, 0.1495999999999995, 1.0258000000000003, 0.011099999999999, 0.6520000000000028, 0.10390000000000299, 0.7068999999999992, 0.8749000000000002, 0.023700000000003385, 0.5544999999999991, 0.2301000000000002, 1.176300000000003, 2.8588000000000022, 0.10269999999999868, 0.07690000000000197, 0.130099999999997, 0.14830000000000076, 0.07519999999999705, 0.22959999999999958, 0.16709999999999958, 0.9994999999999976, 1.1493000000000002, 0.758799999999999, 0.08650000000000091, 0.15310000000000024, 0.21399999999999864, 0.041999999999999815, 1.0222000000000016, 0.3522999999999996, 0.20339999999999847, 0.05310000000000059, 0.3644999999999978, 0.07279999999999909, 0.20250000000000234, 0.6704000000000008, 1.3825000000000003, 0.1377999999999986, 0.10000000000000142, 0.061899999999997846, 0.10999999999999943, 0.8294999999999959, 6.562800000000001, 0.49470000000000347, 0.13789999999999836, 0.11059999999999981, 0.46369999999999933, 0.06650000000000134, 0.11000000000000121, 0.6941999999999968, 1.3478999999999992, 0.12429999999999986, 0.20300000000000296, 0.7499999999999982, 0.5141999999999989, 1.2066999999999979, 0.14569999999999617, 0.09170000000000122, 0.4698999999999991, 0.1476000000000024, 0.047900000000000276, 0.7369000000000003, 0.04820000000000135, 0.19509999999999827, 0.4341999999999988, 0.23139999999999894, 0.44370000000000154, 2.210099999999999, 0.06070000000000064, 0.3893000000000022, 0.1335000000000015, 0.3060000000000027, 2.1119999999999983, 0.032399999999999096, 0.5844999999999967, 0.14849999999999852, 1.1317000000000004, 0.19910000000000316, 0.03610000000000113, 0.31869999999999976, 0.5408999999999988, 0.2862000000000009, 0.9500000000000011, 0.0970999999999993, 1.065100000000001, 0.3570999999999991, 0.20149999999999935, 0.2588999999999988, 0.0470000000000006, 0.098800000000006, 1.1611000000000011, 0.13319999999999688, 2.1246000000000027, 0.09609999999999985, 0.08280000000000065] 

VQE eigenvalues standard deviation:
[0.006098519164518535, 0.012382467565069602, 0.01244473607594793, 0.02036761539797921, 0.016501134294344723, 0.005703004909694536, 0.01946561206332851, 0.011475527351716775, 0.015281826068896371, 0.0022750945035316713, 0.017777644275887614, 0.009828678802361998, 0.01471334377359547, 0.018289749178159898, 0.004684199077750645, 0.01984801196593753, 0.012023862898419982, 0.02314029301888808, 0.03232768800888799, 0.008690742718548302, 0.008979934687958517, 0.009301246421851192, 0.0067364812031208325, 0.005473248395605636, 0.016090578236968363, 0.012304703287767659, 0.009492427139567605, 0.02068817461739919, 0.020497934530093513, 0.008515773423477204, 0.012616082395101898, 0.015477701121290585, 0.005362671722192213, 0.011058744955916109, 0.018017159237793276, 0.011009633236398026, 0.004537742059659112, 0.01712342608825699, 0.008321484723293091, 0.004687821988941135, 0.012475398350353384, 0.023653029594536083, 0.011938501413494066, 0.01052240048658098, 0.008491008479562351, 0.009252628167174957, 0.014630719018558178, 0.04557275554539138, 0.00686548883911406, 0.011178474448689295, 0.01005399502685373, 0.017169257671780708, 0.0063590680921027576, 0.010583664771713075, 0.022218684659538235, 0.02278130178457763, 0.009868706855510525, 0.015156884244461306, 0.019088323446547102, 0.016459257091375665, 0.02315310054830669, 0.005705705127326504, 0.009954486174584802, 0.009265360273621315, 0.01072916343430371, 0.005571775749256223, 0.019232886860791314, 0.005658541154750042, 0.014826785322516805, 0.01573441959526949, 0.013650399554591793, 0.01819515328322352, 0.026654448540534472, 0.0075376190537861714, 0.016372713367062922, 0.012627658175607997, 0.013835855448796798, 0.02779136052804901, 0.00467259328424804, 0.019805766660243154, 0.009044650186712572, 0.02025990288723023, 0.015238030548597797, 0.0052773511348023616, 0.01804157678807483, 0.012855250872697885, 0.013147245490976407, 0.008622296909756742, 0.005648881393692045, 0.022700155968627178, 0.009078995263794321, 0.01377538010364866, 0.01363900388591481, 0.005509295417746202, 0.008445218765668554, 0.023543255658468307, 0.010358908822844218, 0.023839210137921937, 0.00790949258802361, 0.009793274018427126] 

Median VQE eigenvalues:
0.2298499999999999 

Min eigenvalue after 100 VQE steps on Aer qasm simulator: 1.11000e-02
Delta from reference energy value is 1.11000e-02 

Optimizer history of the smallest VQE eigenvalue:
[14.231300000000001, 13.7085, 13.749, 11.715, 6.201499999999998, 11.8368, 7.817800000000001, 5.984400000000001, 6.2331, 5.177600000000002, 4.215999999999999, 4.666600000000001, 4.514100000000001, 3.9031999999999982, 3.7281000000000013, 8.294, 4.4819999999999975, 8.4972, 3.5725999999999978, 4.6187000000000005, 3.795099999999998, 7.989600000000001, 3.646899999999997, 6.4923, 3.497600000000004, 4.042, 2.8378999999999994, 2.281500000000001, 2.1242, 2.807000000000004, 3.3095999999999997, 1.9162999999999997, 1.6362000000000005, 1.3943999999999992, 0.6804000000000006, 0.8877999999999986, 0.9355999999999973, 0.7884999999999973, 0.7204000000000033, 1.0070999999999977, 1.1845999999999997, 1.3366000000000007, 0.7063999999999968, 0.6638999999999999, 0.7160000000000011, 0.5352999999999994, 0.5192999999999994, 0.6218000000000004, 0.678799999999999, 0.5135000000000005, 0.3478999999999992, 0.43950000000000244, 0.43049999999999855, 0.5502000000000002, 0.4327000000000023, 0.40389999999999837, 0.4914000000000005, 0.33610000000000184, 0.4064000000000014, 0.36019999999999897, 0.30569999999999986, 0.30460000000000065, 0.27399999999999736, 0.277000000000001, 0.30620000000000047, 0.27209999999999823, 0.2627999999999986, 0.2527999999999988, 0.25790000000000113, 0.2931000000000008, 0.1673999999999971, 0.1477000000000004, 0.08360000000000234, 0.17260000000000275, 0.12059999999999782, 0.08009999999999806, 0.08250000000000135, 0.16739999999999888, 0.10919999999999952, 0.07259999999999778, 0.07850000000000357, 0.07229999999999848, 0.08290000000000042, 0.1583000000000041, 0.08009999999999984, 0.04669999999999952, 0.08980000000000388, 0.031000000000004135, 0.03969999999999807, 0.10939999999999905, 0.031800000000000495, 0.04259999999999842, 0.027199999999997004, 0.04260000000000019, 0.033299999999998775, 0.04330000000000034, 0.03980000000000139, 0.020199999999999108, 0.011899999999995359, 0.03630000000000244, 0.018000000000000682, 0.009100000000000108, 0.010299999999997311, 0.019699999999998496, 0.012000000000000455, 0.025599999999998957, 0.01150000000000162, 0.014200000000000657, 0.006700000000000372, 0.02289999999999992, 0.008300000000000196, 0.011399999999996524, 0.009499999999999176, 0.009700000000000486, 0.011100000000004329, 0.006599999999998829, 0.011400000000001853, 0.0051000000000005485, 0.010799999999997922, 0.007799999999999585, 0.009799999999998477, 0.0045999999999999375, 0.00990000000000002, 0.012000000000000455, 0.011400000000000077, 0.007900000000001128, 0.008199999999998653, 0.012000000000000455, 0.007799999999999585, 0.011000000000002785, 0.00820000000000043, 0.009200000000001651, 0.008000000000000895, 0.012000000000000455, 0.005099999999998772, 0.010600000000000165, 0.011000000000002785, 0.008599999999999497, 0.005499999999999616, 0.011099999999999] 

Optimizer history of the smallest VQE eigenvalue standard deviation:
[0.07765956355143905, 0.07737204008555028, 0.07788129870514486, 0.07906941095012661, 0.05611845485221417, 0.08620050125144284, 0.0709900546273913, 0.05594012306028652, 0.05683035951848272, 0.05528311445640522, 0.05229710653563923, 0.057615985455427204, 0.051608886492541195, 0.04711923361006628, 0.0451411702661772, 0.07160864696389675, 0.04683446056057441, 0.05617968604397856, 0.04437044597477018, 0.06328716472555869, 0.04559511865320673, 0.05836832051721207, 0.0477782860826966, 0.07546962307445294, 0.04511926621743754, 0.04794663971541696, 0.03866236522769914, 0.03360075066125756, 0.04164185029510577, 0.05045787946396479, 0.047756215595459395, 0.03917422822468875, 0.03753331618708904, 0.03417184689184945, 0.022792960755461323, 0.02421127952009146, 0.025647747659394975, 0.02313942780191421, 0.023685029871207682, 0.028775490769055525, 0.03564398855347139, 0.032830161559151666, 0.022566252502354042, 0.02082479145153678, 0.022127366314136875, 0.017855142592541798, 0.019205216817312944, 0.022668996448894682, 0.02411701872122671, 0.018536747584190716, 0.014535395522654369, 0.016083396003332123, 0.016150144612355633, 0.01881103516556172, 0.01670599763557987, 0.016227501440455937, 0.01873550383629967, 0.013877748340418914, 0.017424172405023995, 0.014258327251118901, 0.013939013415590092, 0.013140421302226186, 0.012184942839422758, 0.012289754432046255, 0.012988177855265145, 0.011738341151968638, 0.012463346902016323, 0.012378934364475798, 0.01268032771658524, 0.013436398289720378, 0.010362576127585251, 0.010358763584521109, 0.007685695544321306, 0.014195717664140843, 0.010027681885660292, 0.008041366612709605, 0.00838426412990432, 0.01334207659998999, 0.009879868015312798, 0.007307263235986548, 0.008084128091513673, 0.00798824455058806, 0.008625840654684006, 0.012860392490122545, 0.009077624083426284, 0.005676855027213508, 0.00829549516303883, 0.0041458654102611864, 0.004674959572017705, 0.011209307739552898, 0.004374608553916574, 0.00607849751172112, 0.00375917118524813, 0.005970358783188879, 0.0045075828334042115, 0.004646594774671002, 0.005245216868729064, 0.003381122890401928, 0.0024605753392245478, 0.006380392072592431, 0.0029405564099333264, 0.002417105086668727, 0.002533941790965188, 0.003915613744995828, 0.002978703073486737, 0.004584187605236097, 0.002756675715422416, 0.0038277142004073186, 0.001750414522334637, 0.004962116383157563, 0.002337887294118301, 0.0029754482015318835, 0.0019395450497474924, 0.002800852905812676, 0.002943261626155445, 0.0017707015558811805, 0.0025036245724948617, 0.0015187458641918953, 0.002372778961471095, 0.001911179740369798, 0.0021376239145368963, 0.0014890923409916525, 0.002490572424162726, 0.002784311764152847, 0.0032578864314153594, 0.0019499305115823924, 0.001937216559912714, 0.0023125241620359357, 0.0019321200790841208, 0.0023212996359798063, 0.0019369109427126556, 0.0020998266595126294, 0.001916400793153657, 0.0027253153945919406, 0.0015832185572434304, 0.002579000581620689, 0.0026400356058204604, 0.0020179217031391487, 0.0016266158120465798, 0.0022750945035316713] 

Smallest VQE eingenvalue optimizer final message:
{   'aux_operators_evaluated': None,
    'cost_function_evals': 140,
    'eigenvalue': 0.011099999999999,
    'optimal_circuit': <qiskit.circuit.library.n_local.real_amplitudes.RealAmplitudes object at 0x000001FDB24BEEA0>,
    'optimal_parameters': {   ParameterVectorElement(θ[0]): 3.2328009759386265,
                              ParameterVectorElement(θ[1]): 0.030336690397334675,
                              ParameterVectorElement(θ[2]): -0.0014562079882276956,
                              ParameterVectorElement(θ[3]): 3.1488180685470435,
                              ParameterVectorElement(θ[4]): 0.31095145368894384,
                              ParameterVectorElement(θ[5]): 1.559275854051739,
                              ParameterVectorElement(θ[6]): 3.1463720523364205,
                              ParameterVectorElement(θ[7]): -3.150423990069806,
                              ParameterVectorElement(θ[8]): 0.00036048477412426523,
                              ParameterVectorElement(θ[9]): 3.134758289243483,
                              ParameterVectorElement(θ[10]): -2.8357378561339575,
                              ParameterVectorElement(θ[11]): 1.538562115180892},
    'optimal_point': array([ 3.23280098e+00,  3.03366904e-02, -1.45620799e-03,  3.14881807e+00,
        3.10951454e-01,  1.55927585e+00,  3.14637205e+00, -3.15042399e+00,
        3.60484774e-04,  3.13475829e+00, -2.83573786e+00,  1.53856212e+00]),
    'optimal_value': 0.011099999999999,
    'optimizer_evals': None,
    'optimizer_result': <qiskit_algorithms.optimizers.optimizer.OptimizerResult object at 0x000001FDB24BE330>,
    'optimizer_time': 12.193807125091553}
     ┌──────────┐ ░                           ░  ┌──────────┐
q_0: ┤ Ry(θ[0]) ├─░───────────────────────■───░──┤ Ry(θ[6]) ├
     ├──────────┤ ░                     ┌─┴─┐ ░  ├──────────┤
q_1: ┤ Ry(θ[1]) ├─░──────────────────■──┤ X ├─░──┤ Ry(θ[7]) ├
     ├──────────┤ ░                ┌─┴─┐└───┘ ░  ├──────────┤
q_2: ┤ Ry(θ[2]) ├─░─────────────■──┤ X ├──────░──┤ Ry(θ[8]) ├
     ├──────────┤ ░           ┌─┴─┐└───┘      ░  ├──────────┤
q_3: ┤ Ry(θ[3]) ├─░────────■──┤ X ├───────────░──┤ Ry(θ[9]) ├
     ├──────────┤ ░      ┌─┴─┐└───┘           ░ ┌┴──────────┤
q_4: ┤ Ry(θ[4]) ├─░───■──┤ X ├────────────────░─┤ Ry(θ[10]) ├
     ├──────────┤ ░ ┌─┴─┐└───┘                ░ ├───────────┤
q_5: ┤ Ry(θ[5]) ├─░─┤ X ├─────────────────────░─┤ Ry(θ[11]) ├
     └──────────┘ ░ └───┘                     ░ └───────────┘
The number of ansatz parameters is: 
 12
Line for latex table
RA r1 rl & $1\mathrm{e}{-02}$ & 10000 & 100/100 &138 & $1.11\mathrm{e}{-02}$ & $2.2751\mathrm{e}{-03}$ & $1.11\mathrm{e}{-02}$ & $2.2985\mathrm{e}{-01}$ & $2.2985\mathrm{e}{-01}$ & - & 00h 29m 32s\\

