RA_r1_rl
15m44s__1472
1e-05
0.9169079191317865
0.9169484569925492
0.8934216078843406
0.9054855478702137
0.8934331702704145
0.8934077982076234
0.9169093190787126
0.9169079162771573
0.9169079160732204
0.893481247772431
0.916907923454815
0.9169079171831499
0.9054855527767918
0.8934218916298806
0.8934217056321431
0.8934218020159034
0.8934216022547875
0.8921807805716179
0.9169201528712785
0.9169079202305103
0.905485557962615
0.9169079171018215
0.916907920310883
0.9169336825724504
0.916907919408517
0.9169715856126558
0.9054855548405863
0.8934216556310741
0.8934322741462576
0.893445644943682
0.9169079235059129
0.893421570614526
0.9054855549946619
0.8934215899800044
0.9054855482444608
0.8934153062142088
0.8934384807838133
0.8934215971324958
0.8934390280998826
0.9168208656129299
0.8934069715760238
0.9168874386642547
0.8934240001520319
0.9054855394186396
0.9168781837564142
0.9168641187153397
0.9054855510063935
0.89342159746755
0.8934216015255471
0.8934053747158821
0.9054855497188194
0.9054855456264577
0.9170078565219232
0.8934215987136391
0.893450292922084
0.8934277243292968
0.8934870499828171
0.8934215959857701
0.9169079183490011
0.893421542531234
0.8934215982007753
0.8934215983679172
0.9169079229083994
0.9169079190143067
0.9054855389863185
0.9169079208207433
0.9054855773866798
0.8934215974340882
0.9169747302952986
0.9054855489579154
0.8934215107690242
0.916918651363952
0.9054855349958761
0.9054855459889554
0.9169079175998621
0.9054855408677449
