No Shot Noise
31/10/2024 19:15:37 

VQEr_100_COBYLA_maxIter_10000_tol_1e-05_RA_r1_rl 

Reference value: 8.8458044387e-01 

Qubits:  4
VQE runs:  100
Optimizer:  COBYLA
Max iterations:  10000
Optimizers's tolerance:  1e-05
Ansatz:  RA_r1_rl 

Only 76 runs out of 100 converged
Number of iterations for each converged VQE run:
[637, 935, 657, 2879, 970, 1460, 5569, 624, 582, 1913, 681, 499, 1413, 4281, 920, 867, 1283, 903, 1784, 703, 1941, 483, 433, 1504, 616, 1190, 5510, 1305, 809, 690, 554, 657, 2710, 1554, 1797, 1140, 1021, 619, 767, 876, 1137, 1641, 1064, 2010, 1411, 1012, 2575, 802, 671, 1040, 3694, 1108, 5130, 610, 1036, 955, 2785, 756, 672, 1078, 646, 608, 510, 632, 5895, 392, 1512, 363, 1012, 4239, 947, 561, 3179, 2001, 538, 1888] 

Average iterations of converged run:
1472 

VQE eigenvalues:
[0.9169079191317865, 0.9169484569925492, 0.8934216078843406, 0.9054855478702137, 0.8934331702704145, 0.8934077982076234, 0.9169093190787126, 0.9169079162771573, 0.9169079160732204, 0.893481247772431, 0.916907923454815, 0.9169079171831499, 0.9054855527767918, 0.8934218916298806, 0.8934217056321431, 0.8934218020159034, 0.8934216022547875, 0.8921807805716179, 0.9169201528712785, 0.9169079202305103, 0.905485557962615, 0.9169079171018215, 0.916907920310883, 0.9169336825724504, 0.916907919408517, 0.9169715856126558, 0.9054855548405863, 0.8934216556310741, 0.8934322741462576, 0.893445644943682, 0.9169079235059129, 0.893421570614526, 0.9054855549946619, 0.8934215899800044, 0.9054855482444608, 0.8934153062142088, 0.8934384807838133, 0.8934215971324958, 0.8934390280998826, 0.9168208656129299, 0.8934069715760238, 0.9168874386642547, 0.8934240001520319, 0.9054855394186396, 0.9168781837564142, 0.9168641187153397, 0.9054855510063935, 0.89342159746755, 0.8934216015255471, 0.8934053747158821, 0.9054855497188194, 0.9054855456264577, 0.9170078565219232, 0.8934215987136391, 0.893450292922084, 0.8934277243292968, 0.8934870499828171, 0.8934215959857701, 0.9169079183490011, 0.893421542531234, 0.8934215982007753, 0.8934215983679172, 0.9169079229083994, 0.9169079190143067, 0.9054855389863185, 0.9169079208207433, 0.9054855773866798, 0.8934215974340882, 0.9169747302952986, 0.9054855489579154, 0.8934215107690242, 0.916918651363952, 0.9054855349958761, 0.9054855459889554, 0.9169079175998621, 0.9054855408677449] 

Median VQE eigenvalues:
0.9054855458077065 

Min eigenvalue after 100 VQE steps on Aer qasm simulator: 8.92181e-01
Delta from reference energy value is 7.60034e-03 

Optimizer history of the smallest VQE eigenvalue:
[38.255741761669825, 28.13739521804737, 26.405071039015862, 51.8509431811737, 29.87721479859398, 21.482405531851985, 13.970021266007198, 8.189847830313916, 7.770076210318458, 4.9441863664073304, 5.34163775806738, 22.738945595794355, 5.3921708979148635, 7.423045360392915, 5.863403076739273, 3.20464127583111, 2.750316800851938, 2.6414934233496843, 4.771087864742376, 3.0895980996323056, 4.171083890989876, 2.744666733892494, 2.341958243123979, 2.8851497387598357, 1.7629259415998177, 2.3691948674657946, 1.4165528557145508, 1.286177995224589, 1.6051378109680339, 2.0837196385856793, 1.2456267357311488, 1.5933202382611527, 1.3236395543900312, 1.996632367984056, 1.4136215763654563, 1.4612959669055117, 1.5526825870243632, 1.0706968698480366, 1.1902870095091829, 1.0984133918911876, 1.0573443944751981, 1.1395889965482195, 1.3620046491941058, 1.0412220118212343, 1.089801858015686, 1.0339366059813806, 1.057930137274312, 1.121759867399978, 1.0395332635858852, 1.030897295361871, 1.064451679476882, 1.034050542940612, 1.0257515066814342, 1.0514922721084525, 1.044732661481141, 1.0280246482605024, 1.0075595923637106, 1.0154112696707047, 0.9940060367351697, 0.9851756623929376, 0.9821181555099863, 0.9992593052617645, 0.9665935124046908, 0.976671642872927, 0.9759357367710301, 0.9706514045944703, 0.9789536073006214, 0.9699256799936075, 0.9668695185846485, 0.9567587897404002, 0.9650851641121697, 0.9626014535034162, 0.9566724254604473, 0.965326556351376, 0.9589380131661512, 0.9526570105659724, 0.9537006603990207, 0.9579757479890824, 0.9579087953048394, 0.9429770573437968, 0.9429629454230416, 0.9435563415305881, 0.9409557314337074, 0.940134629932388, 0.9359923675385807, 0.9394565071552164, 0.9370442254809892, 0.9412343206101945, 0.9347776606674765, 0.9344147519247916, 0.9368501075547788, 0.932674535042291, 0.9347478726900804, 0.9314539897256484, 0.9312700933418477, 0.9332723204755392, 0.9365123916461979, 0.932751943534371, 0.926429212601386, 0.9259257788572774, 0.9300953949964127, 0.922113219496643, 0.920661864660233, 0.9202793003639687, 0.9213316514271399, 0.9212157947921747, 0.9184189197752493, 0.9227908135989549, 0.9168503120471752, 0.9186316507828044, 0.9186486703054654, 0.9181850908053113, 0.9167030963368608, 0.9161212011097096, 0.9166826120871905, 0.915572599431291, 0.9150499572615008, 0.9146837589241757, 0.9131722093449237, 0.9122719882191699, 0.9133436500190336, 0.9119329072201853, 0.9106189691254599, 0.9111259612126551, 0.9112701100033409, 0.9121183593318425, 0.9109539606081023, 0.9105158267585142, 0.9099065910966506, 0.9107085611246745, 0.9099887087596711, 0.9094622848138468, 0.9093698948712051, 0.909210029053275, 0.9084790799831185, 0.9078653344198491, 0.9071741093905895, 0.9067584537598815, 0.907244379406901, 0.9067694772765236, 0.9066965350227766, 0.9068525119001969, 0.9062023836600422, 0.9057801394489103, 0.9056372348530425, 0.9060243622868388, 0.9050152954674004, 0.9051312175066476, 0.9050644354455517, 0.9046136223331517, 0.9041860128196658, 0.9040355525059112, 0.9043153187922968, 0.9034749504188637, 0.9030715579539156, 0.9029051041651353, 0.9022777934265813, 0.901924738585973, 0.901818330475116, 0.9018573401826955, 0.9013108182663698, 0.9008631549521171, 0.9005766251694615, 0.9006375979919803, 0.900839291413832, 0.900131971198178, 0.9004391560806422, 0.9001788045202596, 0.9003668780283235, 0.9000751815183259, 0.8997984864391755, 0.900107248696936, 0.9000985696250134, 0.899473686925325, 0.8998339973327691, 0.8994649561695022, 0.8990551187219012, 0.8989738536413547, 0.8988986220914448, 0.8988478199411774, 0.8987915395558349, 0.8981465794578195, 0.8978291945774624, 0.89767538651047, 0.897761674992122, 0.8979462392368556, 0.8976106854255537, 0.8978563629947283, 0.8974445565027342, 0.8971723844183694, 0.896947388753815, 0.8974205253328229, 0.8969018832289959, 0.8969648859129316, 0.896864729378448, 0.8965641121550632, 0.8967844131857159, 0.8965250135929306, 0.8969139409037603, 0.896469876031321, 0.896659710114464, 0.8964068342341837, 0.8963844690722946, 0.8963249256048464, 0.8963812611770463, 0.8963548104190115, 0.8961237975636835, 0.8959844661957886, 0.8959154750450554, 0.895890011136309, 0.8958965004615554, 0.8958887792931626, 0.8958688980713396, 0.8957098130649194, 0.8955922896188382, 0.8954387637710843, 0.8953334378728668, 0.8954559182344374, 0.895379289948276, 0.8953213119638761, 0.8953157189164254, 0.8952160035885721, 0.895189264393788, 0.8951328231983593, 0.8951217493541224, 0.8950202983208249, 0.894862641948263, 0.8947717685385616, 0.8948105199435235, 0.8947820012472648, 0.8947554139421885, 0.8947862338768304, 0.8946136583360629, 0.8944779803855005, 0.8944821214436616, 0.8944760982951314, 0.894437652713799, 0.8944459622258268, 0.8944423463970922, 0.8942961464409814, 0.8942766080573763, 0.8943048020835669, 0.8942531562152952, 0.8942477576723816, 0.8941724532174213, 0.8943290881390484, 0.8942606682568139, 0.8940668913740918, 0.8939558629606635, 0.8939121553841922, 0.8938783089672674, 0.8939513750868523, 0.8938824997876229, 0.8938308841819127, 0.8938692307482876, 0.8940412106899139, 0.893896696627488, 0.8937276418335621, 0.8936865394215465, 0.8935995553437737, 0.893594637923542, 0.8935199000881585, 0.893451255422969, 0.8933892610204388, 0.8933732349746089, 0.893384402150566, 0.8933143897687053, 0.8933236886006537, 0.8932702086325588, 0.893212667797613, 0.8931485177851761, 0.8931986959967176, 0.8931301448209492, 0.8931456394987606, 0.8931355593812061, 0.8931746404445402, 0.8931827572381116, 0.8931196260822902, 0.8931182305793774, 0.8931437001953185, 0.8931000735808717, 0.8930501278123198, 0.8930269474011657, 0.8930386866737885, 0.8929788525407859, 0.8929527449357091, 0.8929416806040148, 0.892945865950915, 0.8929490144184371, 0.8929031069716387, 0.892909679369816, 0.8929145654329734, 0.8928813848557708, 0.8928500386826398, 0.892853475028356, 0.8928656849535892, 0.8928556370307894, 0.8928509033127857, 0.8928261606168312, 0.8928215216780033, 0.8928110236440202, 0.8927952893210023, 0.8928008588172832, 0.8927829622851446, 0.8927667711750559, 0.8927773991011065, 0.8927535648014149, 0.8927604258359376, 0.8927500251049965, 0.8927460557187674, 0.8927698441508398, 0.8927167484400921, 0.8927011564911147, 0.8927228217197173, 0.8927159042878157, 0.8926641018591139, 0.8926577847899269, 0.8926545812495517, 0.8926376791294228, 0.8926351461194331, 0.8926512460102327, 0.8926192697759681, 0.8926577248859262, 0.8926114205506379, 0.8925763712637689, 0.892566322384398, 0.8925444608123482, 0.8925306619406009, 0.8925424660147208, 0.8925499075151122, 0.8925410589556813, 0.8925249600506855, 0.892533165316513, 0.892522136889409, 0.89249255416737, 0.89249550704771, 0.8925032202865446, 0.8925006261588125, 0.8924853209920465, 0.8924860493125111, 0.8924834154743061, 0.8924807947325134, 0.8924856195130418, 0.8924752146479886, 0.8924627340034039, 0.8924584169530932, 0.8924579350512755, 0.8924572979777986, 0.8924507158887836, 0.8924534589666493, 0.892446268672887, 0.8924347745040188, 0.8924357066587357, 0.8924333422007439, 0.8924230118700086, 0.892412217108768, 0.8924034992912511, 0.892403420208813, 0.892403370070117, 0.892397093875659, 0.8923853875574147, 0.8923753385259595, 0.8923687725394331, 0.8923712994724474, 0.8923698959555704, 0.8923610464717694, 0.8923550041585966, 0.8923560208070872, 0.8923528023942923, 0.8923540991741032, 0.8923532649295811, 0.8923470930676702, 0.8923433087540699, 0.8923536421471256, 0.8923435817008939, 0.8923394109975687, 0.89233943749186, 0.8923354375948994, 0.8923294933217693, 0.8923349517103861, 0.8923313929617768, 0.8923230155664221, 0.8923234420719848, 0.8923266776354851, 0.8923245830815384, 0.8923270394372683, 0.8923180166793704, 0.8923166221888535, 0.8923157027083793, 0.8923065506896672, 0.8923067012079396, 0.8923054425888005, 0.8923004271082181, 0.8922964380037257, 0.8923037730427079, 0.8922945643789593, 0.8922952602810461, 0.8922935525453511, 0.8922889820862022, 0.8922853874349871, 0.8922790967068606, 0.8922816660078267, 0.8922767186439586, 0.8922720941224576, 0.8922729060711487, 0.8922720945739303, 0.892267500470586, 0.8922741864331796, 0.8922697104228964, 0.8922661852162297, 0.8922682074435219, 0.892263902762608, 0.8922644941460874, 0.8922615380746973, 0.8922630664796984, 0.8922577525546218, 0.8922545940929245, 0.8922522006911556, 0.8922505437836432, 0.8922527839620499, 0.8922515448409706, 0.8922558422568146, 0.8922520778442525, 0.8922530973704992, 0.8922429143509659, 0.8922470143286937, 0.8922437948559442, 0.8922381655937593, 0.8922412468387091, 0.8922367431140141, 0.8922383890664048, 0.8922379053966226, 0.8922385844094539, 0.8922377590104184, 0.8922350255324533, 0.8922359224206597, 0.8922360803941926, 0.8922352221662601, 0.8922353902473418, 0.8922330376137015, 0.8922311752887915, 0.8922304844063489, 0.8922299225054066, 0.8922300119318329, 0.8922293363252003, 0.8922269915916051, 0.8922268057001532, 0.8922288012190096, 0.8922233416959302, 0.8922211059116629, 0.892220048588585, 0.8922206993675738, 0.8922200202205665, 0.8922212846882347, 0.8922203978751054, 0.8922187039399287, 0.8922170357142633, 0.8922181365788892, 0.8922170717581681, 0.8922165519658571, 0.8922158314842202, 0.8922142194625864, 0.8922146353270461, 0.8922147939385545, 0.8922154320753469, 0.8922156188963937, 0.8922119507191801, 0.8922122139908231, 0.8922121321235466, 0.8922117131939332, 0.8922124399376652, 0.8922100558884435, 0.892210628930474, 0.892210161277553, 0.892209711135441, 0.8922111115743097, 0.8922072861445971, 0.8922068552946867, 0.8922069616587308, 0.892206502790866, 0.8922071247684854, 0.8922064089889015, 0.8922069048835498, 0.8922043477310169, 0.8922022454525119, 0.8922009479784394, 0.8922001926644137, 0.8922021946219989, 0.8922002558378923, 0.8922011471337079, 0.8922009730806262, 0.8921993552676543, 0.8921996718779006, 0.892198663995012, 0.8922003875400581, 0.8921985032512358, 0.8921982852126014, 0.8921975609965376, 0.8921966559851573, 0.8921967580305581, 0.8921970034867569, 0.8921966149349181, 0.8921959519824265, 0.8921952728772862, 0.8921946832670955, 0.8921952592867485, 0.8921944970640949, 0.89219530174162, 0.8921946066375721, 0.892194029482814, 0.8921930597319064, 0.8921931623099004, 0.8921933571855007, 0.8921935972575756, 0.8921926470161338, 0.892193311277323, 0.8921926560564382, 0.8921924755544289, 0.8921924810555392, 0.8921927489662137, 0.8921921188109939, 0.8921919460596278, 0.8921923827816634, 0.8921911928240023, 0.8921910238226911, 0.892190674038275, 0.8921903217247437, 0.8921899970214872, 0.8921895398215426, 0.892189630464037, 0.8921893174240646, 0.8921890474544802, 0.8921887363420405, 0.8921886368473658, 0.8921888062981812, 0.8921886599862914, 0.8921887276391237, 0.8921886784371483, 0.8921888779510561, 0.8921881731319637, 0.8921880924491377, 0.8921882690139661, 0.8921877414274605, 0.8921880629606644, 0.8921876408672025, 0.8921876339337413, 0.8921878472305679, 0.8921871966848516, 0.8921869755697678, 0.8921866479407784, 0.8921868542493115, 0.8921869157373065, 0.89218644063211, 0.8921864046281921, 0.892186338371748, 0.8921859817045446, 0.8921856958919421, 0.8921860755408716, 0.8921858098478888, 0.8921855092505576, 0.8921853876264152, 0.8921859357778927, 0.8921854973940959, 0.8921856333480576, 0.8921856981787359, 0.8921848972358949, 0.8921850184841382, 0.8921849352242701, 0.8921847409717509, 0.8921846755120708, 0.8921848275688768, 0.8921848949660752, 0.8921844858908304, 0.8921843662601848, 0.8921844263470071, 0.8921845413232604, 0.8921842274207723, 0.8921842538013692, 0.8921843866812278, 0.8921840611558817, 0.8921844229873442, 0.8921841092109868, 0.892184146124414, 0.8921840816177016, 0.8921839610616457, 0.8921838501697148, 0.8921839168301398, 0.8921838826703669, 0.8921837997558691, 0.8921838593929362, 0.8921836595600579, 0.8921836833844715, 0.8921836727315277, 0.8921835522884377, 0.8921835817248142, 0.8921835115812635, 0.8921834442867078, 0.8921834188935533, 0.8921833678273965, 0.8921833340690984, 0.8921832431311312, 0.8921833189896108, 0.8921831932093309, 0.8921830537905859, 0.892182980391684, 0.8921829977815147, 0.8921830263956715, 0.8921828560441268, 0.8921829210851716, 0.8921828593487952, 0.892182812151334, 0.8921827772777812, 0.8921827358357904, 0.8921826787723575, 0.8921826593107641, 0.8921827598192127, 0.8921825157719496, 0.8921824750515068, 0.8921823756278437, 0.8921823451506954, 0.892182345833303, 0.8921823780027659, 0.8921823654927739, 0.892182239222946, 0.8921821705445973, 0.8921821333729997, 0.892182194397598, 0.8921821789566083, 0.8921820279233409, 0.8921820005934777, 0.8921819857908432, 0.8921819840961802, 0.892182038008904, 0.8921820479754303, 0.892181946398508, 0.8921818674657419, 0.8921819332089934, 0.8921818688634672, 0.8921818860994735, 0.8921818491537735, 0.8921817811093511, 0.8921817815066452, 0.8921818190080052, 0.8921817483047342, 0.8921817672982408, 0.8921817242598592, 0.8921817096285228, 0.8921817788764468, 0.8921817402468099, 0.8921817150069263, 0.892181687444221, 0.8921817608458515, 0.8921816609467175, 0.8921816426639528, 0.8921816214644638, 0.8921816690199488, 0.8921816253981507, 0.8921816088919124, 0.8921815998790487, 0.8921816308800042, 0.8921815609171725, 0.8921815312521455, 0.8921814989234933, 0.8921815077840574, 0.8921815121099304, 0.8921814918130837, 0.8921814968690206, 0.892181463675056, 0.8921814312955911, 0.8921814339033779, 0.8921814302337424, 0.8921814021737788, 0.8921813854871475, 0.8921813653795573, 0.8921813742467958, 0.8921813651815158, 0.8921813621218555, 0.8921813647939246, 0.8921813241669688, 0.8921813112371506, 0.8921813086849637, 0.8921813283093178, 0.8921812862854516, 0.892181247895664, 0.8921812308013024, 0.8921812454450738, 0.8921812391386055, 0.8921812334548797, 0.8921812378173306, 0.8921812224910843, 0.8921812141944435, 0.89218123760341, 0.8921811942356576, 0.8921812212157697, 0.8921811981703419, 0.892181160596677, 0.8921811576094171, 0.8921811553302356, 0.8921811607496736, 0.8921811536158293, 0.8921811296834469, 0.8921811054441293, 0.892181112051195, 0.8921811015765138, 0.8921810885016951, 0.8921810982356726, 0.8921810868295534, 0.892181084686112, 0.8921810903187246, 0.8921811259607303, 0.8921810778587645, 0.8921810750383375, 0.8921810682180121, 0.8921810580366718, 0.8921810426200353, 0.8921810232520319, 0.8921810074308012, 0.8921810192810747, 0.8921810113327696, 0.8921810190710497, 0.8921810116608783, 0.8921810072078009, 0.8921810217920355, 0.8921809843834964, 0.8921810006003067, 0.8921809894501773, 0.8921809835854358, 0.892180976596991, 0.892180975728009, 0.8921809744129768, 0.8921809621191421, 0.8921809656709095, 0.8921809652711555, 0.8921809518730341, 0.8921809503989712, 0.8921809482742604, 0.8921809484404395, 0.8921809489875445, 0.8921809523113108, 0.8921809479929138, 0.892180938888458, 0.8921809390058666, 0.8921809405155718, 0.8921809329723948, 0.8921809338543591, 0.8921809355605665, 0.8921809282431167, 0.8921809290179584, 0.8921809280913117, 0.8921809252316882, 0.8921809223365106, 0.8921809237655278, 0.8921809283227011, 0.892180920786778, 0.8921809140009805, 0.8921809108425156, 0.8921809084879159, 0.8921809139036354, 0.8921809111547472, 0.8921809045539582, 0.892180906348552, 0.8921809169775021, 0.8921809050854849, 0.8921808983531151, 0.8921808957799906, 0.8921808926532149, 0.8921808868633292, 0.8921808805915346, 0.8921808780095705, 0.8921808794958791, 0.892180879284954, 0.8921808742560903, 0.8921808682679812, 0.8921808656694851, 0.8921808613786704, 0.892180858598374, 0.8921808574593422, 0.8921808702120639, 0.8921808586105107, 0.8921808505704402, 0.8921808487101972, 0.8921808489776221, 0.89218084656726, 0.89218084972691, 0.8921808456355018, 0.8921808433769125, 0.8921808418721473, 0.8921808452520061, 0.8921808400628303, 0.8921808342787917, 0.8921808326419292, 0.8921808305554664, 0.8921808319855434, 0.8921808312107105, 0.8921808314060532, 0.8921808310698569, 0.8921808283560435, 0.8921808305953696, 0.8921808319581179, 0.8921808247486109, 0.8921808228246865, 0.8921808256105425, 0.89218082125874, 0.8921808188348421, 0.892180818776362, 0.8921808235797193, 0.892180820278698, 0.8921808185210103, 0.8921808217199219, 0.8921808170615503, 0.8921808159533334, 0.8921808166567448, 0.8921808167266905, 0.892180813104831, 0.8921808120421858, 0.8921808119791079, 0.8921808118706418, 0.8921808117711801, 0.8921808128500658, 0.892180813347943, 0.8921808126335552, 0.8921808094361532, 0.8921808078429607, 0.8921808075101366, 0.8921808070912841, 0.8921808060253752, 0.8921808068583664, 0.8921808061306051, 0.8921808043421242, 0.8921808037949593, 0.8921808049267848, 0.892180803852619, 0.8921808043922517, 0.892180804028133, 0.8921808038884965, 0.8921808019402055, 0.8921808027341338, 0.892180802459417, 0.8921808009302297, 0.8921808001238744, 0.8921807990954053, 0.892180800672756, 0.892180799311626, 0.8921807985216944, 0.892180797409738, 0.8921807965571358, 0.8921807966195765, 0.8921807968437693, 0.8921807978224073, 0.8921807965365147, 0.8921807953413137, 0.8921807973801605, 0.8921807948098573, 0.8921807954290039, 0.8921807942268597, 0.8921807950504491, 0.8921807941829543, 0.8921807943263687, 0.8921807948866668, 0.8921807930972336, 0.8921807931254266, 0.8921807941507005, 0.8921807923272279, 0.892180791867291, 0.892180791020305, 0.8921807924782067, 0.8921807915005469, 0.8921807918662615, 0.8921807918856366, 0.8921807897066307, 0.8921807887253208, 0.8921807883953253, 0.8921807913179355, 0.8921807881617243, 0.8921807878391593, 0.8921807885349271, 0.8921807870057951, 0.8921807872595179, 0.8921807862060772, 0.8921807874127902, 0.8921807850525573, 0.8921807848683285, 0.8921807847411699, 0.8921807861747666, 0.8921807843397327, 0.8921807850601314, 0.8921807841960357, 0.8921807831520908, 0.8921807831098858, 0.8921807838312373, 0.8921807832577987, 0.8921807824601087, 0.8921807812604111, 0.8921807817330393, 0.8921807811162098, 0.8921807813236917, 0.892180781466268, 0.8921807813609961, 0.8921807808366611, 0.8921807806238381, 0.892180781242644, 0.8921807809130176, 0.8921807805716179] 

Smallest VQE eingenvalue optimizer final message:
{   'aux_operators_evaluated': None,
    'cost_function_evals': 903,
    'eigenvalue': 0.8921807805716179,
    'optimal_circuit': <qiskit.circuit.library.n_local.real_amplitudes.RealAmplitudes object at 0x000002807F10F920>,
    'optimal_parameters': {   ParameterVectorElement(θ[0]): 1.880390181267553,
                              ParameterVectorElement(θ[1]): -1.540522210946186,
                              ParameterVectorElement(θ[2]): -1.5534527263133557,
                              ParameterVectorElement(θ[3]): -1.5707943319831865,
                              ParameterVectorElement(θ[4]): 1.5068039418342745,
                              ParameterVectorElement(θ[5]): 1.1734945765790372,
                              ParameterVectorElement(θ[6]): -1.4760896758173943,
                              ParameterVectorElement(θ[7]): 4.712231182133556},
    'optimal_point': array([ 1.88039018, -1.54052221, -1.55345273, -1.57079433,  1.50680394,
        1.17349458, -1.47608968,  4.71223118]),
    'optimal_value': 0.8921807805716179,
    'optimizer_evals': None,
    'optimizer_result': <qiskit_algorithms.optimizers.optimizer.OptimizerResult object at 0x000002807FDB0380>,
    'optimizer_time': 2.4218757152557373}
     ┌──────────┐ ░                 ░ ┌──────────┐
q_0: ┤ Ry(θ[0]) ├─░─────────────■───░─┤ Ry(θ[4]) ├
     ├──────────┤ ░           ┌─┴─┐ ░ ├──────────┤
q_1: ┤ Ry(θ[1]) ├─░────────■──┤ X ├─░─┤ Ry(θ[5]) ├
     ├──────────┤ ░      ┌─┴─┐└───┘ ░ ├──────────┤
q_2: ┤ Ry(θ[2]) ├─░───■──┤ X ├──────░─┤ Ry(θ[6]) ├
     ├──────────┤ ░ ┌─┴─┐└───┘      ░ ├──────────┤
q_3: ┤ Ry(θ[3]) ├─░─┤ X ├───────────░─┤ Ry(θ[7]) ├
     └──────────┘ ░ └───┘           ░ └──────────┘
The number of ansatz parameters is: 
 8
Line for latex table
RA r1 rl & $1\mathrm{e}{-05}$ & 76/100 &1472 & $8.9218\mathrm{e}{-01}$ & $7.6003\mathrm{e}{-03}$ & $9.0549\mathrm{e}{-01}$ & $2.0905\mathrm{e}{-02}$ & - & 00h 15m 44s\\

