-0.43749999999999534
-0.437499999999984
-0.43749999999999056
-0.4374999999999938
-0.43749999999998646
-0.43749999999998646
-0.4374999999999898
-0.4374999999999939
-0.4374999999999887
-0.43749999999999956
-0.43749999999998956
-0.4374999999999687
-0.4374999999999709
-0.4374999999999476
-0.43749999999999534
-0.437499999999992
-0.43749999999999667
-0.43749999999990763
-0.4374999999999958
-0.4375
-0.4374999999999949
-0.43749999999999356
-0.43749999999999933
-0.43749999999976263
-0.4374999999999982
-0.4374999999999938
-0.4374999999999951
-0.43749999999999445
-0.4374999999999907
-0.4374999999999938
-0.43749999999999845
-0.43749999999998335
-0.43749999999997713
-0.43749999999998956
-0.4374999999999972
-0.4374999999996134
-0.43749999999997824
-0.43749999999999667
-0.43749999999999223
-0.4374999999999982
-0.4374999999999982
-0.43749999999998956
-0.4374999999999878
-0.43749999999967404
-0.4374999999999867
-0.4374999999999927
-0.4374999999999958
-0.437499999999994
-0.43749999999999356
-0.43749999999999334
-0.43749999999999645
-0.43749999999999
-0.4374999999975615
-0.43749999999999467
-0.43749999999999944
-0.43749999999999123
-0.43749999999997435
-0.43749999999999845
-0.43749999999999056
-0.43749999999998934
-0.4374999999999931
-0.437499999999998
-0.43749999999999734
-0.43749999999999023
-0.4374999999999859
-0.437499999999996
-0.43749999999999334
-0.43749999999999867
-0.4374999999999982
-0.4374999999999889
-0.437499999999992
-0.4374999999999851
-0.43749999999999956
-0.437499999999986
-0.4374999999999961
-0.4374999999999858
-0.437499999999998
-0.4374999999999868
-0.43749999999999
-0.4374999999999909
-0.4374999999999927
-0.4374999999999907
-0.43749999999998845
-0.43749999999991407
-0.43749999999999756
-0.43749999999991773
-0.4374999999999418
-0.4374999999999931
-0.43749999999999867
-0.43749999999999356
-0.4374999999985396
-0.43749999999999767
-0.43749999999978395
-0.43749999999992917
-0.43749999999999967
-0.43749999999999944
-0.43749999999998856
-0.4374999999999958
-0.43749999999999645
-0.4374999999999981
