RA_r1_rl
19s__60
1e-01
0.021437191488085428
0.003366171270027807
0.01670506705268998
0.0077777720875676915
0.00808348655547425
0.017168256913496438
0.008780201362207751
0.037746788042688384
0.010177818152657392
0.0370190455624011
0.003561102346615941
0.004429074177026593
0.004983936607125483
0.02080814118207852
0.014703680381685458
0.00911841828259441
0.005870571411929315
0.006128103909094462
0.008784262381330621
0.01705510419265449
0.006738857553953925
0.010449311498551273
0.017989385226317045
0.018151790977954663
0.007636265383867191
0.00481283133289212
0.019319958960083983
0.013958898863908331
0.0043366735969249115
0.03221571705910614
0.016621646183376637
0.011195849616929321
0.02526627206565568
0.008274358311349095
1.005174837078767
0.00819623776370576
0.01689674687615572
0.020654960506914732
0.0073391962905478
0.009860550084409059
0.004063138320225146
0.012135483440311956
0.00956935429754352
0.011674698914318327
0.004088914894587903
0.004188562847914967
0.025035450583237362
0.02719459424310272
0.0048114788974857325
0.018524408767427003
0.013314286866832725
0.03211357760341432
0.026565461576349703
0.011369944945538168
0.014118800410358734
0.00949321662858782
0.004562472093030567
0.007913209567979473
0.007423708659800854
0.005422767200174261
0.008257186422368001
0.010950432899953233
0.006714362986409372
0.01335106601099173
0.029383816357774706
0.015185144693598884
0.02123662317494629
0.02672552377608689
0.021857026056934625
0.011244530130757824
0.030262475594380778
0.017049693365363328
0.014160029920495032
0.012794682358795328
0.007024658672782236
0.012243775445915317
0.02128511136610728
0.009120730497082674
0.020502816972975124
0.006795716421636067
0.018525995107577076
0.035483330302591876
0.01808158102173224
0.014812862394285586
0.052064319218908306
0.005900002883201028
0.029737226294913155
0.022440336309240028
0.0037965756011665297
0.011097534961490019
0.008068784593422085
0.015189143858467369
0.008901287445581108
0.00981759340210614
0.006222711080993315
0.011019006805357778
0.019334193182857284
0.01361420479488945
0.003732243430025095
0.011287410069814263
