RA_r1_rl
53s__166
1e-02
-0.1633952450869277
-0.15776931638451241
-0.14981373620487282
-0.16139278806362545
-0.13053230761990142
-0.15786679186921748
-0.16346077628807976
-0.15907231740031846
-0.1537604450788418
-0.16100999525209192
-0.1480842091282416
-0.154591479048639
-0.16371921982999693
-0.1635047608371456
-0.163681104411047
-0.15880637719435875
-0.16422848868954942
-0.14538204186613002
-0.16322168879273224
-0.15446263650546477
-0.16160425669937029
-0.1622349841694265
-0.1530373027924552
-0.16349420796079872
-0.15157782534497932
-0.16391683724915773
-0.15620170921204957
-0.1603609483816537
-0.15841874183576243
-0.15891734791576473
-0.160846232451482
-0.15563185034635407
-0.15553123506819155
-0.1601751979581626
-0.16062491990276218
-0.16409593138276013
-0.1588749006660105
-0.16110062942949233
-0.16306173260135481
-0.1556082673739917
-0.15957280422758857
-0.16255794693882886
-0.16386976257810437
-0.16328703256531663
-0.1641008713099119
-0.163250251664239
-0.16386192933448984
-0.16193588495621447
-0.16149327190624718
-0.16385350671465682
-0.1567765929008722
-0.16338658670122364
-0.1636898025361253
-0.15540162099084465
-0.1615572745678382
-0.16188882283804773
-0.15664600572880927
-0.1568949597023448
-0.14811766409188998
-0.1636907788364147
-0.1584399840894275
-0.1625881683939493
-0.16028675119989
-0.15868894126053312
-0.15167440191183068
-0.1629298648713582
-0.16392392714277781
-0.1583767610316219
-0.1604731545651823
-0.16031751465126343
-0.16093090377931074
-0.16358116116337718
-0.14500958868813152
-0.16095264144837806
-0.160896110447734
-0.15009393443507235
-0.1548964629311549
-0.15781480737355202
-0.1588604024297181
-0.16254723410813898
-0.15989450709854014
-0.16115784366140096
-0.16081356966509786
-0.15362367002132926
-0.1623050025567888
-0.13820356228111552
-0.16256855173044005
-0.16285891397562413
-0.15704984455350157
-0.1565858426694916
-0.16374259474588349
-0.14973649551234147
0.6721485175591334
-0.16427704254421716
-0.16385407355267578
-0.15776431542977432
-0.16328548181280522
-0.16322893049268938
-0.1634638455042443
-0.1614761753132129
