0.9506344538998334
0.9065601869284354
0.9065600163324833
0.9506336078010422
0.906559890663525
0.950633672058105
0.9065608186744438
0.9506336533552107
0.9065598786368745
0.950633662365863
0.9065599235152367
0.906559892884894
0.950633595546357
0.906559988899705
0.9506342390704223
0.9506335991379756
0.9506336791751524
0.9506341358913726
0.9506337848918566
0.950633807145841
0.9065603940263776
0.9065599579475344
0.9506336919994679
0.9065600431662395
0.9065599314753339
0.9065601913053584
0.906559964845471
0.9065599621941839
0.9506339107558887
0.9065606869986292
0.9506337999656153
0.9065600216804705
0.9065599292354795
0.9065608645515484
0.9065599069077673
0.9065613353860459
0.906560427216572
0.950633575150336
0.9065601804639638
0.9065599738592861
0.9506337636489169
0.9506337622510682
0.9065603583426278
0.9065599082095616
0.9506341595123983
0.9065600173734792
0.9065598778724301
0.9065601980544817
0.9065611829922179
0.9065598885967086
0.9506337336107296
0.9065599649485441
0.95063384166613
0.9065598855672451
0.9506340914923812
0.9065599329737476
0.9065599934515794
0.9065618993060762
0.9506346287751724
0.9506338051801029
0.9065605852854565
0.9065600450531378
0.9065612303248153
0.9506335853849959
0.9506337187911476
0.9065600046123218
0.9065601918763442
0.9065598931918191
0.9506342062915571
0.9065607530242468
0.906559919693047
0.9506344630844961
0.950633596778799
0.9506337457835309
0.9065598846853394
0.9506336057273219
0.9065600198605337
0.9506341906973391
0.9506335968854076
0.9065598926532834
0.9065601270229596
0.9065626922137987
0.9065605343160802
0.9065600509918669
0.9065602354055297
0.950633594535838
0.9506336090762162
0.9506336600536789
0.9065611009363146
0.9506336053668837
0.9506337058632054
0.950633768050864
0.9506338327899163
0.9065619149255962
0.9065603031727516
0.9065599622130424
0.9506336966852422
0.9506335920813922
0.9506343189937654
0.9506337588387002
