No Shot Noise
31/10/2024 18:49:52 

VQEr_100_COBYLA_maxIter_10000_tol_1e-04_RA_r1_rl 

Reference value: 9.0655987147e-01 

Qubits:  3
VQE runs:  100
Optimizer:  COBYLA
Max iterations:  10000
Optimizers's tolerance:  1e-04
Ansatz:  RA_r1_rl 

All run converged!!!
Number of iterations for each converged VQE run:
[412, 331, 348, 410, 210, 411, 428, 243, 352, 217, 121, 190, 232, 240, 414, 251, 188, 496, 335, 1179, 690, 2201, 493, 267, 318, 257, 198, 459, 364, 894, 264, 257, 156, 785, 387, 578, 279, 331, 837, 352, 217, 319, 482, 147, 602, 485, 257, 545, 834, 228, 630, 263, 292, 182, 290, 229, 270, 937, 384, 365, 887, 672, 1156, 304, 556, 169, 347, 141, 234, 256, 249, 418, 236, 221, 225, 410, 356, 287, 331, 299, 304, 1465, 297, 396, 887, 287, 378, 248, 575, 406, 466, 511, 347, 871, 225, 179, 217, 221, 544, 431] 

Average iterations of converged run:
423 

VQE eigenvalues:
[0.9506344538998334, 0.9065601869284354, 0.9065600163324833, 0.9506336078010422, 0.906559890663525, 0.950633672058105, 0.9065608186744438, 0.9506336533552107, 0.9065598786368745, 0.950633662365863, 0.9065599235152367, 0.906559892884894, 0.950633595546357, 0.906559988899705, 0.9506342390704223, 0.9506335991379756, 0.9506336791751524, 0.9506341358913726, 0.9506337848918566, 0.950633807145841, 0.9065603940263776, 0.9065599579475344, 0.9506336919994679, 0.9065600431662395, 0.9065599314753339, 0.9065601913053584, 0.906559964845471, 0.9065599621941839, 0.9506339107558887, 0.9065606869986292, 0.9506337999656153, 0.9065600216804705, 0.9065599292354795, 0.9065608645515484, 0.9065599069077673, 0.9065613353860459, 0.906560427216572, 0.950633575150336, 0.9065601804639638, 0.9065599738592861, 0.9506337636489169, 0.9506337622510682, 0.9065603583426278, 0.9065599082095616, 0.9506341595123983, 0.9065600173734792, 0.9065598778724301, 0.9065601980544817, 0.9065611829922179, 0.9065598885967086, 0.9506337336107296, 0.9065599649485441, 0.95063384166613, 0.9065598855672451, 0.9506340914923812, 0.9065599329737476, 0.9065599934515794, 0.9065618993060762, 0.9506346287751724, 0.9506338051801029, 0.9065605852854565, 0.9065600450531378, 0.9065612303248153, 0.9506335853849959, 0.9506337187911476, 0.9065600046123218, 0.9065601918763442, 0.9065598931918191, 0.9506342062915571, 0.9065607530242468, 0.906559919693047, 0.9506344630844961, 0.950633596778799, 0.9506337457835309, 0.9065598846853394, 0.9506336057273219, 0.9065600198605337, 0.9506341906973391, 0.9506335968854076, 0.9065598926532834, 0.9065601270229596, 0.9065626922137987, 0.9065605343160802, 0.9065600509918669, 0.9065602354055297, 0.950633594535838, 0.9506336090762162, 0.9506336600536789, 0.9065611009363146, 0.9506336053668837, 0.9506337058632054, 0.950633768050864, 0.9506338327899163, 0.9065619149255962, 0.9065603031727516, 0.9065599622130424, 0.9506336966852422, 0.9506335920813922, 0.9506343189937654, 0.9506337588387002] 

Median VQE eigenvalues:
0.9065611419642663 

Min eigenvalue after 100 VQE steps on Aer qasm simulator: 9.06560e-01
Delta from reference energy value is 6.39805e-09 

Optimizer history of the smallest VQE eigenvalue:
[6.4809273285362, 6.688103386977386, 5.4489695494379715, 4.3465211264342045, 4.130186456967517, 4.597290456362505, 3.4247676120936013, 4.0797993880134165, 4.829992856765495, 2.523028750183385, 2.573384440924507, 2.407074191289615, 3.1992095615705844, 2.4384855313038134, 2.0902638458484186, 1.9210993491696176, 2.145989761591445, 2.07733138556805, 1.8103804141747737, 1.7420896185833818, 1.7482707311328949, 1.8711794122077845, 1.7611101256650734, 1.7548872771001836, 1.7751687432830385, 1.8899536046590275, 1.7833527737870718, 1.7578035187169456, 1.7406096605878358, 1.7158499717833822, 1.694778638923121, 1.6845273711613162, 1.689564137160034, 1.6797466963438317, 1.6675086807998007, 1.657014440558942, 1.6632754404518386, 1.6506465186494053, 1.6435785869095834, 1.6534314710707128, 1.630468869556237, 1.6067585648221756, 1.605246011842117, 1.601002645105593, 1.5710744976870887, 1.554494103358122, 1.5585102161184068, 1.5503431725262466, 1.5294728477112722, 1.5267634491002169, 1.5151970364169687, 1.4877385354623343, 1.4637478506477588, 1.4552545388959608, 1.4476026708728822, 1.4467377386565925, 1.427722764274174, 1.3937953036122699, 1.3677917720791004, 1.3420664922801033, 1.3221468897932023, 1.318242548609974, 1.3079363718798336, 1.2803859870455077, 1.2562598042973416, 1.2343440810998838, 1.2129144621519816, 1.200315546631754, 1.1768129297247225, 1.172069462132541, 1.174669513047026, 1.146420284186468, 1.1242313411599794, 1.103696038550816, 1.0847712655378283, 1.0760980617537186, 1.0790309485983673, 1.0788581970950972, 1.0536631903848044, 1.0381447829528705, 1.0255180272847235, 1.02076628191008, 1.0385108029323329, 1.0173291204638262, 1.0053152440738766, 1.003151878713104, 0.9898110415189106, 0.9927217462417501, 0.9858547605474894, 0.9770841452405059, 0.9713766600722336, 0.9626204174145364, 0.9601538989138145, 0.9666838235364126, 0.9482197705293288, 0.9387351042142165, 0.9374694635478166, 0.9328047430852427, 0.927114657329346, 0.9264480694241978, 0.927281265734705, 0.9238339854901636, 0.9303157213174916, 0.9198792140143972, 0.9154730949049019, 0.9201627800752025, 0.9148217209495415, 0.9151081625205907, 0.9156150080410883, 0.9154901938510472, 0.9124208425820621, 0.9115411474237498, 0.9109770448120369, 0.9103123028868956, 0.911421456090474, 0.9116461138333882, 0.9105490940737164, 0.9095074315870735, 0.911707266839603, 0.9095530243758391, 0.9088257408261704, 0.9076664040056751, 0.907669143086345, 0.9081419380018624, 0.9073470220597799, 0.9084966130544172, 0.9071400357912563, 0.9072023814776736, 0.9087667427093247, 0.9073636385517452, 0.9072364040043348, 0.9073399669601059, 0.9076949645946514, 0.9070915799802733, 0.9071385969225547, 0.9070728440440137, 0.9069521708328767, 0.9069131107164567, 0.9068416655610995, 0.9068443319238455, 0.9069126476105029, 0.9067921378452312, 0.906747781689911, 0.9067301852845389, 0.9066943063856125, 0.9067442793392518, 0.9067126025612917, 0.9066417464669934, 0.9066934230671236, 0.9066425030661815, 0.9066903079648626, 0.9066657496584073, 0.9066408776099109, 0.9066255189970363, 0.9066289934235979, 0.9066643873862612, 0.9066097200698252, 0.9066141978831862, 0.9066195027626758, 0.906616187600547, 0.9066105513357977, 0.9066013322594579, 0.9066042447639909, 0.9066055699235757, 0.9065960494430226, 0.9065935441624883, 0.9065873370486753, 0.9065865523182218, 0.9065865786749241, 0.9065800909092473, 0.90657467143279, 0.9065776776702488, 0.9065744746236583, 0.9065710291766506, 0.9065732075085267, 0.9065710444622446, 0.9065784303055662, 0.9065764587950016, 0.9065688347663341, 0.9065677667420048, 0.906568375828878, 0.9065674833684128, 0.9065673079446962, 0.9065673718511422, 0.9065662167999494, 0.9065677194886718, 0.9065668107654309, 0.9065659106598251, 0.9065652029564111, 0.9065643487432167, 0.906563691516207, 0.9065631220861241, 0.9065630256582569, 0.9065628927165605, 0.906562649712386, 0.9065624718312386, 0.9065619826049954, 0.9065622378962808, 0.9065618848811211, 0.9065615698422493, 0.906561454150266, 0.9065613485722253, 0.9065620436629416, 0.9065615884691433, 0.9065609247343429, 0.9065606198955775, 0.9065604585278778, 0.906560395640244, 0.9065603628787456, 0.9065608773365704, 0.9065602581062422, 0.9065604644419859, 0.9065604078625751, 0.9065603083701119, 0.9065602788724798, 0.906560321311905, 0.9065602163386048, 0.9065602226271431, 0.9065602247830058, 0.9065602004836971, 0.9065601609566581, 0.9065601566419925, 0.9065601759747478, 0.9065601139737327, 0.906560100288957, 0.9065600781359999, 0.9065600666068978, 0.9065600720917487, 0.9065600384229315, 0.906560015532791, 0.9065600002797062, 0.9065600209625518, 0.9065599982617031, 0.906559970112608, 0.906559977498265, 0.9065599683597473, 0.9065599572809789, 0.9065599459993364, 0.9065599732905124, 0.9065599430799983, 0.9065599273449829, 0.9065599163113337, 0.9065599044467112, 0.9065599188882052, 0.9065599053124586, 0.9065599022555308, 0.9065599045516716, 0.906559895588476, 0.9065598977665249, 0.906559883921536, 0.9065598783107486, 0.9065599003607746, 0.9065598764200867, 0.9065598777828413, 0.9065598773999642, 0.9065598891778415, 0.9065598778724301] 

Smallest VQE eingenvalue optimizer final message:
{   'aux_operators_evaluated': None,
    'cost_function_evals': 257,
    'eigenvalue': 0.9065598778724301,
    'optimal_circuit': <qiskit.circuit.library.n_local.real_amplitudes.RealAmplitudes object at 0x0000027279ECBF20>,
    'optimal_parameters': {   ParameterVectorElement(θ[0]): 3.821123943615752,
                              ParameterVectorElement(θ[1]): 1.6552088667350886,
                              ParameterVectorElement(θ[2]): 1.57080347938833,
                              ParameterVectorElement(θ[3]): 2.121925771972208,
                              ParameterVectorElement(θ[4]): -1.8983630803718672,
                              ParameterVectorElement(θ[5]): 1.5708465201501136},
    'optimal_point': array([ 3.82112394,  1.65520887,  1.57080348,  2.12192577, -1.89836308,
        1.57084652]),
    'optimal_value': 0.9065598778724301,
    'optimizer_evals': None,
    'optimizer_result': <qiskit_algorithms.optimizers.optimizer.OptimizerResult object at 0x0000027279EDA8A0>,
    'optimizer_time': 0.7161595821380615}
     ┌──────────┐ ░            ░ ┌──────────┐
q_0: ┤ Ry(θ[0]) ├─░────────■───░─┤ Ry(θ[3]) ├
     ├──────────┤ ░      ┌─┴─┐ ░ ├──────────┤
q_1: ┤ Ry(θ[1]) ├─░───■──┤ X ├─░─┤ Ry(θ[4]) ├
     ├──────────┤ ░ ┌─┴─┐└───┘ ░ ├──────────┤
q_2: ┤ Ry(θ[2]) ├─░─┤ X ├──────░─┤ Ry(θ[5]) ├
     └──────────┘ ░ └───┘      ░ └──────────┘
The number of ansatz parameters is: 
 6
Line for latex table
RA r1 rl & $1\mathrm{e}{-04}$ & 100/100 &423 & $9.0656\mathrm{e}{-01}$ & $6.398\mathrm{e}{-09}$ & $9.0656\mathrm{e}{-01}$ & $1.2705\mathrm{e}{-06}$ & - & 00h 02m 04s\\

