0.9506335329497952
0.9065598714744197
0.9065598714744117
0.9065598714744327
0.9506335329480821
0.9506335329477861
0.906559871474464
0.9506335329474026
0.9506335329477928
0.9065598714744244
0.9506335329479608
0.9065598714744338
0.9506335329480822
0.906559871474421
0.9065598714745078
0.9506335329478488
0.9065598714744062
0.906559871474508
0.9065598714743904
0.950633532949563
0.9065598714755756
0.9506335329475709
0.9065598714744189
0.9506335329538772
0.9065598714745162
0.9506335329474287
0.9065598714752102
0.9065598714744694
0.9506335329474234
0.9506335329604407
0.906559871474401
0.9065598714743985
0.9065598714745332
0.906559871474793
0.950633532947461
0.9065598714744603
0.950633532947426
0.9065598714743974
0.9506335329477069
0.9506335329476383
0.9065598714745664
0.9065598714745451
0.9506335329478288
0.9506335329475477
0.9065598714744206
0.9506335329478112
0.9065598714745406
0.9065598714744305
0.9065598714744066
0.9065598714744337
0.9506335329474624
0.9065598714754604
0.9065598714750871
0.9065598714744103
0.9506335329511969
0.9065598714744816
0.906559871474402
0.906559871474463
0.9065598714754668
0.9065598714747871
0.9506335329474267
0.9065598714745103
0.9065598714745003
0.9065598714746357
0.9506335329474618
0.906559871474884
0.9506335329476436
0.9065598714744646
0.9065598714744283
0.9065598714744343
0.9065598714744701
0.9065598714744268
0.9506335329480462
0.9065598714744252
0.9065598714754154
0.9506335329474341
0.9506335329474835
0.906559871476202
0.950633532948232
0.950633532947617
0.9065598714744808
0.9506335329479828
0.9065598714753896
0.9506335329501567
0.9065598714752225
0.9065598714743849
0.9065598714744164
0.9506335329477815
0.906559871474409
0.9506335329475081
0.9506335329476766
0.9506335329475094
0.9065598714744827
0.9506335329474322
0.90655987147444
0.9065598714744012
0.9065598714744261
0.9506335329480535
0.9065598714744401
