No Shot Noise
31/10/2024 19:04:09 

VQEr_100_COBYLA_maxIter_10000_tol_1e-07_RA_r1_rl 

Reference value: 9.0655987147e-01 

Qubits:  3
VQE runs:  100
Optimizer:  COBYLA
Max iterations:  10000
Optimizers's tolerance:  1e-07
Ansatz:  RA_r1_rl 

Only 99 runs out of 100 converged
Number of iterations for each converged VQE run:
[3038, 341, 320, 296, 588, 714, 1262, 1110, 787, 489, 797, 369, 708, 291, 384, 686, 359, 400, 383, 2522, 1344, 780, 357, 4940, 784, 783, 1219, 281, 441, 7262, 369, 417, 994, 1364, 779, 298, 613, 384, 718, 722, 1199, 528, 769, 948, 252, 1838, 843, 496, 322, 380, 887, 1690, 2664, 301, 2076, 481, 455, 301, 739, 505, 508, 495, 408, 482, 867, 978, 775, 440, 636, 326, 462, 387, 1675, 267, 1485, 599, 743, 2083, 900, 875, 774, 852, 1220, 2312, 1533, 480, 533, 873, 478, 445, 723, 898, 352, 630, 351, 345, 370, 771, 356] 

Average iterations of converged run:
889 

VQE eigenvalues:
[0.9506335329497952, 0.9065598714744197, 0.9065598714744117, 0.9065598714744327, 0.9506335329480821, 0.9506335329477861, 0.906559871474464, 0.9506335329474026, 0.9506335329477928, 0.9065598714744244, 0.9506335329479608, 0.9065598714744338, 0.9506335329480822, 0.906559871474421, 0.9065598714745078, 0.9506335329478488, 0.9065598714744062, 0.906559871474508, 0.9065598714743904, 0.950633532949563, 0.9065598714755756, 0.9506335329475709, 0.9065598714744189, 0.9506335329538772, 0.9065598714745162, 0.9506335329474287, 0.9065598714752102, 0.9065598714744694, 0.9506335329474234, 0.9506335329604407, 0.906559871474401, 0.9065598714743985, 0.9065598714745332, 0.906559871474793, 0.950633532947461, 0.9065598714744603, 0.950633532947426, 0.9065598714743974, 0.9506335329477069, 0.9506335329476383, 0.9065598714745664, 0.9065598714745451, 0.9506335329478288, 0.9506335329475477, 0.9065598714744206, 0.9506335329478112, 0.9065598714745406, 0.9065598714744305, 0.9065598714744066, 0.9065598714744337, 0.9506335329474624, 0.9065598714754604, 0.9065598714750871, 0.9065598714744103, 0.9506335329511969, 0.9065598714744816, 0.906559871474402, 0.906559871474463, 0.9065598714754668, 0.9065598714747871, 0.9506335329474267, 0.9065598714745103, 0.9065598714745003, 0.9065598714746357, 0.9506335329474618, 0.906559871474884, 0.9506335329476436, 0.9065598714744646, 0.9065598714744283, 0.9065598714744343, 0.9065598714744701, 0.9065598714744268, 0.9506335329480462, 0.9065598714744252, 0.9065598714754154, 0.9506335329474341, 0.9506335329474835, 0.906559871476202, 0.950633532948232, 0.950633532947617, 0.9065598714744808, 0.9506335329479828, 0.9065598714753896, 0.9506335329501567, 0.9065598714752225, 0.9065598714743849, 0.9065598714744164, 0.9506335329477815, 0.906559871474409, 0.9506335329475081, 0.9506335329476766, 0.9506335329475094, 0.9065598714744827, 0.9506335329474322, 0.90655987147444, 0.9065598714744012, 0.9065598714744261, 0.9506335329480535, 0.9065598714744401] 

Median VQE eigenvalues:
0.906559871474793 

Min eigenvalue after 100 VQE steps on Aer qasm simulator: 9.06560e-01
Delta from reference energy value is 4.55191e-15 

Optimizer history of the smallest VQE eigenvalue:
[2.9724102057611814, 2.8631712606972695, 5.5739132146620864, 2.099048464694412, 2.780878317730164, 4.941293068178899, 2.913836279505336, 4.081938538694612, 2.876153987311309, 2.1545554336225097, 2.2566307036946065, 2.1896020043049904, 2.129937534494672, 2.1179370609713213, 2.1884607350605436, 2.1802701582655426, 1.9478053024069932, 1.9304834035600733, 1.9231111002399939, 1.951858649642479, 1.9713818114523394, 1.8358228911430547, 1.8344972032706237, 1.7751850096984534, 1.743547174894933, 1.7235391919008634, 1.7560204776751254, 1.7256513987098445, 1.73500125240839, 1.7378167124280706, 1.757284188105008, 1.7311334104575973, 1.7204666858300979, 1.714514759823996, 1.7113421593940354, 1.7042120689164155, 1.6989475517892763, 1.6942334804021166, 1.686818587064289, 1.6848517344149183, 1.6843683910610272, 1.684578623638811, 1.6751912860445088, 1.6668178512072092, 1.659197672475942, 1.6521470623337626, 1.64586130934876, 1.637868579791089, 1.6300290698841895, 1.6220542919570544, 1.6140749574006676, 1.6060710244453758, 1.5980376784920962, 1.5899870769038444, 1.5819143498571593, 1.573836855261266, 1.56573351635007, 1.5576501382133754, 1.5495124068591273, 1.5415467353331025, 1.5333133511173764, 1.5261961558673882, 1.517964926120027, 1.5096844852167481, 1.5013590540477524, 1.4929687170435049, 1.4845018022737237, 1.4759756015285348, 1.467426084335649, 1.4588772929245906, 1.4503348543895527, 1.4417981959226558, 1.433267260753776, 1.4247403465724722, 1.416219537849963, 1.407693472203291, 1.3992242764100589, 1.3904475618010563, 1.3824224812748716, 1.3730611232758616, 1.3633051205447826, 1.3534103517377987, 1.3435456190147568, 1.3337757807243849, 1.3241581674805498, 1.3151275390859074, 1.3064231859509643, 1.2971493275491792, 1.2897919828452085, 1.2857092805147214, 1.268470887157339, 1.2561315031612863, 1.2485930547701525, 1.2483347674680096, 1.2473016528519283, 1.2420244619080092, 1.232910450513456, 1.235871992013853, 1.2302549103414606, 1.2185819583969346, 1.2121165170406958, 1.2097384507113211, 1.2083962434199882, 1.2011054203335232, 1.1976536512521674, 1.1868692100870386, 1.1760114822705448, 1.166164595468275, 1.1619761089534786, 1.1584991891319367, 1.1595669326234856, 1.1566722329831423, 1.1560457382694647, 1.1493203852392613, 1.1370741872608054, 1.1310335388412835, 1.1286201823136055, 1.1237411627314609, 1.1152124364295835, 1.106580547735755, 1.0970736909919725, 1.0881737328162355, 1.0836007062524489, 1.0755316011663134, 1.0806733056689735, 1.0742568734138884, 1.0652507194229661, 1.0606095925617371, 1.0570757186987843, 1.0580229537677392, 1.0618840074299274, 1.0473373218053392, 1.0451226549368962, 1.0368393520984645, 1.0349503628337238, 1.0327791321496922, 1.0227723797535913, 1.0152561677901757, 1.009371931497313, 1.0018096643996866, 1.0022249150581402, 1.0019662056526812, 1.000475667120203, 0.9977748179143653, 0.9890739357092074, 0.9830265141076457, 0.9768471182948781, 0.9755724004746008, 0.9775863312792593, 0.9677187414016907, 0.9625648374701862, 0.95968390671484, 0.9542873179599005, 0.9516783135773457, 0.954187154119226, 0.9498616511089396, 0.9441570477209777, 0.9415690521020402, 0.9415735802045124, 0.9409749165050678, 0.9371144808613995, 0.9365011859814775, 0.9313268130027099, 0.9279345642098987, 0.9249382683311884, 0.922770410291848, 0.9198594607135737, 0.9191168612516948, 0.9243943091614152, 0.9203243676307272, 0.9162778725307932, 0.9165251858464005, 0.9163344692953264, 0.917794879141475, 0.9140207186514703, 0.9139107404264721, 0.9143527098394525, 0.9134373425042273, 0.9124811309196326, 0.9162767253240598, 0.9107035290032641, 0.9091127188604948, 0.9089333782619309, 0.9092845470410488, 0.9087114240729078, 0.9084177500743513, 0.907441153793002, 0.9081854089669206, 0.9106524251724479, 0.9070479351163017, 0.9071176150157817, 0.9074443066673368, 0.9071890120748961, 0.9070559526654287, 0.9070741809316278, 0.9072820856402037, 0.907107064874328, 0.906963287370909, 0.9069352190741634, 0.9070024319512257, 0.9069371588179866, 0.9068651327827583, 0.9068404918916265, 0.9068409685189881, 0.9068316578223102, 0.9067879670713775, 0.9067600074001525, 0.9067386041777344, 0.9067310403628279, 0.9067120013487396, 0.9066930608558325, 0.9066893778031319, 0.9066842779196855, 0.9066665939151646, 0.9066491967163742, 0.9066387763168108, 0.9066329230398079, 0.9066162971607691, 0.9066075655818205, 0.9066061647541708, 0.906602472948367, 0.906603042473852, 0.9066009826991592, 0.9065911246037764, 0.9065826229418592, 0.9065802757358079, 0.9065757337874347, 0.906584231679076, 0.9065779016901347, 0.9065863992249199, 0.9065732118461376, 0.9065736460284498, 0.9065731316825514, 0.9065739532968139, 0.9065738927152145, 0.9065752740866084, 0.9065701591554053, 0.9065701378554825, 0.9065700721115764, 0.9065729569452857, 0.9065722968611623, 0.9065686153914977, 0.906568026282461, 0.9065697875293663, 0.9065657186894656, 0.9065645640680495, 0.9065634864132135, 0.906565738136626, 0.9065627607016636, 0.9065634006383501, 0.9065623215970116, 0.9065636317558422, 0.9065623729321571, 0.9065625898699811, 0.9065622724812917, 0.9065625071636814, 0.9065615253118566, 0.9065612223033661, 0.9065614092623374, 0.906561578189248, 0.9065615152322972, 0.9065610919289802, 0.9065608597701542, 0.9065608403070677, 0.9065613378158931, 0.9065607405889395, 0.9065608832692169, 0.906560790807522, 0.9065607554467543, 0.9065607195464391, 0.9065606034246381, 0.9065604059926043, 0.9065602976939848, 0.9065602510412925, 0.9065605124659516, 0.9065602340142447, 0.9065602459607518, 0.9065603072698497, 0.9065601567864676, 0.90656013450187, 0.9065600774618325, 0.9065602667366662, 0.9065601155249378, 0.9065600057764839, 0.9065600948663848, 0.9065600229711394, 0.9065600332626834, 0.9065599840077994, 0.9065600061224182, 0.90656001414317, 0.9065600174693755, 0.9065600027303427, 0.9065600155733575, 0.9065599510574595, 0.9065599598841703, 0.9065599498580079, 0.9065599586374725, 0.9065599361119664, 0.9065599347286226, 0.9065599353975624, 0.9065599418523825, 0.9065599365574503, 0.9065599218877859, 0.906559929477132, 0.9065599203970778, 0.9065599160725466, 0.9065599159337026, 0.9065599171021741, 0.9065599150101801, 0.9065599183104922, 0.9065599089596161, 0.906559906132396, 0.9065599053307917, 0.9065599067347387, 0.9065599041775846, 0.9065599036790206, 0.9065598972099926, 0.9065598926760378, 0.9065598907463138, 0.9065598926313838, 0.906559891721276, 0.9065598896860516, 0.9065598908801974, 0.9065598864039405, 0.9065598869641962, 0.9065598863314435, 0.9065598859076398, 0.9065598845359752, 0.9065598844336974, 0.90655988421926, 0.9065598837765378, 0.9065598837498761, 0.9065598828046263, 0.9065598817276433, 0.9065598803752457, 0.9065598794115561, 0.906559879568818, 0.9065598796774925, 0.9065598791598036, 0.9065598799678249, 0.9065598781248263, 0.9065598771527181, 0.9065598779570889, 0.9065598772499103, 0.9065598768601967, 0.9065598767785666, 0.9065598759116962, 0.9065598756230737, 0.9065598761573835, 0.9065598755766977, 0.9065598749011168, 0.9065598748932324, 0.9065598748608983, 0.9065598758352748, 0.9065598741531263, 0.9065598745213783, 0.9065598743019949, 0.9065598738523264, 0.9065598749461656, 0.9065598732134739, 0.9065598737803905, 0.9065598734383926, 0.9065598732293321, 0.9065598732077303, 0.9065598729503875, 0.9065598730728014, 0.9065598730146025, 0.9065598727597874, 0.906559872737489, 0.9065598727696758, 0.9065598725009489, 0.9065598722943502, 0.9065598722826489, 0.9065598723844193, 0.9065598720628852, 0.906559872028281, 0.9065598720658903, 0.9065598720713033, 0.9065598721394852, 0.9065598719674535, 0.9065598719474048, 0.9065598719821327, 0.9065598719904724, 0.9065598718627292, 0.9065598718180846, 0.9065598717942165, 0.9065598718042246, 0.9065598717395015, 0.9065598717043241, 0.9065598716530816, 0.9065598716193415, 0.9065598716292671, 0.9065598716306794, 0.9065598715995674, 0.9065598715933457, 0.9065598715747826, 0.9065598715561505, 0.906559871583051, 0.9065598715424384, 0.9065598715198281, 0.9065598715165555, 0.906559871515346, 0.9065598715451707, 0.906559871504497, 0.9065598715121733, 0.9065598715028055, 0.906559871507349, 0.9065598715053907, 0.9065598715022014, 0.9065598714995486, 0.9065598715018097, 0.9065598715029469, 0.9065598714901966, 0.9065598714926221, 0.9065598714903498, 0.9065598714901512, 0.9065598714884986, 0.9065598714881425, 0.9065598714879524, 0.9065598714901544, 0.9065598714848303, 0.9065598714831087, 0.9065598714824883, 0.9065598714825502, 0.9065598714848492, 0.9065598714803489, 0.9065598714783752, 0.906559871478453, 0.9065598714779828, 0.9065598714775778, 0.9065598714774799, 0.9065598714779122, 0.9065598714771864, 0.9065598714766002, 0.906559871476945, 0.9065598714769438, 0.9065598714759777, 0.9065598714755836, 0.9065598714760326, 0.9065598714754335, 0.9065598714755535, 0.9065598714753194, 0.90655987147521, 0.9065598714751154, 0.906559871474952, 0.9065598714749831, 0.9065598714749508, 0.9065598714747447, 0.9065598714746944, 0.9065598714747805, 0.9065598714747223, 0.9065598714746634, 0.90655987147467, 0.9065598714747395, 0.9065598714745724, 0.90655987147452, 0.9065598714745466, 0.9065598714745159, 0.9065598714744914, 0.90655987147475, 0.9065598714745543, 0.9065598714744676, 0.9065598714745305, 0.9065598714744698, 0.9065598714744323, 0.9065598714744296, 0.9065598714744195, 0.9065598714744126, 0.9065598714744443, 0.9065598714744092, 0.9065598714744347, 0.9065598714743952, 0.906559871474401, 0.9065598714744076, 0.9065598714743872, 0.9065598714743883, 0.9065598714743845, 0.9065598714743918, 0.9065598714743911, 0.9065598714743849] 

Smallest VQE eingenvalue optimizer final message:
{   'aux_operators_evaluated': None,
    'cost_function_evals': 480,
    'eigenvalue': 0.9065598714743849,
    'optimal_circuit': <qiskit.circuit.library.n_local.real_amplitudes.RealAmplitudes object at 0x000002727F363F20>,
    'optimal_parameters': {   ParameterVectorElement(θ[0]): 3.194516735474519,
                              ParameterVectorElement(θ[1]): -3.1415926512481205,
                              ParameterVectorElement(θ[2]): -0.5030974495048733,
                              ParameterVectorElement(θ[3]): -3.483407000947996,
                              ParameterVectorElement(θ[4]): -0.39328984282292506,
                              ParameterVectorElement(θ[5]): -0.5030973456996206},
    'optimal_point': array([ 3.19451674, -3.14159265, -0.50309745, -3.483407  , -0.39328984,
       -0.50309735]),
    'optimal_value': 0.9065598714743849,
    'optimizer_evals': None,
    'optimizer_result': <qiskit_algorithms.optimizers.optimizer.OptimizerResult object at 0x0000027204FD7E90>,
    'optimizer_time': 1.502340316772461}
     ┌──────────┐ ░            ░ ┌──────────┐
q_0: ┤ Ry(θ[0]) ├─░────────■───░─┤ Ry(θ[3]) ├
     ├──────────┤ ░      ┌─┴─┐ ░ ├──────────┤
q_1: ┤ Ry(θ[1]) ├─░───■──┤ X ├─░─┤ Ry(θ[4]) ├
     ├──────────┤ ░ ┌─┴─┐└───┘ ░ ├──────────┤
q_2: ┤ Ry(θ[2]) ├─░─┤ X ├──────░─┤ Ry(θ[5]) ├
     └──────────┘ ░ └───┘      ░ └──────────┘
The number of ansatz parameters is: 
 6
Line for latex table
RA r1 rl & $1\mathrm{e}{-07}$ & 99/100 &889 & $9.0656\mathrm{e}{-01}$ & $4.5519\mathrm{e}{-15}$ & $9.0656\mathrm{e}{-01}$ & $4.1267\mathrm{e}{-13}$ & - & 00h 05m 14s\\

