RA_r1_rl
09h25m57s__142
1e-05
25.13176928944136
20.310871451718384
28.005530213938364
30.768444309223742
25.90878962369034
25.314917376324125
56.49272237532316
16.561140194401204
13.954022242567284
10.673426790989023
27.376846256533664
45.841098553930756
39.6021723631228
27.472141233791035
10.06844126284346
46.31403957508189
14.02153825912673
3.0636671342008652
22.72489990659799
47.62508934627337
4.28728353978974
15.928586150336884
41.973704958671675
19.28971267060236
4.29788742963963
10.735518938203253
22.338568775502463
7.968783864780808
19.372479532957545
22.66493412908913
4.983240110455661
31.434287984149027
22.14970078998665
35.735734241435175
66.86085814355766
24.94518854960807
21.037704393989955
24.637630232779802
40.14038826755065
13.932201440569747
28.0311620748166
39.98585079593099
21.733597393497607
9.20535898165266
16.10294177565566
15.78938001198821
17.82628891083207
26.741987130084855
20.534159379015037
19.231603798130976
35.53723078196107
11.73233788114976
24.717250143439745
20.552485501705434
5.941951383514068
14.968815815483655
21.365832133106142
33.18466767124476
29.20207161719914
20.721179319892
60.268408191368124
18.858816917246678
48.96343867465123
26.732228186144937
12.253509344262438
13.513736223248053
24.968450332875566
16.62671487231104
9.903701895891363
23.9746910846671
26.236001184901834
32.84790505504712
48.51548559864654
24.567172536055715
4.75580160716666
20.814093628562794
14.890507150966389
46.32694750474824
64.05455372977823
45.77740885401318
13.229245519910027
24.977980193824138
12.11052853267585
10.810080338388602
5.463561903233645
22.656383804178596
28.360306916623014
70.60033802218184
43.8233489617538
11.507797771761124
9.280633451901869
36.457914840967824
21.321648665430672
26.025677692749145
27.373556564978525
29.3044940245105
15.146475119185872
27.448273478510686
17.82584843733684
18.88169990138932
