25.13176928944136 3.3500229611839853
20.310871451718384 2.989638470448076
28.005530213938364 3.5129804935779556
30.768444309223742 3.431376264928732
25.90878962369034 3.2636885885584173
25.314917376324125 3.6198929486944813
56.49272237532316 3.3416578595955597
16.561140194401204 2.5710168184062963
13.954022242567284 2.7890246836270363
10.673426790989023 3.3226083475464896
27.376846256533664 3.540843020100789
45.841098553930756 3.3900581794433724
39.6021723631228 3.7574557737843755
27.472141233791035 2.9109281669091303
10.06844126284346 3.0515694914471947
46.31403957508189 3.5070511957038693
14.02153825912673 2.7124805731150627
3.0636671342008652 3.3471599920764645
22.72489990659799 3.2653954995020515
47.62508934627337 3.4813097346784705
4.28728353978974 3.353031540165116
15.928586150336884 2.9944825814021523
41.973704958671675 3.4656975250193436
19.28971267060236 3.1179022233441787
4.29788742963963 2.73738270289892
10.735518938203253 2.77873951402645
22.338568775502463 2.870225499285581
7.968783864780808 2.6656940867939496
19.372479532957545 2.685721682980759
22.66493412908913 3.1692171760346954
4.983240110455661 2.76756167917674
31.434287984149027 3.1772737678210436
22.14970078998665 3.295995278817433
35.735734241435175 3.3521035404918487
66.86085814355766 3.4621899352660224
24.94518854960807 3.323026892524453
21.037704393989955 3.4448943172382975
24.637630232779802 3.395341564243843
40.14038826755065 3.5307060031654878
13.932201440569747 3.372901924976986
28.0311620748166 3.2263861969536123
39.98585079593099 3.4765710297618146
21.733597393497607 3.2232939039399082
9.20535898165266 2.782222741498454
16.10294177565566 3.2599983878139778
15.78938001198821 3.0257372657826487
17.82628891083207 3.3721755945249265
26.741987130084855 3.4330113240632723
20.534159379015037 3.2549829835760034
19.231603798130976 3.0404209845021852
35.53723078196107 3.3820428242558624
11.73233788114976 3.1540953198548194
24.717250143439745 3.0822982425134944
20.552485501705434 2.998255080115616
5.941951383514068 2.866252902990294
14.968815815483655 3.241968206905845
21.365832133106142 3.0861894530424685
33.18466767124476 3.4858068108589033
29.20207161719914 3.673112845211468
20.721179319892 3.3362503883358725
60.268408191368124 3.5054172144150724
18.858816917246678 3.1290372691444865
48.96343867465123 3.359579206961739
26.732228186144937 2.8166809428135844
12.253509344262438 3.2972746454613935
13.513736223248053 3.3028410785093336
24.968450332875566 2.629734431922838
16.62671487231104 3.3322343087182316
9.903701895891363 2.6054735915601053
23.9746910846671 2.8294636169668155
26.236001184901834 3.5074716437240756
32.84790505504712 3.32120238754362
48.51548559864654 3.750266661308504
24.567172536055715 3.433180222481506
4.75580160716666 3.1190328013724367
20.814093628562794 3.0069628243366924
14.890507150966389 3.194128407651237
46.32694750474824 3.449700219774926
64.05455372977823 3.4641716827387192
45.77740885401318 3.340930360397241
13.229245519910027 3.3587843932740604
24.977980193824138 3.298585002071315
12.11052853267585 3.082231616600037
10.810080338388602 3.0771477303335657
5.463561903233645 3.1337213706434563
22.656383804178596 2.638149174353122
28.360306916623014 3.427420906693524
70.60033802218184 3.559870616405792
43.8233489617538 3.575413039702925
11.507797771761124 2.6399173048331206
9.280633451901869 2.750857330337352
36.457914840967824 3.275143563157801
21.321648665430672 3.0386141633426123
26.025677692749145 3.367935995327902
27.373556564978525 2.987541042810511
29.3044940245105 3.213656425992381
15.146475119185872 3.1727926355660148
27.448273478510686 3.2393034199548656
17.82584843733684 3.421189279304974
18.88169990138932 2.795050683431754
