With Shot Noise
05/11/2024 10:09:59 

VQEr_100_shots_10000_COBYLA_maxIter_10000_tol_1e-05_RA_r1_rl 

Reference value: 8.9163237056e-01 

Number of pauli strings:  352
Qubits:  6
VQE runs:  100
Optimizer:  COBYLA
Max iterations:  10000
Optimizers's tolerance:  1e-05
Ansatz:  RA_r1_rl 

All run converged!!!
Number of iterations for each converged VQE run:
[141, 137, 137, 150, 120, 128, 150, 129, 166, 141, 144, 122, 139, 140, 163, 128, 158, 137, 153, 119, 142, 134, 126, 144, 135, 142, 139, 170, 140, 149, 122, 127, 130, 148, 129, 154, 144, 149, 149, 139, 123, 128, 148, 152, 169, 165, 137, 143, 118, 137, 127, 156, 152, 136, 162, 150, 127, 128, 152, 114, 147, 124, 158, 156, 141, 156, 127, 154, 152, 129, 123, 149, 148, 143, 169, 146, 136, 139, 142, 156, 139, 151, 157, 153, 141, 171, 137, 140, 141, 129, 138, 134, 170, 127, 142, 130, 145, 133, 149, 141] 

Average iterations of converged run:
142 

VQE eigenvalues:
[25.13176928944136, 20.310871451718384, 28.005530213938364, 30.768444309223742, 25.90878962369034, 25.314917376324125, 56.49272237532316, 16.561140194401204, 13.954022242567284, 10.673426790989023, 27.376846256533664, 45.841098553930756, 39.6021723631228, 27.472141233791035, 10.06844126284346, 46.31403957508189, 14.02153825912673, 3.0636671342008652, 22.72489990659799, 47.62508934627337, 4.28728353978974, 15.928586150336884, 41.973704958671675, 19.28971267060236, 4.29788742963963, 10.735518938203253, 22.338568775502463, 7.968783864780808, 19.372479532957545, 22.66493412908913, 4.983240110455661, 31.434287984149027, 22.14970078998665, 35.735734241435175, 66.86085814355766, 24.94518854960807, 21.037704393989955, 24.637630232779802, 40.14038826755065, 13.932201440569747, 28.0311620748166, 39.98585079593099, 21.733597393497607, 9.20535898165266, 16.10294177565566, 15.78938001198821, 17.82628891083207, 26.741987130084855, 20.534159379015037, 19.231603798130976, 35.53723078196107, 11.73233788114976, 24.717250143439745, 20.552485501705434, 5.941951383514068, 14.968815815483655, 21.365832133106142, 33.18466767124476, 29.20207161719914, 20.721179319892, 60.268408191368124, 18.858816917246678, 48.96343867465123, 26.732228186144937, 12.253509344262438, 13.513736223248053, 24.968450332875566, 16.62671487231104, 9.903701895891363, 23.9746910846671, 26.236001184901834, 32.84790505504712, 48.51548559864654, 24.567172536055715, 4.75580160716666, 20.814093628562794, 14.890507150966389, 46.32694750474824, 64.05455372977823, 45.77740885401318, 13.229245519910027, 24.977980193824138, 12.11052853267585, 10.810080338388602, 5.463561903233645, 22.656383804178596, 28.360306916623014, 70.60033802218184, 43.8233489617538, 11.507797771761124, 9.280633451901869, 36.457914840967824, 21.321648665430672, 26.025677692749145, 27.373556564978525, 29.3044940245105, 15.146475119185872, 27.448273478510686, 17.82584843733684, 18.88169990138932] 

VQE eigenvalues standard deviation:
[3.3500229611839853, 2.989638470448076, 3.5129804935779556, 3.431376264928732, 3.2636885885584173, 3.6198929486944813, 3.3416578595955597, 2.5710168184062963, 2.7890246836270363, 3.3226083475464896, 3.540843020100789, 3.3900581794433724, 3.7574557737843755, 2.9109281669091303, 3.0515694914471947, 3.5070511957038693, 2.7124805731150627, 3.3471599920764645, 3.2653954995020515, 3.4813097346784705, 3.353031540165116, 2.9944825814021523, 3.4656975250193436, 3.1179022233441787, 2.73738270289892, 2.77873951402645, 2.870225499285581, 2.6656940867939496, 2.685721682980759, 3.1692171760346954, 2.76756167917674, 3.1772737678210436, 3.295995278817433, 3.3521035404918487, 3.4621899352660224, 3.323026892524453, 3.4448943172382975, 3.395341564243843, 3.5307060031654878, 3.372901924976986, 3.2263861969536123, 3.4765710297618146, 3.2232939039399082, 2.782222741498454, 3.2599983878139778, 3.0257372657826487, 3.3721755945249265, 3.4330113240632723, 3.2549829835760034, 3.0404209845021852, 3.3820428242558624, 3.1540953198548194, 3.0822982425134944, 2.998255080115616, 2.866252902990294, 3.241968206905845, 3.0861894530424685, 3.4858068108589033, 3.673112845211468, 3.3362503883358725, 3.5054172144150724, 3.1290372691444865, 3.359579206961739, 2.8166809428135844, 3.2972746454613935, 3.3028410785093336, 2.629734431922838, 3.3322343087182316, 2.6054735915601053, 2.8294636169668155, 3.5074716437240756, 3.32120238754362, 3.750266661308504, 3.433180222481506, 3.1190328013724367, 3.0069628243366924, 3.194128407651237, 3.449700219774926, 3.4641716827387192, 3.340930360397241, 3.3587843932740604, 3.298585002071315, 3.082231616600037, 3.0771477303335657, 3.1337213706434563, 2.638149174353122, 3.427420906693524, 3.559870616405792, 3.575413039702925, 2.6399173048331206, 2.750857330337352, 3.275143563157801, 3.0386141633426123, 3.367935995327902, 2.987541042810511, 3.213656425992381, 3.1727926355660148, 3.2393034199548656, 3.421189279304974, 2.795050683431754] 

Median VQE eigenvalues:
22.497476289840527 

Min eigenvalue after 100 VQE steps on Aer qasm simulator: 3.06367e+00
Delta from reference energy value is 2.17203e+00 

Optimizer history of the smallest VQE eigenvalue:
[195.96103726851237, 248.6958539372667, 219.4997245673515, 241.09219901957633, 228.88041331525517, 92.2852901519049, 156.36574488494034, 94.02233084579936, 77.5663630662779, 117.33061205568077, 102.64664751542537, 38.152682416676356, 37.969781672211724, 63.35328861941812, 32.56673409074311, 47.36084054363265, 18.508096203444303, 80.85929271868953, 13.705855231189755, 48.381282279214915, 16.969467779374494, 13.75019826686987, 9.916213518918184, 7.299017626849308, 28.26614526246504, 5.320683481241949, 16.945432993659036, 10.18172677466204, 14.017969633918018, 7.007152549511821, 16.103014893005756, 8.521304811249557, 14.809564118853693, 16.061153707086397, 6.791731052687704, 3.8821872789442273, 13.192485015393466, 5.524483791474697, 5.4748764968222625, 6.916538193931347, 11.490401307120873, 9.56994567770781, 6.691565914708427, 5.767533904345589, 10.543275796642186, 3.5417447220264293, 7.912483905011503, 7.173606116863324, 12.190108688653446, 4.061459474362447, 10.347292931710939, 4.725522380275722, 11.288137935554452, 2.91334839175025, 1.2046057209654681, 9.923294695856764, 5.398080213943537, 9.538140955040912, 10.67898010934148, 11.841412266729147, 9.151494848975423, 7.608691443043634, 3.5035650650451275, 10.863982153463454, 8.581955692931029, 13.137912771755406, 5.753568325153799, 12.251495005761054, 7.1094549442094195, 7.623414218798281, 9.88732776564024, 11.782330659341904, 14.34222274292539, 10.622658122092497, 9.661294359538179, 8.035493021823997, 6.8380535436052785, 9.55198044124608, 12.680788235907533, 11.629035582162965, 12.570064190465121, 5.463289553122964, 6.610930330538485, 13.719248701304792, 12.767235097837037, 11.163714685173865, 4.594612617583037, 8.120203109834977, 6.0906238993466015, 8.688991264531442, 9.72705827941665, 11.60952446280379, 5.916763065292858, 12.669172268309229, 8.5677830889753, 3.849286534916411, 8.517509760914473, 10.848641394530697, 10.120458916853163, 10.522109395614354, 11.053978911945636, 8.372860146153545, 0.9451783989314966, 5.741700516738465, 8.781035426848296, 12.046473376279648, 7.828961550124347, 6.535469724941521, 9.07398946861691, 8.16554690183479, 9.230803712974057, 5.427238085911673, 8.763009932881632, 6.851751438612968, 9.877844663193033, 14.245132564398196, 7.371343391617128, 8.500529562073599, 9.491167875739556, 3.162878674130798, 13.430893809664779, 13.147171581571866, 4.96069208872281, 5.023462802328824, 1.6971202450839846, 9.115547096776158, 5.07588846670639, 2.8324390147765834, 9.72615138611708, 9.971234206646134, 11.017890674816778, 9.243546171845239, 7.5387815348245955, 9.884749244957423, 9.926021687549062, 13.56041146618309, 3.0636671342008652] 

Optimizer history of the smallest VQE eigenvalue standard deviation:
[3.8214547594678874, 3.793433823804824, 3.8204917278320916, 3.8120290287294623, 3.9292162281547673, 3.748216574215206, 3.876470273811545, 3.7374278085311112, 3.763811839478685, 3.800916674077336, 3.7845587656789763, 3.4726972899974737, 3.468442520282121, 3.6118919504723714, 3.5049339530791195, 3.519458783075066, 3.394685043674142, 3.5420277888774105, 3.3779840104104504, 3.560945068484591, 3.37439961036311, 3.360068004073894, 3.3504604676359744, 3.325199479684721, 3.463610043120807, 3.3287124503151744, 3.309361449141076, 3.3951748004266507, 3.360825424724611, 3.325917961174262, 3.3139079099093127, 3.310890218099079, 3.357869986363598, 3.3395243310156215, 3.3168024694512304, 3.3363370433696082, 3.337146344656631, 3.34602162539673, 3.3176063861980443, 3.315126865372812, 3.329225821566015, 3.3491280312154954, 3.33763675616295, 3.340328457738263, 3.3449125954876164, 3.3574022765179663, 3.3786227118993795, 3.3466367575477873, 3.3448308793032786, 3.34668643469362, 3.3604593184149723, 3.3543149929954805, 3.3543227508735662, 3.3393397435708474, 3.3553654595480222, 3.339622284791124, 3.3495287668006233, 3.3491109058609307, 3.351988541093235, 3.3492988261596928, 3.3407833575880628, 3.3603557036876137, 3.3506871276257217, 3.341436214068438, 3.3454583651382164, 3.3433668147921503, 3.351665932187955, 3.3456743012908667, 3.3478344850872856, 3.3459100067781216, 3.3502669755771533, 3.345009170463066, 3.3507313809845622, 3.3501161439550002, 3.348708714947772, 3.352115957833151, 3.338103626610587, 3.3488981017543997, 3.3540546004739484, 3.345109196928184, 3.349992237774744, 3.35377358271261, 3.3501945271283073, 3.341906261357319, 3.348057258759093, 3.3511263040289645, 3.3512226627021433, 3.347818313581109, 3.3445843613180237, 3.3485480596794783, 3.350765770824948, 3.3404757305361645, 3.3473798937135926, 3.348882193604936, 3.3500817189665644, 3.3494314202879756, 3.3455067882102063, 3.348682085695051, 3.351280449305307, 3.352247362376845, 3.344542623500964, 3.3490170944830786, 3.3537024378448206, 3.3470312384698313, 3.339359305250797, 3.3454906828351283, 3.3488328902985405, 3.348338382445453, 3.3462514832100623, 3.346788840614104, 3.353890794648991, 3.3458069838833424, 3.3486927861110147, 3.3456750079324347, 3.3454509923065348, 3.348338121002861, 3.35359275115359, 3.3497695461452635, 3.35260935975443, 3.353832216766485, 3.3462437348879077, 3.351481178450663, 3.342055067897394, 3.348016161162594, 3.3536319292815095, 3.351997423653472, 3.345784463360594, 3.3497098016542872, 3.3454101818565842, 3.3522008227065196, 3.3516970110444566, 3.3446902648171206, 3.3469214860289624, 3.347301747288925, 3.3495586707162004, 3.3541111203637186, 3.3471599920764645] 

Smallest VQE eingenvalue optimizer final message:
{   'aux_operators_evaluated': None,
    'cost_function_evals': 137,
    'eigenvalue': 3.0636671342008652,
    'optimal_circuit': <qiskit.circuit.library.n_local.real_amplitudes.RealAmplitudes object at 0x00000177A286C440>,
    'optimal_parameters': {   ParameterVectorElement(θ[1]): -2.5790111414409242,
                              ParameterVectorElement(θ[2]): -0.05253930031616578,
                              ParameterVectorElement(θ[10]): 2.563803351469288,
                              ParameterVectorElement(θ[9]): 3.267161636031681,
                              ParameterVectorElement(θ[11]): 4.158634280599431,
                              ParameterVectorElement(θ[0]): -1.9397160489654428,
                              ParameterVectorElement(θ[5]): -1.2973057642345291,
                              ParameterVectorElement(θ[8]): 2.815548214325462,
                              ParameterVectorElement(θ[6]): 0.46644968294906075,
                              ParameterVectorElement(θ[4]): 0.6077823713035146,
                              ParameterVectorElement(θ[3]): -3.1391716174405895,
                              ParameterVectorElement(θ[7]): 1.4917543492553695},
    'optimal_point': array([-1.93971605, -2.57901114, -0.0525393 , -3.13917162,  0.60778237,
       -1.29730576,  0.46644968,  1.49175435,  2.81554821,  3.26716164,
        2.56380335,  4.15863428]),
    'optimal_value': 3.0636671342008652,
    'optimizer_evals': None,
    'optimizer_result': <qiskit_algorithms.optimizers.optimizer.OptimizerResult object at 0x00000177F35E9B50>,
    'optimizer_time': 314.6607189178467}
     ┌──────────┐ ░                           ░  ┌──────────┐
q_0: ┤ Ry(θ[0]) ├─░───────────────────────■───░──┤ Ry(θ[6]) ├
     ├──────────┤ ░                     ┌─┴─┐ ░  ├──────────┤
q_1: ┤ Ry(θ[1]) ├─░──────────────────■──┤ X ├─░──┤ Ry(θ[7]) ├
     ├──────────┤ ░                ┌─┴─┐└───┘ ░  ├──────────┤
q_2: ┤ Ry(θ[2]) ├─░─────────────■──┤ X ├──────░──┤ Ry(θ[8]) ├
     ├──────────┤ ░           ┌─┴─┐└───┘      ░  ├──────────┤
q_3: ┤ Ry(θ[3]) ├─░────────■──┤ X ├───────────░──┤ Ry(θ[9]) ├
     ├──────────┤ ░      ┌─┴─┐└───┘           ░ ┌┴──────────┤
q_4: ┤ Ry(θ[4]) ├─░───■──┤ X ├────────────────░─┤ Ry(θ[10]) ├
     ├──────────┤ ░ ┌─┴─┐└───┘                ░ ├───────────┤
q_5: ┤ Ry(θ[5]) ├─░─┤ X ├─────────────────────░─┤ Ry(θ[11]) ├
     └──────────┘ ░ └───┘                     ░ └───────────┘
The number of ansatz parameters is: 
 12
Line for latex table
RA r1 rl & $1\mathrm{e}{-05}$ & 10000 & 100/100 &142 & $3.0637\mathrm{e}{+00}$ & $3.3472\mathrm{e}{+00}$ & $2.172\mathrm{e}{+00}$ & $2.2497\mathrm{e}{+01}$ & $2.1606\mathrm{e}{+01}$ & - & 09h 25m 57s\\

