-0.16478488618985554
-0.16478427033564524
-0.1647849271040155
-0.1647836809262163
-0.1647797624908276
-0.16478480361634107
-0.16478415900520815
-0.16478471485265012
-0.16478491888179958
-0.16478457428888083
-0.16478493757291612
-0.1647850652319225
-0.16478505354987183
-0.1647846840784959
-0.1647848319824673
-0.16478512741368823
-0.164773405587477
-0.1647848248203272
-0.16476436229789537
-0.16478429848040788
-0.16478465329524405
-0.16478498780900463
-0.16478466377813805
-0.16478517492654976
-0.16478486497366462
-0.16478488273094072
-0.1647849610879104
-0.16478509580490308
-0.1647849780808781
-0.16478496324554448
-0.16478364851888128
-0.16478506619348654
-0.16478449047562727
-0.1647849412067851
-0.16478441712300695
-0.1647851460998495
-0.16478475938725268
-0.16478408707538317
-0.16478478321985357
-0.1647846591407489
-0.16478494512269692
-0.16478498986752665
-0.16478511733409507
-0.16478507833841227
-0.164784959573394
-0.1647850872028862
-0.1647812632456962
-0.1647846223596512
-0.16478504842126207
-0.16478460245454096
-0.16478513507719084
-0.16478502803992456
-0.1647851321265994
-0.16478517128694814
-0.16478490475215068
-0.164784484433236
-0.1647790997987677
-0.16478451704150743
-0.16478439873281614
-0.16478512266688794
-0.16478480140485685
-0.16478491854994692
-0.16478500253020034
-0.1647844968203378
-0.16478479307916216
-0.1647849388589787
-0.16478505317441816
-0.16478449051887267
-0.16478506761669887
-0.1647818661332041
-0.16478477664764757
-0.16476236609519723
-0.16478478050420675
-0.1647700216974597
-0.1647814874389223
-0.16478473665942373
-0.16478485087643813
-0.1647785153215967
-0.1647852085046535
-0.16478513773416714
-0.1647848149728791
-0.16478497957260418
-0.16478445974858003
-0.164784782445895
-0.16478512604107154
-0.16478494516043374
-0.16478491475473955
-0.16477006773908343
-0.16478494924028686
-0.1647844170401307
-0.1647843977069302
-0.1647846260108602
-0.16478502932202366
-0.1647845286943791
-0.16478499109785827
-0.16478512016480718
-0.1647837098742988
-0.16478506543937588
-0.16478393958336024
