No Shot Noise
01/11/2024 12:27:16 

VQEr_100_COBYLA_maxIter_10000_tol_1e-04_RA_r1_rl 

Reference value: -1.6478526069e-01 

Qubits:  3
VQE runs:  100
Optimizer:  COBYLA
Max iterations:  10000
Optimizers's tolerance:  1e-04
Ansatz:  RA_r1_rl 

Only 99 runs out of 100 converged
Number of iterations for each converged VQE run:
[240, 636, 359, 674, 210, 461, 371, 466, 410, 394, 539, 236, 268, 502, 253, 436, 1630, 405, 2713, 347, 553, 206, 236, 272, 524, 351, 485, 417, 501, 503, 845, 311, 348, 370, 283, 262, 374, 320, 323, 278, 383, 644, 441, 371, 237, 344, 1235, 527, 1359, 342, 304, 334, 437, 377, 462, 610, 1786, 420, 377, 433, 311, 344, 366, 354, 382, 408, 649, 329, 281, 1527, 227, 1585, 316, 1539, 973, 443, 294, 1158, 253, 428, 390, 3359, 525, 385, 545, 400, 425, 1244, 280, 547, 950, 205, 325, 404, 411, 300, 660, 267, 521] 

Average iterations of converged run:
556 

VQE eigenvalues:
[-0.16478488618985554, -0.16478427033564524, -0.1647849271040155, -0.1647836809262163, -0.1647797624908276, -0.16478480361634107, -0.16478415900520815, -0.16478471485265012, -0.16478491888179958, -0.16478457428888083, -0.16478493757291612, -0.1647850652319225, -0.16478505354987183, -0.1647846840784959, -0.1647848319824673, -0.16478512741368823, -0.164773405587477, -0.1647848248203272, -0.16476436229789537, -0.16478429848040788, -0.16478465329524405, -0.16478498780900463, -0.16478466377813805, -0.16478517492654976, -0.16478486497366462, -0.16478488273094072, -0.1647849610879104, -0.16478509580490308, -0.1647849780808781, -0.16478496324554448, -0.16478364851888128, -0.16478506619348654, -0.16478449047562727, -0.1647849412067851, -0.16478441712300695, -0.1647851460998495, -0.16478475938725268, -0.16478408707538317, -0.16478478321985357, -0.1647846591407489, -0.16478494512269692, -0.16478498986752665, -0.16478511733409507, -0.16478507833841227, -0.164784959573394, -0.1647850872028862, -0.1647812632456962, -0.1647846223596512, -0.16478504842126207, -0.16478460245454096, -0.16478513507719084, -0.16478502803992456, -0.1647851321265994, -0.16478517128694814, -0.16478490475215068, -0.164784484433236, -0.1647790997987677, -0.16478451704150743, -0.16478439873281614, -0.16478512266688794, -0.16478480140485685, -0.16478491854994692, -0.16478500253020034, -0.1647844968203378, -0.16478479307916216, -0.1647849388589787, -0.16478505317441816, -0.16478449051887267, -0.16478506761669887, -0.1647818661332041, -0.16478477664764757, -0.16476236609519723, -0.16478478050420675, -0.1647700216974597, -0.1647814874389223, -0.16478473665942373, -0.16478485087643813, -0.1647785153215967, -0.1647852085046535, -0.16478513773416714, -0.1647848149728791, -0.16478497957260418, -0.16478445974858003, -0.164784782445895, -0.16478512604107154, -0.16478494516043374, -0.16478491475473955, -0.16477006773908343, -0.16478494924028686, -0.1647844170401307, -0.1647843977069302, -0.1647846260108602, -0.16478502932202366, -0.1647845286943791, -0.16478499109785827, -0.16478512016480718, -0.1647837098742988, -0.16478506543937588, -0.16478393958336024] 

Median VQE eigenvalues:
-0.1647848248203272 

Min eigenvalue after 100 VQE steps on Aer qasm simulator: -1.64785e-01
Delta from reference energy value is 5.21804e-08 

Optimizer history of the smallest VQE eigenvalue:
[10.775720256049688, 11.14374565457837, 6.727874835029618, 2.188376245641185, 3.753878786320719, 0.814383757673379, 0.40541262741274353, 3.8775514122662225, 1.4748187536613626, 0.9147714486498746, 0.9930522428480932, 0.890139372007587, 0.1927675656870137, 0.1162286148035242, 0.21811418970404473, 0.5333744499638083, 0.29150336023477974, 0.05571313140211176, 0.22632258118184606, 0.12490338820147251, 0.11037191170768706, 0.07255909104788683, 0.006937564577639499, 0.05317783561860612, 0.010114924400849601, -0.03508901416232968, -0.07345675862075385, -0.11785020772428945, -0.0905934738716968, -0.1050390065225647, -0.035577721740065016, -0.08502192593159164, -0.14405306502212045, -0.07770242063550292, -0.14431453993482146, -0.08493521163036, -0.1314233228188929, -0.1373874218987664, -0.1427402317028118, -0.1386732423682483, -0.14652053093167416, -0.1467431990230157, -0.14223645707503862, -0.1463054039917291, -0.14676951906190594, -0.1465023339072702, -0.14496792267972947, -0.15471969289358323, -0.15522282910620033, -0.1565867737122002, -0.14970853221700076, -0.15530152270425135, -0.15797531002029008, -0.1577119266285847, -0.15645007092357932, -0.1581229174234291, -0.15744532921843746, -0.15861365689084794, -0.1574297376923679, -0.15899703040757285, -0.15979408007891782, -0.16007565393685164, -0.15818764710443467, -0.15946525690714053, -0.16046373172372908, -0.1610144117782375, -0.16085735617282793, -0.16009249283004046, -0.16127421019238053, -0.1611959371576378, -0.16106496599845654, -0.16131683421103826, -0.16127254186320872, -0.16185614252665226, -0.16226184790384002, -0.1623358067837729, -0.16229593812254173, -0.16264578222612236, -0.16295240706722158, -0.16299657886980823, -0.16313108184248148, -0.16345355447984355, -0.16362944576401017, -0.16351327609583288, -0.1636447228635748, -0.163427819992351, -0.16359866421398517, -0.16381003128466498, -0.16343922652259324, -0.16369939513921405, -0.16376611014931375, -0.16395799927479682, -0.16394638038979692, -0.1639349091417578, -0.16406693081756119, -0.16409438654080133, -0.16417931626893612, -0.16423196712682764, -0.16432114750917226, -0.16439004175950933, -0.16440622447844744, -0.1644400382373401, -0.16437092166302947, -0.1644441617328256, -0.16450706150535943, -0.16445266036763384, -0.1644868389159012, -0.1645169427574874, -0.16446990289687702, -0.16449313476598104, -0.16451951260137432, -0.1645118131452621, -0.16455697944924885, -0.16457623440788016, -0.16458622985638127, -0.1645466794044066, -0.16459190251659295, -0.16459407480068167, -0.1645739893240854, -0.1646236008256069, -0.1646052461928621, -0.16464730430439933, -0.1646649405810321, -0.16467277059014962, -0.16465900946141088, -0.1646757045210523, -0.16467215345127584, -0.16468211653137155, -0.16468650843273203, -0.1646666337174958, -0.16468850472683894, -0.1646800354283785, -0.1646941338888539, -0.1647033237171801, -0.1647107754693442, -0.1647191562289213, -0.1647239181185356, -0.16472449568309933, -0.16472291583382026, -0.16471116259337715, -0.16472190179037227, -0.16473355591621608, -0.16473583923155832, -0.16474065343847344, -0.16472877093650573, -0.16474140123013026, -0.16474603050911152, -0.16474788141347818, -0.16474742186006364, -0.16474983694771883, -0.16475430981997952, -0.16475421824894065, -0.16475388833893734, -0.16475262895379583, -0.16475637579316316, -0.1647504486049075, -0.16475221343620083, -0.16475853357154024, -0.16476027902708268, -0.164763830781972, -0.1647612128125049, -0.16476519983645643, -0.16476239118170544, -0.1647685974150852, -0.16476360770740905, -0.16476954049884462, -0.16476511875175626, -0.16476733718639824, -0.16477147363723343, -0.16477317278787273, -0.16476946240346502, -0.16477261242349273, -0.16477628157128965, -0.1647737090597171, -0.1647760763872751, -0.1647766755093123, -0.16477495152155364, -0.1647771223136293, -0.16477726599339437, -0.16477644608509778, -0.16477927232102996, -0.164780699390503, -0.16478145604324856, -0.16478119791487322, -0.16478161779879918, -0.16478225014058667, -0.16478265999511843, -0.1647816947782259, -0.16478227585479732, -0.16478258253489486, -0.1647819036127618, -0.16478320511050326, -0.16478276383362023, -0.16478310849468902, -0.16478255813413556, -0.16478257414549125, -0.1647830929721248, -0.16478331424785775, -0.16478344700842174, -0.16478349340378773, -0.16478367176652686, -0.16478380996437625, -0.16478387003380257, -0.16478388052444437, -0.16478388820870482, -0.16478386675885692, -0.16478389835017515, -0.16478401481767524, -0.16478408856781812, -0.16478403082722937, -0.1647840928659019, -0.16478416033901, -0.16478425081540393, -0.16478426352895137, -0.1647842839605682, -0.16478432199977333, -0.16478443597753867, -0.1647844700914579, -0.16478451593144994, -0.16478459456413863, -0.16478467273734165, -0.16478472881512907, -0.1647847713366527, -0.16478469848238853, -0.16478474424955425, -0.1647848128719499, -0.16478487760800697, -0.16478488952258463, -0.16478486370208345, -0.16478493657018478, -0.1647848967072162, -0.16478494401576582, -0.16478499472394448, -0.16478504002960193, -0.16478506383730296, -0.1647850801490094, -0.16478503617860296, -0.1647850976303783, -0.1647851174748658, -0.16478512752006624, -0.16478513291814856, -0.16478507982805446, -0.16478514515791787, -0.1647851747298048, -0.1647851776329281, -0.16478515073832223, -0.16478520990145695, -0.1647852040477633, -0.16478519676634173, -0.1647851705433554, -0.16478520100302085, -0.16478519859635277, -0.1647852085046535] 

Smallest VQE eingenvalue optimizer final message:
{   'aux_operators_evaluated': None,
    'cost_function_evals': 253,
    'eigenvalue': -0.1647852085046535,
    'optimal_circuit': <qiskit.circuit.library.n_local.real_amplitudes.RealAmplitudes object at 0x000002332781FF50>,
    'optimal_parameters': {   ParameterVectorElement(θ[5]): -1.5707828616656323,
                              ParameterVectorElement(θ[0]): 1.9742869669966452,
                              ParameterVectorElement(θ[1]): 1.5705352438916464,
                              ParameterVectorElement(θ[2]): -1.5708228199977525,
                              ParameterVectorElement(θ[3]): 1.9740229761541563,
                              ParameterVectorElement(θ[4]): 1.0302159982410228},
    'optimal_point': array([ 1.97428697,  1.57053524, -1.57082282,  1.97402298,  1.030216  ,
       -1.57078286]),
    'optimal_value': -0.1647852085046535,
    'optimizer_evals': None,
    'optimizer_result': <qiskit_algorithms.optimizers.optimizer.OptimizerResult object at 0x0000023327476B70>,
    'optimizer_time': 0.8238372802734375}
     ┌──────────┐ ░            ░ ┌──────────┐
q_0: ┤ Ry(θ[0]) ├─░────────■───░─┤ Ry(θ[3]) ├
     ├──────────┤ ░      ┌─┴─┐ ░ ├──────────┤
q_1: ┤ Ry(θ[1]) ├─░───■──┤ X ├─░─┤ Ry(θ[4]) ├
     ├──────────┤ ░ ┌─┴─┐└───┘ ░ ├──────────┤
q_2: ┤ Ry(θ[2]) ├─░─┤ X ├──────░─┤ Ry(θ[5]) ├
     └──────────┘ ░ └───┘      ░ └──────────┘
The number of ansatz parameters is: 
 6
Line for latex table
RA r1 rl & $1\mathrm{e}{-04}$ & 99/100 &556 & $-1.6479\mathrm{e}{-01}$ & $5.218\mathrm{e}{-08}$ & $-1.6478\mathrm{e}{-01}$ & $4.3586\mathrm{e}{-07}$ & - & 00h 03m 35s\\

