RA_r1_rl
05m26s__1167
1e-07
-0.16478526068484223
-0.16478526068460564
-0.16478526068178723
-0.16478526068459232
-0.16478526068458998
-0.16478526067280486
-0.1647852606848459
-0.16478526068449706
-0.1647852606817336
-0.16478526068477162
-0.16478526068482302
-0.16478526068440125
-0.16478526068497468
-0.1647852606844873
-0.16478526068462307
-0.16478526068427424
-0.16478526068288335
-0.16478526068426957
-0.16478526068338795
-0.1647852606848289
-0.16478526068465915
-0.16478526068410626
-0.1647852606826401
-0.16478526068280497
-0.16478526068452393
-0.16478526068443122
-0.16478526068464083
-0.16478526068481947
-0.16478526068469512
-0.16478526068368127
-0.16478526068479216
-0.16478526068371124
-0.1647852606846143
-0.16478526068135835
-0.16478526068451282
-0.16478526068483945
-0.16478526068461474
-0.1647852606847343
-0.16478526068485355
-0.16478526068474397
-0.16478526068485166
-0.16478526068489918
-0.1647852606814244
-0.16478526068476806
-0.16478526068464405
-0.16478526068470234
-0.1647852606847955
-0.1647852606848924
-0.16478526068489274
-0.1647852606822171
-0.16478526068445254
-0.16478526068470756
-0.1647852606848248
-0.16478526068304888
-0.16478526068493327
-0.16478526068436727
-0.16478526068484234
-0.16478526068462185
-0.16478526068466315
-0.16478526068495458
-0.16478526068471644
-0.16478526068485144
-0.16478526068487764
-0.16478526068458543
-0.1647852606845287
-0.16478526068139077
-0.16478526068172095
-0.16478526068474242
-0.164785260684708
-0.16478526068479116
-0.16478526068438215
-0.16478526068479238
-0.1647852606848036
-0.1647852606849719
-0.16478526068209576
-0.16478526068403565
-0.16478526068459654
-0.16478526068472987
-0.16478526068476396
-0.16478526068368782
-0.16478526068432542
-0.16478526068429156
-0.1647852606841712
-0.16478526067120358
-0.16478526068457322
-0.16478526068492239
-0.16478526068473043
-0.16478526068469324
-0.1647852606841652
-0.16478526068122523
-0.16478526068398724
-0.16478526068428878
-0.1647852606841903
-0.16478526067965127
-0.16478526067255894
-0.16478526068449317
-0.16478526068456711
-0.16478526068474497
