RA_r1_rl
25m07s__44
1e-02
1.0683584423971948
1.7513897592353116
1.0816031436406677
0.942095822221519
1.1270650625663992
1.291851456251226
1.0367855775805779
1.1734471450127821
1.245718710518328
1.2517512782448583
1.032225166157502
1.4126158857634814
1.1029637114389148
1.683156015114284
2.4147035636962815
1.2618731133450138
1.0311115514703124
1.1690948702769228
1.273207819450012
1.7495658664417961
1.6818038867986995
1.4964010046346858
1.1966386588619369
1.562712253986355
1.1075823845485502
1.2899657767900354
1.685638912971313
1.847573730293947
1.0538066289030872
1.1092940598905083
1.430539941546599
1.5921316187496806
1.2250135485119404
1.6877016486908105
1.5836322708181156
1.7111568135591562
1.1586959274674835
0.9826584546376771
1.1030002242425947
1.056518513255002
1.1863045391818772
1.0429555274366828
2.3047358643115925
1.373493203868731
1.0273356084793335
1.073420749740907
1.207093409035384
1.7633249033748117
2.1958233617139626
1.4797236153319129
1.3489888007370552
1.6119236335938776
1.269405872108306
1.2488041750735652
0.9594373949669859
1.0056005171280635
1.0993702203685052
1.622397671738707
1.7729913652540914
1.0180776425958562
1.5260109444430663
1.1013821943717577
1.0921829488482855
1.1758863150199326
2.046613190921355
1.2653058565717126
1.1657615522171554
1.152083706599769
1.1261808340777641
1.416901967969593
0.9502913223635518
1.0057313587643189
0.9689658820839995
2.62021604472684
1.0041876520862985
1.0958617857762307
1.6892803100838654
1.126460630905673
1.0036469276681879
1.1207045916426728
1.0970096317361375
1.5464644767685527
1.493291954075864
1.287380672379963
1.7355171645879024
0.9857759298515917
1.0928070589925563
1.8653849769568005
1.5247415709322163
1.037245928896652
1.019945005230282
1.0436106043019682
1.5469090436679882
1.2237953736744756
1.1971066401315744
1.08003868554892
1.7601304465677001
1.141164227815732
1.059085307967119
2.228753147816205
