1.0683584423971948 0.0501290836903463
1.7513897592353116 0.05411984198105263
1.0816031436406677 0.04380210369218186
0.942095822221519 0.05174028231183565
1.1270650625663992 0.04682500602211754
1.291851456251226 0.049329141834981244
1.0367855775805779 0.04889840355716358
1.1734471450127821 0.04932756195323661
1.245718710518328 0.04773418803258482
1.2517512782448583 0.04034547366447314
1.032225166157502 0.04338490931868222
1.4126158857634814 0.052583615514179734
1.1029637114389148 0.04462223275562605
1.683156015114284 0.0383397887329074
2.4147035636962815 0.0499932488027406
1.2618731133450138 0.0406889645905287
1.0311115514703124 0.04650701229859166
1.1690948702769228 0.04701583744638479
1.273207819450012 0.04813307924394536
1.7495658664417961 0.04689994212631437
1.6818038867986995 0.04109345657983282
1.4964010046346858 0.04486616896408234
1.1966386588619369 0.04579289113892872
1.562712253986355 0.04882154913891519
1.1075823845485502 0.04864857169878194
1.2899657767900354 0.038656283161315176
1.685638912971313 0.0456016150118331
1.847573730293947 0.05093094865925838
1.0538066289030872 0.04511110731325481
1.1092940598905083 0.051336370110684995
1.430539941546599 0.041499864256461766
1.5921316187496806 0.047694286544939096
1.2250135485119404 0.046487396364337095
1.6877016486908105 0.04113261984769974
1.5836322708181156 0.0418391632449282
1.7111568135591562 0.0515679630761937
1.1586959274674835 0.042515910436755525
0.9826584546376771 0.047606606479962295
1.1030002242425947 0.05072008160844891
1.056518513255002 0.04438849966565352
1.1863045391818772 0.03966994309260115
1.0429555274366828 0.047770553911133815
2.3047358643115925 0.053018242253408614
1.373493203868731 0.04300899193678056
1.0273356084793335 0.050118877033065924
1.073420749740907 0.046056989466834904
1.207093409035384 0.05095698892988262
1.7633249033748117 0.05133674849884708
2.1958233617139626 0.05184791861937526
1.4797236153319129 0.036926075022990175
1.3489888007370552 0.044388936344136834
1.6119236335938776 0.047434173649910455
1.269405872108306 0.046918941526630425
1.2488041750735652 0.0422175785188167
0.9594373949669859 0.04480921621508999
1.0056005171280635 0.048934681286862416
1.0993702203685052 0.046651772057738926
1.622397671738707 0.04281707538006651
1.7729913652540914 0.040689403635106064
1.0180776425958562 0.04536553688649959
1.5260109444430663 0.04108406367843532
1.1013821943717577 0.04448579034004296
1.0921829488482855 0.043365482224439623
1.1758863150199326 0.04222147053048748
2.046613190921355 0.05004814320897305
1.2653058565717126 0.05083579368293514
1.1657615522171554 0.039135614764683746
1.152083706599769 0.04253223362792008
1.1261808340777641 0.04847260433820913
1.416901967969593 0.05023811199810566
0.9502913223635518 0.050630192360851915
1.0057313587643189 0.04717437355642967
0.9689658820839995 0.044982486353229975
2.62021604472684 0.051651605794960254
1.0041876520862985 0.04518479045417449
1.0958617857762307 0.042881216646761755
1.6892803100838654 0.04659526683770077
1.126460630905673 0.04556214701731341
1.0036469276681879 0.04639477231985884
1.1207045916426728 0.043828826892418044
1.0970096317361375 0.049463325759095615
1.5464644767685527 0.03903114217889607
1.493291954075864 0.04085926454649529
1.287380672379963 0.043693169610588174
1.7355171645879024 0.0466192078405882
0.9857759298515917 0.049736347005439344
1.0928070589925563 0.05143312185657366
1.8653849769568005 0.04877949250867465
1.5247415709322163 0.04019559542577539
1.037245928896652 0.04353844956158496
1.019945005230282 0.0492963394229946
1.0436106043019682 0.04554767196980204
1.5469090436679882 0.04152495258997474
1.2237953736744756 0.04154316242452961
1.1971066401315744 0.04966258482721071
1.08003868554892 0.04901055414013908
1.7601304465677001 0.046872079514759205
1.141164227815732 0.04490441406627158
1.059085307967119 0.04676381369684658
2.228753147816205 0.04945918341570029
