0.032010120247334295
0.03201011379063501
0.03201011592085701
0.03201011578129753
0.03201011112104646
0.032010120607554815
0.03201038931360234
0.03201011469977155
0.03201012690816474
0.03201011396898945
0.03201011902023976
0.03201011178808488
0.03201011937381282
0.03201011825475486
0.032010115168177644
0.032010112018938
0.03201011268066978
0.03201011103944629
0.03201011258605735
0.032010112545643676
0.03201011518391439
0.03201011997186243
0.0320101146451538
0.03201011191754399
0.03201011133817622
0.032010113673641594
0.03201012250676605
0.032010117868412014
0.03201011469019566
0.032010117505031244
0.03201011092626971
0.03201011508865648
0.03201011311533786
0.03201011823798672
0.032010128753610756
0.03201011038231827
0.03201011801642939
0.03201011650052188
0.03201011559491751
0.032010121417278325
0.032010120373526574
0.03201011637945661
0.032010110598626906
0.032010125150075175
0.03201011053086966
0.032010113057498235
0.03201011377607221
0.032010112999099394
0.032010111075894465
0.032010118520656716
0.032010114130741396
0.032010111578605116
0.03201011174051227
0.032010115604101275
0.03201011117985453
0.03201011496300632
0.032010114395054634
0.032010117337123334
0.032010120950021426
0.032010120397184094
0.03201011247291896
0.03201011064621917
0.032010110802524805
