0.3573972373102601
0.3572348171295865
0.3572334379509158
0.35723524146165564
0.35723603218260624
0.35723904161119646
0.35723714574421517
0.3572334084323535
0.3572342220950928
0.3572362638279921
0.3572572221136311
0.357237587158182
0.3572550009288187
0.35723716371795067
0.3572343044646137
0.35723950663904624
0.35724027267901604
0.35725388110291945
0.35723789829971486
0.35723634440084295
0.3572375833275536
0.357235427853957
0.3572361521921853
0.3572440083009478
0.35723397120938505
0.35723618557929304
0.35740223947703387
0.35736419359184246
0.3572415647910343
0.3572366427640694
0.35723377065751605
0.35723580869968286
0.35724298365943463
0.357234320390883
0.3572556418470292
0.3572366347956053
0.35723669882322984
0.35723891333131774
0.3572609073763401
0.35723352986539214
0.35724758285032276
0.35723373350816634
0.35732853251320584
0.35725474903474863
0.3572381721729714
0.3572415043447077
0.3572351006893639
0.35724606586195284
0.35724053658664645
0.3572645755490962
0.3572335509963367
0.3572340548189108
0.3572346441888896
0.3572402526619004
0.35723642814137013
0.3572331422538295
0.35723550200428256
0.35724180082367407
0.35738807668996075
0.3572376790436227
0.3573559198978028
0.3572993436016766
0.3572333390578949
0.3572335411459452
0.357233592474661
0.35723312956002484
0.35725249066665077
0.35743155894044587
0.3572349722012199
0.3572354629279674
0.3573461866857469
0.35723494697575986
0.35723346621241814
0.3572333232920516
0.3573924851612079
0.35723634216773525
0.3572331510652408
0.3572406822938794
0.35724818343491094
0.357244495548531
0.35723352396445807
0.3572337363604594
0.357233559017862
0.3572383967486549
0.35725388184069884
0.35724295500439884
0.3572378380373411
0.35726172009615276
0.3572339246613664
0.3572331972434346
0.35723554209506836
0.35724438318015916
0.35724837347222227
0.35723491888888514
0.3572547218478008
0.3572349238901681
0.3572341761196728
0.35733835260957025
0.35723674924425575
0.35723372530292186
