-0.16478526068498967
-0.16478526068347188
-0.164785260684977
-0.16478526068492716
-0.16478526068501353
-0.1647852606849567
-0.16478526068494137
-0.16478526068490373
-0.16478526068494437
-0.16478526068494592
-0.1647852606840352
-0.1647852606849911
-0.1647852606849669
-0.16478526068498
-0.16478526068490196
-0.16478526068493138
-0.16478526068478494
-0.16478526068498178
-0.16478526068495358
-0.16478526068498045
-0.16478526068498112
-0.1647852606849206
-0.16478526068484523
-0.16478526068474286
-0.16478526068446242
-0.1647852606850061
-0.16478526068497124
-0.16478526068495203
-0.16478526068425348
-0.1647852606849921
-0.1647852606842375
-0.16478526068411758
-0.16478526068323796
-0.16478526068496024
-0.16478526068356014
-0.16478526068481525
-0.1647852606848973
-0.16478526068497312
-0.1647852606836815
-0.16478526068496868
-0.16478526068455934
-0.16478526068483512
-0.16478526068492694
-0.1647852606849597
-0.16478526068501043
-0.16478526068493704
-0.16478526068496957
-0.16478526068460175
-0.16478526068494614
-0.16478526068495725
-0.1647852606850071
-0.16478526068500376
-0.16478526068498356
-0.16478526068488253
-0.16478526068499788
-0.1647852606849941
-0.16478526068491295
-0.16478526068498078
-0.16478526068499944
-0.164785260684987
-0.16478526068492794
-0.16478526068496369
-0.1647852606849397
-0.16478526068494037
-0.16478526068495303
-0.1647852606849497
-0.16478526068497568
-0.1647852606847805
-0.16478526068497312
-0.16478526068496602
-0.16478526068501043
-0.16478526068500854
-0.16478526068498534
-0.16478526068499066
-0.16478526068485588
-0.16478526068489507
-0.16478526068497912
-0.16478526068500043
-0.16478526068495036
-0.1647852606848591
-0.16478526068496013
-0.16478526068496824
-0.164785260684993
-0.16478526068435273
-0.16478526068500687
-0.16478526068493848
-0.16478526068488852
-0.16478526068496913
-0.16478526068496957
-0.16478526068500288
-0.16478526068495736
-0.1647852606849911
-0.16478526068497756
-0.16478526068498145
-0.16478526068501365
-0.16478526068497934
