No Shot Noise
01/11/2024 12:49:55 

VQEr_100_COBYLA_maxIter_10000_tol_1e-08_RA_r1_rl 

Reference value: -1.6478526069e-01 

Qubits:  3
VQE runs:  100
Optimizer:  COBYLA
Max iterations:  10000
Optimizers's tolerance:  1e-08
Ansatz:  RA_r1_rl 

Only 96 runs out of 100 converged
Number of iterations for each converged VQE run:
[1041, 5372, 935, 887, 479, 996, 1298, 1023, 1463, 781, 2306, 602, 675, 880, 1061, 896, 1850, 1257, 951, 615, 544, 755, 1405, 1956, 6395, 536, 673, 850, 2915, 499, 2528, 4224, 5739, 875, 5102, 1849, 794, 866, 4653, 867, 2319, 1485, 921, 763, 410, 640, 824, 1872, 702, 727, 653, 967, 672, 1865, 1217, 690, 1160, 756, 524, 650, 783, 3593, 940, 841, 952, 915, 1727, 1679, 840, 904, 434, 577, 965, 449, 1533, 1712, 912, 1102, 1045, 2152, 813, 884, 587, 5071, 863, 1259, 1105, 728, 948, 650, 912, 683, 721, 977, 515, 928] 

Average iterations of converged run:
1364 

VQE eigenvalues:
[-0.16478526068498967, -0.16478526068347188, -0.164785260684977, -0.16478526068492716, -0.16478526068501353, -0.1647852606849567, -0.16478526068494137, -0.16478526068490373, -0.16478526068494437, -0.16478526068494592, -0.1647852606840352, -0.1647852606849911, -0.1647852606849669, -0.16478526068498, -0.16478526068490196, -0.16478526068493138, -0.16478526068478494, -0.16478526068498178, -0.16478526068495358, -0.16478526068498045, -0.16478526068498112, -0.1647852606849206, -0.16478526068484523, -0.16478526068474286, -0.16478526068446242, -0.1647852606850061, -0.16478526068497124, -0.16478526068495203, -0.16478526068425348, -0.1647852606849921, -0.1647852606842375, -0.16478526068411758, -0.16478526068323796, -0.16478526068496024, -0.16478526068356014, -0.16478526068481525, -0.1647852606848973, -0.16478526068497312, -0.1647852606836815, -0.16478526068496868, -0.16478526068455934, -0.16478526068483512, -0.16478526068492694, -0.1647852606849597, -0.16478526068501043, -0.16478526068493704, -0.16478526068496957, -0.16478526068460175, -0.16478526068494614, -0.16478526068495725, -0.1647852606850071, -0.16478526068500376, -0.16478526068498356, -0.16478526068488253, -0.16478526068499788, -0.1647852606849941, -0.16478526068491295, -0.16478526068498078, -0.16478526068499944, -0.164785260684987, -0.16478526068492794, -0.16478526068496369, -0.1647852606849397, -0.16478526068494037, -0.16478526068495303, -0.1647852606849497, -0.16478526068497568, -0.1647852606847805, -0.16478526068497312, -0.16478526068496602, -0.16478526068501043, -0.16478526068500854, -0.16478526068498534, -0.16478526068499066, -0.16478526068485588, -0.16478526068489507, -0.16478526068497912, -0.16478526068500043, -0.16478526068495036, -0.1647852606848591, -0.16478526068496013, -0.16478526068496824, -0.164785260684993, -0.16478526068435273, -0.16478526068500687, -0.16478526068493848, -0.16478526068488852, -0.16478526068496913, -0.16478526068496957, -0.16478526068500288, -0.16478526068495736, -0.1647852606849911, -0.16478526068497756, -0.16478526068498145, -0.16478526068501365, -0.16478526068497934] 

Median VQE eigenvalues:
-0.16478526068495852 

Min eigenvalue after 100 VQE steps on Aer qasm simulator: -1.64785e-01
Delta from reference energy value is 8.54872e-15 

Optimizer history of the smallest VQE eigenvalue:
[4.959561024585638, 3.883442324642593, 5.349600961828538, 12.563234845330287, 3.192397435317487, 4.0048036533345055, 3.4306472000841635, 1.088731757177003, 6.164711424747971, 1.3159963887765525, 1.6513105088232418, 0.630470513269361, 0.8143805708497707, 0.7650018495976162, 1.210059210132189, 1.1286823267380623, 0.5714947832235362, 0.7246900474401657, 0.37685225928978955, 0.3332190528074186, 0.24474383923122778, 0.1984851164800065, 0.3787712257337966, 0.12055195952470432, 0.24844990673264045, 0.16963437638542078, 0.07543146054848149, 0.07730725968118035, 0.09901626428701826, 0.09551579584222913, 0.09710835941548313, 0.03154356487057375, 0.09610249277189675, 0.010957729769807578, 0.04429756813144409, 0.009952461188446948, -0.0027435939935860354, 0.01523605451519272, 0.004624054386970888, -0.010770083737692171, -0.041860753463981104, -0.06092545015024409, -0.07637501556718773, -0.07004062150032175, -0.06702895001540077, -0.0809823840151338, -0.06370179452747793, -0.10016817700011804, -0.08412027650075848, -0.0953318798872741, -0.10098872062663078, -0.10276060803788323, -0.10873608229666609, -0.11651106994206428, -0.11470815518333499, -0.11573731503934936, -0.12576416261141943, -0.13064396299558323, -0.1305610445581762, -0.1296085000570878, -0.12938467027908318, -0.1263312840628673, -0.13055587299009996, -0.13360934455314843, -0.1349257426647621, -0.13532137234106267, -0.1311579164316613, -0.1360910318395323, -0.13942094334818622, -0.1414733125291564, -0.14402657739451286, -0.14423672239403595, -0.14550788912232993, -0.14773236322105998, -0.14829958099320462, -0.14877610959789445, -0.15089218373205338, -0.15269516794026128, -0.15464999178504502, -0.15571097036900194, -0.15675839269189507, -0.15576951769343728, -0.15641893008641028, -0.15782486823801745, -0.15889573508502663, -0.15793044065785522, -0.15930354697886884, -0.1591510433676716, -0.16010011671362478, -0.16022374656558047, -0.16042409532245117, -0.1594679018680334, -0.16144672382101632, -0.16134141406052938, -0.16120775013125532, -0.1619187390449922, -0.15955686654904322, -0.1616670656670799, -0.16259122509251578, -0.16159107489450497, -0.16245686019502514, -0.16231798532005537, -0.16285237207636505, -0.16263414647164098, -0.16310845941120078, -0.1632912786787596, -0.16325504968498217, -0.16342768667605878, -0.16370795305111718, -0.16375566541303055, -0.16369908915715004, -0.16402061604468265, -0.16389081455787735, -0.1638314066168174, -0.16424878727320813, -0.1642854152068115, -0.164360594591199, -0.16418428923218598, -0.16425197036392547, -0.16433973805374025, -0.16436359494284392, -0.16436604899820584, -0.16429336634185387, -0.16431426680371397, -0.1644925236626893, -0.1645192561377371, -0.1645252447691009, -0.16449327753197307, -0.16451775268136248, -0.1645711975290869, -0.16458199376080018, -0.16461102434884312, -0.1644788367076272, -0.16461426898284748, -0.16466086688974113, -0.16467925467871358, -0.16468977330484214, -0.16470322238470236, -0.16470979355631576, -0.1647102102030178, -0.1647064750088857, -0.16467588164275415, -0.16470033332723955, -0.16473339073627036, -0.16471379709159273, -0.1647276802744434, -0.1647413949145513, -0.1647355267934445, -0.16474043141264216, -0.16471571857868983, -0.16474253001494854, -0.1647423876993407, -0.16474849246046164, -0.1647415877231152, -0.164747102532675, -0.16475440400087327, -0.16475821653147393, -0.16475905316782002, -0.16475419927805302, -0.1647609848481858, -0.16475972639471836, -0.16476791960755677, -0.16476440319580032, -0.1647668528534696, -0.16476848706463365, -0.16476956347804672, -0.16476890536294786, -0.16476841332419823, -0.16476860595376608, -0.1647718255579833, -0.16477195998539607, -0.16477133636582386, -0.1647738698311515, -0.16477383882685004, -0.16477445677251124, -0.16477593513326405, -0.1647764181496355, -0.16477728296464955, -0.16477831301924528, -0.16477693247972824, -0.16477789263537068, -0.1647796534847048, -0.16477971605907682, -0.1647794753913534, -0.1647785445265898, -0.1647804947808985, -0.16478144534695516, -0.16478190087882372, -0.16478151611181735, -0.164782281190756, -0.1647821780879768, -0.16478266042832335, -0.16478235984971312, -0.16478165885951557, -0.16478258901212361, -0.16478262925850107, -0.16478301081755864, -0.16478261674488737, -0.16478286304720446, -0.1647833878970586, -0.164783443002136, -0.1647833683237544, -0.1647837977770784, -0.16478398517550263, -0.16478421348575079, -0.16478423442265677, -0.1647843950581247, -0.16478454096724504, -0.16478439700743897, -0.16478461940503153, -0.16478473311181907, -0.16478462019363505, -0.16478481896498842, -0.16478466084357501, -0.1647847456745648, -0.1647848317495274, -0.16478479655228895, -0.16478479262897439, -0.1647848583481043, -0.16478489242630212, -0.16478488601883734, -0.16478488708783556, -0.16478493047771392, -0.1647849470681807, -0.1647849471343097, -0.16478493978611952, -0.1647849691519926, -0.1647849792334516, -0.16478500238186733, -0.16478503672198874, -0.16478505245675845, -0.16478505920102493, -0.16478507206047366, -0.16478504901802304, -0.1647850684996799, -0.16478509923722473, -0.16478511566421972, -0.1647850924033375, -0.16478511994490386, -0.1647851389913958, -0.16478515259403803, -0.1647851420101678, -0.16478514556124402, -0.16478516816055455, -0.16478514274775213, -0.16478517245963775, -0.16478517300636752, -0.16478516202146187, -0.16478517694361494, -0.16478518519028773, -0.16478519545429215, -0.1647851948265655, -0.164785192793664, -0.16478520235130467, -0.1647852093035429, -0.1647852108741671, -0.16478521069402086, -0.16478521024825088, -0.16478520672023644, -0.16478521767936694, -0.16478522192497203, -0.16478522538856266, -0.16478522886731906, -0.16478522988944178, -0.1647852293810662, -0.16478523027730574, -0.1647852372774098, -0.16478524021305607, -0.1647852364644945, -0.16478523939009537, -0.16478523247702204, -0.1647852393078525, -0.16478524411005202, -0.16478524596422328, -0.1647852450489774, -0.16478524737701905, -0.1647852403651947, -0.16478524587094, -0.16478524939822792, -0.1647852507838482, -0.16478524496702474, -0.16478524872601163, -0.1647852534539197, -0.16478525323558801, -0.16478525247542275, -0.16478525149764356, -0.16478525116731124, -0.1647852532936066, -0.1647852548046247, -0.16478525406497246, -0.16478525470772643, -0.16478525571602176, -0.16478525641363484, -0.16478525587698245, -0.16478525649003817, -0.16478525581881331, -0.16478525723466075, -0.16478525722883097, -0.16478525585187442, -0.16478525680898637, -0.16478525726217064, -0.16478525781838171, -0.1647852582228162, -0.16478525851694625, -0.16478525831482516, -0.16478525850930892, -0.16478525879406403, -0.1647852590015395, -0.16478525904356522, -0.16478525897665497, -0.16478525871262906, -0.16478525892910567, -0.16478525942461164, -0.16478525931407606, -0.1647852593236101, -0.16478525942687772, -0.16478525950033363, -0.16478525950610912, -0.16478525946810707, -0.16478525951832335, -0.16478525964193258, -0.16478525983104253, -0.1647852599105737, -0.16478525984579973, -0.16478525991202497, -0.1647852599855122, -0.16478526007685468, -0.16478525997182414, -0.16478526008817151, -0.16478526016803463, -0.16478526018336437, -0.16478526017182826, -0.16478526017124417, -0.16478526022193807, -0.16478526030326945, -0.16478526028821006, -0.16478526029786378, -0.164785260351881, -0.16478526027361184, -0.1647852603479113, -0.16478526038543595, -0.16478526036456131, -0.16478526034731678, -0.16478526041274466, -0.16478526040084351, -0.16478526042817898, -0.164785260423848, -0.1647852604270461, -0.16478526046309805, -0.1647852604702038, -0.16478526048498343, -0.1647852605179212, -0.16478526051694697, -0.16478526051204723, -0.164785260532617, -0.16478526054709508, -0.16478526055631804, -0.16478526055745268, -0.16478526053476727, -0.16478526059035237, -0.16478526060853194, -0.1647852606210547, -0.16478526063217802, -0.16478526063405885, -0.1647852606328457, -0.16478526061446852, -0.16478526062974053, -0.16478526063987486, -0.1647852606095349, -0.1647852606367486, -0.16478526064050847, -0.16478526064963817, -0.16478526065357713, -0.16478526065116472, -0.16478526065666887, -0.16478526066003762, -0.1647852606613821, -0.16478526066249177, -0.1647852606641388, -0.16478526066600585, -0.16478526066777288, -0.16478526066585097, -0.1647852606701916, -0.16478526066844212, -0.1647852606731024, -0.164785260673474, -0.16478526067311539, -0.16478526067122667, -0.16478526067488353, -0.16478526067477917, -0.16478526067289567, -0.16478526067511579, -0.16478526067676547, -0.16478526067663457, -0.16478526067775578, -0.16478526067738386, -0.1647852606779664, -0.1647852606780802, -0.16478526067870247, -0.16478526067902122, -0.16478526067836696, -0.16478526067893262, -0.1647852606798469, -0.16478526067997734, -0.16478526067996468, -0.16478526068058275, -0.16478526068077592, -0.16478526068020694, -0.1647852606806547, -0.16478526068125288, -0.16478526068092703, -0.16478526068104093, -0.16478526068165356, -0.1647852606820155, -0.16478526068169685, -0.1647852606821283, -0.1647852606822603, -0.16478526068259125, -0.16478526068279487, -0.16478526068259414, -0.16478526068253907, -0.1647852606831295, -0.1647852606831588, -0.16478526068295296, -0.16478526068309773, -0.16478526068308574, -0.16478526068345722, -0.16478526068332366, -0.1647852606835154, -0.16478526068369848, -0.1647852606838126, -0.1647852606837381, -0.1647852606839546, -0.1647852606840562, -0.16478526068421306, -0.16478526068437205, -0.16478526068420407, -0.16478526068428923, -0.16478526068407995, -0.16478526068446486, -0.16478526068404387, -0.1647852606844501, -0.16478526068461652, -0.16478526068458532, -0.16478526068465427, -0.16478526068457688, -0.1647852606845932, -0.16478526068466204, -0.1647852606846122, -0.16478526068460353, -0.164785260684697, -0.16478526068473742, -0.16478526068469346, -0.16478526068473187, -0.16478526068468058, -0.16478526068477428, -0.16478526068476385, -0.16478526068478871, -0.16478526068478894, -0.1647852606848058, -0.16478526068482535, -0.16478526068485377, -0.16478526068486854, -0.1647852606848832, -0.16478526068489807, -0.1647852606849194, -0.16478526068492905, -0.16478526068492128, -0.16478526068492494, -0.16478526068494448, -0.1647852606849355, -0.16478526068494326, -0.16478526068493093, -0.16478526068494026, -0.16478526068494637, -0.16478526068495425, -0.16478526068495059, -0.16478526068495314, -0.1647852606849579, -0.16478526068495658, -0.16478526068495924, -0.1647852606849679, -0.1647852606849719, -0.16478526068497457, -0.16478526068496313, -0.16478526068497668, -0.164785260684978, -0.16478526068497168, -0.1647852606849849, -0.1647852606849819, -0.16478526068498656, -0.16478526068499078, -0.16478526068499333, -0.1647852606849901, -0.16478526068499444, -0.16478526068499566, -0.16478526068500077, -0.16478526068500188, -0.16478526068500166, -0.16478526068500565, -0.16478526068500632, -0.16478526068500687, -0.16478526068499932, -0.16478526068501065, -0.1647852606850112, -0.16478526068501054, -0.16478526068500754, -0.1647852606850111, -0.16478526068501087, -0.1647852606850133, -0.16478526068501143, -0.16478526068501187, -0.1647852606850121, -0.16478526068501265, -0.16478526068501365] 

Smallest VQE eingenvalue optimizer final message:
{   'aux_operators_evaluated': None,
    'cost_function_evals': 515,
    'eigenvalue': -0.16478526068501365,
    'optimal_circuit': <qiskit.circuit.library.n_local.real_amplitudes.RealAmplitudes object at 0x0000023387C53D70>,
    'optimal_parameters': {   ParameterVectorElement(θ[5]): 1.5707963001484508,
                              ParameterVectorElement(θ[0]): -1.438270393496131,
                              ParameterVectorElement(θ[1]): 1.5707962111876517,
                              ParameterVectorElement(θ[2]): 1.5707963340024922,
                              ParameterVectorElement(θ[3]): 1.4382705672264302,
                              ParameterVectorElement(θ[4]): -2.1114905274405658},
    'optimal_point': array([-1.43827039,  1.57079621,  1.57079633,  1.43827057, -2.11149053,
        1.5707963 ]),
    'optimal_value': -0.16478526068501365,
    'optimizer_evals': None,
    'optimizer_result': <qiskit_algorithms.optimizers.optimizer.OptimizerResult object at 0x0000023387ECBEF0>,
    'optimizer_time': 1.1093745231628418}
     ┌──────────┐ ░            ░ ┌──────────┐
q_0: ┤ Ry(θ[0]) ├─░────────■───░─┤ Ry(θ[3]) ├
     ├──────────┤ ░      ┌─┴─┐ ░ ├──────────┤
q_1: ┤ Ry(θ[1]) ├─░───■──┤ X ├─░─┤ Ry(θ[4]) ├
     ├──────────┤ ░ ┌─┴─┐└───┘ ░ ├──────────┤
q_2: ┤ Ry(θ[2]) ├─░─┤ X ├──────░─┤ Ry(θ[5]) ├
     └──────────┘ ░ └───┘      ░ └──────────┘
The number of ansatz parameters is: 
 6
Line for latex table
RA r1 rl & $1\mathrm{e}{-08}$ & 96/100 &1364 & $-1.6479\mathrm{e}{-01}$ & $8.5487\mathrm{e}{-15}$ & $-1.6479\mathrm{e}{-01}$ & $6.3671\mathrm{e}{-14}$ & - & 00h 06m 11s\\

