RA_r1_rl
08m01s__65
1e-06
-0.4364999999999999
-0.43725000000000014
-0.4375
-0.43725000000000014
-0.4357500000000001
-0.4375
-0.43625
-0.43674999999999997
-0.4375
-0.4375
-0.4295
-0.43674999999999997
-0.43700000000000006
-0.4375
-0.4375
-0.4375
-0.43725000000000014
-0.43725000000000014
-0.4357500000000001
-0.43599999999999994
-0.4364999999999999
-0.4364999999999999
-0.43700000000000006
-0.43425
-0.4375
-0.43625
-0.43725000000000014
-0.43700000000000006
-0.4375
-0.4297500000000001
-0.43625
-0.43725000000000014
-0.43425
-0.4375
-0.43725000000000014
-0.4375
-0.4375
-0.43625
-0.43599999999999994
-0.43700000000000006
-0.43625
-0.4375
-0.4355
-0.4375
-0.4375
-0.4375
-0.4364999999999999
-0.43725000000000014
-0.4352499999999999
-0.43700000000000006
-0.4285000000000001
-0.4364999999999999
-0.4375
-0.43725000000000014
-0.4375
-0.4275
-0.4375
-0.43725000000000014
-0.4375
-0.43725000000000014
-0.4375
-0.4375
-0.43725000000000014
-0.43725000000000014
-0.4357500000000001
-0.4375
-0.43725000000000014
-0.43674999999999997
-0.43725000000000014
-0.43500000000000005
-0.4375
-0.4375
-0.43674999999999997
-0.4357500000000001
-0.43725000000000014
-0.4264999999999999
-0.4364999999999999
-0.43674999999999997
-0.4364999999999999
-0.43625
-0.4375
-0.43674999999999997
-0.4375
-0.4357500000000001
-0.4375
-0.43500000000000005
-0.4375
-0.4337500000000001
-0.43674999999999997
-0.4375
-0.43674999999999997
-0.43674999999999997
-0.4375
-0.43625
-0.4375
-0.43025
-0.4352499999999999
-0.4375
-0.43700000000000006
-0.4375
