-0.4364999999999999 0.0004998999899980072
-0.43725000000000014 0.0002499874996874772
-0.4375 0.0
-0.43725000000000014 0.0002499874996874772
-0.4357500000000001 0.0006612062839991704
-0.4375 0.0
-0.43625 0.0005588772226527001
-0.43674999999999997 0.0004329477451148221
-0.4375 0.0
-0.4375 0.0
-0.4295 0.0014119490075778201
-0.43674999999999997 0.0004329477451148221
-0.43700000000000006 0.0003535180334862453
-0.4375 0.0
-0.4375 0.0
-0.4375 0.0
-0.43725000000000014 0.0002499874996874772
-0.43725000000000014 0.0002499874996874772
-0.4357500000000001 0.0006612062839991704
-0.43599999999999994 0.0006121886964000483
-0.4364999999999999 0.0004998999899980072
-0.4364999999999999 0.0004998999899980072
-0.43700000000000006 0.0003535180334862453
-0.43425 0.0009008017262416937
-0.4375 0.0
-0.43625 0.0005588772226527001
-0.43725000000000014 0.0002499874996874772
-0.43700000000000006 0.0003535180334862453
-0.4375 0.0
-0.4297500000000001 0.0013897819073509336
-0.43625 0.0005588772226527001
-0.43725000000000014 0.0002499874996874772
-0.43425 0.0009008017262416937
-0.4375 0.0
-0.43725000000000014 0.0002499874996874772
-0.4375 0.0
-0.4375 0.0
-0.43625 0.0005588772226527001
-0.43599999999999994 0.0006121886964000483
-0.43700000000000006 0.0003535180334862453
-0.43625 0.0005588772226527001
-0.4375 0.0
-0.4355 0.0007068238818829035
-0.4375 0.0
-0.4375 0.0
-0.4375 0.0
-0.4364999999999999 0.0004998999899980072
-0.43725000000000014 0.0002499874996874772
-0.4352499999999999 0.000749662424028318
-0.43700000000000006 0.0003535180334862453
-0.4285000000000001 0.0014972975656161306
-0.4364999999999999 0.0004998999899980072
-0.4375 0.0
-0.43725000000000014 0.0002499874996874772
-0.4375 0.0
-0.4275 0.001577973383805953
-0.4375 0.0
-0.43725000000000014 0.0002499874996874772
-0.4375 0.0
-0.43725000000000014 0.0002499874996874772
-0.4375 0.0
-0.4375 0.0
-0.43725000000000014 0.0002499874996874772
-0.43725000000000014 0.0002499874996874772
-0.4357500000000001 0.0006612062839991704
-0.4375 0.0
-0.43725000000000014 0.0002499874996874772
-0.43674999999999997 0.0004329477451148221
-0.43725000000000014 0.0002499874996874772
-0.43500000000000005 0.0007901740314639554
-0.4375 0.0
-0.4375 0.0
-0.43674999999999997 0.0004329477451148221
-0.4357500000000001 0.0006612062839991704
-0.43725000000000014 0.0002499874996874772
-0.4264999999999999 0.0016546600859391066
-0.4364999999999999 0.0004998999899980072
-0.43674999999999997 0.0004329477451148221
-0.4364999999999999 0.0004998999899980072
-0.43625 0.0005588772226527001
-0.4375 0.0
-0.43674999999999997 0.0004329477451148221
-0.4375 0.0
-0.4357500000000001 0.0006612062839991704
-0.4375 0.0
-0.43500000000000005 0.0007901740314639554
-0.4375 0.0
-0.4337500000000001 0.0009675193796508652
-0.43674999999999997 0.0004329477451148221
-0.4375 0.0
-0.43674999999999997 0.0004329477451148221
-0.43674999999999997 0.0004329477451148221
-0.4375 0.0
-0.43625 0.0005588772226527001
-0.4375 0.0
-0.43025 0.0013443376621965245
-0.4352499999999999 0.000749662424028318
-0.4375 0.0
-0.43700000000000006 0.0003535180334862453
-0.4375 0.0
