With Shot Noise
02/11/2024 09:40:04 

VQEr_100_shots_10000_COBYLA_maxIter_10000_tol_1e-06_RA_r1_rl 

Reference value: -4.3750000000e-01 

Number of pauli strings:  2
Qubits:  2
VQE runs:  100
Optimizer:  COBYLA
Max iterations:  10000
Optimizers's tolerance:  1e-06
Ansatz:  RA_r1_rl 

All run converged!!!
Number of iterations for each converged VQE run:
[62, 70, 66, 65, 76, 70, 61, 62, 68, 46, 67, 65, 65, 61, 69, 58, 66, 66, 63, 71, 70, 62, 67, 69, 58, 66, 66, 72, 64, 62, 62, 67, 64, 60, 64, 44, 73, 58, 57, 61, 64, 51, 64, 69, 57, 69, 67, 70, 65, 62, 66, 73, 67, 68, 53, 71, 49, 64, 72, 68, 61, 65, 68, 76, 71, 73, 58, 68, 69, 62, 55, 69, 72, 66, 63, 78, 70, 64, 65, 70, 53, 68, 75, 59, 76, 66, 60, 64, 64, 57, 59, 61, 65, 66, 55, 72, 63, 59, 63, 55] 

Average iterations of converged run:
65 

VQE eigenvalues:
[-0.4364999999999999, -0.43725000000000014, -0.4375, -0.43725000000000014, -0.4357500000000001, -0.4375, -0.43625, -0.43674999999999997, -0.4375, -0.4375, -0.4295, -0.43674999999999997, -0.43700000000000006, -0.4375, -0.4375, -0.4375, -0.43725000000000014, -0.43725000000000014, -0.4357500000000001, -0.43599999999999994, -0.4364999999999999, -0.4364999999999999, -0.43700000000000006, -0.43425, -0.4375, -0.43625, -0.43725000000000014, -0.43700000000000006, -0.4375, -0.4297500000000001, -0.43625, -0.43725000000000014, -0.43425, -0.4375, -0.43725000000000014, -0.4375, -0.4375, -0.43625, -0.43599999999999994, -0.43700000000000006, -0.43625, -0.4375, -0.4355, -0.4375, -0.4375, -0.4375, -0.4364999999999999, -0.43725000000000014, -0.4352499999999999, -0.43700000000000006, -0.4285000000000001, -0.4364999999999999, -0.4375, -0.43725000000000014, -0.4375, -0.4275, -0.4375, -0.43725000000000014, -0.4375, -0.43725000000000014, -0.4375, -0.4375, -0.43725000000000014, -0.43725000000000014, -0.4357500000000001, -0.4375, -0.43725000000000014, -0.43674999999999997, -0.43725000000000014, -0.43500000000000005, -0.4375, -0.4375, -0.43674999999999997, -0.4357500000000001, -0.43725000000000014, -0.4264999999999999, -0.4364999999999999, -0.43674999999999997, -0.4364999999999999, -0.43625, -0.4375, -0.43674999999999997, -0.4375, -0.4357500000000001, -0.4375, -0.43500000000000005, -0.4375, -0.4337500000000001, -0.43674999999999997, -0.4375, -0.43674999999999997, -0.43674999999999997, -0.4375, -0.43625, -0.4375, -0.43025, -0.4352499999999999, -0.4375, -0.43700000000000006, -0.4375] 

VQE eigenvalues standard deviation:
[0.0004998999899980072, 0.0002499874996874772, 0.0, 0.0002499874996874772, 0.0006612062839991704, 0.0, 0.0005588772226527001, 0.0004329477451148221, 0.0, 0.0, 0.0014119490075778201, 0.0004329477451148221, 0.0003535180334862453, 0.0, 0.0, 0.0, 0.0002499874996874772, 0.0002499874996874772, 0.0006612062839991704, 0.0006121886964000483, 0.0004998999899980072, 0.0004998999899980072, 0.0003535180334862453, 0.0009008017262416937, 0.0, 0.0005588772226527001, 0.0002499874996874772, 0.0003535180334862453, 0.0, 0.0013897819073509336, 0.0005588772226527001, 0.0002499874996874772, 0.0009008017262416937, 0.0, 0.0002499874996874772, 0.0, 0.0, 0.0005588772226527001, 0.0006121886964000483, 0.0003535180334862453, 0.0005588772226527001, 0.0, 0.0007068238818829035, 0.0, 0.0, 0.0, 0.0004998999899980072, 0.0002499874996874772, 0.000749662424028318, 0.0003535180334862453, 0.0014972975656161306, 0.0004998999899980072, 0.0, 0.0002499874996874772, 0.0, 0.001577973383805953, 0.0, 0.0002499874996874772, 0.0, 0.0002499874996874772, 0.0, 0.0, 0.0002499874996874772, 0.0002499874996874772, 0.0006612062839991704, 0.0, 0.0002499874996874772, 0.0004329477451148221, 0.0002499874996874772, 0.0007901740314639554, 0.0, 0.0, 0.0004329477451148221, 0.0006612062839991704, 0.0002499874996874772, 0.0016546600859391066, 0.0004998999899980072, 0.0004329477451148221, 0.0004998999899980072, 0.0005588772226527001, 0.0, 0.0004329477451148221, 0.0, 0.0006612062839991704, 0.0, 0.0007901740314639554, 0.0, 0.0009675193796508652, 0.0004329477451148221, 0.0, 0.0004329477451148221, 0.0004329477451148221, 0.0, 0.0005588772226527001, 0.0, 0.0013443376621965245, 0.000749662424028318, 0.0, 0.0003535180334862453, 0.0] 

Median VQE eigenvalues:
-0.4371250000000001 

Min eigenvalue after 100 VQE steps on Aer qasm simulator: -4.37500e-01
Delta from reference energy value is 0.00000e+00 

Optimizer history of the smallest VQE eigenvalue:
[1.0785, 1.1185, 1.96425, 1.095, 0.1292500000000001, -0.05624999999999991, 0.10824999999999996, 0.27774999999999994, -0.0605, 0.38275000000000003, -0.42900000000000005, -0.42900000000000005, -0.4255, -0.22825000000000006, -0.4005000000000001, -0.1080000000000001, -0.3242499999999999, -0.43274999999999997, -0.43025, -0.43399999999999994, -0.43474999999999997, -0.41975000000000007, -0.43725000000000014, -0.43625, -0.43700000000000006, -0.43274999999999997, -0.4355, -0.43674999999999997, -0.4375, -0.4375, -0.43725000000000014, -0.43700000000000006, -0.43674999999999997, -0.43700000000000006, -0.4375, -0.43674999999999997, -0.4364999999999999, -0.4364999999999999, -0.43725000000000014, -0.4364999999999999, -0.43700000000000006, -0.43725000000000014, -0.43700000000000006, -0.43700000000000006, -0.43725000000000014, -0.43700000000000006, -0.43700000000000006, -0.43725000000000014, -0.4364999999999999, -0.4375, -0.43725000000000014, -0.4364999999999999, -0.43674999999999997, -0.43725000000000014, -0.43725000000000014, -0.43725000000000014, -0.4375, -0.43700000000000006, -0.43700000000000006, -0.43674999999999997, -0.43674999999999997, -0.43725000000000014, -0.43725000000000014, -0.43700000000000006, -0.43674999999999997, -0.4375] 

Optimizer history of the smallest VQE eigenvalue standard deviation:
[0.012213697228931132, 0.012119669962503105, 0.0048576942832994335, 0.012176591271780456, 0.010467422975594326, 0.008987621695977195, 0.010327303314515363, 0.011298417754269843, 0.008946345622655096, 0.011738036196485339, 0.0014552577091360873, 0.0014552577091360873, 0.0017278888853164186, 0.006923434389809727, 0.0030187911487878694, 0.008456830079882178, 0.005199032962965325, 0.0010886890051800908, 0.0013443376621965245, 0.0009347593273137265, 0.0008287000362012739, 0.002099045914219124, 0.0002499874996874772, 0.0005588772226527001, 0.0003535180334862453, 0.0010886890051800908, 0.0007068238818829035, 0.0004329477451148221, 0.0, 0.0, 0.0002499874996874772, 0.0003535180334862453, 0.0004329477451148221, 0.0003535180334862453, 0.0, 0.0004329477451148221, 0.0004998999899980072, 0.0004998999899980072, 0.0002499874996874772, 0.0004998999899980072, 0.0003535180334862453, 0.0002499874996874772, 0.0003535180334862453, 0.0003535180334862453, 0.0002499874996874772, 0.0003535180334862453, 0.0003535180334862453, 0.0002499874996874772, 0.0004998999899980072, 0.0, 0.0002499874996874772, 0.0004998999899980072, 0.0004329477451148221, 0.0002499874996874772, 0.0002499874996874772, 0.0002499874996874772, 0.0, 0.0003535180334862453, 0.0003535180334862453, 0.0004329477451148221, 0.0004329477451148221, 0.0002499874996874772, 0.0002499874996874772, 0.0003535180334862453, 0.0004329477451148221, 0.0] 

Smallest VQE eingenvalue optimizer final message:
{   'aux_operators_evaluated': None,
    'cost_function_evals': 66,
    'eigenvalue': -0.4375,
    'optimal_circuit': <qiskit.circuit.library.n_local.real_amplitudes.RealAmplitudes object at 0x00000135A696C350>,
    'optimal_parameters': {   ParameterVectorElement(θ[0]): 3.1599487419000916,
                              ParameterVectorElement(θ[1]): 2.577216747929073,
                              ParameterVectorElement(θ[2]): -0.8128412902430372,
                              ParameterVectorElement(θ[3]): 2.5984532803780693},
    'optimal_point': array([ 3.15994874,  2.57721675, -0.81284129,  2.59845328]),
    'optimal_value': -0.4375,
    'optimizer_evals': None,
    'optimizer_result': <qiskit_algorithms.optimizers.optimizer.OptimizerResult object at 0x00000135A696D400>,
    'optimizer_time': 4.658432960510254}
     ┌──────────┐ ░       ░ ┌──────────┐
q_0: ┤ Ry(θ[0]) ├─░───■───░─┤ Ry(θ[2]) ├
     ├──────────┤ ░ ┌─┴─┐ ░ ├──────────┤
q_1: ┤ Ry(θ[1]) ├─░─┤ X ├─░─┤ Ry(θ[3]) ├
     └──────────┘ ░ └───┘ ░ └──────────┘
The number of ansatz parameters is: 
 4
Line for latex table
RA r1 rl & $1\mathrm{e}{-06}$ & 10000 & 100/100 &65 & $-4.375\mathrm{e}{-01}$ & $0\mathrm{e}{+00}$ & $0\mathrm{e}{+00}$ & $-4.3713\mathrm{e}{-01}$ & $3.75\mathrm{e}{-04}$ & - & 00h 08m 01s\\

