RA_r1_rl
02h41m22s__48
1e-01
4.179965995183678
10.54631906432164
14.91375156435319
9.196371132594882
19.774995175005365
7.097862656032535
5.9546682298368285
3.481024727581034
8.583560606319942
7.025079485752962
12.124717328056212
12.39298522782695
5.665572246196817
1.3898772322541455
12.209397644808325
11.638548404778545
8.498095662924671
16.93261055883802
2.779094973153495
5.514486939700179
9.459370831697663
6.863312765789237
3.940593354400479
7.0364513451154505
11.00029949102769
5.626578474534921
4.957711528780433
10.674924808803738
5.24965206303939
9.325659821937059
4.8586672841207506
4.807614871297031
3.4944543741821006
6.28672305495309
4.281768737298031
9.49245225484387
18.21722705030727
2.7289240449710346
4.987757373122654
4.476102386123102
9.862056268538737
5.036871109337328
15.044273692934395
9.156172308063361
13.08366554613124
8.267672558569876
5.536476728517323
3.3190173763689343
5.656915437338431
8.122280010083166
5.55016794674179
6.57776983780948
14.974139321550904
11.683153382751977
2.6840557235351667
7.180954309458061
5.856296315696268
11.614264300921201
3.8895064558791237
7.718621785829007
15.280057981569731
4.5926298279952125
1.7989565215297347
13.197520961786148
9.386086144308427
3.49814858574744
14.090910844790761
4.428509693714041
15.342817392820029
4.211198361484144
5.2975770073880035
5.355813384452836
11.345654262849829
8.29007520077475
13.977129883316593
2.66313917514856
6.737002668825326
10.097646932040083
12.065029763112037
12.91268329655419
11.176836227468696
6.133293160266913
13.031657441793259
10.311368366977886
9.497177396156834
12.921163243960882
1.5122574382665355
4.038100762221194
2.48370624546621
5.198461546136756
12.274615794717192
6.325383954262111
7.63876660060381
3.29257641080905
2.860524212724415
7.096491535238034
7.647709812082881
4.149396543444381
8.729558336677698
6.677805465018955
