4.179965995183678 0.753287280139262
10.54631906432164 0.8828951178912097
14.91375156435319 0.8934564888358844
9.196371132594882 0.6584666615048318
19.774995175005365 0.8711410066556965
7.097862656032535 0.7475148957243576
5.9546682298368285 0.6492238829511771
3.481024727581034 0.7619548792688564
8.583560606319942 0.5633963174915781
7.025079485752962 0.7823341341382903
12.124717328056212 0.8381989286281287
12.39298522782695 0.8489876377399967
5.665572246196817 0.8218621144375727
1.3898772322541455 0.7986402453706215
12.209397644808325 0.8772017562376808
11.638548404778545 0.9327936337650262
8.498095662924671 0.8226688704821088
16.93261055883802 0.8729799047274212
2.779094973153495 0.726049746211066
5.514486939700179 0.6795369157590406
9.459370831697663 0.8318276041934705
6.863312765789237 0.8011951918955825
3.940593354400479 0.831976952972625
7.0364513451154505 0.7770869310502555
11.00029949102769 0.9357786138791833
5.626578474534921 0.7870465188209781
4.957711528780433 0.7132994824178454
10.674924808803738 0.8397654531397202
5.24965206303939 0.6456708442101443
9.325659821937059 0.5889356471447793
4.8586672841207506 0.7132464965249925
4.807614871297031 0.7710579771685703
3.4944543741821006 0.7115653123561182
6.28672305495309 0.715861084405638
4.281768737298031 0.8048163879360791
9.49245225484387 0.8076509073241576
18.21722705030727 0.8635047271812213
2.7289240449710346 0.7416432530958246
4.987757373122654 0.8172535206447057
4.476102386123102 0.7641919522272419
9.862056268538737 0.8113327480950792
5.036871109337328 0.7718787913303239
15.044273692934395 0.9264701278484103
9.156172308063361 0.7376575856319553
13.08366554613124 0.7825098929633455
8.267672558569876 0.8735561991415945
5.536476728517323 0.664024682620802
3.3190173763689343 0.6756320982952418
5.656915437338431 0.7186705322611008
8.122280010083166 0.8607670808561528
5.55016794674179 0.6366493823570204
6.57776983780948 0.7915296627306116
14.974139321550904 0.8979269103968879
11.683153382751977 0.7224609885979248
2.6840557235351667 0.8416578106772405
7.180954309458061 0.8132506145356
5.856296315696268 0.6951400349022132
11.614264300921201 0.8749006992058408
3.8895064558791237 0.8283143278647292
7.718621785829007 0.6845501731755056
15.280057981569731 0.8776917134662442
4.5926298279952125 0.8131217794599688
1.7989565215297347 0.8110935364717169
13.197520961786148 0.7010643121005825
9.386086144308427 0.8199646594681671
3.49814858574744 0.7033971999498564
14.090910844790761 0.8450285235423078
4.428509693714041 0.7601420167503797
15.342817392820029 0.9069620406727755
4.211198361484144 0.7121070239798054
5.2975770073880035 0.7688462451202062
5.355813384452836 0.6703008999104181
11.345654262849829 0.9246188527256046
8.29007520077475 0.8453971568182974
13.977129883316593 0.8961822613989099
2.66313917514856 0.7456343980011176
6.737002668825326 0.8511165443579086
10.097646932040083 0.7537157122312864
12.065029763112037 0.8612228889114854
12.91268329655419 0.7121827640978989
11.176836227468696 0.8356521454982149
6.133293160266913 0.6850431966352227
13.031657441793259 0.8171822039162332
10.311368366977886 0.7767598887674865
9.497177396156834 0.7672491453122802
12.921163243960882 0.8421542108319091
1.5122574382665355 0.8106621940837291
4.038100762221194 0.6978592411454845
2.48370624546621 0.6465628243585784
5.198461546136756 0.8458467161742761
12.274615794717192 0.8601425999236041
6.325383954262111 0.6503270734977176
7.63876660060381 0.8321608627679007
3.29257641080905 0.8262292290654027
2.860524212724415 0.8239397721547209
7.096491535238034 0.6728976370612211
7.647709812082881 0.8425521599666824
4.149396543444381 0.7209387230164632
8.729558336677698 0.794994911616671
6.677805465018955 0.7946419820619167
