RA_r1_rl
01h54m38s__117
1e-05
33.44814106322021
65.97973113464617
9.004481761661452
101.48975756581109
110.74798135064006
40.107567483744305
167.90663741414292
42.82731875862291
19.851805570104233
41.909006737023695
59.57149656981261
100.53180969166306
28.679384309228098
1.1213165402730283
17.059332613864285
126.88913427213797
72.53909804184345
141.62022150425406
68.4998020605178
5.692294885770885
5.429610269471027
46.70620113805783
326.68581327976983
3.179179043513926
144.7903258102666
29.552812879777036
69.7758832868078
98.8808126428067
51.90025388682041
209.20788377183325
58.752171715820594
56.978406066342096
121.23814422613054
38.843274600939466
86.25024597815042
15.460414090918917
164.40287500376922
78.85821154521254
102.0829045043281
50.042552126284555
56.06679939731601
100.18011394591278
20.049722900080127
76.33902101153681
23.880353103966435
27.44791156297865
152.81933126918742
89.13944502329448
42.15108471026156
39.8660559320023
151.22854432240868
52.73726293059541
269.0871260736095
58.67727610000037
93.2852549525732
119.59280480354285
111.93985349393259
103.92121685319293
39.215455393396745
43.3972874867989
51.71734817820975
47.65482725287427
40.800524504331534
115.64011530000472
28.395497621016617
92.47477690216174
87.69524220860154
69.69401787195187
239.9388021137065
17.186177978919282
62.257850049575325
64.40535827322881
80.24929491718862
32.96954670408396
15.043620028656264
125.07642843479657
49.372479319253245
157.66791124193335
55.33296100063623
34.34059555591048
3.4345959748939165
140.88832204437824
15.04051064054736
120.53208291130639
60.06802549677493
40.772653378197134
214.26625636472616
75.06923549506321
182.3521374172815
113.19393340043534
30.8888473820752
90.96850923051853
18.221509772831922
235.38995211200108
97.27776303868467
-10.389380276185157
48.74020368961412
77.87151835534713
10.538089620805323
129.4996919988066
