33.44814106322021 15.916110005934708
65.97973113464617 17.19505321093444
9.004481761661452 12.547760670043772
101.48975756581109 17.381518049438004
110.74798135064006 17.89587820140319
40.107567483744305 15.451018754007755
167.90663741414292 17.438813489850908
42.82731875862291 16.02839369178471
19.851805570104233 15.483044669815339
41.909006737023695 15.886245103086626
59.57149656981261 13.907406740827703
100.53180969166306 17.44262677311058
28.679384309228098 15.129032009053358
1.1213165402730283 12.05124857702272
17.059332613864285 15.46177798204341
126.88913427213797 17.178738496266835
72.53909804184345 15.24275187728176
141.62022150425406 16.235199367258904
68.4998020605178 13.004638176791808
5.692294885770885 14.436088857861597
5.429610269471027 13.77573293737523
46.70620113805783 16.157792072644636
326.68581327976983 17.260153805383084
3.179179043513926 14.060957082028107
144.7903258102666 16.287975481867207
29.552812879777036 13.211177841567729
69.7758832868078 16.712660107090123
98.8808126428067 17.01389879510429
51.90025388682041 17.265272764695002
209.20788377183325 16.661575239377292
58.752171715820594 13.546136970655823
56.978406066342096 16.661985972464468
121.23814422613054 16.49163665796707
38.843274600939466 15.339987154477116
86.25024597815042 15.341085216127754
15.460414090918917 13.616217835436967
164.40287500376922 16.76822741494751
78.85821154521254 17.260615197347466
102.0829045043281 16.95490766882975
50.042552126284555 16.35181798995529
56.06679939731601 17.64873648716968
100.18011394591278 14.69974707908576
20.049722900080127 15.730577479826716
76.33902101153681 16.245323119373506
23.880353103966435 16.759172253978758
27.44791156297865 14.220185444283032
152.81933126918742 16.670733019359083
89.13944502329448 14.758444134001287
42.15108471026156 14.408270645585814
39.8660559320023 17.529248704842097
151.22854432240868 16.61200337488007
52.73726293059541 14.631327028914924
269.0871260736095 17.53063527253254
58.67727610000037 15.9151325450406
93.2852549525732 16.41224554901694
119.59280480354285 17.55222452031032
111.93985349393259 15.395886499461495
103.92121685319293 13.231767735547782
39.215455393396745 11.335226811243603
43.3972874867989 15.614220971408232
51.71734817820975 15.45087038030011
47.65482725287427 12.221096938928229
40.800524504331534 12.594364877290067
115.64011530000472 14.872402898008477
28.395497621016617 13.167539268758798
92.47477690216174 16.17075822856917
87.69524220860154 16.583731208945437
69.69401787195187 15.018682768536266
239.9388021137065 17.231926636809213
17.186177978919282 15.502678206118588
62.257850049575325 13.791322118183812
64.40535827322881 15.792015782995506
80.24929491718862 13.953515006080437
32.96954670408396 15.008747058848822
15.043620028656264 15.761679009975886
125.07642843479657 15.26273931296395
49.372479319253245 15.288298500645485
157.66791124193335 16.495355628155536
55.33296100063623 14.530742070129778
34.34059555591048 14.313610638674659
3.4345959748939165 14.38497219013261
140.88832204437824 15.883497907053423
15.04051064054736 17.55123487429418
120.53208291130639 17.25989123283785
60.06802549677493 16.081232772854975
40.772653378197134 15.989693288764357
214.26625636472616 17.276656078864622
75.06923549506321 14.142900517636887
182.3521374172815 17.910730364840298
113.19393340043534 17.186746048158398
30.8888473820752 16.002352850972763
90.96850923051853 16.277920367448022
18.221509772831922 12.808712263899784
235.38995211200108 17.60539050652301
97.27776303868467 17.376350500824106
-10.389380276185157 14.145926016567278
48.74020368961412 15.89777411988222
77.87151835534713 14.742192401109804
10.538089620805323 14.747972616110193
129.4996919988066 16.204777578361753
