RA_r1_rl
20s__102
1e-04
6.455804224536621e-10
3.3228761964210207e-09
3.919785718231594e-09
3.4272285009961934e-09
1.958964157555698e-09
1.1803821808875625e-09
1.3184419112022283e-09
4.898278560538927e-09
5.75968051030884e-10
9.782738508157252e-10
1.6690380744144306e-09
3.5627412131589153e-10
3.061268349924262e-09
2.894420303434231e-08
2.2516244979620126e-09
1.7191767454072249e-09
1.154927486979318e-09
3.038727049431422e-07
2.985495628493595e-09
1.47164502806163e-11
2.3997386300322887e-09
4.774564077436594e-10
3.0251902094491356e-09
9.023419567100177e-09
7.739520135885414e-11
9.119572652593888e-09
2.4505356632786857e-09
8.438617027373141e-10
1.2100305202267236e-09
3.239049695125118e-09
1.8093271325625437e-09
5.256964474842363e-09
7.989486627835163e-09
6.816700481859783e-09
3.2443227659939566e-08
3.186412023126195e-09
3.262570213991012e-10
2.4949539101370988e-09
2.0163568037467883e-09
5.940397618253712e-09
5.982002004856213e-09
5.565766341697476e-07
2.690857869858121e-09
6.670825558607874e-10
1.2549556949181806e-09
5.374916067779623e-09
6.171747335415034e-09
2.6765125116234856e-09
3.883216026512315e-08
8.836353870833591e-11
6.90329449160032e-09
3.0180792864875627e-09
1.2374530200531808e-07
1.2679521876890476e-09
4.723143620655179e-08
4.114127594156969e-09
3.6628550192929765e-09
7.335140272957119e-10
2.8306280652756755e-09
1.408618666154382e-09
6.927444728965781e-10
5.737146313578023e-09
2.3786033143124996e-09
5.626271226688573e-09
9.529799172014464e-11
1.9926665872915805e-10
3.719461849627237e-09
9.417739366135436e-10
3.002011084163314e-09
2.0156631617695986e-06
3.5443274981616923e-08
1.0898160707206728e-09
5.337696062923669e-09
3.5415243515579675e-09
2.09993754607396e-08
8.813121177286831e-09
6.059280022174818e-09
2.1952640816280677e-09
5.316265205834725e-09
4.488189819795707e-10
1.9302748288652083e-08
2.678239682252226e-07
7.42192651781437e-09
6.777012284686634e-10
1.1350291817535663e-09
1.9239115855995692e-10
1.5816130627399616e-09
5.2259426119860564e-08
5.509782408097408e-09
2.872752274951651e-08
1.2110978886425983e-09
3.4745188948193118e-09
1.8608316887380738e-08
5.909887579313988e-09
1.1255250065289601e-09
3.6340636055953723e-09
2.660231368523114e-09
4.901925310107913e-09
3.0714146781463114e-09
1.5917674955900907e-09
