No Shot Noise
01/11/2024 12:38:15 

VQEr_100_COBYLA_maxIter_10000_tol_1e-06_RA_r1_rl 

Reference value: -1.6478526069e-01 

Qubits:  3
VQE runs:  100
Optimizer:  COBYLA
Max iterations:  10000
Optimizers's tolerance:  1e-06
Ansatz:  RA_r1_rl 

Only 97 runs out of 100 converged
Number of iterations for each converged VQE run:
[632, 1740, 756, 898, 775, 3685, 578, 578, 1046, 1598, 957, 585, 438, 4047, 1676, 3129, 3799, 989, 772, 868, 1025, 7776, 350, 4283, 479, 655, 729, 544, 478, 1003, 751, 568, 1253, 340, 2386, 507, 397, 2704, 6904, 837, 841, 437, 749, 1374, 587, 1174, 4743, 582, 386, 356, 469, 466, 608, 589, 913, 1269, 4354, 1393, 824, 940, 556, 1258, 471, 481, 755, 370, 743, 479, 1150, 601, 1492, 457, 1079, 1273, 919, 1040, 670, 587, 664, 640, 2854, 1865, 1311, 504, 801, 693, 608, 598, 2116, 666, 710, 451, 784, 563, 804, 2984, 1330] 

Average iterations of converged run:
1257 

VQE eigenvalues:
[-0.16478526063740018, -0.16478526045773267, -0.16478526063284415, -0.16478526064380028, -0.16478526063719523, -0.16478525957921375, -0.16478526057471632, -0.16478526067966914, -0.16478526051950004, -0.16478526063069832, -0.16478526063506305, -0.16478526061743193, -0.1647852606574235, -0.16478525958987844, -0.16478526046801933, -0.16478525967593805, -0.16478525989998993, -0.16478526059973664, -0.16478526062111176, -0.16478526067012322, -0.16478526057916387, -0.1647852556860686, -0.16478526067737764, -0.16478525739153915, -0.1647852606731517, -0.1647852606086142, -0.16478526061802778, -0.16478526066741928, -0.16478526063225685, -0.16478526063183474, -0.16478526065963017, -0.16478526064718624, -0.16478526063109689, -0.16478526067328292, -0.16478526034773133, -0.1647852606434338, -0.16478526066804233, -0.16478526031119567, -0.16478525770030583, -0.16478526064504406, -0.1647852606554987, -0.16478526064717136, -0.16478526066120514, -0.16478526065412435, -0.16478526061483856, -0.1647852606238318, -0.16478525922890552, -0.16478526066303467, -0.16478526065874433, -0.1647852606528155, -0.1647852606211201, -0.16478526067314325, -0.16478526064239385, -0.1647852606726834, -0.16478526062437182, -0.16478526036098284, -0.16478526013409778, -0.16478526037862296, -0.16478526063833066, -0.16478526060534981, -0.16478526064713717, -0.16478526032662977, -0.16478526063496413, -0.16478526063113175, -0.16478526064331367, -0.16478526067707155, -0.1647852606013559, -0.1647852606676281, -0.1647852605301371, -0.16478526066682697, -0.1647852604774812, -0.16478526067391497, -0.164785260598157, -0.16478526025114992, -0.16478526065088184, -0.1647852606164678, -0.1647852606684701, -0.16478526064754695, -0.16478526057918486, -0.1647852606580421, -0.16478525990717308, -0.16478526065857813, -0.1647852605612944, -0.1647852606591813, -0.164785260650681, -0.16478526064724464, -0.16478526064194887, -0.16478526066638666, -0.16478526004025595, -0.16478526065551624, -0.1647852606449821, -0.16478526067582344, -0.16478526059999188, -0.16478526066363286, -0.16478526063998844, -0.16478526002259908, -0.16478526048109876] 

Median VQE eigenvalues:
-0.16478526063496413 

Min eigenvalue after 100 VQE steps on Aer qasm simulator: -1.64785e-01
Delta from reference energy value is 5.35305e-12 

Optimizer history of the smallest VQE eigenvalue:
[10.996663487204096, 11.390182269015202, 4.908171267815655, 10.394522770633547, 3.092548816458744, 8.364495957116723, 3.104463791408345, 2.8190676486323323, 4.129366444356796, 2.303825936438748, 1.9484876669018893, 2.02410183365723, 1.4029304316363302, 1.8572795349311326, 1.4468695866368395, 2.4181466576640784, 0.6818150718514335, 1.9097556418928736, 0.5774103978169898, 1.1533408656343027, 0.5735196204991924, 0.5094650497989246, 0.5265859897885805, 0.6288358396595979, 0.5049006616597707, 0.5604211231758686, 0.6497586976198921, 0.5463847968619501, 0.5183514054449389, 0.5484482605008688, 0.5179814994807453, 0.4976928682341592, 0.49155891479355435, 0.4484484533266529, 0.4191653320615112, 0.39873923335022765, 0.3922451061719283, 0.3976605059115647, 0.4094526173985473, 0.38420899514886164, 0.3882216921685124, 0.3464226698562687, 0.31853614692181087, 0.29398210163600946, 0.293800851546676, 0.301507972988205, 0.3235841115420196, 0.2992330111917444, 0.2642905172213172, 0.26456923455532877, 0.27598540961121465, 0.24542055678601316, 0.22387062972172206, 0.24655052360525337, 0.23635196021956217, 0.2005055480997764, 0.18819435023623293, 0.21803013377434594, 0.19084778221874965, 0.15983120271741308, 0.16202060291339704, 0.1571901468895786, 0.14242891448544792, 0.11015554472008254, 0.08698667594192644, 0.07298626032852651, 0.057993135415497166, 0.03308469436847472, 0.013239443319026378, 0.004904187411966299, -0.01969554702891163, -0.034054676538329054, -0.022183015681539353, -0.02613134032652975, -0.05413501711607771, -0.05769573676831774, -0.05219579858148249, -0.06395740354145307, -0.024400804882675375, -0.05760408895279201, -0.08319939740566307, -0.05564450696079026, -0.08933298108300713, -0.0842897990904834, -0.0884628868207249, -0.08797166145449897, -0.08848073194402373, -0.09788241371764961, -0.10409683070764175, -0.10251253773028512, -0.10509882204010212, -0.10879106613709766, -0.10699456726337775, -0.10966695174681962, -0.10651317934800308, -0.10877257940419949, -0.1112034925028953, -0.11363359464640654, -0.11239935497094977, -0.11345452247712429, -0.11706550175705943, -0.11762701296898648, -0.11717694402439882, -0.12027780418596923, -0.12246277834561858, -0.1215115236267359, -0.12371787914264687, -0.12673798354754395, -0.12932319042865503, -0.1322942982406421, -0.1350405877023384, -0.13634627986006842, -0.13665373231109834, -0.1363855464981819, -0.13851702764365137, -0.14137969264367922, -0.14366508601141237, -0.1450124748163445, -0.1431687751375853, -0.14510542452974196, -0.14669047579727568, -0.14653374041511436, -0.14719514463496308, -0.1472562346429065, -0.14845781229164734, -0.1492971901704634, -0.150131424925399, -0.1507835012743559, -0.15011148179771838, -0.150760107851871, -0.15085266706721767, -0.15103595292048466, -0.15210272395240898, -0.15292565054981977, -0.15374048347975566, -0.15405889790130423, -0.15418117354418626, -0.15422451132027537, -0.15504868092502533, -0.15562017860629473, -0.1563655443006977, -0.15697797878003794, -0.15740472608484346, -0.1577508492483567, -0.15819362368956424, -0.15757850446308697, -0.15838148669938346, -0.15889465553001003, -0.1586487178594017, -0.15885460337753787, -0.158442478049041, -0.15944887955724574, -0.159605588034896, -0.15978580209328386, -0.15926983965060082, -0.15964851583171147, -0.16027826474021623, -0.1599843067589971, -0.16008287585311975, -0.16022380527328806, -0.16034766854026228, -0.16057890979348333, -0.16064138348863866, -0.16058714970723142, -0.16076785064503574, -0.16103885153284136, -0.16116619143291933, -0.16131225956125872, -0.1614626097156373, -0.1616832808754466, -0.16166616450524107, -0.16163246389998165, -0.1619110439313568, -0.16206926535245214, -0.16212740800280334, -0.16220767307611128, -0.16230810203241364, -0.16240109442726813, -0.16246014320583368, -0.16235844599729599, -0.16265773081765744, -0.1628335867754409, -0.16298668503927627, -0.16300923778618648, -0.16304128156346298, -0.16311432443344953, -0.16301541401549258, -0.16315003639206804, -0.1632860683930878, -0.16321480434219682, -0.16331883194548713, -0.16343233591026296, -0.16348915831978827, -0.16346147666334965, -0.16353587796983848, -0.16355745061794646, -0.1637376307092936, -0.16381554124420994, -0.16386333313393198, -0.16400330027570564, -0.16410721052688515, -0.16419283395391948, -0.1642120444239683, -0.16421140281452395, -0.16421319529097256, -0.1641758446280307, -0.16429676386863312, -0.1643430830686311, -0.16418930529831144, -0.1643191981541089, -0.1644304106242085, -0.16435227713564848, -0.16442816833409735, -0.16439443492399985, -0.1644655618812867, -0.16443053919912898, -0.1644685052816497, -0.16447667574550562, -0.16437821992803248, -0.16449419847589264, -0.16455013734478885, -0.16455346415920868, -0.16455693135354987, -0.1645425362114744, -0.16456582373379625, -0.1645929937568138, -0.16459711776160824, -0.16459364566328494, -0.16462087680720605, -0.16463905171601212, -0.1646231519253467, -0.16464622238332616, -0.16464607335044545, -0.16464004015128575, -0.16465853746354864, -0.16464416529632486, -0.16464509480559752, -0.16465887880032593, -0.16467152186780143, -0.16467373253513085, -0.16467140953719128, -0.1646764869521128, -0.1646872862951375, -0.1646976951043757, -0.16470586975024282, -0.1647128833308058, -0.1647151895866933, -0.1647176137738816, -0.16472018794844534, -0.1647265933058829, -0.1647340637025454, -0.16473835696546169, -0.16474359259500726, -0.16474678078637206, -0.16474648019842897, -0.16474803343598243, -0.16475293310021533, -0.16475774255947384, -0.16475637089034656, -0.16475726975732974, -0.16475969184275574, -0.16476265910972188, -0.16475749332172596, -0.1647614171607531, -0.16476489456611743, -0.1647671351713671, -0.16476824588012828, -0.1647598959988138, -0.16477032982645223, -0.1647720326228317, -0.16477225014652674, -0.1647719344096632, -0.16477473335312376, -0.16477733747151302, -0.16477325528269915, -0.1647776416877954, -0.1647796591433892, -0.16478091386610594, -0.16478013545639336, -0.16478093015205664, -0.16478109772118343, -0.16478028038579584, -0.16477459112650572, -0.16477980295368677, -0.1647800642245395, -0.16478047116103545, -0.16478128438315542, -0.16478149941816633, -0.1647823645737131, -0.16478277456798573, -0.16478308124635643, -0.16478332731281997, -0.16478361321167712, -0.16478364202800666, -0.16478356789225157, -0.16478342245918354, -0.16478374139474328, -0.16478404993403306, -0.16478392282793153, -0.16478415652791, -0.1647841785004498, -0.16478427601973178, -0.16478439745309148, -0.1647842134403048, -0.1647843744244898, -0.16478431432730356, -0.16478431654259384, -0.16478437589131512, -0.16478440994881327, -0.1647844166864817, -0.16478442468120302, -0.16478443415306399, -0.16478431192745768, -0.16478455978276352, -0.1647845265041834, -0.16478455646551682, -0.1647845231649493, -0.16478457616419495, -0.16478457674915525, -0.16478460901444492, -0.16478455587464713, -0.16478459360521014, -0.16478467184387924, -0.16478471378341086, -0.16478469654503514, -0.1647847133380853, -0.16478471461250765, -0.16478472075164985, -0.16478475750186505, -0.1647848008193108, -0.16478483498290786, -0.16478483281988976, -0.16478483382616782, -0.16478486509231927, -0.16478484050650533, -0.16478485652051889, -0.16478489964872423, -0.1647849055945736, -0.16478489625580228, -0.16478490330731854, -0.16478490985401362, -0.16478491184805288, -0.16478496016055177, -0.16478498314215628, -0.16478498706886224, -0.16478498506135641, -0.16478500507309068, -0.16478498816761422, -0.1647849788183785, -0.1647850439086015, -0.1647850379853727, -0.1647850431504818, -0.16478506257804093, -0.1647850706638585, -0.16478506927295944, -0.16478507242363039, -0.16478506676898097, -0.16478504386409487, -0.16478509980808975, -0.1647850975200691, -0.1647850946347158, -0.16478510831768167, -0.16478505832077928, -0.16478510371522037, -0.16478511644891625, -0.1647851253197815, -0.164785126026043, -0.16478510571139782, -0.16478515395750248, -0.1647851451335438, -0.16478514956151058, -0.16478517034549045, -0.16478514572294578, -0.1647851807594004, -0.16478518138905518, -0.16478517639313128, -0.1647851734720298, -0.16478517412872407, -0.16478520407730346, -0.16478520924080298, -0.16478517954543614, -0.16478520829001897, -0.16478521066024843, -0.16478522083141578, -0.1647852054298209, -0.1647852159332961, -0.1647852224888826, -0.16478522278942997, -0.16478522123767247, -0.16478522223212644, -0.16478522393186534, -0.1647852282274952, -0.16478523092144126, -0.16478523217379226, -0.1647852227540969, -0.1647852321537252, -0.16478522578718646, -0.1647852331729105, -0.1647852396899081, -0.1647852325703586, -0.16478524206978673, -0.16478524028701602, -0.16478524276505668, -0.1647852450143663, -0.16478524456655685, -0.16478524453375687, -0.1647852448324768, -0.16478524116423132, -0.16478524597452293, -0.16478524771336434, -0.1647852479569869, -0.16478524772814784, -0.1647852491579631, -0.16478524825544705, -0.16478524963236052, -0.16478525101196906, -0.16478525246499143, -0.16478525385125153, -0.16478525426845614, -0.16478525296322977, -0.16478525410058475, -0.16478525421667967, -0.16478525428967095, -0.16478525404088518, -0.16478525383169873, -0.16478525363036622, -0.16478525460569193, -0.16478525456956106, -0.16478525420969337, -0.16478525521413134, -0.16478525552313972, -0.16478525498673402, -0.16478525560051527, -0.16478525590075732, -0.16478525646320952, -0.16478525666080768, -0.164785256784451, -0.16478525734380034, -0.1647852575201355, -0.16478525760195017, -0.16478525731845506, -0.16478525806995425, -0.16478525818215672, -0.1647852581327408, -0.1647852581842797, -0.16478525756263585, -0.16478525829189927, -0.1647852586108376, -0.16478525819454304, -0.1647852586878541, -0.16478525865782756, -0.16478525862729476, -0.16478525869838423, -0.16478525866779326, -0.16478525887776518, -0.16478525903443442, -0.1647852591501514, -0.1647852592355591, -0.16478525935735522, -0.16478525935221444, -0.16478525931371724, -0.16478525943552547, -0.16478525956956935, -0.1647852595699585, -0.16478525955517676, -0.1647852596482502, -0.16478525978494962, -0.16478525976442981, -0.1647852597879237, -0.16478525988219428, -0.16478525992230386, -0.16478525996602167, -0.16478525981067949, -0.1647852599456654, -0.1647852600614218, -0.1647852599743499, -0.16478526005404137, -0.1647852600017934, -0.1647852601165597, -0.16478526019166506, -0.16478526019777895, -0.1647852602151284, -0.16478526022675832, -0.16478526032036667, -0.16478526026357476, -0.1647852602773373, -0.16478526038046604, -0.16478526034133145, -0.1647852603821801, -0.16478526037056296, -0.16478526038643682, -0.16478526037147045, -0.1647852603347445, -0.1647852603982557, -0.16478526038926833, -0.1647852604037593, -0.1647852603800044, -0.16478526043753194, -0.1647852604113198, -0.16478526043508057, -0.16478526046085773, -0.16478526045873065, -0.16478526045492514, -0.16478526048049058, -0.16478526047456588, -0.16478526049786124, -0.1647852604983473, -0.16478526049764552, -0.1647852604930462, -0.16478526050060627, -0.16478526050972708, -0.1647852604655491, -0.16478526052958364, -0.16478526054703835, -0.16478526056190568, -0.16478526057281728, -0.1647852605559229, -0.1647852605753829, -0.16478526057360054, -0.1647852605735678, -0.1647852605923823, -0.1647852605839385, -0.1647852606009943, -0.16478526057910203, -0.1647852605988822, -0.16478526060320986, -0.16478526060740228, -0.16478526060507603, -0.16478526061068088, -0.16478526060342724, -0.16478526062111198, -0.1647852606224106, -0.16478526062278942, -0.16478526062244558, -0.16478526062384113, -0.1647852606320359, -0.1647852606388176, -0.1647852606443726, -0.1647852606433341, -0.16478526064291565, -0.16478526064821086, -0.16478526065024024, -0.1647852606468415, -0.16478526065440813, -0.16478526064973276, -0.16478526065221066, -0.16478526065628396, -0.16478526065249344, -0.16478526066078603, -0.16478526066373922, -0.16478526066108623, -0.16478526066521315, -0.16478526066568255, -0.16478526066774268, -0.1647852606704887, -0.1647852606700606, -0.16478526066696175, -0.16478526067180843, -0.1647852606736543, -0.16478526067336208, -0.16478526067175592, -0.16478526067537225, -0.16478526067600097, -0.16478526067645383, -0.16478526067590593, -0.16478526067564603, -0.16478526067786536, -0.1647852606732858, -0.16478526067700494, -0.16478526068018284, -0.1647852606745025, -0.16478526067816968, -0.16478526068206256, -0.16478526067825716, -0.1647852606821153, -0.16478526068072397, -0.1647852606810296, -0.16478526067966914] 

Smallest VQE eingenvalue optimizer final message:
{   'aux_operators_evaluated': None,
    'cost_function_evals': 578,
    'eigenvalue': -0.16478526067966914,
    'optimal_circuit': <qiskit.circuit.library.n_local.real_amplitudes.RealAmplitudes object at 0x00000233274745F0>,
    'optimal_parameters': {   ParameterVectorElement(θ[5]): 1.570797099144382,
                              ParameterVectorElement(θ[0]): 3.141595216104094,
                              ParameterVectorElement(θ[1]): 3.475510029866085,
                              ParameterVectorElement(θ[2]): 1.570796320206476,
                              ParameterVectorElement(θ[3]): 3.1415903545789714,
                              ParameterVectorElement(θ[4]): -0.20677641992632706},
    'optimal_point': array([ 3.14159522,  3.47551003,  1.57079632,  3.14159035, -0.20677642,
        1.5707971 ]),
    'optimal_value': -0.16478526067966914,
    'optimizer_evals': None,
    'optimizer_result': <qiskit_algorithms.optimizers.optimizer.OptimizerResult object at 0x000002337BD6BFB0>,
    'optimizer_time': 1.4676854610443115}
     ┌──────────┐ ░            ░ ┌──────────┐
q_0: ┤ Ry(θ[0]) ├─░────────■───░─┤ Ry(θ[3]) ├
     ├──────────┤ ░      ┌─┴─┐ ░ ├──────────┤
q_1: ┤ Ry(θ[1]) ├─░───■──┤ X ├─░─┤ Ry(θ[4]) ├
     ├──────────┤ ░ ┌─┴─┐└───┘ ░ ├──────────┤
q_2: ┤ Ry(θ[2]) ├─░─┤ X ├──────░─┤ Ry(θ[5]) ├
     └──────────┘ ░ └───┘      ░ └──────────┘
The number of ansatz parameters is: 
 6
Line for latex table
RA r1 rl & $1\mathrm{e}{-06}$ & 97/100 &1257 & $-1.6479\mathrm{e}{-01}$ & $5.3531\mathrm{e}{-12}$ & $-1.6479\mathrm{e}{-01}$ & $5.0058\mathrm{e}{-11}$ & - & 00h 06m 32s\\

