0.9506335329474014
0.9065598714744015
0.9065598714745834
0.9506335329473484
0.906559871474395
0.9506335329474608
0.9065598714744599
0.90655987147441
0.9065598714743899
0.9065598714744116
0.9506335329473887
0.9065598714743864
0.9065598714745019
0.9506335329473619
0.9506335329474346
0.9506335329473753
0.9506335329473868
0.9506335329473643
0.9506335329473687
0.906559871474434
0.950633532947371
0.9065598714744479
0.9506335329474006
0.9506335329473676
0.906559871474404
0.9506335329473764
0.9065598714745068
0.9065598714744381
0.9065598714743884
0.9065598714743923
0.90655987147446
0.9065598714744073
0.950633532947372
0.9506335329473723
0.9065598714744011
0.9065598714744116
0.9065598714745184
0.9506335329473706
0.9506335329473615
0.9065598714743885
0.9065598714743937
0.9506335329473556
0.950633532950548
0.9506335329473755
0.9506335329473914
0.9506335329475133
0.9506335329475109
0.9065598714743884
0.9506335329473993
0.9506335329473904
0.9506335329473737
0.9506335329473719
0.9065598714743862
0.9506335329473605
0.9065598714745706
0.9065598714743845
0.9506335329474116
0.9065598714743968
0.9065598714744036
0.9065598714743914
0.9506335329473738
0.9506335329473645
0.9506335329474005
0.9065598714744024
0.9065598714743845
0.9065598714743826
0.9065598714743978
0.9065598714746551
0.9506335329474114
0.95063353294768
0.9065598714743907
0.9065598714743909
0.9065598714745102
0.9506335329473742
0.9065598714744805
0.9506335329473695
0.9065598714743957
0.906559871474394
0.9065598714744001
0.9065598714744095
0.9506335329473724
0.9065598714743851
0.9506335329473797
0.9065598714744114
0.9506335329474
0.9506335329473923
0.9065598714744619
0.9506335329473958
0.9506335329477602
0.9506335329474132
0.9506335329473926
0.9065598714743943
0.9065598714746266
0.9506335329474134
0.9065598714746496
0.950633532947384
0.9065598714743898
0.9065598714743848
0.9065598714746059
