No Shot Noise
31/10/2024 19:08:40 

VQEr_100_COBYLA_maxIter_10000_tol_1e-08_RA_r1_rl 

Reference value: 9.0655987147e-01 

Qubits:  3
VQE runs:  100
Optimizer:  COBYLA
Max iterations:  10000
Optimizers's tolerance:  1e-08
Ansatz:  RA_r1_rl 

Only 99 runs out of 100 converged
Number of iterations for each converged VQE run:
[1263, 836, 1588, 529, 588, 1734, 1172, 1079, 521, 717, 866, 316, 1897, 1234, 937, 668, 690, 809, 884, 1101, 975, 861, 794, 852, 400, 1041, 1026, 1152, 362, 351, 1075, 437, 618, 730, 426, 310, 1491, 639, 561, 422, 639, 793, 9066, 572, 528, 1329, 769, 425, 769, 878, 826, 527, 407, 688, 1567, 407, 1342, 486, 721, 372, 630, 476, 924, 416, 385, 332, 403, 2700, 732, 1512, 339, 416, 1651, 977, 1136, 546, 453, 463, 310, 311, 860, 362, 981, 635, 542, 996, 1731, 903, 3188, 1007, 833, 390, 2851, 1277, 1023, 1064, 368, 440, 2953] 

Average iterations of converged run:
955 

VQE eigenvalues:
[0.9506335329474014, 0.9065598714744015, 0.9065598714745834, 0.9506335329473484, 0.906559871474395, 0.9506335329474608, 0.9065598714744599, 0.90655987147441, 0.9065598714743899, 0.9065598714744116, 0.9506335329473887, 0.9065598714743864, 0.9065598714745019, 0.9506335329473619, 0.9506335329474346, 0.9506335329473753, 0.9506335329473868, 0.9506335329473643, 0.9506335329473687, 0.906559871474434, 0.950633532947371, 0.9065598714744479, 0.9506335329474006, 0.9506335329473676, 0.906559871474404, 0.9506335329473764, 0.9065598714745068, 0.9065598714744381, 0.9065598714743884, 0.9065598714743923, 0.90655987147446, 0.9065598714744073, 0.950633532947372, 0.9506335329473723, 0.9065598714744011, 0.9065598714744116, 0.9065598714745184, 0.9506335329473706, 0.9506335329473615, 0.9065598714743885, 0.9065598714743937, 0.9506335329473556, 0.950633532950548, 0.9506335329473755, 0.9506335329473914, 0.9506335329475133, 0.9506335329475109, 0.9065598714743884, 0.9506335329473993, 0.9506335329473904, 0.9506335329473737, 0.9506335329473719, 0.9065598714743862, 0.9506335329473605, 0.9065598714745706, 0.9065598714743845, 0.9506335329474116, 0.9065598714743968, 0.9065598714744036, 0.9065598714743914, 0.9506335329473738, 0.9506335329473645, 0.9506335329474005, 0.9065598714744024, 0.9065598714743845, 0.9065598714743826, 0.9065598714743978, 0.9065598714746551, 0.9506335329474114, 0.95063353294768, 0.9065598714743907, 0.9065598714743909, 0.9065598714745102, 0.9506335329473742, 0.9065598714744805, 0.9506335329473695, 0.9065598714743957, 0.906559871474394, 0.9065598714744001, 0.9065598714744095, 0.9506335329473724, 0.9065598714743851, 0.9506335329473797, 0.9065598714744114, 0.9506335329474, 0.9506335329473923, 0.9065598714744619, 0.9506335329473958, 0.9506335329477602, 0.9506335329474132, 0.9506335329473926, 0.9065598714743943, 0.9065598714746266, 0.9506335329474134, 0.9065598714746496, 0.950633532947384, 0.9065598714743898, 0.9065598714743848, 0.9065598714746059] 

Median VQE eigenvalues:
0.9065598714746266 

Min eigenvalue after 100 VQE steps on Aer qasm simulator: 9.06560e-01
Delta from reference energy value is 2.22045e-15 

Optimizer history of the smallest VQE eigenvalue:
[3.3065714891814193, 8.310849488889282, 2.6650919528559003, 3.1720905715166197, 7.1624702915844995, 6.183843705579201, 2.8965920619019325, 3.7952184679764196, 2.1787579981694942, 2.167648475597418, 2.664200798024967, 1.5009491830121247, 1.4148074755073328, 1.3312895606841433, 1.17126755688601, 1.1658725784449626, 1.1517226471412245, 1.1520799072959798, 1.1983751332910422, 1.169078180529612, 1.1827340019693535, 1.1716717682671227, 1.171581639108034, 1.1260369072296594, 1.094753493442893, 1.070187603574259, 1.0531014158034175, 1.0413362194467932, 1.0454983586911117, 1.0386611309513154, 1.0659592385515773, 1.0279326668375777, 1.006681321835897, 1.020402360980181, 0.9957548614548106, 0.9971145287142087, 0.9944424779477862, 0.9922110285515617, 0.9919175062493133, 0.9834208006059395, 0.9736308571841727, 0.9643621707580704, 0.9580565552493279, 0.9535547049057574, 0.9475370785663634, 0.9469416915217613, 0.9465183642288206, 0.9432472334002573, 0.9416600113907968, 0.9350762338303457, 0.9299148339825328, 0.925101454462837, 0.921296535962331, 0.9180196041180184, 0.9150146446244829, 0.9132068668906701, 0.9109587243450841, 0.9134879589553291, 0.9108852547593926, 0.9110049580414781, 0.9108661477560679, 0.9111265062369498, 0.9111187755132889, 0.911207167775872, 0.9109352685226757, 0.9113849629582934, 0.9105321610903813, 0.9109434015169741, 0.9100137175533356, 0.9094226259091854, 0.91024659717478, 0.9093798531803968, 0.9088939101866117, 0.9091304887087759, 0.9084373040824035, 0.9088244957978298, 0.9079474402877799, 0.9080880085256449, 0.9080733065881822, 0.9084591320110404, 0.9079082665276956, 0.9081250600573904, 0.9076100528132871, 0.9073763022222606, 0.9072843187156945, 0.9072350138900587, 0.9072658740181592, 0.9070556979334704, 0.9069174233990964, 0.9069576513602953, 0.9069291347681883, 0.9069031387921052, 0.9068828767583429, 0.9069722577019246, 0.9068161640519735, 0.9067991497098314, 0.9067864859640855, 0.9067220716469405, 0.9066969806596606, 0.9067181044530711, 0.9066642855334905, 0.906621447974955, 0.906601700241531, 0.9066049505388873, 0.9066086723197817, 0.9066126152067681, 0.9065969729392173, 0.9065930120113415, 0.9066003061050978, 0.9066120768325743, 0.906593075278098, 0.9065781670650471, 0.9065729500836464, 0.9065700889730925, 0.9065683383548082, 0.9065730195147552, 0.9065655969472934, 0.9065662495586571, 0.9065649625199477, 0.9065670460427406, 0.9065664517481128, 0.9065648363685178, 0.9065670021929687, 0.9065629073535053, 0.9065620719298831, 0.9065632112851609, 0.906561872273214, 0.9065606324685462, 0.9065614857914828, 0.906560676464619, 0.9065621864037354, 0.9065602134233122, 0.9065609036916132, 0.9065601418338038, 0.9065602548293181, 0.9065601621583836, 0.9065605078207829, 0.9065602691996021, 0.9065601475795648, 0.9065602254372279, 0.9065601191202888, 0.9065600927493649, 0.9065601899413818, 0.9065601075741021, 0.906560027823085, 0.9065599822722487, 0.9065599614018256, 0.9065599438009749, 0.9065599481791949, 0.9065599587157086, 0.9065599452343116, 0.906559932102802, 0.9065599098580415, 0.90655990155659, 0.9065599225647603, 0.9065599145146308, 0.9065598849914296, 0.906559925820739, 0.9065598845590874, 0.9065598898359184, 0.9065598951655874, 0.9065598857156446, 0.9065598835277164, 0.9065598998707265, 0.9065598866124974, 0.9065598809789708, 0.9065598811956349, 0.9065598809447628, 0.9065598830851034, 0.9065598816459769, 0.9065598786318892, 0.9065598819731773, 0.9065598788936883, 0.906559877446022, 0.9065598773513353, 0.90655987751179, 0.9065598769673003, 0.906559877043553, 0.9065598774732664, 0.9065598755992876, 0.9065598745869395, 0.906559874710215, 0.9065598745583268, 0.9065598742094884, 0.9065598739058366, 0.906559873894345, 0.906559873843948, 0.9065598742309862, 0.9065598744826859, 0.9065598733727717, 0.9065598734863135, 0.9065598734644189, 0.9065598733059286, 0.9065598736678724, 0.9065598734142635, 0.9065598729702476, 0.906559872722738, 0.9065598726115657, 0.9065598724318662, 0.9065598722707027, 0.9065598721527338, 0.9065598720065627, 0.9065598720247959, 0.9065598719856702, 0.9065598719040647, 0.9065598719158329, 0.9065598719085413, 0.906559871968581, 0.9065598719404879, 0.9065598719489328, 0.9065598718486072, 0.9065598718317904, 0.9065598718677812, 0.9065598717798047, 0.9065598717330667, 0.9065598716959399, 0.9065598716694641, 0.9065598716365314, 0.9065598715958433, 0.9065598715846654, 0.9065598715738612, 0.9065598715473233, 0.9065598715590852, 0.9065598715411634, 0.9065598715264129, 0.9065598715286646, 0.9065598715247598, 0.9065598715139253, 0.9065598715319556, 0.9065598715088206, 0.9065598715160781, 0.9065598715185149, 0.9065598715025338, 0.9065598714893619, 0.9065598714839116, 0.9065598714794203, 0.9065598714830231, 0.9065598714803704, 0.9065598714815182, 0.9065598714794019, 0.9065598714886807, 0.9065598714792746, 0.9065598714808397, 0.9065598714793371, 0.9065598714796469, 0.906559871478093, 0.9065598714769352, 0.9065598714758739, 0.906559871475794, 0.9065598714763465, 0.9065598714759032, 0.9065598714764652, 0.9065598714764262, 0.906559871476501, 0.9065598714763106, 0.906559871475637, 0.9065598714757508, 0.9065598714753642, 0.9065598714752657, 0.9065598714750492, 0.9065598714751429, 0.9065598714750683, 0.9065598714749856, 0.9065598714749762, 0.9065598714748118, 0.906559871474879, 0.9065598714748567, 0.9065598714747446, 0.9065598714747423, 0.9065598714747365, 0.9065598714747402, 0.9065598714747556, 0.9065598714747068, 0.9065598714747793, 0.9065598714746945, 0.9065598714746216, 0.9065598714745818, 0.9065598714745385, 0.9065598714745485, 0.9065598714745329, 0.9065598714745403, 0.9065598714745542, 0.9065598714744963, 0.906559871474495, 0.9065598714745101, 0.9065598714745069, 0.9065598714744707, 0.9065598714744781, 0.9065598714744703, 0.9065598714745304, 0.9065598714744421, 0.9065598714744657, 0.9065598714744311, 0.9065598714744401, 0.9065598714744328, 0.9065598714744294, 0.9065598714744263, 0.9065598714744234, 0.9065598714744145, 0.9065598714744152, 0.9065598714744134, 0.9065598714744045, 0.906559871474399, 0.9065598714743969, 0.9065598714743953, 0.9065598714743993, 0.9065598714743889, 0.9065598714743882, 0.9065598714743879, 0.9065598714743857, 0.9065598714743833, 0.9065598714743943, 0.9065598714743847, 0.906559871474387, 0.906559871474385, 0.9065598714743814, 0.9065598714743823, 0.9065598714743851, 0.9065598714743822, 0.9065598714743841, 0.906559871474384, 0.9065598714743826, 0.9065598714743806, 0.906559871474382, 0.9065598714743828, 0.9065598714743832, 0.9065598714743824, 0.9065598714743816, 0.9065598714743826, 0.9065598714743818, 0.9065598714743813, 0.9065598714743826] 

Smallest VQE eingenvalue optimizer final message:
{   'aux_operators_evaluated': None,
    'cost_function_evals': 332,
    'eigenvalue': 0.9065598714743826,
    'optimal_circuit': <qiskit.circuit.library.n_local.real_amplitudes.RealAmplitudes object at 0x0000027275D2B8C0>,
    'optimal_parameters': {   ParameterVectorElement(θ[0]): 0.052924059665337204,
                              ParameterVectorElement(θ[1]): -1.266503047037665e-08,
                              ParameterVectorElement(θ[2]): -2.854380936669855,
                              ParameterVectorElement(θ[3]): -0.34181436009470945,
                              ParameterVectorElement(θ[4]): -0.39328984806578077,
                              ParameterVectorElement(θ[5]): -0.2872116886986338},
    'optimal_point': array([ 5.29240597e-02, -1.26650305e-08, -2.85438094e+00, -3.41814360e-01,
       -3.93289848e-01, -2.87211689e-01]),
    'optimal_value': 0.9065598714743826,
    'optimizer_evals': None,
    'optimizer_result': <qiskit_algorithms.optimizers.optimizer.OptimizerResult object at 0x000002720014BE00>,
    'optimizer_time': 0.8125007152557373}
     ┌──────────┐ ░            ░ ┌──────────┐
q_0: ┤ Ry(θ[0]) ├─░────────■───░─┤ Ry(θ[3]) ├
     ├──────────┤ ░      ┌─┴─┐ ░ ├──────────┤
q_1: ┤ Ry(θ[1]) ├─░───■──┤ X ├─░─┤ Ry(θ[4]) ├
     ├──────────┤ ░ ┌─┴─┐└───┘ ░ ├──────────┤
q_2: ┤ Ry(θ[2]) ├─░─┤ X ├──────░─┤ Ry(θ[5]) ├
     └──────────┘ ░ └───┘      ░ └──────────┘
The number of ansatz parameters is: 
 6
Line for latex table
RA r1 rl & $1\mathrm{e}{-08}$ & 99/100 &955 & $9.0656\mathrm{e}{-01}$ & $2.2204\mathrm{e}{-15}$ & $9.0656\mathrm{e}{-01}$ & $2.4625\mathrm{e}{-13}$ & - & 00h 04m 29s\\

