RA_r1_rl
07m36s__62
1e-01
0.01969999999999983
0.021400000000000308
0.023900000000000254
0.022499999999999964
0.006599999999999717
0.012799999999999478
0.017599999999999838
0.009700000000000042
0.02330000000000032
0.07650000000000068
0.014599999999999724
0.009699999999999598
0.008299999999999752
0.01610000000000067
0.01089999999999991
0.02079999999999993
0.0129999999999999
0.005199999999999871
0.03949999999999987
0.014600000000000612
0.006800000000000139
0.012599999999999945
0.05710000000000015
0.05659999999999954
0.06660000000000021
0.020099999999999785
0.04359999999999964
0.040300000000000225
0.00550000000000006
0.010800000000000143
0.035499999999999865
0.03869999999999996
0.01770000000000005
0.01030000000000042
0.04489999999999972
0.017599999999999394
0.02859999999999996
0.015499999999999403
0.00930000000000053
0.01750000000000007
0.005300000000000082
0.014200000000000212
0.02289999999999992
0.015000000000000124
0.11059999999999981
0.012600000000000389
0.0686
0.006899999999999906
0.0248999999999997
0.11240000000000006
0.07499999999999973
0.006800000000000139
0.05339999999999989
0.05769999999999964
0.012199999999999989
0.017599999999999838
0.012099999999999778
0.028200000000000003
0.02579999999999938
0.02519999999999989
0.02010000000000023
0.02939999999999987
0.044099999999999806
0.00949999999999962
0.04380000000000006
0.020799999999999486
0.031200000000000117
0.016699999999999715
0.0230999999999999
0.02400000000000002
0.00140000000000029
0.036900000000000155
0.008199999999999541
0.03710000000000013
1.4819999999999998
0.02760000000000007
0.006600000000000605
1.0037999999999996
0.042800000000000615
0.022400000000000198
0.10490000000000022
0.006199999999999317
0.08340000000000014
0.06160000000000032
0.026699999999999946
0.010299999999999976
0.01529999999999987
0.059100000000000374
0.008399999999999963
0.023600000000000065
0.016499999999999737
0.03379999999999983
0.010200000000000209
0.028699999999999726
0.00609999999999955
0.009999999999999343
0.012699999999999712
0.015300000000000313
0.0036000000000000476
0.004100000000000215
