0.01969999999999983 0.002028283264240963
0.021400000000000308 0.0022313170998314023
0.023900000000000254 0.0026436366996998666
0.022499999999999964 0.002109988862529854
0.006599999999999717 0.0013917672219160748
0.012799999999999478 0.0017240672840698505
0.017599999999999838 0.002103567446030673
0.009700000000000042 0.0013443596988901546
0.02330000000000032 0.002317163999375103
0.07650000000000068 0.004465098543145492
0.014599999999999724 0.0020339960668595155
0.009699999999999598 0.0010604334019635366
0.008299999999999752 0.001444600636854345
0.01610000000000067 0.002014485790468624
0.01089999999999991 0.0016323360560864886
0.02079999999999993 0.001925668715018246
0.0129999999999999 0.001659663821380704
0.005199999999999871 0.0009481793079370481
0.03949999999999987 0.002265565933712812
0.014600000000000612 0.0014999039969278084
0.006800000000000139 0.0013395073721334991
0.012599999999999945 0.0015283900025844128
0.05710000000000015 0.003949877086695233
0.05659999999999954 0.0028976535334646163
0.06660000000000021 0.003445693544121413
0.020099999999999785 0.0020328519375498104
0.04359999999999964 0.003265141957097733
0.040300000000000225 0.002744264382307211
0.00550000000000006 0.0007662760599157415
0.010800000000000143 0.0014752708225949647
0.035499999999999865 0.0025776126551520493
0.03869999999999996 0.0029197720801459872
0.01770000000000005 0.0015849772869035064
0.01030000000000042 0.0014094314456545888
0.04489999999999972 0.0024983984870312476
0.017599999999999394 0.002182153981734559
0.02859999999999996 0.002598445689253478
0.015499999999999403 0.001987881032657637
0.00930000000000053 0.0014648607442347558
0.01750000000000007 0.0022775770019913683
0.005300000000000082 0.0008992524673304905
0.014200000000000212 0.0016952297779357283
0.02289999999999992 0.0016530568653255735
0.015000000000000124 0.0018144486765957262
0.11059999999999981 0.004890985994664063
0.012600000000000389 0.002026404697981128
0.0686 0.004141384792554294
0.006899999999999906 0.001381053583319642
0.0248999999999997 0.002194055377605586
0.11240000000000006 0.004861547901646143
0.07499999999999973 0.0032282980035926085
0.006800000000000139 0.0012074584878992744
0.05339999999999989 0.003815344807484635
0.05769999999999964 0.003364170477249926
0.012199999999999989 0.0017527795069545908
0.017599999999999838 0.0016201629547672079
0.012099999999999778 0.0018006029545682713
0.028200000000000003 0.0021972200618053687
0.02579999999999938 0.002167419664024477
0.02519999999999989 0.002604428536166815
0.02010000000000023 0.0022104562877379
0.02939999999999987 0.002381701072762913
0.044099999999999806 0.003338983228469412
0.00949999999999962 0.001589178718709773
0.04380000000000006 0.0030706370674503346
0.020799999999999486 0.0022847424362496473
0.031200000000000117 0.002709604399169738
0.016699999999999715 0.0019070812777645257
0.0230999999999999 0.0022150072234645188
0.02400000000000002 0.002419525573330443
0.00140000000000029 0.0005655793489864964
0.036900000000000155 0.0029925044695037644
0.008199999999999541 0.001377330751853022
0.03710000000000013 0.0025429138797843716
1.4819999999999998 0.010196598452425201
0.02760000000000007 0.002208011775330918
0.006600000000000605 0.0013701167833436636
1.0037999999999996 0.0010856702998608733
0.042800000000000615 0.0029569470742642654
0.022400000000000198 0.0023906693623334907
0.10490000000000022 0.004658484839515957
0.006199999999999317 0.001103842380052511
0.08340000000000014 0.0038931524501360074
0.06160000000000032 0.0027693493820751445
0.026699999999999946 0.0017244248316467764
0.010299999999999976 0.0014846464225532023
0.01529999999999987 0.0015756538325406354
0.059100000000000374 0.003422643276767242
0.008399999999999963 0.0014059871976657534
0.023600000000000065 0.002585544430095916
0.016499999999999737 0.002014461466496695
0.03379999999999983 0.002158797813599038
0.010200000000000209 0.0016595963364625706
0.028699999999999726 0.002649987735820677
0.00609999999999955 0.0011352431457621814
0.009999999999999343 0.0013843670033629007
0.012699999999999712 0.0017615007805845504
0.015300000000000313 0.0018585803722196118
0.0036000000000000476 0.0009692079240286817
0.004100000000000215 0.0008996927253234924
