RA_r1_rl
13m57s__144
1e-06
0.026100000000000012
0.011600000000000499
0.011600000000000055
0.019099999999999895
0.0054000000000002935
0.005799999999999805
0.0027999999999996916
0.0032999999999998586
0.6591
0.027500000000000746
0.023900000000000254
0.0030999999999998806
0.006299999999999972
0.0051000000000001044
0.0006999999999997009
0.002200000000000202
0.008399999999999963
0.0015999999999998238
0.007500000000000284
0.02020000000000044
0.011800000000000033
0.0009999999999998899
0.008800000000000363
0.8291
0.0008999999999992347
0.0407999999999995
0.01429999999999998
0.012599999999999945
0.011000000000000565
0.0038000000000000256
0.028200000000000003
0.0038999999999997925
0.005599999999999827
0.006800000000000139
0.0019000000000004569
0.017600000000000282
0.02670000000000039
0.009099999999999664
0.02320000000000011
0.01589999999999936
0.0046000000000003816
0.0036000000000000476
0.0047999999999999154
0.00749999999999984
0.025100000000000122
0.0026999999999994806
0.008399999999999519
0.007500000000000284
0.0028000000000001357
0.020700000000000163
0.0024999999999995026
0.0015999999999998238
0.006699999999999928
0.00039999999999951186
0.005599999999999827
0.012900000000000578
0.006000000000000227
0.00890000000000013
0.02540000000000031
0.0235000000000003
0.0006999999999997009
0.04419999999999957
0.00039999999999995595
0.006400000000000183
0.02980000000000027
0.006599999999999717
0.0054000000000002935
0.03399999999999981
0.008500000000000174
0.007699999999999374
0.0134000000000003
0.0036999999999998145
0.007500000000000284
0.011600000000000055
0.008799999999999919
0.012099999999999778
0.008400000000000851
0.005599999999999827
0.015099999999999891
0.0049000000000001265
0.0055000000000005045
0.01030000000000042
0.005299999999999638
0.001200000000000312
0.006099999999999994
0.020700000000000607
0.0039000000000002366
0.004299999999999304
0.000900000000000567
0.0034000000000000696
0.019400000000000084
0.06590000000000096
0.027100000000000346
0.011399999999999633
0.004400000000000404
0.011400000000000077
0.0025999999999997137
0.015200000000000102
0.033500000000000085
0.014899999999999913
