0.026100000000000012 0.002728541918314612
0.011600000000000499 0.0018136471542171523
0.011600000000000055 0.0011968525389537416
0.019099999999999895 0.002280876366662602
0.0054000000000002935 0.0009894948206029214
0.005799999999999805 0.0011119838128318248
0.0027999999999996916 0.0008239708732716245
0.0032999999999998586 0.0006397741789100306
0.6591 0.011351395112496084
0.027500000000000746 0.002365339933286552
0.023900000000000254 0.002178364294602712
0.0030999999999998806 0.0007548145467596728
0.006299999999999972 0.0012664900315438635
0.0051000000000001044 0.0010038520807369984
0.0006999999999997009 0.0004358520391141857
0.002200000000000202 0.0005998833219885307
0.008399999999999963 0.0012230421088417181
0.0015999999999998238 0.0005998933238501404
0.007500000000000284 0.0013737339625997454
0.02020000000000044 0.0022184634321980646
0.011800000000000033 0.001683453593063967
0.0009999999999998899 0.00042423578349779086
0.008800000000000363 0.0013763516992397029
0.8291 0.010830553494628057
0.0008999999999992347 0.0005195623158004906
0.0407999999999995 0.0028855460488441376
0.01429999999999998 0.0017813082271184797
0.012599999999999945 0.0017700067796480332
0.011000000000000565 0.0013181744952774736
0.0038000000000000256 0.0008121576201698879
0.028200000000000003 0.002374470046136616
0.0038999999999997925 0.0007137667686296386
0.005599999999999827 0.0012776478388037888
0.006800000000000139 0.0010285912696498967
0.0019000000000004569 0.0006707167807651844
0.017600000000000282 0.0018892517037176373
0.02670000000000039 0.0026330113938226713
0.009099999999999664 0.0012521785016522274
0.02320000000000011 0.0024832696188694446
0.01589999999999936 0.001497402751433286
0.0046000000000003816 0.001009021308000972
0.0036000000000000476 0.0009686444136007668
0.0047999999999999154 0.0008360023923410577
0.00749999999999984 0.001365576435063224
0.025100000000000122 0.0021639859056842383
0.0026999999999994806 0.0007935370186702027
0.008399999999999519 0.0014677452094965207
0.007500000000000284 0.0013052720023044998
0.0028000000000001357 0.0006321835176592325
0.020700000000000163 0.002133965088749105
0.0024999999999995026 0.0006705796000475787
0.0015999999999998238 0.0004897305381533825
0.006699999999999928 0.0011604020854858838
0.00039999999999951186 0.00019998999974998175
0.005599999999999827 0.001028635990037277
0.012900000000000578 0.0018930887459387702
0.006000000000000227 0.0012240702594214082
0.00890000000000013 0.001388239532645569
0.02540000000000031 0.0021507115101751847
0.0235000000000003 0.0025095834315678783
0.0006999999999997009 0.0004358520391141857
0.04419999999999957 0.0032062663644806533
0.00039999999999995595 0.0003463928405726554
0.006400000000000183 0.0009584299661425323
0.02980000000000027 0.0022902305560794562
0.006599999999999717 0.0013770083514634233
0.0054000000000002935 0.0012072663334989446
0.03399999999999981 0.0021435223348498177
0.008500000000000174 0.0011782822242569842
0.007699999999999374 0.00120294097943331
0.0134000000000003 0.0012918498364748081
0.0036999999999998145 0.0008883180736650467
0.007500000000000284 0.0011523120237157966
0.011600000000000055 0.0016395243212590613
0.008799999999999919 0.001432543193066097
0.012099999999999778 0.0014162220871035646
0.008400000000000851 0.0015193419628246987
0.005599999999999827 0.000979232352406711
0.015099999999999891 0.0017743142337252433
0.0049000000000001265 0.001081177598732041
0.0055000000000005045 0.0011599978448255802
0.01030000000000042 0.0017383178650638065
0.005299999999999638 0.0010987925190862867
0.001200000000000312 0.0005098391903335764
0.006099999999999994 0.0009946059521237511
0.020700000000000607 0.0023670642154365027
0.0039000000000002366 0.0008995860158984291
0.004299999999999304 0.000973953284300625
0.000900000000000567 0.000499820967947527
0.0034000000000000696 0.0010095484138960466
0.019400000000000084 0.0020062492367599735
0.06590000000000096 0.003006985699999255
0.027100000000000346 0.002339575388825927
0.011399999999999633 0.0015281073260736576
0.004400000000000404 0.0010386991864827994
0.011400000000000077 0.0011121564638125318
0.0025999999999997137 0.0005995831885568404
0.015200000000000102 0.0017353189908486542
0.033500000000000085 0.0026287569305662316
0.014899999999999913 0.0019593751555023902
