With Shot Noise
01/11/2024 18:39:36 

VQEr_100_shots_10000_COBYLA_maxIter_10000_tol_1e-06_RA_r1_rl 

Reference value: 0.0000000000e+00 

Number of pauli strings:  8
Qubits:  4
VQE runs:  100
Optimizer:  COBYLA
Max iterations:  10000
Optimizers's tolerance:  1e-06
Ansatz:  RA_r1_rl 

All run converged!!!
Number of iterations for each converged VQE run:
[138, 130, 141, 120, 140, 161, 175, 141, 199, 145, 134, 150, 133, 134, 154, 134, 136, 136, 142, 159, 119, 162, 153, 113, 156, 132, 126, 120, 132, 142, 122, 144, 139, 129, 140, 153, 152, 150, 156, 155, 145, 152, 176, 144, 130, 131, 142, 150, 125, 156, 157, 136, 152, 138, 156, 144, 134, 131, 148, 133, 154, 133, 153, 142, 139, 193, 126, 127, 131, 145, 149, 134, 131, 138, 162, 136, 144, 136, 177, 148, 150, 162, 144, 127, 152, 137, 133, 166, 141, 152, 144, 155, 124, 133, 148, 149, 131, 141, 143, 143] 

Average iterations of converged run:
144 

VQE eigenvalues:
[0.026100000000000012, 0.011600000000000499, 0.011600000000000055, 0.019099999999999895, 0.0054000000000002935, 0.005799999999999805, 0.0027999999999996916, 0.0032999999999998586, 0.6591, 0.027500000000000746, 0.023900000000000254, 0.0030999999999998806, 0.006299999999999972, 0.0051000000000001044, 0.0006999999999997009, 0.002200000000000202, 0.008399999999999963, 0.0015999999999998238, 0.007500000000000284, 0.02020000000000044, 0.011800000000000033, 0.0009999999999998899, 0.008800000000000363, 0.8291, 0.0008999999999992347, 0.0407999999999995, 0.01429999999999998, 0.012599999999999945, 0.011000000000000565, 0.0038000000000000256, 0.028200000000000003, 0.0038999999999997925, 0.005599999999999827, 0.006800000000000139, 0.0019000000000004569, 0.017600000000000282, 0.02670000000000039, 0.009099999999999664, 0.02320000000000011, 0.01589999999999936, 0.0046000000000003816, 0.0036000000000000476, 0.0047999999999999154, 0.00749999999999984, 0.025100000000000122, 0.0026999999999994806, 0.008399999999999519, 0.007500000000000284, 0.0028000000000001357, 0.020700000000000163, 0.0024999999999995026, 0.0015999999999998238, 0.006699999999999928, 0.00039999999999951186, 0.005599999999999827, 0.012900000000000578, 0.006000000000000227, 0.00890000000000013, 0.02540000000000031, 0.0235000000000003, 0.0006999999999997009, 0.04419999999999957, 0.00039999999999995595, 0.006400000000000183, 0.02980000000000027, 0.006599999999999717, 0.0054000000000002935, 0.03399999999999981, 0.008500000000000174, 0.007699999999999374, 0.0134000000000003, 0.0036999999999998145, 0.007500000000000284, 0.011600000000000055, 0.008799999999999919, 0.012099999999999778, 0.008400000000000851, 0.005599999999999827, 0.015099999999999891, 0.0049000000000001265, 0.0055000000000005045, 0.01030000000000042, 0.005299999999999638, 0.001200000000000312, 0.006099999999999994, 0.020700000000000607, 0.0039000000000002366, 0.004299999999999304, 0.000900000000000567, 0.0034000000000000696, 0.019400000000000084, 0.06590000000000096, 0.027100000000000346, 0.011399999999999633, 0.004400000000000404, 0.011400000000000077, 0.0025999999999997137, 0.015200000000000102, 0.033500000000000085, 0.014899999999999913] 

VQE eigenvalues standard deviation:
[0.002728541918314612, 0.0018136471542171523, 0.0011968525389537416, 0.002280876366662602, 0.0009894948206029214, 0.0011119838128318248, 0.0008239708732716245, 0.0006397741789100306, 0.011351395112496084, 0.002365339933286552, 0.002178364294602712, 0.0007548145467596728, 0.0012664900315438635, 0.0010038520807369984, 0.0004358520391141857, 0.0005998833219885307, 0.0012230421088417181, 0.0005998933238501404, 0.0013737339625997454, 0.0022184634321980646, 0.001683453593063967, 0.00042423578349779086, 0.0013763516992397029, 0.010830553494628057, 0.0005195623158004906, 0.0028855460488441376, 0.0017813082271184797, 0.0017700067796480332, 0.0013181744952774736, 0.0008121576201698879, 0.002374470046136616, 0.0007137667686296386, 0.0012776478388037888, 0.0010285912696498967, 0.0006707167807651844, 0.0018892517037176373, 0.0026330113938226713, 0.0012521785016522274, 0.0024832696188694446, 0.001497402751433286, 0.001009021308000972, 0.0009686444136007668, 0.0008360023923410577, 0.001365576435063224, 0.0021639859056842383, 0.0007935370186702027, 0.0014677452094965207, 0.0013052720023044998, 0.0006321835176592325, 0.002133965088749105, 0.0006705796000475787, 0.0004897305381533825, 0.0011604020854858838, 0.00019998999974998175, 0.001028635990037277, 0.0018930887459387702, 0.0012240702594214082, 0.001388239532645569, 0.0021507115101751847, 0.0025095834315678783, 0.0004358520391141857, 0.0032062663644806533, 0.0003463928405726554, 0.0009584299661425323, 0.0022902305560794562, 0.0013770083514634233, 0.0012072663334989446, 0.0021435223348498177, 0.0011782822242569842, 0.00120294097943331, 0.0012918498364748081, 0.0008883180736650467, 0.0011523120237157966, 0.0016395243212590613, 0.001432543193066097, 0.0014162220871035646, 0.0015193419628246987, 0.000979232352406711, 0.0017743142337252433, 0.001081177598732041, 0.0011599978448255802, 0.0017383178650638065, 0.0010987925190862867, 0.0005098391903335764, 0.0009946059521237511, 0.0023670642154365027, 0.0008995860158984291, 0.000973953284300625, 0.000499820967947527, 0.0010095484138960466, 0.0020062492367599735, 0.003006985699999255, 0.002339575388825927, 0.0015281073260736576, 0.0010386991864827994, 0.0011121564638125318, 0.0005995831885568404, 0.0017353189908486542, 0.0026287569305662316, 0.0019593751555023902] 

Median VQE eigenvalues:
0.007599999999999829 

Min eigenvalue after 100 VQE steps on Aer qasm simulator: 4.00000e-04
Delta from reference energy value is 4.00000e-04 

Optimizer history of the smallest VQE eigenvalue:
[5.0834, 4.8429, 4.7821, 3.9355, 3.86, 3.6169000000000002, 3.904, 4.1071, 3.2716, 2.4684, 2.7521, 2.252, 1.1202, 0.7524000000000002, 2.1202, 1.0010999999999997, 1.5128, 1.242, 0.2970999999999999, 1.0435000000000003, 0.5960999999999999, 1.2174999999999998, 0.2168000000000001, 0.6477000000000004, 0.2631999999999999, 0.6934999999999993, 0.30140000000000056, 0.8718999999999997, 0.3588, 0.27170000000000005, 0.5781999999999998, 0.27669999999999995, 0.30600000000000005, 0.17120000000000068, 0.17649999999999988, 0.21760000000000002, 0.14010000000000034, 0.11240000000000006, 0.1355000000000004, 0.1378999999999997, 0.14449999999999985, 0.16089999999999982, 0.1227999999999998, 0.1665000000000001, 0.055600000000000094, 0.04330000000000034, 0.038000000000000256, 0.02619999999999978, 0.022099999999999564, 0.019800000000000484, 0.01869999999999994, 0.03530000000000033, 0.016999999999999904, 0.019500000000000295, 0.0030999999999994365, 0.008699999999999708, 0.03039999999999976, 0.0004999999999992788, 0.002000000000000224, 0.0024999999999995026, 0.0017999999999998018, 0.00690000000000035, 0.0034000000000005137, 0.002200000000000202, 0.0028000000000001357, 0.0019999999999997797, 0.0015000000000000568, 0.00020000000000042206, 0.0007999999999999119, 0.001100000000000101, 0.001100000000000101, 0.001300000000000523, 0.0009000000000001229, 0.0019999999999997797, 0.00039999999999995595, 0.00020000000000042206, 0.0009999999999998899, 0.0010999999999996568, 0.00039999999999951186, 0.0005999999999999339, 0.0, 0.000500000000000167, 0.00039999999999995595, 0.0005999999999999339, 0.0008999999999996788, 0.0010999999999996568, 0.0006999999999997009, 0.0005999999999999339, 0.0009000000000001229, 0.00020000000000042206, 0.001100000000000101, 0.001300000000000523, 0.0009000000000001229, 0.0002999999999993008, 0.0, 0.0002999999999993008, 0.000900000000000567, 0.0007999999999999119, 0.0003000000000006331, 0.0019000000000000128, 0.0007999999999999119, 0.0011999999999998678, 0.0005999999999999339, 0.00019999999999997797, 0.000700000000000145, 0.0015000000000000568, 0.00039999999999995595, 0.00019999999999997797, 0.00010000000000021103, 0.00039999999999995595, 0.001100000000000101, 0.0002999999999993008, 0.0002999999999993008, 0.000700000000000145, 0.0011999999999998678, 0.0013000000000000789, 0.0017000000000000348, 0.0009999999999998899, 0.0006999999999997009, 0.0003000000000006331, 0.0013999999999998458, 0.001400000000000734, 0.0013999999999998458, 0.0006999999999997009, 0.0011999999999998678, 0.0010999999999996568, 0.0011999999999998678, 0.001000000000000334, 0.0004999999999992788, 0.001300000000000523, 0.0007999999999999119, 0.001300000000000523, 0.0006999999999997009, 0.001100000000000101, 0.0009000000000001229, 0.001200000000000312, 0.0006999999999997009, 0.00039999999999951186] 

Optimizer history of the smallest VQE eigenvalue standard deviation:
[0.013349996704119444, 0.014233881304830385, 0.017393720389841848, 0.019057906417022832, 0.018244828089077736, 0.018085779303087825, 0.01774099433515495, 0.016730976211805453, 0.01844181975836441, 0.014356248674357797, 0.01621715600837582, 0.015472168561646423, 0.01379412933098715, 0.012500322715834181, 0.01801835575184373, 0.013618773329488968, 0.015971407702516392, 0.015264008647796291, 0.008150170857104778, 0.01322031690240442, 0.010876160673693635, 0.014683754254277072, 0.0062106505295339235, 0.012042800629421712, 0.007571913100399395, 0.009441607331381665, 0.008807145735140302, 0.009436089815172384, 0.009278565406354584, 0.007091920261819079, 0.011076950302316972, 0.006435911201997741, 0.007516513021341745, 0.00480232443718664, 0.005986487534439539, 0.005088118316234401, 0.004742115667083628, 0.0047711956572750154, 0.005215483966038051, 0.005082369230978793, 0.005407455871294742, 0.005867719744500413, 0.005548806358127843, 0.005927725111710224, 0.0032181311346805015, 0.0028103069227399385, 0.002671976047796832, 0.0023405307090486947, 0.002077207019052261, 0.0019969426631728875, 0.0019333067526908472, 0.002962032916765108, 0.0017754447330176123, 0.0017838550950119295, 0.0006853590299981443, 0.0010714742180752553, 0.0027310584028907214, 0.0003316217725059628, 0.0007069710036486735, 0.0006998635581311601, 0.000663183232598629, 0.001344464577443385, 0.0008479882074651683, 0.0005475910883131591, 0.0007069653456853515, 0.0005655015473011516, 0.0005383502577318931, 0.00019998999974998175, 0.00034636974463713767, 0.0004122390083434691, 0.00047945489881739137, 0.00045816263487979644, 0.000331624787975806, 0.0004688965770828303, 0.0002828144267889962, 0.00019998999974998175, 0.0003999749992186854, 0.0004795299782078209, 0.00019998999974998175, 0.00031619614165891656, 0.0, 0.000264558122158429, 0.0002828144267889962, 0.00031619614165891656, 0.0003605121357180555, 0.00041224385986937624, 0.0003316217725059628, 0.0003463581960918577, 0.000331624787975806, 0.00019998999974998175, 0.00036050936187566654, 0.0004122293051203351, 0.000331624787975806, 0.0001731964202863277, 0.0, 0.0001731964202863277, 0.0002999549966245008, 0.00039991999199840583, 0.00022359561713056257, 0.0005383428275736619, 0.00031618981640780093, 0.0004689306985045812, 0.0003463581960918577, 0.00014140721339449809, 0.00026455056227494737, 0.00045814953890624096, 0.0002828144267889962, 0.000244924478156005, 9.999499987499086e-05, 0.00031618981640780093, 0.00045814735620758166, 0.0001731964202863277, 0.0001731964202863277, 0.0003872324883064498, 0.0003999399954993136, 0.00043580614956652237, 0.0004794757553828956, 0.0003999349947178969, 0.0003316217725059628, 0.00022359561713056257, 0.0004689264334626451, 0.0004689434933976609, 0.0004689264334626451, 0.0003316217725059628, 0.0004241792074112057, 0.00041224385986937624, 0.0004241792074112057, 0.0004471733444649752, 0.00022359114472625117, 0.00045815826959687473, 0.00034636974463713767, 0.0004122293051203351, 0.0003316217725059628, 0.00038724023551277997, 0.00036050658801192324, 0.00037410693658364877, 0.0003316217725059628, 0.00019998999974998175] 

Smallest VQE eingenvalue optimizer final message:
{   'aux_operators_evaluated': None,
    'cost_function_evals': 138,
    'eigenvalue': 0.00039999999999951186,
    'optimal_circuit': <qiskit.circuit.library.n_local.real_amplitudes.RealAmplitudes object at 0x00000290D6576930>,
    'optimal_parameters': {   ParameterVectorElement(θ[0]): -0.02053384423534479,
                              ParameterVectorElement(θ[1]): 3.146605118415977,
                              ParameterVectorElement(θ[2]): 3.142618653813004,
                              ParameterVectorElement(θ[3]): 1.0540519167784517,
                              ParameterVectorElement(θ[4]): 0.010238323689040835,
                              ParameterVectorElement(θ[5]): -3.1688384634759843,
                              ParameterVectorElement(θ[6]): 0.0038374345604467843,
                              ParameterVectorElement(θ[7]): 1.0395043255498972},
    'optimal_point': array([-0.02053384,  3.14660512,  3.14261865,  1.05405192,  0.01023832,
       -3.16883846,  0.00383743,  1.03950433]),
    'optimal_value': 0.00039999999999951186,
    'optimizer_evals': None,
    'optimizer_result': <qiskit_algorithms.optimizers.optimizer.OptimizerResult object at 0x00000290DAA27E90>,
    'optimizer_time': 8.281985998153687}
     ┌──────────┐ ░                 ░ ┌──────────┐
q_0: ┤ Ry(θ[0]) ├─░─────────────■───░─┤ Ry(θ[4]) ├
     ├──────────┤ ░           ┌─┴─┐ ░ ├──────────┤
q_1: ┤ Ry(θ[1]) ├─░────────■──┤ X ├─░─┤ Ry(θ[5]) ├
     ├──────────┤ ░      ┌─┴─┐└───┘ ░ ├──────────┤
q_2: ┤ Ry(θ[2]) ├─░───■──┤ X ├──────░─┤ Ry(θ[6]) ├
     ├──────────┤ ░ ┌─┴─┐└───┘      ░ ├──────────┤
q_3: ┤ Ry(θ[3]) ├─░─┤ X ├───────────░─┤ Ry(θ[7]) ├
     └──────────┘ ░ └───┘           ░ └──────────┘
The number of ansatz parameters is: 
 8
Line for latex table
RA r1 rl & $1\mathrm{e}{-06}$ & 10000 & 100/100 &144 & $4\mathrm{e}{-04}$ & $1.9999\mathrm{e}{-04}$ & $4\mathrm{e}{-04}$ & $7.6\mathrm{e}{-03}$ & $7.6\mathrm{e}{-03}$ & - & 00h 13m 57s\\

