RA_r1_rl
10m13s__62
1e-04
0.3750568673134185
0.38694652094779647
0.42082487936423996
0.3572744683898683
0.377546311743691
0.3573573111023429
0.3573573111023429
0.35887776924876746
0.36122543518905603
0.36317345826309166
0.35773010330847876
0.35891000229580117
0.35892421585817424
0.3575866004242243
0.3583028955146146
0.35886858093956375
0.37918981462794576
0.36460447197924317
0.35867863144590273
0.3983855036422699
0.3591292411113438
0.36124173027944617
0.3582564489052078
0.3846641832987103
0.3615112216266829
0.3572330470336311
0.3577937072054107
0.35748157517105494
0.3572744683898683
0.3585079207677837
0.3715372713641292
0.3572330470336311
0.3939131298443448
0.35828365669907214
0.36686462708763456
0.3572330470336311
0.3641249301256677
0.3766697136152679
0.3576280217804615
0.3582422353428347
0.3688176754148398
0.3573573111023429
0.36104259247658144
0.35967066246758117
0.35864726059600427
0.3637734582630916
0.3641299553788371
0.36802026200624516
0.36768422303692416
0.36700691064100743
0.3582715246647161
0.35775228584917373
0.4024306442656167
0.3575866004242243
0.3572330470336311
0.3591129460209532
0.3714260015269084
0.3614334041673779
0.3577937072054107
0.3572330470336311
0.3670415823498048
0.37613920496250475
0.36128695755797113
0.3572330470336311
0.3580493421240212
0.3653479748634978
0.36518939621973523
0.39900673733065184
0.35758157517105493
0.35780081398659735
0.3572744683898683
0.35989198281114043
0.37289706933877387
0.3606517807857852
0.3572330470336311
0.36550985436615946
0.3877179458934088
0.3572330470336311
0.36058903908598827
0.3606011711203443
0.3579229965272923
0.38966784129135634
0.35867360619273314
0.3593535051800554
0.37552183847087406
0.38215240839810116
0.35951122162668314
0.3589191906050049
0.40076754543207294
0.3752519899898905
0.3625568060389548
0.3751298074491958
0.35843426636451303
0.35996563721441155
0.3643166040135992
0.3764556479825365
0.3572330470336311
0.3584664994115465
0.35834223534283494
0.3583765499178857
