0.3750568673134185 0.0032879596256645232
0.38694652094779647 0.004140062499528241
0.42082487936423996 0.006234028152005732
0.3572744683898683 0.00017319642028632774
0.377546311743691 0.003622573463713332
0.3573573111023429 0.0002999549966245008
0.3573573111023429 0.0002999549966245008
0.35887776924876746 0.0010774105531319033
0.36122543518905603 0.0014842176390273752
0.36317345826309166 0.002047509218538463
0.35773010330847876 0.0005996398919351483
0.35891000229580117 0.000915925761183741
0.35892421585817424 0.001056868960656905
0.3575866004242243 0.0002549382278121433
0.3583028955146146 0.0008179957212602072
0.35886858093956375 0.0009321443021335239
0.37918981462794576 0.0036818576832897817
0.36460447197924317 0.0019003921963636873
0.35867863144590273 0.0007870266831562966
0.3983855036422699 0.004409558991554599
0.3591292411113438 0.0009811536576907862
0.36124173027944617 0.0016122634710245066
0.3582564489052078 0.0008446884040875639
0.3846641832987103 0.00399337432505394
0.3615112216266829 0.0014081693790165988
0.3572330470336311 0.0
0.3577937072054107 0.0005242733065873146
0.35748157517105494 0.00042413677039369673
0.3572744683898683 0.00017319642028632774
0.3585079207677837 0.0007964354964465059
0.3715372713641292 0.0030240731637974617
0.3572330470336311 0.0
0.3939131298443448 0.004905517149088361
0.35828365669907214 0.0007242468501830082
0.36686462708763456 0.0023248987074709297
0.3572330470336311 0.0
0.3641249301256677 0.0020672788878136387
0.3766697136152679 0.003646743615885273
0.3576280217804615 0.000308198799478504
0.3582422353428347 0.0007032456896419716
0.3688176754148398 0.002754293103502239
0.3573573111023429 0.0002999549966245008
0.36104259247658144 0.0014153462473896611
0.35967066246758117 0.0010737981653923595
0.35864726059600427 0.0005097999607689355
0.3637734582630916 0.002079029100325441
0.3641299553788371 0.002049887435933984
0.36802026200624516 0.0024858857576324773
0.36768422303692416 0.0026107939405475887
0.36700691064100743 0.0022703670408108032
0.3582715246647161 0.0006080444062730861
0.35775228584917373 0.0004300343009574903
0.4024306442656167 0.005175826600650373
0.3575866004242243 0.0002549382278121433
0.3572330470336311 0.0
0.3591129460209532 0.0006162686102666525
0.3714260015269084 0.0029713489360894685
0.3614334041673779 0.0013152465548329727
0.3577937072054107 0.0005242733065873146
0.3572330470336311 0.0
0.3670415823498048 0.002505775129575678
0.37613920496250475 0.003561677905145271
0.36128695755797113 0.0013688341754938796
0.3572330470336311 0.0
0.3580493421240212 0.000751061582029061
0.3653479748634978 0.0019903117846206885
0.36518939621973523 0.0019882877055396164
0.39900673733065184 0.005141182208403044
0.35758157517105493 0.0004471453902255835
0.35780081398659735 0.0006201689285992921
0.3572744683898683 0.00017319642028632774
0.35989198281114043 0.0012082059013264217
0.37289706933877387 0.0031701044935459146
0.3606517807857852 0.0015060775212451718
0.3572330470336311 0.0
0.36550985436615946 0.002185998741994147
0.3877179458934088 0.004470851932238418
0.3572330470336311 0.0
0.36058903908598827 0.0014066077989261928
0.3606011711203443 0.0013530484100726051
0.3579229965272923 0.0004794966110412105
0.38966784129135634 0.004335181830096634
0.35867360619273314 0.0008332355609309947
0.3593535051800554 0.0010921934352485412
0.37552183847087406 0.0030416853058789634
0.38215240839810116 0.004085678585008859
0.35951122162668314 0.0012809859484006836
0.3589191906050049 0.0010911400001832965
0.40076754543207294 0.005034187769640701
0.3752519899898905 0.002909171445618148
0.3625568060389548 0.0016241754831298261
0.3751298074491958 0.002982687043590059
0.35843426636451303 0.0009313844533810988
0.35996563721441155 0.001160508940077588
0.3643166040135992 0.0018945411053867408
0.3764556479825365 0.003298049347720561
0.3572330470336311 0.0
0.3584664994115465 0.0007773895419929404
0.35834223534283494 0.0006282782027096066
0.3583765499178857 0.0005048816693048008
