With Shot Noise
02/11/2024 17:40:31 

VQEr_100_shots_10000_COBYLA_maxIter_10000_tol_1e-04_RA_r1_rl 

Reference value: 3.5723304703e-01 

Number of pauli strings:  4
Qubits:  2
VQE runs:  100
Optimizer:  COBYLA
Max iterations:  10000
Optimizers's tolerance:  1e-04
Ansatz:  RA_r1_rl 

All run converged!!!
Number of iterations for each converged VQE run:
[58, 58, 76, 59, 77, 52, 50, 56, 70, 50, 51, 47, 58, 66, 82, 55, 51, 49, 60, 63, 72, 56, 57, 50, 51, 60, 55, 56, 58, 62, 67, 90, 57, 52, 52, 72, 77, 53, 60, 72, 84, 52, 58, 66, 75, 78, 47, 69, 77, 51, 55, 65, 73, 56, 64, 69, 59, 73, 57, 60, 66, 76, 59, 61, 64, 51, 46, 66, 79, 71, 62, 52, 80, 72, 59, 67, 57, 47, 60, 51, 64, 56, 71, 62, 51, 70, 104, 53, 60, 54, 55, 60, 49, 64, 63, 73, 60, 54, 75, 60] 

Average iterations of converged run:
62 

VQE eigenvalues:
[0.3750568673134185, 0.38694652094779647, 0.42082487936423996, 0.3572744683898683, 0.377546311743691, 0.3573573111023429, 0.3573573111023429, 0.35887776924876746, 0.36122543518905603, 0.36317345826309166, 0.35773010330847876, 0.35891000229580117, 0.35892421585817424, 0.3575866004242243, 0.3583028955146146, 0.35886858093956375, 0.37918981462794576, 0.36460447197924317, 0.35867863144590273, 0.3983855036422699, 0.3591292411113438, 0.36124173027944617, 0.3582564489052078, 0.3846641832987103, 0.3615112216266829, 0.3572330470336311, 0.3577937072054107, 0.35748157517105494, 0.3572744683898683, 0.3585079207677837, 0.3715372713641292, 0.3572330470336311, 0.3939131298443448, 0.35828365669907214, 0.36686462708763456, 0.3572330470336311, 0.3641249301256677, 0.3766697136152679, 0.3576280217804615, 0.3582422353428347, 0.3688176754148398, 0.3573573111023429, 0.36104259247658144, 0.35967066246758117, 0.35864726059600427, 0.3637734582630916, 0.3641299553788371, 0.36802026200624516, 0.36768422303692416, 0.36700691064100743, 0.3582715246647161, 0.35775228584917373, 0.4024306442656167, 0.3575866004242243, 0.3572330470336311, 0.3591129460209532, 0.3714260015269084, 0.3614334041673779, 0.3577937072054107, 0.3572330470336311, 0.3670415823498048, 0.37613920496250475, 0.36128695755797113, 0.3572330470336311, 0.3580493421240212, 0.3653479748634978, 0.36518939621973523, 0.39900673733065184, 0.35758157517105493, 0.35780081398659735, 0.3572744683898683, 0.35989198281114043, 0.37289706933877387, 0.3606517807857852, 0.3572330470336311, 0.36550985436615946, 0.3877179458934088, 0.3572330470336311, 0.36058903908598827, 0.3606011711203443, 0.3579229965272923, 0.38966784129135634, 0.35867360619273314, 0.3593535051800554, 0.37552183847087406, 0.38215240839810116, 0.35951122162668314, 0.3589191906050049, 0.40076754543207294, 0.3752519899898905, 0.3625568060389548, 0.3751298074491958, 0.35843426636451303, 0.35996563721441155, 0.3643166040135992, 0.3764556479825365, 0.3572330470336311, 0.3584664994115465, 0.35834223534283494, 0.3583765499178857] 

VQE eigenvalues standard deviation:
[0.0032879596256645232, 0.004140062499528241, 0.006234028152005732, 0.00017319642028632774, 0.003622573463713332, 0.0002999549966245008, 0.0002999549966245008, 0.0010774105531319033, 0.0014842176390273752, 0.002047509218538463, 0.0005996398919351483, 0.000915925761183741, 0.001056868960656905, 0.0002549382278121433, 0.0008179957212602072, 0.0009321443021335239, 0.0036818576832897817, 0.0019003921963636873, 0.0007870266831562966, 0.004409558991554599, 0.0009811536576907862, 0.0016122634710245066, 0.0008446884040875639, 0.00399337432505394, 0.0014081693790165988, 0.0, 0.0005242733065873146, 0.00042413677039369673, 0.00017319642028632774, 0.0007964354964465059, 0.0030240731637974617, 0.0, 0.004905517149088361, 0.0007242468501830082, 0.0023248987074709297, 0.0, 0.0020672788878136387, 0.003646743615885273, 0.000308198799478504, 0.0007032456896419716, 0.002754293103502239, 0.0002999549966245008, 0.0014153462473896611, 0.0010737981653923595, 0.0005097999607689355, 0.002079029100325441, 0.002049887435933984, 0.0024858857576324773, 0.0026107939405475887, 0.0022703670408108032, 0.0006080444062730861, 0.0004300343009574903, 0.005175826600650373, 0.0002549382278121433, 0.0, 0.0006162686102666525, 0.0029713489360894685, 0.0013152465548329727, 0.0005242733065873146, 0.0, 0.002505775129575678, 0.003561677905145271, 0.0013688341754938796, 0.0, 0.000751061582029061, 0.0019903117846206885, 0.0019882877055396164, 0.005141182208403044, 0.0004471453902255835, 0.0006201689285992921, 0.00017319642028632774, 0.0012082059013264217, 0.0031701044935459146, 0.0015060775212451718, 0.0, 0.002185998741994147, 0.004470851932238418, 0.0, 0.0014066077989261928, 0.0013530484100726051, 0.0004794966110412105, 0.004335181830096634, 0.0008332355609309947, 0.0010921934352485412, 0.0030416853058789634, 0.004085678585008859, 0.0012809859484006836, 0.0010911400001832965, 0.005034187769640701, 0.002909171445618148, 0.0016241754831298261, 0.002982687043590059, 0.0009313844533810988, 0.001160508940077588, 0.0018945411053867408, 0.003298049347720561, 0.0, 0.0007773895419929404, 0.0006282782027096066, 0.0005048816693048008] 

Median VQE eigenvalues:
0.3597813226393608 

Min eigenvalue after 100 VQE steps on Aer qasm simulator: 3.57233e-01
Delta from reference energy value is 4.44089e-16 

Optimizer history of the smallest VQE eigenvalue:
[1.5151337946439845, 1.1327432936801491, 1.4138675069874331, 0.8116833626435408, 0.8212428901396165, 0.7897816023555206, 0.729653287266666, 0.8820281715138549, 0.6885019274399816, 0.5486624799305118, 0.48718452940924317, 0.3937678412913561, 0.5239853916063781, 0.4259343022582629, 0.5377482812358167, 0.4545134615973776, 0.40248485064924, 0.40171880809054406, 0.3779364091669939, 0.3717389957583994, 0.3961631118974698, 0.37986483629174006, 0.3632621884258709, 0.38640158952855486, 0.35847863144590253, 0.36389025841687017, 0.36324345467371666, 0.3574987324585803, 0.35791797127412295, 0.3577937072054107, 0.36353548569539496, 0.3578108644929363, 0.36028071297391984, 0.35758157517105493, 0.3574987324585803, 0.3574280217804615, 0.35748157517105494, 0.3573866004242243, 0.3573866004242243, 0.3572330470336311, 0.3572744683898683, 0.3572330470336311, 0.3573866004242243, 0.3574280217804615, 0.3572744683898683, 0.35734517906798713, 0.3572330470336311, 0.3573573111023429, 0.3572744683898683, 0.3575401538148175, 0.3572744683898683, 0.3573158897461055, 0.3576280217804615, 0.3573158897461055, 0.3573573111023429, 0.3573158897461055, 0.3575866004242243, 0.3574280217804615, 0.35746944313669893, 0.3572330470336311] 

Optimizer history of the smallest VQE eigenvalue standard deviation:
[0.008341243252657246, 0.012858829592929522, 0.013046572940814764, 0.00732270469157401, 0.008226025923858982, 0.00964834763055312, 0.009825656542949179, 0.011104443862706497, 0.01031050401289869, 0.009184839601212426, 0.006772761142990355, 0.00449129853160531, 0.006540796664015783, 0.005713474862113249, 0.006552653699074902, 0.006903317572008404, 0.004847628286079699, 0.004771250307833368, 0.003251016456433278, 0.0028094815357997986, 0.003256780311903153, 0.003153207097543703, 0.0019394241413367996, 0.0034268090113106693, 0.0007612535714201936, 0.0018043651238039402, 0.0010502959106842144, 0.0003741269837902465, 0.0005520593265220728, 0.0005242733065873146, 0.001294685676139189, 0.00041827443144424025, 0.0008741890527797712, 0.0004471453902255835, 0.0003741269837902465, 0.00033908479765391007, 0.00042413677039369673, 0.00029152958683467006, 0.00029152958683467006, 0.0, 0.00017319642028632774, 0.0, 0.00029152958683467006, 0.00033908479765391007, 0.00017319642028632774, 0.00023450906165859955, 0.0, 0.0002999549966245008, 0.00017319642028632774, 0.00041225962693426893, 0.00017319642028632774, 0.00024492447815600507, 0.000308198799478504, 0.00024492447815600507, 0.0002999549966245008, 0.00024492447815600507, 0.0002549382278121433, 0.00033908479765391007, 0.00038073809896042914, 0.0] 

Smallest VQE eingenvalue optimizer final message:
{   'aux_operators_evaluated': None,
    'cost_function_evals': 60,
    'eigenvalue': 0.3572330470336311,
    'optimal_circuit': <qiskit.circuit.library.n_local.real_amplitudes.RealAmplitudes object at 0x000001D3438A88C0>,
    'optimal_parameters': {   ParameterVectorElement(θ[0]): 0.017460952654781793,
                              ParameterVectorElement(θ[1]): 0.41168010012588935,
                              ParameterVectorElement(θ[2]): 4.707893289072564,
                              ParameterVectorElement(θ[3]): -0.38573756919056706},
    'optimal_point': array([ 0.01746095,  0.4116801 ,  4.70789329, -0.38573757]),
    'optimal_value': 0.3572330470336311,
    'optimizer_evals': None,
    'optimizer_result': <qiskit_algorithms.optimizers.optimizer.OptimizerResult object at 0x000001D3438276E0>,
    'optimizer_time': 5.795897722244263}
     ┌──────────┐ ░       ░ ┌──────────┐
q_0: ┤ Ry(θ[0]) ├─░───■───░─┤ Ry(θ[2]) ├
     ├──────────┤ ░ ┌─┴─┐ ░ ├──────────┤
q_1: ┤ Ry(θ[1]) ├─░─┤ X ├─░─┤ Ry(θ[3]) ├
     └──────────┘ ░ └───┘ ░ └──────────┘
The number of ansatz parameters is: 
 4
Line for latex table
RA r1 rl & $1\mathrm{e}{-04}$ & 10000 & 100/100 &62 & $3.5723\mathrm{e}{-01}$ & $0\mathrm{e}{+00}$ & $4.4409\mathrm{e}{-16}$ & $3.5978\mathrm{e}{-01}$ & $2.5483\mathrm{e}{-03}$ & - & 00h 10m 13s\\

