0.000380522236106684
0.0013206875708816068
0.0005070632361305338
0.00029425295612361957
0.0006975788791263593
0.0026709040363061543
0.0004439977255553673
0.0003541235812447585
0.0004482478426284242
0.0010892066120431476
0.00041196985871022607
0.00043769994903852805
0.00020826838368459555
0.0002678609057317205
0.0003114304106520138
0.0003200711086870367
0.0005185274662895534
0.0005148579554355437
0.0004841749384671967
0.00028720895137251956
5.9037113943616326e-05
0.00025486939418833954
0.0006647319818818276
0.0002836913918872197
0.002331761074902017
0.0009386694304087673
0.00044116552857831337
0.0002637006084046378
0.0013525838277845814
0.0003360085761329734
0.0007370511263377622
0.000813562149348801
0.0007836295951608729
0.0009560223801139411
0.00039994253928421486
0.0003670857686941531
0.001460489137771026
0.0004119696002362061
0.002150338613995384
0.0002980874367637387
0.0003494951643387423
0.000169447916543497
0.0001905608297633754
0.00022079950257070102
0.0005834574656295999
0.00017664520578453136
0.00021146613883343823
0.0002085910973035343
0.000750455773992853
0.0015914808782939716
0.003994108517074768
0.000507794472152101
0.0001643093057081546
0.0002078585356493634
0.00034162790725555947
0.0024684598202474595
0.00041838914812453165
0.0010376065028478987
0.00031611437761075445
0.0011458581807669566
0.002136049455722988
0.0004167451885061513
0.00018598160173638467
0.00030940706324922296
0.0009874823455607307
0.00041646215313867474
0.00025150973393145426
0.001320063940412397
0.0006003589178760205
0.0023861090332893964
0.00018106695039710186
0.0008373084397882979
0.0006566008116415945
0.0011952866930247663
0.0020555524427405825
0.00020940951916126327
0.00034124970621657313
0.00211919958237039
0.0003808958476488322
0.00016291944073043574
0.0008929649932236106
0.0003419172461431308
5.614400890940896e-05
0.0001435667427086007
0.00045193368162249614
0.00021356500470126605
0.0002691694062004202
0.00043839869315831503
0.00039758173491999393
0.0009796898199003201
0.0005473557735057311
0.0002688187306088552
0.0006812041685158032
0.00043601181548746926
6.199472966045283e-05
0.0002737327365203157
0.000648403288730337
0.00021866705759443494
0.00039676230003421464
0.0008086246589121826
