0.023600000000000954 0.003924653360489295
0.05120000000000058 0.0030260515527664104
0.04899999999999949 0.005617566020973859
0.008800000000000807 0.0019220301766621265
0.009499999999999176 0.0023503903931049114
0.028100000000000236 0.0034692476129558635
0.06219999999999981 0.003948856036879533
0.05109999999999992 0.004261746942276135
0.03729999999999922 0.0040173813610360565
0.06280000000000108 0.00504231851433445
0.0519999999999996 0.003895817244173542
0.09810000000000052 0.004456354676189932
0.021000000000000796 0.0021761783015185037
0.01690000000000058 0.0025395789021016866
0.0051000000000005485 0.0014244925412229615
1.5852999999999984 0.01494019414197821
0.19529999999999959 0.01038863258566786
0.12339999999999929 0.0067657082408274245
0.18179999999999996 0.006099415053921142
0.030900000000000816 0.003463281536346718
0.05110000000000081 0.004480603642367861
0.07590000000000074 0.0048452850277357256
0.3955000000000011 0.012976224065574705
0.01240000000000041 0.0025521583023002327
0.17549999999999955 0.008973408995471005
0.009100000000000996 0.0014719419146148435
0.023600000000000065 0.0032483817509646293
0.03479999999999972 0.004307917362252899
0.029599999999999405 0.0033389699010323514
0.0032999999999994145 0.0011786980105183646
0.07999999999999918 0.003104474834815051
0.023100000000000342 0.002323927924872022
0.008699999999999264 0.0021113310967254425
1.4970000000000008 0.016030529623190876
0.05369999999999919 0.005767846478539451
0.046599999999998865 0.004366162617218917
0.06919999999999948 0.006561752814606778
0.05559999999999832 0.0046413808290206
0.03880000000000017 0.0030219185958592592
0.2666000000000013 0.010751270250533197
0.014399999999999302 0.0020578493628057577
0.04319999999999968 0.00414233846999495
0.011299999999999422 0.0018063241680274192
0.01130000000000031 0.0021507126725809015
0.03609999999999847 0.004380622900912602
0.4043000000000001 0.006886853490528175
0.016499999999999737 0.0029694361417616083
0.05630000000000113 0.004520834546850846
0.05319999999999947 0.005685053385853123
0.1513 0.005788866814843815
0.026799999999999713 0.0031424092667887765
0.05949999999999811 0.003927151766866154
0.020800000000000374 0.0028211019123739506
0.07060000000000066 0.006391483708811286
0.3341999999999983 0.006141307352673366
0.0229999999999988 0.003639760981163461
0.1197000000000008 0.008488939215237669
0.9402999999999997 0.009068561242005271
0.08199999999999985 0.003891052299828412
0.013600000000000279 0.002369448881069167
0.04079999999999906 0.004368592908477499
0.052799999999999514 0.00396576146534309
0.03589999999999893 0.0037918041879822844
0.011099999999999 0.002000148744468735
0.023800000000000487 0.0038303540306347575
0.0613999999999999 0.005334265835145455
0.07099999999999973 0.004933108958861538
1.504999999999999 0.017005299174080998
0.06700000000000017 0.003530495149408929
0.07440000000000069 0.006650509754898498
0.23239999999999927 0.011181101198003708
0.027699999999999392 0.0025310821796219805
0.12459999999999916 0.007277622139133078
0.02319999999999922 0.0031287345684797014
0.03560000000000141 0.004690252871647739
0.1388000000000007 0.008446849116682503
0.03369999999999873 0.004165945150863123
0.028900000000000148 0.0029579585865931062
0.08040000000000003 0.006765855452195226
0.02179999999999982 0.0031458118189109817
0.07339999999999947 0.004449855727998371
0.007299999999998974 0.0021309915532446537
0.04040000000000088 0.004407483635817606
0.011900000000000688 0.0024265298267278665
0.03560000000000052 0.002873173854816305
0.6451000000000002 0.005971945830296864
0.006699999999999484 0.0019301981763539377
0.09379999999999988 0.00766124167482008
0.06629999999999914 0.00650343547673073
0.1781000000000006 0.007401472218417091
0.013799999999999812 0.002577764923339585
0.024100000000001565 0.003805675104367181
0.18849999999999945 0.010056802821970807
0.08420000000000094 0.006781260059900371
0.014299999999999535 0.003095323407981789
0.07700000000000085 0.0059850400165746675
0.02979999999999894 0.003690030894179607
0.03339999999999943 0.004060078816968952
0.04869999999999841 0.004698185500807733
0.0367999999999995 0.0039690865447858355
