With Shot Noise
01/11/2024 18:45:48 

VQEr_100_shots_10000_COBYLA_maxIter_10000_tol_1e-05_RA_r1_rl 

Reference value: 0.0000000000e+00 

Number of pauli strings:  16
Qubits:  5
VQE runs:  100
Optimizer:  COBYLA
Max iterations:  10000
Optimizers's tolerance:  1e-05
Ansatz:  RA_r1_rl 

All run converged!!!
Number of iterations for each converged VQE run:
[152, 167, 190, 156, 161, 129, 170, 187, 195, 164, 146, 178, 204, 153, 186, 124, 185, 166, 160, 157, 148, 152, 136, 171, 173, 158, 159, 155, 156, 149, 187, 164, 185, 113, 159, 181, 190, 181, 199, 140, 171, 160, 172, 173, 170, 163, 155, 173, 163, 160, 170, 137, 138, 215, 192, 221, 178, 173, 202, 152, 154, 180, 170, 162, 176, 175, 142, 129, 159, 160, 223, 153, 172, 154, 184, 155, 154, 158, 192, 183, 146, 145, 154, 167, 186, 178, 168, 166, 200, 142, 224, 175, 182, 156, 180, 162, 278, 164, 160, 181] 

Average iterations of converged run:
169 

VQE eigenvalues:
[0.023600000000000954, 0.05120000000000058, 0.04899999999999949, 0.008800000000000807, 0.009499999999999176, 0.028100000000000236, 0.06219999999999981, 0.05109999999999992, 0.03729999999999922, 0.06280000000000108, 0.0519999999999996, 0.09810000000000052, 0.021000000000000796, 0.01690000000000058, 0.0051000000000005485, 1.5852999999999984, 0.19529999999999959, 0.12339999999999929, 0.18179999999999996, 0.030900000000000816, 0.05110000000000081, 0.07590000000000074, 0.3955000000000011, 0.01240000000000041, 0.17549999999999955, 0.009100000000000996, 0.023600000000000065, 0.03479999999999972, 0.029599999999999405, 0.0032999999999994145, 0.07999999999999918, 0.023100000000000342, 0.008699999999999264, 1.4970000000000008, 0.05369999999999919, 0.046599999999998865, 0.06919999999999948, 0.05559999999999832, 0.03880000000000017, 0.2666000000000013, 0.014399999999999302, 0.04319999999999968, 0.011299999999999422, 0.01130000000000031, 0.03609999999999847, 0.4043000000000001, 0.016499999999999737, 0.05630000000000113, 0.05319999999999947, 0.1513, 0.026799999999999713, 0.05949999999999811, 0.020800000000000374, 0.07060000000000066, 0.3341999999999983, 0.0229999999999988, 0.1197000000000008, 0.9402999999999997, 0.08199999999999985, 0.013600000000000279, 0.04079999999999906, 0.052799999999999514, 0.03589999999999893, 0.011099999999999, 0.023800000000000487, 0.0613999999999999, 0.07099999999999973, 1.504999999999999, 0.06700000000000017, 0.07440000000000069, 0.23239999999999927, 0.027699999999999392, 0.12459999999999916, 0.02319999999999922, 0.03560000000000141, 0.1388000000000007, 0.03369999999999873, 0.028900000000000148, 0.08040000000000003, 0.02179999999999982, 0.07339999999999947, 0.007299999999998974, 0.04040000000000088, 0.011900000000000688, 0.03560000000000052, 0.6451000000000002, 0.006699999999999484, 0.09379999999999988, 0.06629999999999914, 0.1781000000000006, 0.013799999999999812, 0.024100000000001565, 0.18849999999999945, 0.08420000000000094, 0.014299999999999535, 0.07700000000000085, 0.02979999999999894, 0.03339999999999943, 0.04869999999999841, 0.0367999999999995] 

VQE eigenvalues standard deviation:
[0.003924653360489295, 0.0030260515527664104, 0.005617566020973859, 0.0019220301766621265, 0.0023503903931049114, 0.0034692476129558635, 0.003948856036879533, 0.004261746942276135, 0.0040173813610360565, 0.00504231851433445, 0.003895817244173542, 0.004456354676189932, 0.0021761783015185037, 0.0025395789021016866, 0.0014244925412229615, 0.01494019414197821, 0.01038863258566786, 0.0067657082408274245, 0.006099415053921142, 0.003463281536346718, 0.004480603642367861, 0.0048452850277357256, 0.012976224065574705, 0.0025521583023002327, 0.008973408995471005, 0.0014719419146148435, 0.0032483817509646293, 0.004307917362252899, 0.0033389699010323514, 0.0011786980105183646, 0.003104474834815051, 0.002323927924872022, 0.0021113310967254425, 0.016030529623190876, 0.005767846478539451, 0.004366162617218917, 0.006561752814606778, 0.0046413808290206, 0.0030219185958592592, 0.010751270250533197, 0.0020578493628057577, 0.00414233846999495, 0.0018063241680274192, 0.0021507126725809015, 0.004380622900912602, 0.006886853490528175, 0.0029694361417616083, 0.004520834546850846, 0.005685053385853123, 0.005788866814843815, 0.0031424092667887765, 0.003927151766866154, 0.0028211019123739506, 0.006391483708811286, 0.006141307352673366, 0.003639760981163461, 0.008488939215237669, 0.009068561242005271, 0.003891052299828412, 0.002369448881069167, 0.004368592908477499, 0.00396576146534309, 0.0037918041879822844, 0.002000148744468735, 0.0038303540306347575, 0.005334265835145455, 0.004933108958861538, 0.017005299174080998, 0.003530495149408929, 0.006650509754898498, 0.011181101198003708, 0.0025310821796219805, 0.007277622139133078, 0.0031287345684797014, 0.004690252871647739, 0.008446849116682503, 0.004165945150863123, 0.0029579585865931062, 0.006765855452195226, 0.0031458118189109817, 0.004449855727998371, 0.0021309915532446537, 0.004407483635817606, 0.0024265298267278665, 0.002873173854816305, 0.005971945830296864, 0.0019301981763539377, 0.00766124167482008, 0.00650343547673073, 0.007401472218417091, 0.002577764923339585, 0.003805675104367181, 0.010056802821970807, 0.006781260059900371, 0.003095323407981789, 0.0059850400165746675, 0.003690030894179607, 0.004060078816968952, 0.004698185500807733, 0.0039690865447858355] 

Median VQE eigenvalues:
0.04764999999999864 

Min eigenvalue after 100 VQE steps on Aer qasm simulator: 3.30000e-03
Delta from reference energy value is 3.30000e-03 

Optimizer history of the smallest VQE eigenvalue:
[9.0745, 8.7695, 8.9044, 10.3457, 10.203499999999998, 8.6703, 7.6464, 8.937899999999999, 7.446, 7.1666, 7.5489, 6.0856, 5.2422, 5.109699999999999, 5.1088, 5.6095, 4.735099999999999, 6.3062, 5.215199999999999, 3.216899999999999, 3.0599999999999996, 2.8713000000000006, 3.6446999999999994, 2.930300000000001, 4.5066, 2.3295999999999992, 2.6309000000000005, 2.1560000000000006, 1.8821999999999992, 2.1340000000000003, 2.0624000000000002, 1.9750999999999985, 1.514100000000001, 1.1419999999999995, 1.0968, 0.9563999999999995, 1.234, 1.0494000000000003, 1.033900000000001, 1.2004999999999981, 0.7179000000000002, 0.9069000000000003, 0.6254999999999997, 1.2367000000000008, 0.7487999999999992, 0.31870000000000065, 0.6070999999999982, 0.5256000000000007, 0.17129999999999868, 0.1731999999999987, 0.2991999999999999, 0.1413000000000002, 0.5141000000000009, 0.15829999999999878, 0.7351000000000001, 0.21060000000000034, 0.10390000000000033, 0.1493000000000011, 0.17120000000000068, 0.1294000000000004, 0.12910000000000021, 0.04889999999999883, 0.03840000000000021, 0.0583999999999989, 0.029000000000000803, 0.045699999999999186, 0.0354000000000001, 0.027299999999999436, 0.02209999999999912, 0.00560000000000116, 0.02019999999999822, 0.007299999999998086, 0.027499999999999858, 0.006799999999999251, 0.006899999999999906, 0.011699999999999378, 0.002900000000001235, 0.00220000000000109, 0.0029999999999992255, 0.005199999999999427, 0.004700000000000593, 0.008500000000001506, 0.006800000000000139, 0.00509999999999966, 0.0035999999999996035, 0.002400000000000624, 0.00360000000000138, 0.001500000000000945, 0.005799999999999805, 0.005300000000000082, 0.004100000000000215, 0.004000000000000448, 0.0048000000000003595, 0.0057000000000009265, 0.0021999999999993136, 0.0029000000000003467, 0.005399999999998961, 0.006600000000000605, 0.008199999999999541, 0.007299999999999862, 0.006899999999999906, 0.0039000000000006807, 0.0065000000000008384, 0.0045999999999999375, 0.00509999999999966, 0.0060000000000011156, 0.0027999999999996916, 0.005399999999999849, 0.001600000000000712, 0.0024999999999995026, 0.004999999999999893, 0.004000000000000448, 0.0031999999999996476, 0.0022999999999999687, 0.004000000000000448, 0.004199999999999093, 0.0064000000000010715, 0.0034999999999998366, 0.004399999999999515, 0.004099999999999326, 0.0051000000000005485, 0.005300000000001859, 0.0035999999999996035, 0.0037000000000002586, 0.002700000000000813, 0.0041999999999999815, 0.0038999999999997925, 0.0037999999999991374, 0.0030999999999998806, 0.0036000000000004917, 0.003400000000001846, 0.0058000000000006935, 0.0039000000000006807, 0.008999999999999453, 0.004300000000000637, 0.002600000000001046, 0.0054000000000007375, 0.005499999999999616, 0.004000000000001336, 0.0034999999999998366, 0.005399999999998961, 0.002400000000000624, 0.0030000000000001137, 0.005299999999999194, 0.00709999999999944, 0.0049000000000001265, 0.0048000000000003595, 0.0048000000000003595, 0.0032999999999994145] 

Optimizer history of the smallest VQE eigenvalue standard deviation:
[0.03883721219397705, 0.03892767374246758, 0.03828853786709542, 0.031423572728128804, 0.033722672803323285, 0.03896045396296095, 0.039062503913599805, 0.03889913072293518, 0.038499458905288525, 0.041250431076535435, 0.04152721465497054, 0.037651886645957054, 0.029477030447451792, 0.03223551673232493, 0.03254655656133226, 0.033548394194059424, 0.03348086714826843, 0.040962060495048344, 0.031100232667939966, 0.027020540242563618, 0.027183593434275757, 0.023934774722148524, 0.03433906357197296, 0.025430485583252237, 0.0352606809350018, 0.021057262500144697, 0.024539151839458512, 0.021134989756325884, 0.020872837756280287, 0.021655879663500167, 0.025030470311202705, 0.02127356060935734, 0.021173994025691048, 0.020419195674658684, 0.02089132508961555, 0.019118426295069373, 0.024166246212434402, 0.020494433976082388, 0.019690757806646246, 0.021764752674909953, 0.01587985072347974, 0.015969667466794665, 0.014657403487657693, 0.0187546037814719, 0.01720078102877889, 0.01223802814999214, 0.016416489971976343, 0.01684288288862687, 0.00987656848303094, 0.009944185838971428, 0.012972344737941557, 0.008419730102562663, 0.01763177634272849, 0.007863498775990237, 0.020680441170342574, 0.008787791986614156, 0.007211675602798558, 0.009264136171279002, 0.009024429067813648, 0.00819582186238818, 0.008600073662475224, 0.004836266225095549, 0.004062205312388839, 0.004990324638738438, 0.003484836868491859, 0.004411749426248066, 0.0038252968512260477, 0.0034752051737991082, 0.003462381694729784, 0.0012160526304399798, 0.0030430760752896344, 0.0016935120312533496, 0.003242035934409111, 0.0019073688683629, 0.0014654381597324362, 0.002093223590541617, 0.001153060709589901, 0.0007744623941806139, 0.0009794733278655292, 0.0016428219623562466, 0.0012440823927698723, 0.0023334714482933154, 0.0014827353101615913, 0.0016518937617171576, 0.001232564805598466, 0.0012408061895396194, 0.0013336866198623931, 0.0004998589801133772, 0.0017374049614295606, 0.0014174621688072923, 0.0011178653765100597, 0.0014694352656718294, 0.0013264358258128705, 0.0014314688260663744, 0.0008363157298532695, 0.0009538097294533902, 0.0015933926069867652, 0.0014485938008979551, 0.001714044340149893, 0.0015583828156136344, 0.0014173104811578754, 0.0010145831656399695, 0.0017460146047499276, 0.0011310667531140418, 0.0014032929131153878, 0.0015096065712628093, 0.0009270965429770369, 0.001529360650729598, 0.0006323290282756203, 0.000888738994305952, 0.0011659639788604026, 0.0011223332838332775, 0.0008715778794806397, 0.0007807643690640477, 0.001104338716155489, 0.0011398192839217934, 0.0016729016707505776, 0.0011267683879129682, 0.0013925142728172719, 0.0011355804683068399, 0.0016336410254398257, 0.0012366620395241285, 0.0010097405607382315, 0.000964071055472559, 0.0010341880873419333, 0.001303639520726445, 0.0008884869160544636, 0.001295947529801985, 0.0010534206187463517, 0.0014626195677619244, 0.001113330139715957, 0.001441915392802179, 0.0012204175514962004, 0.001624298002215064, 0.0012203757618045278, 0.0009379722810403102, 0.0012958178884395698, 0.0012121497432248133, 0.0012326524246518093, 0.0013074482781356474, 0.0012958209752894003, 0.0006781002875681359, 0.000836423337790133, 0.0014384376941667873, 0.0017402094701500915, 0.001053230743949308, 0.0013635600463492144, 0.0015552581779241814, 0.0011786980105183646] 

Smallest VQE eingenvalue optimizer final message:
{   'aux_operators_evaluated': None,
    'cost_function_evals': 149,
    'eigenvalue': 0.0032999999999994145,
    'optimal_circuit': <qiskit.circuit.library.n_local.real_amplitudes.RealAmplitudes object at 0x000001F361491640>,
    'optimal_parameters': {   ParameterVectorElement(θ[0]): 5.1983308549921405,
                              ParameterVectorElement(θ[1]): 1.5435378452025763,
                              ParameterVectorElement(θ[2]): 1.5471704832775797,
                              ParameterVectorElement(θ[3]): -1.5917133752288366,
                              ParameterVectorElement(θ[4]): 1.5731659263594928,
                              ParameterVectorElement(θ[5]): -1.1158330278728241,
                              ParameterVectorElement(θ[6]): -4.712133206418249,
                              ParameterVectorElement(θ[7]): 1.5556527736899428,
                              ParameterVectorElement(θ[8]): 1.5860618744994373,
                              ParameterVectorElement(θ[9]): 1.4996945260580103},
    'optimal_point': array([ 5.19833085,  1.54353785,  1.54717048, -1.59171338,  1.57316593,
       -1.11583303, -4.71213321,  1.55565277,  1.58606187,  1.49969453]),
    'optimal_value': 0.0032999999999994145,
    'optimizer_evals': None,
    'optimizer_result': <qiskit_algorithms.optimizers.optimizer.OptimizerResult object at 0x000001F362A375F0>,
    'optimizer_time': 9.691216707229614}
     ┌──────────┐ ░                      ░ ┌──────────┐
q_0: ┤ Ry(θ[0]) ├─░──────────────────■───░─┤ Ry(θ[5]) ├
     ├──────────┤ ░                ┌─┴─┐ ░ ├──────────┤
q_1: ┤ Ry(θ[1]) ├─░─────────────■──┤ X ├─░─┤ Ry(θ[6]) ├
     ├──────────┤ ░           ┌─┴─┐└───┘ ░ ├──────────┤
q_2: ┤ Ry(θ[2]) ├─░────────■──┤ X ├──────░─┤ Ry(θ[7]) ├
     ├──────────┤ ░      ┌─┴─┐└───┘      ░ ├──────────┤
q_3: ┤ Ry(θ[3]) ├─░───■──┤ X ├───────────░─┤ Ry(θ[8]) ├
     ├──────────┤ ░ ┌─┴─┐└───┘           ░ ├──────────┤
q_4: ┤ Ry(θ[4]) ├─░─┤ X ├────────────────░─┤ Ry(θ[9]) ├
     └──────────┘ ░ └───┘                ░ └──────────┘
The number of ansatz parameters is: 
 10
Line for latex table
RA r1 rl & $1\mathrm{e}{-05}$ & 10000 & 100/100 &169 & $3.3\mathrm{e}{-03}$ & $1.1787\mathrm{e}{-03}$ & $3.3\mathrm{e}{-03}$ & $4.765\mathrm{e}{-02}$ & $4.765\mathrm{e}{-02}$ & - & 00h 17m 46s\\

