0.3371000000000013 0.013436550561807137
0.8321999999999985 0.02292832806813442
1.0163999999999973 0.021782765297362956
0.3061999999999987 0.014888719622586746
1.4861999999999966 0.023278410770497193
0.7768000000000015 0.007565956912380627
0.6620999999999988 0.0201498408182298
0.2962999999999987 0.017631070046937026
0.033700000000001396 0.005432267942581586
1.0859999999999985 0.022680467367318515
0.19549999999999734 0.014637527216029362
0.22340000000000515 0.007781108404334196
0.07809999999999917 0.009085724241908285
0.5473999999999979 0.007397058063852127
0.24799999999999756 0.011742493431976015
0.6510999999999978 0.023891213928973986
0.04499999999999815 0.00635547574930465
0.0932999999999975 0.006545095950404341
0.04290000000000127 0.004973286338026386
0.12850000000000072 0.00868898745539432
1.177200000000001 0.02319523813199599
0.0655999999999981 0.007730914046864036
0.10480000000000089 0.008801651435952249
0.030799999999997496 0.00513921822848571
0.4735999999999958 0.01994006128375738
0.20050000000000168 0.011403270451936127
0.1855000000000011 0.012018709123695456
0.11989999999999945 0.01136589173800277
1.2037999999999975 0.008523901688780814
0.270999999999999 0.014303934144143706
0.02359999999999829 0.004740448923888917
0.3027999999999995 0.01679745826010589
0.34640000000000093 0.015863816816894995
0.402000000000001 0.008363014767414944
0.10309999999999775 0.010976720776261004
1.893600000000001 0.024419308098306135
1.6842999999999986 0.0217228220312187
0.3218000000000014 0.017426158612844085
1.5607999999999986 0.022896805191991318
0.2029000000000014 0.006161195744334025
1.3498999999999999 0.019309897021993677
0.11630000000000251 0.008707590079924537
0.15140000000000065 0.009855281629664358
1.038400000000001 0.009192111182965531
0.44389999999999574 0.01770930125668428
0.08209999999999873 0.008924990700275267
0.11670000000000158 0.010698867183024548
0.2532000000000032 0.012833628637295091
0.08119999999999905 0.006502284521612343
0.05769999999999875 0.005915308191463949
1.4368999999999978 0.022424047293028975
0.23610000000000042 0.01318644656456014
0.5555999999999983 0.01952155352424596
0.17459999999999987 0.013801771190684188
0.5345999999999975 0.007605502218788708
1.2401000000000018 0.023611399429089325
0.10399999999999743 0.008979910912698426
0.043199999999998795 0.006857920384489732
0.04359999999999786 0.007210131205463617
0.15100000000000158 0.0078066512667084
0.052600000000001756 0.003954004552349429
0.507299999999999 0.015540462380508513
0.16639999999999944 0.013134871754227367
0.7017999999999969 0.014868575856483353
0.10989999999999789 0.010468027369089148
0.3587999999999969 0.01438883261421859
0.17999999999999972 0.011064289584062756
0.779300000000001 0.021396168699091913
1.0315999999999974 0.012586879200182997
0.06810000000000294 0.008011832312274165
0.04019999999999868 0.004844918575167179
0.14690000000000047 0.01054799009290394
0.11129999999999995 0.009907427264431444
0.06199999999999761 0.006672424746671885
0.06429999999999936 0.006437152398382321
0.4402000000000008 0.01977635325331747
0.27259999999999884 0.012481202826650935
0.05710000000000193 0.007639369803851626
0.11839999999999762 0.010292346671192155
0.20880000000000187 0.012268678820476135
1.3073999999999995 0.023330422542251556
0.15640000000000143 0.010801066799163884
0.23910000000000053 0.016078373331901444
0.02590000000000181 0.0035746050131447893
0.17659999999999698 0.014735391681255016
0.08430000000000248 0.007442709923139535
1.1838999999999995 0.010312832540092971
3.7331999999999965 0.028154736013679838
0.024499999999997968 0.005045335172216016
0.14280000000000115 0.013051343379131511
0.9923999999999982 0.0056194142043454855
0.056800000000002626 0.0046295001890052185
0.15009999999999835 0.008333192965484482
0.18609999999999793 0.01128105495953283
0.1473999999999993 0.013209947312536859
1.0949000000000009 0.014368403773558122
0.06259999999999977 0.007711805495472522
0.07050000000000267 0.009348674504976619
0.46530000000000094 0.019806322904567616
0.22029999999999994 0.015105389468663159
