RA_r1_rl
11s__41
1e-01
0.002083074747520286
0.004315074995149937
0.003213396892816356
0.025632134212532853
0.005580857036097453
0.007920724100236087
0.005648461564400575
0.015593068359142093
0.008448510695900913
0.004634619142945773
0.0038560622039437997
0.00602344211484257
0.004926578203650334
0.006969441580059688
0.006930707064527919
0.02366042336772589
0.012015691238079662
0.0022628867927163565
0.007547419579068071
0.002653148036698305
0.013122936770034122
0.010367854074587013
0.015802271288822167
0.004497840440508327
0.010374187315940031
0.004194944167196624
0.002426401534324829
0.00616141855921204
0.002928566383444131
0.008426288304911433
0.00862743563892343
0.0051023342095670166
0.01049832484876878
0.002573261871279653
0.0057858734443565485
0.006494227250826212
0.006273811165779408
0.006750599047035233
0.010584447767892857
0.005483348730343229
0.005207694263047569
0.010267043873832982
0.0017367583163039324
0.00474323543834787
0.008181208124466988
0.007357449714330777
0.01214904714019005
0.004276628806746341
0.002199747863853241
0.0024072043256357922
0.006021250159153946
0.006130357287963906
0.004485308678573163
0.005051516467276085
0.006584466983448445
0.0038343958697753533
0.007949592816852535
0.0076900376411031535
0.01744433737372242
0.0035813553005178966
0.002916454823778891
0.0022530243908495673
0.003378468942050461
0.01557287379541683
0.012922649037187484
0.011215299469085727
0.008881688910307328
0.0024605040149796586
0.009338129678975848
0.0007175254900593231
0.005858052831895333
0.017468728903752007
0.01097425764288451
0.0005120330033482889
0.004663930936179783
0.021259660273723613
0.00702292791805692
0.0020937792894281104
0.001438240821685699
0.013262313924471414
0.0036503647228555147
0.005796718571514092
0.006474599125686764
0.008158371604851944
0.005789952785630992
0.003384182305047112
0.0025879573112373433
0.005459251607278226
0.012847885785306323
0.001290376742574817
0.010468912484663973
0.005449247316867523
0.013331826583698081
0.003327664319745516
0.004686269226483408
0.0039395826471089745
0.0019385611475689624
0.004943863393142567
0.0035030802411630257
0.008978180138910663
