RA_r1_rl
30s__92
1e-01
0.07156987664749781
0.09838982308730149
0.027544886085479503
0.005573046905878454
0.09141588949986706
0.03245313255789911
0.07185222449303297
0.07068409879503962
0.08690781894377492
0.047671103821030625
0.05457953107558755
0.028911417566823305
0.07449162786713387
0.025143947367950448
0.022500540211709497
0.05797704658618691
0.028308595741552867
0.0476215252448135
0.03640752094759231
1.5090479726807267
0.07180074688481908
0.08081305743176664
0.02539410311277207
0.02217152111089349
0.05292290769608987
0.0669599004704935
0.020120006661695222
0.028196629159420117
0.07520098494158306
0.034568777352017965
0.030099218812370154
0.0288631303845876
0.026072135471083058
0.01355389241696242
0.023749456536538427
0.0693736191907558
0.020557001099419103
0.032962684898629024
0.03717519642899436
0.03303152809704335
0.059459524779810535
0.05732479161273146
0.02723449508876452
0.03229113477435458
0.03764448846778451
0.028883066671949287
0.07027641682739427
0.032064279106786164
0.054051919315045494
0.02570450726685425
0.008434431027561196
0.06761424820995204
0.04389877829212202
0.04475489512267622
0.045793758610132074
0.039927957320697816
0.09864469212120591
0.023817354332710705
0.08412272678167382
0.026635640986106712
0.06853521660082207
0.014422642934948604
0.03254168157090431
0.08976744275019427
0.02679098416648895
0.01813734666045591
0.030642812662040553
0.03749188963824995
0.16324478706873974
0.033731744676252895
0.03974821266718992
0.07485471049959874
0.019090449342255345
0.028610190110925693
0.07314035776078642
0.06016441176704945
0.055893686137323595
0.02200455794140338
0.0497053738403464
0.030617361557777723
0.014755012953739599
0.04276618148397421
0.04717502282507158
0.028807130400081538
0.057284539638462584
0.056973889294231084
0.17187545524467562
0.02117554209582484
0.025886361549498305
0.07121749046875991
0.08310675217536556
0.09981320201774091
0.022948520181057586
0.07103228497572239
0.040919022383391235
0.030171338772105483
0.06673084662754841
0.023846772906938374
0.05601439012953108
0.08788588942983949
