No Shot Noise
01/11/2024 00:56:13 

VQEr_100_COBYLA_maxIter_10000_tol_1e-05_RA_r1_rl 

Reference value: 3.2010110009e-02 

Qubits:  4
VQE runs:  100
Optimizer:  COBYLA
Max iterations:  10000
Optimizers's tolerance:  1e-05
Ansatz:  RA_r1_rl 

Only 69 runs out of 100 converged
Number of iterations for each converged VQE run:
[1461, 2913, 3495, 1803, 2331, 1464, 2130, 1940, 3041, 1202, 3434, 2615, 2406, 2426, 6027, 3454, 3107, 8769, 2762, 1661, 4228, 5857, 3400, 2850, 1751, 3960, 3253, 3149, 3793, 5201, 1545, 2426, 1670, 5721, 3040, 2360, 2666, 2214, 1289, 1654, 2148, 2331, 3172, 1792, 2279, 3181, 3016, 5846, 3570, 1810, 2711, 2487, 3054, 2403, 1842, 1546, 3564, 1247, 2482, 1969, 1714, 1790, 1856, 3160, 1303, 5583, 1375, 1856, 9359] 

Average iterations of converged run:
2912 

VQE eigenvalues:
[0.032010130776753964, 0.03201054180593077, 0.03201035976898203, 0.032010125805360556, 0.03201247955205888, 0.03201022612563864, 0.03201021253400238, 0.0320102667323674, 0.03201064898518258, 0.032010143553293124, 0.03201162578624572, 0.032010273289707736, 0.03201016191925432, 0.03201103139038408, 0.03201454139762461, 0.032010702860056695, 0.03201053765448336, 0.03201074751867805, 0.03201195677681046, 0.03201021360949163, 0.032010790147052104, 0.03201045924765711, 0.03201083540013239, 0.03201153407073798, 0.03201019740259581, 0.03201173235263299, 0.03201026991566214, 0.03201103801816152, 0.03201120813139158, 0.032010620198524076, 0.0320101633065073, 0.03201054786661417, 0.0320101892333402, 0.03201072912930558, 0.032010507595224835, 0.03201017820922081, 0.032010852643727605, 0.03201029970268199, 0.03201020139875588, 0.032010364675512104, 0.03201035625369175, 0.0320108436364952, 0.032010834293855095, 0.03201026607214463, 0.0320102485846635, 0.03201069447639715, 0.03201036954500924, 0.032011136261689166, 0.03201116839375795, 0.03201016631435227, 0.03201030891066292, 0.03201043943549853, 0.03201055796237051, 0.032010518833270774, 0.032010206361612226, 0.03201023628669708, 0.03201209252927639, 0.03201026011571184, 0.03201039434133757, 0.03201034500710109, 0.032010237212357295, 0.03201019922265602, 0.03201101767745529, 0.032010164331384816, 0.03201014950168801, 0.03201067237393729, 0.032010168725446486, 0.03201045684435977, 0.032010395818222515] 

Median VQE eigenvalues:
0.032010395818222515 

Min eigenvalue after 100 VQE steps on Aer qasm simulator: 3.20101e-02
Delta from reference energy value is 1.57961e-08 

Optimizer history of the smallest VQE eigenvalue:
[30.912295268865886, 41.67525414666081, 72.11123544062825, 31.861208867612007, 20.012067758708902, 20.1201381183458, 4.04316683364171, 9.701651562009983, 4.973087729422719, 47.654134980717565, 15.799508293041667, 2.8382247041688715, 3.8709798991438533, 2.9042238785884793, 4.324858667895724, 9.697332246088143, 6.115215015983804, 2.818261850293787, 3.0569205317027355, 5.834487172519955, 2.900218996741503, 2.877260106583911, 2.882119038806264, 2.818620907847374, 3.2736535818425425, 4.302012741436084, 2.668834583950405, 2.6240636310669947, 3.066676708646216, 2.8395253412469827, 2.5043087913060833, 2.537158673226914, 2.520373347703657, 2.502030053855373, 2.4320161809383265, 2.318744416696119, 2.2845916485309603, 2.347174298584082, 2.2366967496982593, 2.294318166258513, 2.2577290751392485, 2.2982472070828464, 2.2314463988862854, 2.131257441848441, 2.054102874856092, 2.021846358105621, 2.006743659123199, 1.9640099836714286, 1.9491392760402533, 1.9483877196749106, 1.913501674326183, 1.8847480846157405, 1.8772754896559107, 1.8683788809247006, 1.8554225757594907, 1.9256414378700581, 1.840404541236616, 1.8087732215239063, 1.8011373143629972, 1.814924687617799, 1.7981654924660369, 1.827479640397767, 1.76891047506697, 1.7733596152547821, 1.7720395569065943, 1.7522124494607807, 1.8476932964304114, 1.7523077920065193, 1.753002856157813, 1.7424510378703055, 1.7384584804747836, 1.7435033416554795, 1.7404567879866075, 1.7478847887721405, 1.7438334358035694, 1.7279494430662412, 1.7385017234294935, 1.7262321197249202, 1.7197117659057322, 1.7126637692288107, 1.7113560344156415, 1.717005292334625, 1.7060326893257156, 1.6984798544065063, 1.6884108540190486, 1.6843078764974413, 1.6832037413298013, 1.680256165162876, 1.6752843615648096, 1.6767091736406416, 1.6769759495225771, 1.6786646096023798, 1.6734452432675941, 1.6778729101297492, 1.6770064719193432, 1.6797818888599447, 1.6693736757986821, 1.6678516925368505, 1.6683276596681165, 1.6733865816316924, 1.66695810960772, 1.666421365549799, 1.6653128535652755, 1.662518787191752, 1.6633001381680121, 1.6655226889340078, 1.657956417420897, 1.6558747125088564, 1.6571295547091227, 1.656424871243618, 1.6551147128020143, 1.655163865144425, 1.65643513151208, 1.6588573049052346, 1.6497628070962977, 1.6496271844711627, 1.6494263536368334, 1.649851965671505, 1.6501384331267386, 1.6455038333165395, 1.6442412018785164, 1.6416739055170924, 1.641482388199009, 1.6418204360794646, 1.639139186367794, 1.6425354877492755, 1.640391897972318, 1.6360781044471497, 1.637134651434498, 1.6358535691037281, 1.633069759226676, 1.6298405816548183, 1.627721665533354, 1.6258693264017374, 1.6290386913829327, 1.628569293337443, 1.6219158264096496, 1.618796914766659, 1.6169114554653885, 1.6162521243145358, 1.6142376565560823, 1.616157979115523, 1.6135996851782206, 1.6126301750681158, 1.6079742110542734, 1.6043879496416849, 1.6014065831922046, 1.598567755443448, 1.5966460737354875, 1.5950364204778147, 1.5901871844892272, 1.5875691231091629, 1.5858531182012463, 1.5813095546691047, 1.5766864861781533, 1.5720672996668483, 1.5674517019186887, 1.5628390743920635, 1.5582300604458503, 1.553626566479403, 1.5490339430188704, 1.5444775952300358, 1.5419394176295778, 1.537171899918388, 1.5333046761959492, 1.5297826810481756, 1.5314897857894763, 1.530380236259981, 1.5313482523911264, 1.5292827240412477, 1.5271801060228083, 1.5216853715611804, 1.5187895725939304, 1.5208462929846398, 1.5202608182657886, 1.5158075514976463, 1.5147370151286927, 1.5152702140552785, 1.5143727844972739, 1.5131976390657191, 1.5121168883276332, 1.513150756800235, 1.5097297253935185, 1.5053136873865167, 1.503356069872189, 1.5128641194756907, 1.5038245591940436, 1.5006397810673424, 1.5023084950755898, 1.4970761458106212, 1.4962883522894255, 1.4951540960464917, 1.4985112438624046, 1.4930488599475602, 1.4893255652164832, 1.4897036111823276, 1.4892778814486023, 1.4890662100723164, 1.4929966317158072, 1.4833494494762256, 1.481202789458473, 1.4818352524421015, 1.4808922332066115, 1.4828538819255495, 1.482142611770568, 1.4768508160216238, 1.4765960499076236, 1.4768178350436278, 1.4760400454286413, 1.4812764912933598, 1.4685455654157955, 1.46595598337644, 1.4662588108832741, 1.4658889717938188, 1.4658223238411245, 1.4634971705576443, 1.4583186175256992, 1.4541067821871645, 1.4532398530374429, 1.4529638948268788, 1.4491703793906427, 1.443711439658237, 1.4385920089839321, 1.433348173829272, 1.428128904341429, 1.422952343006146, 1.4177989933669677, 1.4125691285509736, 1.4076491380751968, 1.4029168851185836, 1.3983466769768729, 1.3954467069747056, 1.391070212308022, 1.3855519502036175, 1.3805969095230084, 1.3763518959881529, 1.3723594248967697, 1.3680751829735387, 1.3628561764910094, 1.357722951505737, 1.3526247351053804, 1.3475021530475866, 1.342722768118069, 1.3375426463114297, 1.3332062860449279, 1.3286013014194555, 1.3231567901079586, 1.3177396335978036, 1.312325388355745, 1.3069230485200256, 1.3015407509020465, 1.2962151544380067, 1.2916556302354392, 1.286028864341984, 1.2805296929347973, 1.2751204410988402, 1.2697654373061165, 1.2647884225234236, 1.2594491260322047, 1.254129234114363, 1.2488350504496974, 1.2437326448364368, 1.238378724371374, 1.2330971851006851, 1.2278856398473634, 1.222551552469993, 1.2174142684806095, 1.2120802549180114, 1.2067569826751414, 1.201718743329291, 1.1963523212152969, 1.1910272758465557, 1.1858061278775724, 1.1805169119802315, 1.175203657756698, 1.1730725746851627, 1.171157755491369, 1.1727127511076305, 1.1674992215923443, 1.1625917717857799, 1.1555254934358947, 1.1488347852274214, 1.1424297335621392, 1.1391239340545634, 1.133310954498775, 1.1284345023739293, 1.1226330632893589, 1.1178844060550464, 1.113938299675974, 1.1069214458333438, 1.1011153501552142, 1.099119441691597, 1.09461565609666, 1.0917939127282132, 1.0853613800328064, 1.079028089106981, 1.0737266783511479, 1.0714437457658337, 1.0667279642323608, 1.0654457009989615, 1.0641312896799038, 1.0588960384761819, 1.057286684734778, 1.0538246951821835, 1.0469665510074135, 1.0418824243750464, 1.0384775367776986, 1.0431997661504178, 1.037612965626702, 1.0320269991739788, 1.0309823659647923, 1.0305952868527288, 1.0269521015389529, 1.0238788288371246, 1.029206682688217, 1.0212763706251662, 1.015257034840106, 1.0151364848795592, 1.015271769908819, 1.014881292139663, 1.0137396544211321, 1.0067397550294361, 1.0035082415063759, 1.0029382912087064, 1.0028043891167457, 0.9953603664426582, 0.9913612030664257, 0.9852806050979899, 0.9802668809382133, 0.9783939899144465, 0.9787643040950448, 0.9795237877003227, 0.9757540438525112, 0.9771029346810797, 0.9756193270749951, 0.9674061785824022, 0.9617515850618132, 0.9563823086379541, 0.951686249210124, 0.9475733962899473, 0.9414254150021188, 0.9357322334940279, 0.9322275058672288, 0.929956416285326, 0.9324064821520074, 0.9313877828771372, 0.9260764752710173, 0.9202869718882055, 0.9145016238225345, 0.9095062934273549, 0.9070663704203379, 0.9093760895680084, 0.9055495264365423, 0.9022318892153744, 0.8988419551649297, 0.8960174852986288, 0.8950992978522172, 0.8918090148875217, 0.8851055349181521, 0.8864431691489914, 0.8842751734266698, 0.8797794898340447, 0.8770312878546851, 0.8742014247495776, 0.8722393283451528, 0.8743262635169362, 0.867298553644219, 0.8615923113231255, 0.8562714190874426, 0.8527895818442149, 0.8510971970111589, 0.8441135007255792, 0.8406273464229856, 0.834987859004212, 0.8336864986073379, 0.8304368146027795, 0.8271243773294301, 0.8245854295118693, 0.828269626941956, 0.8260001193171477, 0.8168610370116834, 0.8134966299255828, 0.8096307302363182, 0.8073463798487643, 0.808184708421893, 0.811602021108776, 0.8071871187081808, 0.8064672191294792, 0.8071304655188446, 0.8069627990719337, 0.7984503461042006, 0.7969031501493353, 0.7915735875400289, 0.7923409209199236, 0.7936559672771997, 0.7936183442562643, 0.7907788888892483, 0.7894206110924635, 0.7900708076900597, 0.7824376730056996, 0.7768527191830117, 0.7721567996261822, 0.7671764970120831, 0.762599018955028, 0.7610043806256449, 0.7608542557335135, 0.7586083259670292, 0.7575842495827304, 0.7577101740430161, 0.7513622174783221, 0.7459563716246691, 0.7464398639300056, 0.7473004903050104, 0.7395455151495245, 0.7337569701495327, 0.7303310509746543, 0.7281533720281606, 0.7280401414510267, 0.7275424410846548, 0.7231390936727135, 0.7236149870054591, 0.725445519199662, 0.7155410514084317, 0.7089550045171482, 0.7049900332240127, 0.6986712244959576, 0.692347535249412, 0.6863885013888945, 0.6807287774781712, 0.6744357386650204, 0.6689047329943193, 0.6631018142645464, 0.6578800110208525, 0.6528858743168764, 0.6511157973842823, 0.6466162235793445, 0.6398812823869449, 0.6336650529709779, 0.627773057534039, 0.6231152969743213, 0.6224656725975934, 0.624031152802531, 0.6191403705500325, 0.6179862438885246, 0.6170806918659588, 0.6101055781844404, 0.6055941026918003, 0.6033645913345511, 0.6012257211041965, 0.5980043160353503, 0.5941049837121253, 0.5995347228481313, 0.594734366665632, 0.5921553693265857, 0.5913058603682682, 0.5851624942063138, 0.579803085316693, 0.5771550506617866, 0.5809369407019016, 0.5775718801637988, 0.573426399952126, 0.5695692263657753, 0.5672672684026449, 0.5685574965171942, 0.5631737713071888, 0.5627218745043399, 0.5596467829049407, 0.5532543540267377, 0.5514036671264806, 0.5512313262377531, 0.5479588568560698, 0.5440881084007119, 0.5409601021889558, 0.5400114633272399, 0.5333126619947767, 0.5319969648462924, 0.5251867898392788, 0.5202920987491673, 0.5166597499752105, 0.5150156078294601, 0.5151224158611444, 0.5128108896743814, 0.515483641535349, 0.5118047231186725, 0.5065770367685287, 0.5046471792520002, 0.5055053216472298, 0.5044692943445594, 0.5030968407020102, 0.4963637918507744, 0.49487426961889974, 0.49499918104665286, 0.4951503351720769, 0.4906346971062366, 0.4877563011044108, 0.48640877314658904, 0.49092189515601903, 0.4832729385701525, 0.47721361368297316, 0.4749486981426593, 0.4747856757124545, 0.4756523597894057, 0.47573808203348034, 0.477596955936861, 0.46886292579713806, 0.4639415640521657, 0.46153504158336206, 0.45696974562908543, 0.4516897669539799, 0.44960268073228715, 0.4503354939672949, 0.4486262171753498, 0.4431579478086424, 0.4408392357535405, 0.4388891076213392, 0.43765946216649115, 0.4386984468913431, 0.43393772635255967, 0.43391350328922673, 0.4377595265599111, 0.4288766377651145, 0.4230138715844837, 0.41834705020378316, 0.41538201329109214, 0.412426351440719, 0.4108266526135437, 0.411271613990564, 0.41207863699243064, 0.4126474377812467, 0.4074002541440811, 0.40570135034756094, 0.39954804326273974, 0.3955061178834055, 0.3963540894828829, 0.3951940233707052, 0.3952294413289478, 0.39516084082190805, 0.39257801509494755, 0.38761939250027433, 0.3850308643767427, 0.3818037857733816, 0.37799629942949275, 0.37554469873140894, 0.3746673188145208, 0.36729895208346425, 0.3645501898848147, 0.36113663235326565, 0.3579024451530858, 0.3609205034939754, 0.35838466898381194, 0.3575251236621011, 0.3565119401201927, 0.3609265443893515, 0.3568508401512649, 0.3505462996665604, 0.34743472137368847, 0.3457093862761473, 0.3406189441301224, 0.3359496891875733, 0.3345436353327813, 0.3332114186038435, 0.33405492395420305, 0.3299216597608574, 0.32596376226365864, 0.32496550096065846, 0.3325279715173105, 0.3243873389547599, 0.31840928078626995, 0.3137095182333087, 0.3109628166682291, 0.309349354012013, 0.30815693956466295, 0.3089942381946259, 0.30824663981859607, 0.3066562147359274, 0.30682176720477505, 0.3047538456818359, 0.30012190010851647, 0.29779142871076003, 0.2980179760783985, 0.29857205392913366, 0.29804724652411396, 0.29837133789630055, 0.2940608211491763, 0.2945666453512724, 0.29259315993184776, 0.2889884329131631, 0.2880594942744321, 0.28659388899586535, 0.28512077557829263, 0.28758214809521665, 0.28315931838263897, 0.27723840286461376, 0.27465684251677447, 0.2718167084603821, 0.2705695236997987, 0.26591272255842113, 0.26205411208260565, 0.2585028857500421, 0.25533279847216317, 0.25146003337807865, 0.2476247524670181, 0.2430433726925435, 0.23926418660762738, 0.23571062495868045, 0.2330646042354182, 0.22976352894446783, 0.2253195833330648, 0.22178333180950494, 0.21812906625648865, 0.215816945927358, 0.21311607057463933, 0.21056851391912046, 0.2108003639200946, 0.2108701679134799, 0.21333228544969374, 0.21021204019852757, 0.2059102610430178, 0.20503435612694887, 0.20705129831552627, 0.2068908664917659, 0.20075067638876676, 0.19881066461226815, 0.19706131947678018, 0.19862838175123976, 0.1963840318524661, 0.19350769090779563, 0.191183354199434, 0.18901204158509133, 0.18543425724456297, 0.18306684110639582, 0.1858667803192694, 0.183657882935226, 0.18078300256434543, 0.17731175661755139, 0.17734798421138065, 0.17826651807340443, 0.17692114167458473, 0.17716291229698777, 0.17275682945812776, 0.17242357483667892, 0.17178724280894841, 0.16874019262675177, 0.16644705376078672, 0.16333537842358303, 0.16053073841665066, 0.1624036835427386, 0.1608647846772845, 0.15718740900431616, 0.15535073464514915, 0.15457111214827945, 0.15468819421404534, 0.15351273685675193, 0.15529560172188173, 0.15496056309627815, 0.14955669752368994, 0.1490095274065235, 0.1495714655988264, 0.14766754782310465, 0.14433853729039103, 0.14440061354993605, 0.14452672421862411, 0.1487051518910456, 0.1439471303654305, 0.1404242794042887, 0.13788723092723765, 0.13646494569934975, 0.13790254908304167, 0.13528272838760236, 0.13557311042548748, 0.13563868800180856, 0.1332451311358056, 0.1313804222584296, 0.13011311054730568, 0.13269937974238077, 0.1292829045544145, 0.1277157975022366, 0.12605958391249505, 0.123853040613354, 0.12232553286870529, 0.12053791966626759, 0.11999494908898212, 0.11785092747798576, 0.11742708546168301, 0.1152500339089686, 0.11253090908781993, 0.11146942854065611, 0.11174987785196155, 0.11096379223816466, 0.10893853750067828, 0.10693315696303274, 0.10739032104010227, 0.1067629082035596, 0.10430084950482377, 0.1037569644231785, 0.10641710586460407, 0.10500661776391718, 0.10062470357039732, 0.09889605068498597, 0.09962839966084991, 0.0989182318682158, 0.09897279287139549, 0.09996122481533587, 0.09728545099458852, 0.0973251971584711, 0.09622682522059833, 0.09469803860915471, 0.09698425527231702, 0.09392708346973566, 0.09258322757495063, 0.09373187339862232, 0.09246325300850788, 0.09246604113225942, 0.09349334212949179, 0.0935763529460768, 0.09116731329853967, 0.09109299339658028, 0.09098484051413303, 0.09020152016723593, 0.08953583786716024, 0.08830277061257596, 0.08751604907502142, 0.08656086520351403, 0.08639216823687246, 0.08627292136464604, 0.0853894033192355, 0.08559648001793918, 0.08496968614554523, 0.08383641389487428, 0.0827901443174045, 0.08330521998383345, 0.08262868557746827, 0.08176871844373568, 0.08124102562318036, 0.0810176781490658, 0.08119146932258936, 0.08039011557854758, 0.07990392846793426, 0.0796197413858023, 0.0794880226638277, 0.07897079772813564, 0.07762554205619787, 0.07659498247215024, 0.07633722122637521, 0.07625356963854657, 0.07601980829652732, 0.07560401122330818, 0.07705857642626668, 0.07564050815303747, 0.07473172429727926, 0.07357654702929417, 0.0729500372266112, 0.07221714591225847, 0.0721201637327501, 0.07199726713122645, 0.073195876911744, 0.07165496579926545, 0.07113016704533315, 0.07065631617659573, 0.06993740562256068, 0.07045909190056054, 0.07059342117814649, 0.06883410412604951, 0.06797301281373325, 0.06706200701164955, 0.06653307565727129, 0.06598067249364281, 0.06558587535337357, 0.06575053768447925, 0.06480853652212892, 0.06456184471356763, 0.06376376899127045, 0.06315446577015238, 0.06252793893198061, 0.06322543449320106, 0.0624626031708333, 0.0616708663835186, 0.06143897758733263, 0.061370225044010907, 0.06078190265146588, 0.061132267148304775, 0.06106129494489221, 0.059880747500340115, 0.060021945700025836, 0.059897384186257785, 0.05932120231492033, 0.058488794506144304, 0.05780073553271381, 0.05758837664771854, 0.05754856325968549, 0.057723611996928326, 0.056585669812871386, 0.0560645731685685, 0.05594754190327056, 0.05566943302179883, 0.05515953059064804, 0.05518908935098599, 0.054744221675120386, 0.05499986216326047, 0.054787627033554887, 0.053978857956811566, 0.054401945747410974, 0.053924785086605254, 0.053572309395771844, 0.05357985623472905, 0.0537695814360013, 0.053163651819718494, 0.05292641652347618, 0.05332208162949448, 0.053546397015476255, 0.05201607385375939, 0.051835508144319364, 0.05188548074359489, 0.05183662110032361, 0.05209959705349587, 0.05204491694821989, 0.05192729175264943, 0.05122489431807986, 0.050609985160549376, 0.050298127011009997, 0.05005586903804704, 0.04985906242211979, 0.050307784346526385, 0.05024534432639005, 0.050061513885825026, 0.0492776614840843, 0.04871220932110021, 0.04837441905080675, 0.048772691861473594, 0.04876701070612799, 0.04784130317574009, 0.04725412146245145, 0.04710736063337295, 0.04719787065262937, 0.046589761495862136, 0.046349773404208094, 0.045889747553775395, 0.04667825269375436, 0.04573255586491476, 0.045236315698093166, 0.04549051892085376, 0.04521103354363487, 0.045012865178546635, 0.04498341761065239, 0.04540048372541494, 0.04470937287425936, 0.044204172692786314, 0.04428692576277293, 0.04447981924905653, 0.043902651941642445, 0.04351169361776086, 0.04325578994435919, 0.0431896700955966, 0.04323934357238046, 0.04315897480896136, 0.04358514276422676, 0.042707935458889734, 0.042662946404207314, 0.04301224320883146, 0.042351217393070906, 0.04251493620377622, 0.04222218506646225, 0.041799874046939633, 0.04167993401827652, 0.04160386048161435, 0.04138749720102064, 0.041781103031275024, 0.041045832398332815, 0.04110477747847774, 0.04106387072114215, 0.04086704569765798, 0.04070283060307711, 0.04075775588287878, 0.0406684023136451, 0.04039104407641203, 0.040089480749282536, 0.040153108824508954, 0.04031363061760207, 0.039858198371662934, 0.03984407271347212, 0.04022295686338051, 0.039596502933335276, 0.039307557070045296, 0.03991839848705814, 0.03918985058523683, 0.039531622917498455, 0.03931055469418088, 0.039383308880496126, 0.03879895802890532, 0.03854957575457785, 0.03819041733919715, 0.038380724093433516, 0.03817674106437696, 0.03859493386584234, 0.038237484714694236, 0.03780605935217762, 0.03779161886783666, 0.03778557558340767, 0.03855426067194878, 0.038011961122426, 0.03749336825716565, 0.03744892187837001, 0.03749653423293742, 0.037510058992739514, 0.03749893882509303, 0.03723755445923249, 0.037130734163517976, 0.036959550717175715, 0.03684114580910669, 0.036866503248423554, 0.036803078673973255, 0.03672771786819862, 0.03678510952948233, 0.036593208022052126, 0.03641789492177383, 0.03636159338779066, 0.03624233681390643, 0.036240916660788325, 0.03633775714486365, 0.03614292843115974, 0.03612762283798421, 0.03610549620447567, 0.03589271527334259, 0.035734981219511464, 0.035609058309048036, 0.03562397595768507, 0.035611943572332216, 0.035751931888876376, 0.03560241835810096, 0.03556830912345332, 0.035591299954313316, 0.035415541085404456, 0.03535376593263795, 0.035225094953113656, 0.035193165422700234, 0.03508663382642885, 0.035096447446163914, 0.03517680530246958, 0.03498811604012819, 0.03496385045756112, 0.03497825431490531, 0.034902537288672986, 0.03483792549120546, 0.03471410233675165, 0.03466472352880956, 0.03455746049574071, 0.034753498258675464, 0.03453189275208535, 0.03443965096711077, 0.034510463600368024, 0.034444605283652674, 0.034367470911953135, 0.03439917387474889, 0.034411141968084924, 0.03428646201700791, 0.03437666553019503, 0.03433777509940805, 0.0342767644305938, 0.03431267294449003, 0.03418851107654863, 0.034256569572666984, 0.03413267440121637, 0.03409082356931448, 0.034071905907801514, 0.034112323114314, 0.03407190747507516, 0.03408100964760552, 0.03407446384201629, 0.03413090765615068, 0.03402697730842619, 0.03395918375395601, 0.03398247308451663, 0.03397590427377839, 0.0339201864171792, 0.0338901514874731, 0.03390844059861686, 0.033893085036353576, 0.03385682615438945, 0.033842100566554345, 0.0337912836126123, 0.03374026969623567, 0.03369509646798097, 0.03365613597283823, 0.03363880475529479, 0.03361370212176229, 0.03360486566924048, 0.03361089415567309, 0.03358002691797646, 0.033602325601919225, 0.03355357315151586, 0.03350870267688877, 0.03352575959971138, 0.03351752565739574, 0.03352576741410862, 0.033505549488018205, 0.033501795765628506, 0.03349532096113972, 0.03348380082163693, 0.03345722176500954, 0.033426737438671306, 0.03339851839027097, 0.033350216255566445, 0.03331904311717704, 0.03330711000495867, 0.03327518634281401, 0.03326702966982986, 0.0332595506796991, 0.033223752211417046, 0.03328521996127454, 0.03323114076058109, 0.03318729768311124, 0.033208098898870886, 0.033202806339629465, 0.03318048657114381, 0.033187548839392345, 0.0331437388556145, 0.033117393132017336, 0.03310830471627246, 0.0330938252458538, 0.03310652429203498, 0.03308398924042344, 0.03305223099110266, 0.03305028608098404, 0.03304148174706567, 0.03303554752079085, 0.0330325655366166, 0.03306302873952116, 0.0330251727212334, 0.03298599742078934, 0.03295769135316007, 0.03296854361915502, 0.03296094380921222, 0.032945777010694455, 0.03293881482728789, 0.0329200066666161, 0.03290217488397296, 0.03290713020479252, 0.032885172352013825, 0.03290084234816115, 0.032876127397413635, 0.032842433699283746, 0.03285917345346889, 0.032839780554750564, 0.032863490141204155, 0.03283795100727427, 0.03283367526590697, 0.03283883251710196, 0.032821833034468284, 0.03281929368532821, 0.03283365912913172, 0.03279800657115739, 0.03277741115014088, 0.03277027681646749, 0.03276693028755495, 0.03276551756067991, 0.032766887104497155, 0.03277141932881611, 0.032746607489474666, 0.03273243973071016, 0.03272429535133603, 0.03270466403873884, 0.032686180108932095, 0.03267209896000367, 0.03265984258985033, 0.03265757296940741, 0.032659053602098864, 0.03266035898044739, 0.032652456099393046, 0.032648041806328965, 0.03264356203294361, 0.0326299481108181, 0.03263621186204524, 0.03263509086888172, 0.032619194726548506, 0.03261179882515375, 0.03261395115317256, 0.032611808173377055, 0.03260271245938784, 0.03259969842968691, 0.03261117290755078, 0.03258077406294779, 0.032564698749715904, 0.03255042258070995, 0.03253733568850492, 0.03252741889691946, 0.03252452899147962, 0.03252627986757384, 0.032530958636065366, 0.03252159693890144, 0.03250779207661503, 0.03249427745474087, 0.03248912108859747, 0.03247985806191578, 0.032484893675005844, 0.032473499181279286, 0.03246485423522416, 0.03246157506349745, 0.03245994548512565, 0.032452203705649274, 0.03244399963186173, 0.03244838634264924, 0.03245308326528429, 0.032429250549444566, 0.032418833821256876, 0.03241637286066379, 0.03241875069130018, 0.03241224560192735, 0.03241162808260212, 0.032417689732705646, 0.03241265668376314, 0.03239886826032712, 0.03239362223348086, 0.03239612381961521, 0.032390024770616144, 0.032384472754410476, 0.03237443249710403, 0.03237180932121664, 0.03237081846185852, 0.032372657040491526, 0.032369791948897886, 0.03236517042620635, 0.03237146370538313, 0.03235863295074504, 0.032346781573000305, 0.03234205609811025, 0.03233801705909267, 0.03232954033217439, 0.032330307228022215, 0.032335124358248146, 0.0323286468863605, 0.03232342822333245, 0.0323163426796087, 0.03230589484781532, 0.03230144047056904, 0.03230961701798929, 0.03230374648613521, 0.03229527733067983, 0.03228680193306277, 0.032294699955920825, 0.0322859711915896, 0.03228021158688099, 0.03228089476451457, 0.032278952147804074, 0.032273323474715565, 0.03227608622553979, 0.03227402453038386, 0.03228476997305707, 0.03226841817523596, 0.032257819114467456, 0.03226038253230368, 0.032259562381904194, 0.032248906414112266, 0.03224255961532063, 0.03223497210518045, 0.03223365472769868, 0.03223426300523602, 0.03224009297673058, 0.032234599167698774, 0.03222405052719712, 0.032230004729779216, 0.032224125951781035, 0.03222431151571736, 0.0322264443272553, 0.03221952620524404, 0.03221986957747924, 0.032220252200789834, 0.0322206101501592, 0.032220599045798104, 0.032215656821927174, 0.0322150313046623, 0.03220993843495845, 0.03220677346598533, 0.032202088554041275, 0.03219848862976815, 0.032193940735091076, 0.032189927404154384, 0.03218573704485461, 0.03218253329965293, 0.03217862727240983, 0.032176203421895755, 0.03217218450558501, 0.03216880075480033, 0.032165672714255855, 0.0321629268401703, 0.032159695136143585, 0.03215976523240838, 0.03216079491369306, 0.03215521292411738, 0.03215565192449665, 0.03215617071548238, 0.032152070086091555, 0.03214927787182942, 0.03214873805770113, 0.03214923872969011, 0.03214882935738139, 0.03214994226388812, 0.03214521933264325, 0.032142877827232574, 0.032142121475426055, 0.032139663403545904, 0.032136022878213044, 0.03213256319301594, 0.03213169461894183, 0.03212958962807644, 0.03212717993740122, 0.032124224976849414, 0.03212224260953511, 0.032124904261684684, 0.03212328692798705, 0.03211963443758048, 0.03211731422044761, 0.03211480145208645, 0.03211294000440179, 0.03211265770027738, 0.0321144497892869, 0.032110334127404605, 0.032110370306301705, 0.03211042081476745, 0.03210667742577378, 0.03210558411577513, 0.03210479540123301, 0.03210595420095286, 0.03210415412104117, 0.032101830423106104, 0.0321005475074273, 0.03210261543998183, 0.03209966281773191, 0.03209658907093238, 0.03209571522322274, 0.032094128866843485, 0.03209431210485536, 0.03209315286109948, 0.03209121783732183, 0.03208866942081812, 0.03208860113985734, 0.03208786595124291, 0.032085689601487055, 0.03208469282130577, 0.03208678614054761, 0.03208605954017385, 0.032083453256932626, 0.032080595578525384, 0.03208006535749497, 0.0320811618689244, 0.03207847838839728, 0.03207998507525811, 0.03207744570126492, 0.03207539696539641, 0.03207369288856721, 0.03207446617756249, 0.032073430221108534, 0.032073730791193356, 0.03207341663251673, 0.03207342258489865, 0.03207282914574383, 0.03207120396401508, 0.032071081618233466, 0.0320714137493725, 0.03207193880877812, 0.032072992269088996, 0.0320686360393887, 0.032068949653556555, 0.032069855587158136, 0.032067620710575784, 0.03206742826633091, 0.032068497400947193, 0.032064957839928576, 0.032063942738240536, 0.03206367326908932, 0.032062747422184734, 0.03206017631101554, 0.032058341618192654, 0.03205832915140272, 0.032057593079281244, 0.032056743742418736, 0.03205570331166663, 0.0320580278185687, 0.032056860228530604, 0.03205540597569756, 0.03205512246416742, 0.03205194831100289, 0.032050245505928054, 0.032050194724669856, 0.03205062446237572, 0.03204964642557151, 0.032049614277308014, 0.0320494410171156, 0.03205166368364798, 0.03205126329673913, 0.03204660583029573, 0.03204659526376885, 0.03204708538377243, 0.032047110085309805, 0.03204773664080485, 0.03204700292444085, 0.032046479426376506, 0.03204430440363559, 0.03204367889432336, 0.03204409870113256, 0.03204238823286232, 0.03204292498795014, 0.032042940834160705, 0.0320415705446484, 0.03203996873516124, 0.032038984902658885, 0.03203858920836211, 0.032039640830764604, 0.03203868101425189, 0.0320388808998453, 0.03203807146709936, 0.032036301732245476, 0.032036869779134336, 0.03203612818654222, 0.032035257589531074, 0.03203432626766378, 0.032035488749956875, 0.0320351519327432, 0.03203366947603514, 0.03203384559010447, 0.03203340998193649, 0.03203384398696807, 0.03203278971135781, 0.03203154541277542, 0.03203195680245208, 0.03203243417505375, 0.03203073250119404, 0.032031998554075014, 0.03203015607605908, 0.03202935091243786, 0.03202995501857653, 0.03202982128310505, 0.0320297113502237, 0.03202839793484302, 0.032031971493394984, 0.032029054355409925, 0.03202747556412322, 0.03202743460455337, 0.032028074486481484, 0.03202840650025662, 0.032027049775177896, 0.03202586274290953, 0.03202587369320553, 0.0320256686686583, 0.032026054326635744, 0.03202583295997474, 0.0320278384852396, 0.032025132199906325, 0.03202493822525143, 0.03202488580774587, 0.03202421676742184, 0.032023687025736325, 0.032023722418526246, 0.03202391547999839, 0.03202335418307345, 0.03202338544675032, 0.03202332807838715, 0.03202293958927438, 0.03202279407129627, 0.03202312341166502, 0.03202279138922015, 0.03202262266891864, 0.032023282108100015, 0.03202280601671015, 0.03202194028255412, 0.032021934807089814, 0.032022310939444965, 0.03202127893679396, 0.032020982098605266, 0.032021067050688745, 0.032021106988058046, 0.03202141639422629, 0.03202105020589174, 0.03202091867756096, 0.0320207573024448, 0.03202016208913061, 0.03202004605319331, 0.03202004575261275, 0.03202046430868233, 0.03202012987483793, 0.03201996138509211, 0.03201968981751002, 0.03201940335018172, 0.03201932271741448, 0.03201920118857848, 0.03201901050109246, 0.03201892672789686, 0.03201877742533299, 0.03201905726185972, 0.03201854595443576, 0.03201800987696535, 0.03201771997791414, 0.03201763435957117, 0.03201770330868692, 0.03201787520097277, 0.03201742876689817, 0.03201821157946494, 0.03201735336106082, 0.03201717571521889, 0.03201677517008461, 0.0320171757126938, 0.03201683420837187, 0.03201647557401366, 0.03201685245852359, 0.03201667942920727, 0.032016620381774774, 0.032016558215604896, 0.032016208757935205, 0.032016393599500925, 0.03201609747153156, 0.032016061159259035, 0.03201592109521578, 0.03201580212929245, 0.03201586515241672, 0.03201583368138128, 0.03201581042309798, 0.032015767255609506, 0.032015551101930106, 0.03201544284074942, 0.03201534320424204, 0.03201548549743016, 0.03201536735809518, 0.03201511674780322, 0.032015034577151935, 0.032014866555783894, 0.032014860357183705, 0.032014847279030034, 0.03201484298630697, 0.03201476480996002, 0.03201462956652301, 0.03201467476385622, 0.032014544418253466, 0.0320144060270704, 0.03201438543901647, 0.03201434713412987, 0.03201425697616955, 0.03201416830810311, 0.03201412880007426, 0.032014205548652974, 0.032014062154815615, 0.03201394338921293, 0.03201393712923839, 0.03201381556605731, 0.03201370446875329, 0.032013714505346624, 0.03201369559599421, 0.03201356541271594, 0.03201364631609549, 0.03201356315697468, 0.032013630065191534, 0.03201351608414882, 0.032013436649939164, 0.032013465219598136, 0.03201352043369132, 0.032013504080105615, 0.032013437526135835, 0.03201336037638092, 0.03201331276093777, 0.03201331746429892, 0.03201330467808339, 0.03201331330979462, 0.03201331395559581, 0.0320132591784954, 0.03201319198323771, 0.0320131309017504, 0.032013066418452585, 0.032013014693731745, 0.03201296592573355, 0.032012915510316375, 0.032012890145588946, 0.032012892917394176, 0.032012860722363756, 0.03201280660685657, 0.03201278612115821, 0.032012785152075396, 0.03201281642593168, 0.0320127524863999, 0.03201264949291327, 0.03201261645040121, 0.03201261962152324, 0.032012614122408745, 0.032012579244575345, 0.032012536201870945, 0.03201251323320997, 0.03201250553380808, 0.03201256579031231, 0.03201250880164341, 0.03201244010677895, 0.032012381995021655, 0.03201239225094954, 0.03201238933695283, 0.03201238447472554, 0.03201239229594266, 0.03201233296490291, 0.03201232234186102, 0.032012323448402547, 0.03201226959651893, 0.03201223497433825, 0.032012272319818846, 0.032012258872095134, 0.032012182486855556, 0.03201215991097972, 0.03201216739722579, 0.03201213759328969, 0.032012114566490224, 0.03201211410956284, 0.032012072024353855, 0.03201201082431304, 0.0320119691879559, 0.0320119347912694, 0.03201194239694116, 0.03201193879943587, 0.03201193123271562, 0.03201190734207482, 0.032011897096687614, 0.03201188122906773, 0.032011824262033306, 0.032011786560298794, 0.032011788969778965, 0.032011803018474616, 0.03201174812260521, 0.03201173472816843, 0.03201174353268155, 0.03201172480399661, 0.03201173759398135, 0.03201171644468637, 0.032011717841530896, 0.03201175978197823, 0.032011667607095506, 0.03201163412825614, 0.032011629618279525, 0.03201164774126741, 0.032011614876557015, 0.03201160260054414, 0.032011573364934875, 0.03201157977639579, 0.03201160000218706, 0.03201152761936388, 0.03201148981053192, 0.0320114783256259, 0.03201144984031201, 0.03201143168612852, 0.03201144051995386, 0.03201143379265914, 0.032011450938078334, 0.03201139811610698, 0.03201136650459724, 0.032011364494181405, 0.03201140861639107, 0.03201130946482944, 0.03201129397997804, 0.0320113091034816, 0.03201128003006848, 0.03201126769050244, 0.032011283103707044, 0.03201128132432951, 0.03201123638540859, 0.032011197511758516, 0.03201119602910141, 0.03201120021197501, 0.03201117834191258, 0.03201122978638726, 0.03201116211842958, 0.03201111252098621, 0.03201109285507875, 0.03201108639672268, 0.03201109818818226, 0.03201105796381798, 0.03201103610215972, 0.03201104778771624, 0.03201102138679668, 0.03201102693870295, 0.032011021250825555, 0.03201099172821942, 0.03201096590433117, 0.03201096232763134, 0.03201096713943108, 0.03201095186893288, 0.032010917500999714, 0.03201088269799124, 0.032010859394748126, 0.03201086591289348, 0.032010854366982366, 0.03201082759081686, 0.03201080435271819, 0.03201079089465808, 0.032010783368562334, 0.032010792366741425, 0.03201076796016333, 0.03201075162741196, 0.03201082025857038, 0.032010737299803305, 0.032010709430075446, 0.032010716679745976, 0.03201071062600369, 0.032010705708725995, 0.03201069580525617, 0.032010701209869374, 0.03201068940858798, 0.03201066368419303, 0.03201067121555068, 0.032010683094072956, 0.03201063245268432, 0.03201063916283908, 0.032010637141753895, 0.03201062983148595, 0.03201062918178765, 0.03201063016240946, 0.03201064255282371, 0.03201061506452929, 0.03201067140955649, 0.032010611583782045, 0.03201058371157295, 0.03201059188534483, 0.032010580551328216, 0.03201057744886482, 0.032010577501915605, 0.032010546666774053, 0.03201052647735081, 0.03201053613082239, 0.03201053250057362, 0.03201055620260129, 0.03201052716837938, 0.032010505269085776, 0.032010488553136596, 0.032010476655134346, 0.03201045193862462, 0.0320104395251144, 0.03201042876477711, 0.032010430947532975, 0.032010422934572125, 0.032010426593747754, 0.03201042587347269, 0.03201040574978831, 0.0320104184708494, 0.03201040942053057, 0.03201039756360069, 0.03201042230373319, 0.03201040858466164, 0.032010392679320376, 0.032010387814376706, 0.03201038631761832, 0.03201039970727304, 0.03201036430545723, 0.0320103596013146, 0.032010344308129324, 0.032010374147572684, 0.032010341655578034, 0.03201034580400053, 0.0320103539319454, 0.032010318529168136, 0.03201031453289793, 0.032010307319934705, 0.03201030968463736, 0.03201030231295099, 0.03201029972766434, 0.03201028387246374, 0.032010281123385886, 0.03201028143638096, 0.03201028042627452, 0.03201027816101909, 0.03201027488458319, 0.03201026518177452, 0.03201026264537088, 0.03201025330329088, 0.032010249664644275, 0.03201024871955194, 0.03201024865882374, 0.03201025028928295, 0.032010246206426674, 0.03201024112681017, 0.0320102474239532, 0.032010241630502145, 0.03201023442760298, 0.03201024319348755, 0.03201023694804006, 0.03201022846046753, 0.032010228644010374, 0.032010231146603285, 0.03201022687648114, 0.03201022394951292, 0.03201022050028268, 0.03201022252020391, 0.03201021887128774, 0.032010213685578215, 0.032010216397100555, 0.03201021638500812, 0.03201020949848943, 0.032010214735312514, 0.03201020992567172, 0.032010207263445944, 0.032010204619481675, 0.03201020505575558, 0.03201020236424479, 0.03201019887725742, 0.03201020132778398, 0.03201019834993779, 0.03201020020265044, 0.03201020237309804, 0.03201020165139323, 0.03201020152911527, 0.032010196854349804, 0.0320101959059218, 0.03201019789755766, 0.03201019284740636, 0.03201019090947077, 0.03201019185770004, 0.0320101892918746, 0.03201018717579718, 0.03201018469972994, 0.03201018395293087, 0.0320101862237111, 0.03201018054658877, 0.032010179027511465, 0.032010178786468835, 0.03201017720345112, 0.03201017512499149, 0.032010178526354016, 0.03201017559929564, 0.03201017297928466, 0.032010169587079695, 0.03201016931178857, 0.03201016881641905, 0.03201017064635314, 0.032010169918220366, 0.03201016551459768, 0.03201016708115678, 0.032010165562608384, 0.03201016588654926, 0.0320101665961281, 0.03201016385981048, 0.0320101624085426, 0.03201016230712239, 0.0320101614817474, 0.03201016308211757, 0.032010159732650756, 0.03201015747976976, 0.032010159916582515, 0.03201015707007149, 0.032010158934433486, 0.0320101567758726, 0.03201015497806192, 0.032010153828537335, 0.0320101536371209, 0.032010152455712926, 0.032010150963182715, 0.03201015593302836, 0.032010151241789186, 0.03201014941013036, 0.032010151230989825, 0.03201014915950562, 0.03201014852446926, 0.03201015026312093, 0.03201014795994084, 0.032010144606464674, 0.03201014815924441, 0.03201014521955359, 0.03201014206323827, 0.03201014264433122, 0.03201014212600284, 0.032010140468196724, 0.032010139314395, 0.032010137713463394, 0.03201013990499213, 0.032010139202371723, 0.032010137150821016, 0.032010137386756066, 0.03201013749122095, 0.03201013758749771, 0.032010136204749906, 0.03201013614740289, 0.03201013755836701, 0.03201013774412986, 0.03201013431967992, 0.03201013522254237, 0.03201013622068538, 0.032010134519157685, 0.03201013536047148, 0.032010132067356145, 0.03201013220956317, 0.032010133038623434, 0.03201013419994414, 0.03201013251380158, 0.03201013097795902, 0.03201013290918353, 0.032010131157143684, 0.03201012987149299, 0.03201013255398866, 0.03201013057303026, 0.03201012882064924, 0.03201013306394562, 0.03201012933099656, 0.032010131429995314, 0.03201012853896712, 0.032010126991380616, 0.03201012707068229, 0.03201012748929366, 0.032010126394844574, 0.032010125877312334, 0.032010127229421315, 0.03201012555861382, 0.032010126110889825, 0.03201012707193118, 0.032010125805360556] 

Smallest VQE eingenvalue optimizer final message:
{   'aux_operators_evaluated': None,
    'cost_function_evals': 1803,
    'eigenvalue': 0.032010125805360556,
    'optimal_circuit': <qiskit.circuit.library.n_local.real_amplitudes.RealAmplitudes object at 0x000002039E1488C0>,
    'optimal_parameters': {   ParameterVectorElement(θ[3]): -1.5707980420579497,
                              ParameterVectorElement(θ[2]): -1.5411117674284656,
                              ParameterVectorElement(θ[1]): 0.758797298183788,
                              ParameterVectorElement(θ[0]): -2.7875046950705757e-05,
                              ParameterVectorElement(θ[4]): 0.00015569093434167653,
                              ParameterVectorElement(θ[5]): -1.189966760829692,
                              ParameterVectorElement(θ[6]): -1.4869276837072611,
                              ParameterVectorElement(θ[7]): -1.5708427764667614},
    'optimal_point': array([-2.78750470e-05,  7.58797298e-01, -1.54111177e+00, -1.57079804e+00,
        1.55690934e-04, -1.18996676e+00, -1.48692768e+00, -1.57084278e+00]),
    'optimal_value': 0.032010125805360556,
    'optimizer_evals': None,
    'optimizer_result': <qiskit_algorithms.optimizers.optimizer.OptimizerResult object at 0x0000020391E67200>,
    'optimizer_time': 4.8426995277404785}
     ┌──────────┐ ░                 ░ ┌──────────┐
q_0: ┤ Ry(θ[0]) ├─░─────────────■───░─┤ Ry(θ[4]) ├
     ├──────────┤ ░           ┌─┴─┐ ░ ├──────────┤
q_1: ┤ Ry(θ[1]) ├─░────────■──┤ X ├─░─┤ Ry(θ[5]) ├
     ├──────────┤ ░      ┌─┴─┐└───┘ ░ ├──────────┤
q_2: ┤ Ry(θ[2]) ├─░───■──┤ X ├──────░─┤ Ry(θ[6]) ├
     ├──────────┤ ░ ┌─┴─┐└───┘      ░ ├──────────┤
q_3: ┤ Ry(θ[3]) ├─░─┤ X ├───────────░─┤ Ry(θ[7]) ├
     └──────────┘ ░ └───┘           ░ └──────────┘
The number of ansatz parameters is: 
 8
Line for latex table
RA r1 rl & $1\mathrm{e}{-05}$ & 69/100 &2912 & $3.201\mathrm{e}{-02}$ & $1.5796\mathrm{e}{-08}$ & $3.201\mathrm{e}{-02}$ & $2.8581\mathrm{e}{-07}$ & - & 00h 21m 31s\\

