RA_r1_rl
11h20m34s__159
1e-06
9.976843020079839
24.996150520216663
13.943556376134627
16.825320047242904
18.50494373624121
8.566227738112856
24.114958962357978
21.70917425828595
14.359554073607482
8.963566143261776
22.053091617005112
14.155352383891843
39.158917837135206
16.109358256807653
20.669924552591482
27.01653657111837
15.29386445173858
23.398395998306725
18.690010201439172
3.9422098075828775
17.228824285750306
19.83959077356038
24.05925120062906
7.024215908071399
6.294290750971452
10.451874626168905
29.16092546430354
18.317197035473264
28.28668683867812
54.995973501195344
32.73446717870617
8.513441486899016
13.353598621955976
9.57897822038964
27.623160102940517
43.33867793968703
8.178545698363312
18.378331612785978
27.778709821482423
38.22903813882293
28.184881487598524
13.32209514935244
20.01900121226891
12.81712535263469
11.661036391284396
16.61274715212537
18.946183875152283
10.717190835970724
19.53068408789649
13.423420503741571
21.25646645183972
10.601594708628388
8.292675038707406
4.970936109297047
11.190957351295102
45.80697965766575
32.47317131712167
62.748644188774556
16.114195444406235
3.318503515561614
54.873378966452435
15.003699012212662
25.507200834461976
14.252621863622352
14.974731077409393
21.583235591512683
32.247826718912215
9.079508318525273
27.902929671796368
38.478472489509585
10.908956399915592
20.939284252000295
11.022365301559777
43.440407295046356
12.922658439973578
53.32115775266131
39.420944683809424
30.763624758018032
37.40657094218353
43.507795481618004
22.04431043781405
13.07441395158701
28.193111737846998
30.702598510072377
24.152706521967612
43.58156640826804
45.63941687112162
14.556812785686393
11.556034586449071
16.19300880606997
29.18184704015316
9.181629064441967
3.410150747964355
16.124963123684786
34.822481670018135
17.932137710310275
4.594933000801979
18.382315048054906
30.597861125192228
28.753889408551395
