9.976843020079839 3.3734257609783014
24.996150520216663 3.359214387857037
13.943556376134627 2.8134096605278684
16.825320047242904 2.9098756848480942
18.50494373624121 3.4979070947884034
8.566227738112856 2.6746548680653106
24.114958962357978 3.4697471862962592
21.70917425828595 2.9730650717270986
14.359554073607482 2.8445639835624354
8.963566143261776 3.1032886644596127
22.053091617005112 3.505934888589039
14.155352383891843 3.3196371296317637
39.158917837135206 2.986415275215591
16.109358256807653 2.9012860805596237
20.669924552591482 3.380192918521444
27.01653657111837 2.981339942224555
15.29386445173858 3.1503366295312336
23.398395998306725 3.3893468661410564
18.690010201439172 3.063587104100986
3.9422098075828775 2.5203435794017732
17.228824285750306 3.4094756189633806
19.83959077356038 3.3718435471377664
24.05925120062906 3.4265411518087796
7.024215908071399 2.9413226920312416
6.294290750971452 3.2252012596799724
10.451874626168905 3.2474514589289636
29.16092546430354 2.805656580955185
18.317197035473264 2.911858213045821
28.28668683867812 3.1099282217338216
54.995973501195344 3.3232142540062317
32.73446717870617 3.4194323839414347
8.513441486899016 3.2932937321259517
13.353598621955976 3.247534642642193
9.57897822038964 2.79153079525748
27.623160102940517 3.2984879186692826
43.33867793968703 3.706600930161223
8.178545698363312 3.20933226551079
18.378331612785978 3.408565077705421
27.778709821482423 3.0193573663808655
38.22903813882293 3.5218667641771897
28.184881487598524 3.4362497021506546
13.32209514935244 2.929029539562869
20.01900121226891 3.315022264047573
12.81712535263469 2.817809318009057
11.661036391284396 3.3179091474609725
16.61274715212537 2.9028677962116434
18.946183875152283 3.2369054065932574
10.717190835970724 3.175844591692184
19.53068408789649 3.105881461219469
13.423420503741571 2.842196453713596
21.25646645183972 3.3353418081202815
10.601594708628388 3.2910944838379614
8.292675038707406 3.189744368346303
4.970936109297047 2.8694940417407495
11.190957351295102 2.891497412237441
45.80697965766575 3.5151131366123733
32.47317131712167 3.4022085093936836
62.748644188774556 3.606471162888955
16.114195444406235 3.320533484587165
3.318503515561614 3.328535683457678
54.873378966452435 3.796331495281946
15.003699012212662 3.390871896697153
25.507200834461976 3.359803620447866
14.252621863622352 3.3034964578092687
14.974731077409393 2.7316395590705134
21.583235591512683 2.9643822307130363
32.247826718912215 3.3991209900579866
9.079508318525273 3.0833567278435368
27.902929671796368 3.1351494314337103
38.478472489509585 3.2463520530404364
10.908956399915592 2.932336268322335
20.939284252000295 2.739300767784934
11.022365301559777 3.274998813858878
43.440407295046356 3.7642717785869966
12.922658439973578 3.0516436092459034
53.32115775266131 3.4741617236972053
39.420944683809424 3.4115218984719435
30.763624758018032 3.4207861440126983
37.40657094218353 2.787416065969496
43.507795481618004 3.660252776097124
22.04431043781405 3.0743728866643973
13.07441395158701 3.3503729560848163
28.193111737846998 3.162483427527519
30.702598510072377 3.2895367616700115
24.152706521967612 3.2953790428324163
43.58156640826804 3.7391880281078564
45.63941687112162 3.4750752465419694
14.556812785686393 3.1316734513663143
11.556034586449071 3.331956874397135
16.19300880606997 2.910151386621502
29.18184704015316 3.417232273151082
9.181629064441967 3.0330075331711193
3.410150747964355 2.998917199669571
16.124963123684786 3.419483170553362
34.822481670018135 3.0727030974553946
17.932137710310275 3.131258312840993
4.594933000801979 3.3209095302412917
18.382315048054906 3.0088524635437834
30.597861125192228 3.379067948350615
28.753889408551395 3.3633182298334963
