With Shot Noise
05/11/2024 21:30:36 

VQEr_100_shots_10000_COBYLA_maxIter_10000_tol_1e-06_RA_r1_rl 

Reference value: 8.9163237056e-01 

Number of pauli strings:  352
Qubits:  6
VQE runs:  100
Optimizer:  COBYLA
Max iterations:  10000
Optimizers's tolerance:  1e-06
Ansatz:  RA_r1_rl 

All run converged!!!
Number of iterations for each converged VQE run:
[160, 169, 157, 169, 153, 162, 156, 158, 154, 146, 150, 155, 140, 153, 173, 171, 160, 158, 162, 177, 155, 148, 150, 157, 165, 158, 162, 165, 138, 158, 149, 159, 163, 163, 155, 163, 173, 151, 179, 152, 163, 144, 135, 152, 172, 150, 147, 152, 165, 153, 159, 163, 159, 178, 165, 147, 154, 140, 153, 172, 160, 158, 163, 188, 152, 185, 168, 174, 183, 169, 175, 161, 163, 137, 151, 157, 161, 159, 151, 152, 145, 156, 163, 145, 151, 150, 147, 164, 176, 161, 164, 161, 169, 167, 163, 160, 183, 162, 153, 149] 

Average iterations of converged run:
159 

VQE eigenvalues:
[9.976843020079839, 24.996150520216663, 13.943556376134627, 16.825320047242904, 18.50494373624121, 8.566227738112856, 24.114958962357978, 21.70917425828595, 14.359554073607482, 8.963566143261776, 22.053091617005112, 14.155352383891843, 39.158917837135206, 16.109358256807653, 20.669924552591482, 27.01653657111837, 15.29386445173858, 23.398395998306725, 18.690010201439172, 3.9422098075828775, 17.228824285750306, 19.83959077356038, 24.05925120062906, 7.024215908071399, 6.294290750971452, 10.451874626168905, 29.16092546430354, 18.317197035473264, 28.28668683867812, 54.995973501195344, 32.73446717870617, 8.513441486899016, 13.353598621955976, 9.57897822038964, 27.623160102940517, 43.33867793968703, 8.178545698363312, 18.378331612785978, 27.778709821482423, 38.22903813882293, 28.184881487598524, 13.32209514935244, 20.01900121226891, 12.81712535263469, 11.661036391284396, 16.61274715212537, 18.946183875152283, 10.717190835970724, 19.53068408789649, 13.423420503741571, 21.25646645183972, 10.601594708628388, 8.292675038707406, 4.970936109297047, 11.190957351295102, 45.80697965766575, 32.47317131712167, 62.748644188774556, 16.114195444406235, 3.318503515561614, 54.873378966452435, 15.003699012212662, 25.507200834461976, 14.252621863622352, 14.974731077409393, 21.583235591512683, 32.247826718912215, 9.079508318525273, 27.902929671796368, 38.478472489509585, 10.908956399915592, 20.939284252000295, 11.022365301559777, 43.440407295046356, 12.922658439973578, 53.32115775266131, 39.420944683809424, 30.763624758018032, 37.40657094218353, 43.507795481618004, 22.04431043781405, 13.07441395158701, 28.193111737846998, 30.702598510072377, 24.152706521967612, 43.58156640826804, 45.63941687112162, 14.556812785686393, 11.556034586449071, 16.19300880606997, 29.18184704015316, 9.181629064441967, 3.410150747964355, 16.124963123684786, 34.822481670018135, 17.932137710310275, 4.594933000801979, 18.382315048054906, 30.597861125192228, 28.753889408551395] 

VQE eigenvalues standard deviation:
[3.3734257609783014, 3.359214387857037, 2.8134096605278684, 2.9098756848480942, 3.4979070947884034, 2.6746548680653106, 3.4697471862962592, 2.9730650717270986, 2.8445639835624354, 3.1032886644596127, 3.505934888589039, 3.3196371296317637, 2.986415275215591, 2.9012860805596237, 3.380192918521444, 2.981339942224555, 3.1503366295312336, 3.3893468661410564, 3.063587104100986, 2.5203435794017732, 3.4094756189633806, 3.3718435471377664, 3.4265411518087796, 2.9413226920312416, 3.2252012596799724, 3.2474514589289636, 2.805656580955185, 2.911858213045821, 3.1099282217338216, 3.3232142540062317, 3.4194323839414347, 3.2932937321259517, 3.247534642642193, 2.79153079525748, 3.2984879186692826, 3.706600930161223, 3.20933226551079, 3.408565077705421, 3.0193573663808655, 3.5218667641771897, 3.4362497021506546, 2.929029539562869, 3.315022264047573, 2.817809318009057, 3.3179091474609725, 2.9028677962116434, 3.2369054065932574, 3.175844591692184, 3.105881461219469, 2.842196453713596, 3.3353418081202815, 3.2910944838379614, 3.189744368346303, 2.8694940417407495, 2.891497412237441, 3.5151131366123733, 3.4022085093936836, 3.606471162888955, 3.320533484587165, 3.328535683457678, 3.796331495281946, 3.390871896697153, 3.359803620447866, 3.3034964578092687, 2.7316395590705134, 2.9643822307130363, 3.3991209900579866, 3.0833567278435368, 3.1351494314337103, 3.2463520530404364, 2.932336268322335, 2.739300767784934, 3.274998813858878, 3.7642717785869966, 3.0516436092459034, 3.4741617236972053, 3.4115218984719435, 3.4207861440126983, 2.787416065969496, 3.660252776097124, 3.0743728866643973, 3.3503729560848163, 3.162483427527519, 3.2895367616700115, 3.2953790428324163, 3.7391880281078564, 3.4750752465419694, 3.1316734513663143, 3.331956874397135, 2.910151386621502, 3.417232273151082, 3.0330075331711193, 2.998917199669571, 3.419483170553362, 3.0727030974553946, 3.131258312840993, 3.3209095302412917, 3.0088524635437834, 3.379067948350615, 3.3633182298334963] 

Median VQE eigenvalues:
18.59747696884019 

Min eigenvalue after 100 VQE steps on Aer qasm simulator: 3.31850e+00
Delta from reference energy value is 2.42687e+00 

Optimizer history of the smallest VQE eigenvalue:
[205.12945171120646, 218.51721610693232, 184.94004427930787, 154.63105437117068, 204.77317204001932, 228.03680171842137, 98.47548867708676, 113.56331039556787, 99.37454044673493, 108.00628304993467, 84.4730870446629, 63.17977721509209, 62.49347601049156, 145.20156980216427, 57.36912461612307, 96.59780838227165, 43.82022707878613, 64.00057013914969, 20.19754343846767, 28.240997749636193, 23.75312411455532, 64.5295712964572, 19.73932876302268, 63.62056229200859, 22.13754349925683, 48.21368618102188, 17.761553695514095, 23.46216497635661, 11.063258776111821, 13.185229975395044, 18.165169009279587, 14.414975332118814, 11.866773720008887, 9.506829744795457, 8.395698806161706, 11.169378248510641, 17.850865506098717, 3.954529908564882, 7.176219918922408, 3.7365930907481832, 8.031734842702893, 6.924638943886216, 11.959023007928089, 7.910288837373077, 9.046920137596292, 2.820509162933306, 4.999250242890099, 8.123609250389123, 1.0926456962385667, 5.119946802896578, 3.1673458093586166, 9.530910595690356, 5.951091026244779, 4.062511551033876, 0.6991788478905397, 2.3402234509204414, 3.036671050863971, -0.6048940489702661, 6.528649982670978, 8.14460539460654, 3.4888149145392293, 6.161450398089924, -1.353556656448919, 5.06591391764197, -2.7679269036001326, 4.9958410329934235, 0.3475435829760254, 1.7994147358356938, 4.967824991505403, 4.462768419122985, 5.606495511213431, -3.2038051128404934, 1.0066233282051147, -0.8496619257459314, 5.057836212065856, -0.45401297914972916, 2.7013158905053603, 7.146975701354157, 3.2377422281968697, 3.9522228897733545, 5.3409662841041685, 7.726397527605064, 6.742706168303565, 2.2736298426462, 3.8175359510163505, -1.7586815282457404, 3.733678747021251, 2.6717375684883127, 3.38564869607312, 1.0742359697172184, -1.2935015386680029, 4.960888749402128, 4.105321550863364, 1.8398545198446035, 0.9363687830783599, 3.404502429355225, 2.375607205450064, 2.6785961173665056, -0.1214223725115221, 0.2610913886079438, 4.118007703422779, -0.6354569323876369, 1.3021765120473094, -3.531575719539723, 8.502692874019115, 2.7309864173394454, 3.450002299445252, 2.924064194675221, 2.1520204434317454, 5.488089723650661, 8.416437892358074, 7.65623832376179, 3.651654348600675, 5.323750352561307, 6.025293134120156, 3.0249260541771017, -0.6277835455199632, -0.7407772086530662, 0.7217795131436622, 4.652860359137029, 7.107133829122925, 2.0389034236445016, 4.367744798253317, 0.21523490001686496, -0.5818796847635306, 10.920701561875367, 3.580983843727646, 1.63942203203387, 5.7346835644261525, 4.2208208210700615, 1.4466462005669933, 3.7249368956627835, 7.012817433530064, -0.804306950421519, 7.964925117298985, -0.03538627769567082, 4.778568321233127, 7.898616952019294, -1.7044196062842898, 0.3500126422049952, 4.63604887679384, 5.809885472681777, 6.340814833137186, 1.0486346013348675, 4.730816638899411, 2.8663109678399, 4.143246894277662, 2.4180870631831484, 5.472395899842077, -0.20018108215506392, 7.303255979768872, -0.48962075221895685, 0.9426060197245466, 5.799966205818917, -1.096679399165815, 9.790840296102715, 1.9001849041633858, 6.090421667017896, 7.198638831154756, 4.091880047327392, 7.762005425918781, 6.18697637656966, 4.343337617550793, 0.9995626789175545, 2.7922319043278874, -2.5052564487443085, -2.024637734664032, -0.06156989250939904, 2.494064450569462, 2.8408216076810957, -2.7557710950126353, 3.318503515561614] 

Optimizer history of the smallest VQE eigenvalue standard deviation:
[3.9087831284793078, 3.7936397947069134, 3.8956050931340234, 3.896891600705703, 3.9663879436654534, 3.967729639367011, 3.7505387898894207, 3.7778037673596665, 3.779780000799288, 3.7214944063669693, 3.7022062611673787, 3.6196638740993716, 3.623410120167611, 3.9405141273156086, 3.637485888907487, 3.766118570234305, 3.5487368764165472, 3.702839001438887, 3.2886495536847336, 3.3914802733759317, 3.2862984106863005, 3.6725391498347206, 3.352410062953622, 3.530719303947172, 3.306612758675664, 3.602819241396743, 3.352938374687353, 3.3745147437641365, 3.2339156065880292, 3.240046613572709, 3.386113336042056, 3.3000569686669117, 3.1868886903420397, 3.1411176669257914, 3.155499371566456, 3.268079744881851, 3.2136224935910427, 3.2581222362456796, 3.292869918300315, 3.263480480486954, 3.343616010500138, 3.3001540063551844, 3.396114300752152, 3.286326910937875, 3.2926527514978674, 3.302821781131681, 3.3081713434532447, 3.275524547548858, 3.32417634925291, 3.311637980575641, 3.3311394051524745, 3.3556496877254496, 3.347537199430903, 3.3713864128896422, 3.284323481043205, 3.2903989723431186, 3.29234096294854, 3.2917194819204916, 3.288327370399752, 3.280562437298966, 3.2865358144865113, 3.2813884816949543, 3.3124023453368032, 3.3111624787104397, 3.318693656100391, 3.3303526149244482, 3.3157100449867727, 3.3204880986740113, 3.3093001437474103, 3.3214945746859996, 3.3087408773885016, 3.3293700488697175, 3.3329214986163263, 3.3268949322939507, 3.330889235874986, 3.3260452077843365, 3.3338002754027625, 3.3438688136559165, 3.328248865875599, 3.3139213424149045, 3.3328443375126438, 3.325304111022569, 3.321222250451302, 3.333002310171558, 3.322811762296816, 3.3300282078343075, 3.326477858213173, 3.3274694281437234, 3.335816560246373, 3.331883795191298, 3.3353823187770013, 3.3309021769718443, 3.3345259607171878, 3.3321669321055314, 3.324517886675298, 3.3225126331253128, 3.329147447165673, 3.323092911486115, 3.331957373810756, 3.326927833127391, 3.327793626831168, 3.3306173344265098, 3.3289847201750837, 3.3305840327837237, 3.3278193263443367, 3.333142886282369, 3.3264439371987433, 3.329426231712071, 3.3253506630857044, 3.3311949194990036, 3.3295257744450493, 3.3234792154558983, 3.327653189533782, 3.3301358034838366, 3.332248369529566, 3.3289481951011046, 3.333379784644659, 3.3261247167139856, 3.3280711018705715, 3.329481984111528, 3.3324860553791336, 3.326863037960179, 3.330428678418497, 3.3290392218520584, 3.3290353532524692, 3.332437518622219, 3.3260457910019703, 3.3312337142673853, 3.3280203593845563, 3.32914177431751, 3.3253269117877653, 3.328190873089479, 3.333763481859726, 3.3280424348989674, 3.3230135659515327, 3.3317676851303775, 3.3337289621248263, 3.3306987819929788, 3.327401589638075, 3.3293355395336257, 3.328175886949872, 3.3309932712708497, 3.3295458569680654, 3.329930661148071, 3.3252489168302697, 3.327987244961089, 3.3252610638947133, 3.331425367255635, 3.332531390378435, 3.3287847320720525, 3.319632997941457, 3.3242206729334516, 3.3322341965775797, 3.3286842706607476, 3.333871785461073, 3.3301653827708435, 3.333080680774303, 3.32523773009619, 3.326518557884583, 3.3220761884622756, 3.3341799345274783, 3.3284313418229194, 3.3279683717918944, 3.331680942418034, 3.3265583469370066, 3.327808320902489, 3.3304575485587558, 3.3270571169647667, 3.327479070394755, 3.3264073106463634, 3.332194614846782, 3.328535683457678] 

Smallest VQE eingenvalue optimizer final message:
{   'aux_operators_evaluated': None,
    'cost_function_evals': 172,
    'eigenvalue': 3.318503515561614,
    'optimal_circuit': <qiskit.circuit.library.n_local.real_amplitudes.RealAmplitudes object at 0x00000178127AABD0>,
    'optimal_parameters': {   ParameterVectorElement(θ[1]): 2.138315911348391,
                              ParameterVectorElement(θ[2]): 1.5146606534465368,
                              ParameterVectorElement(θ[10]): -1.4523418723659767,
                              ParameterVectorElement(θ[9]): 1.569521618189221,
                              ParameterVectorElement(θ[11]): -0.02744170903445524,
                              ParameterVectorElement(θ[0]): 1.1624892320562539,
                              ParameterVectorElement(θ[5]): 1.569208069508989,
                              ParameterVectorElement(θ[8]): 1.6016314200819763,
                              ParameterVectorElement(θ[6]): 0.7316240616820119,
                              ParameterVectorElement(θ[4]): 1.6371851611368398,
                              ParameterVectorElement(θ[3]): -1.640844058533494,
                              ParameterVectorElement(θ[7]): 2.0882027140957704},
    'optimal_point': array([ 1.16248923,  2.13831591,  1.51466065, -1.64084406,  1.63718516,
        1.56920807,  0.73162406,  2.08820271,  1.60163142,  1.56952162,
       -1.45234187, -0.02744171]),
    'optimal_value': 3.318503515561614,
    'optimizer_evals': None,
    'optimizer_result': <qiskit_algorithms.optimizers.optimizer.OptimizerResult object at 0x00000177885F4A40>,
    'optimizer_time': 400.9640598297119}
     ┌──────────┐ ░                           ░  ┌──────────┐
q_0: ┤ Ry(θ[0]) ├─░───────────────────────■───░──┤ Ry(θ[6]) ├
     ├──────────┤ ░                     ┌─┴─┐ ░  ├──────────┤
q_1: ┤ Ry(θ[1]) ├─░──────────────────■──┤ X ├─░──┤ Ry(θ[7]) ├
     ├──────────┤ ░                ┌─┴─┐└───┘ ░  ├──────────┤
q_2: ┤ Ry(θ[2]) ├─░─────────────■──┤ X ├──────░──┤ Ry(θ[8]) ├
     ├──────────┤ ░           ┌─┴─┐└───┘      ░  ├──────────┤
q_3: ┤ Ry(θ[3]) ├─░────────■──┤ X ├───────────░──┤ Ry(θ[9]) ├
     ├──────────┤ ░      ┌─┴─┐└───┘           ░ ┌┴──────────┤
q_4: ┤ Ry(θ[4]) ├─░───■──┤ X ├────────────────░─┤ Ry(θ[10]) ├
     ├──────────┤ ░ ┌─┴─┐└───┘                ░ ├───────────┤
q_5: ┤ Ry(θ[5]) ├─░─┤ X ├─────────────────────░─┤ Ry(θ[11]) ├
     └──────────┘ ░ └───┘                     ░ └───────────┘
The number of ansatz parameters is: 
 12
Line for latex table
RA r1 rl & $1\mathrm{e}{-06}$ & 10000 & 100/100 &159 & $3.3185\mathrm{e}{+00}$ & $3.3285\mathrm{e}{+00}$ & $2.4269\mathrm{e}{+00}$ & $1.8597\mathrm{e}{+01}$ & $1.7706\mathrm{e}{+01}$ & - & 11h 20m 34s\\

