0.03659999999999908 0.0031617109292280104
0.009999999999998899 0.0018587780932645154
0.008199999999999541 0.0020868483413990545
0.035200000000000564 0.0035649594668102635
0.041199999999999015 0.004859765426437775
0.009400000000000297 0.002318436542155108
0.0461999999999998 0.004515979627943411
0.3522999999999996 0.005425611578430594
0.009000000000000341 0.0017533921409656104
0.0033000000000003027 0.0010435214420413145
0.015900000000000247 0.003084924472333174
0.1709000000000005 0.006888783854934045
0.013300000000000978 0.002802749899652126
0.05399999999999938 0.0050153257122543754
0.10779999999999923 0.007974142963353496
1.5735999999999999 0.017225740971000342
0.05749999999999922 0.003276336215958317
0.1205999999999996 0.008140982741659631
0.016599999999998616 0.002527284708931686
0.017100000000001003 0.0027367606764202045
0.07230000000000025 0.005958666041992954
3.4528 0.02135998970037205
3.0772000000000004 0.022600947236786333
0.005399999999999849 0.0009047032662702117
0.00820000000000043 0.001966814683695428
0.03750000000000053 0.003208538763985871
0.10020000000000095 0.007668267340149269
0.04519999999999946 0.005444373242164791
0.014300000000000423 0.002432009251627158
0.11150000000000038 0.007837233759433229
0.026499999999999524 0.0037832230967787335
0.12679999999999936 0.003852456878408893
0.12139999999999951 0.006769961890586974
0.06689999999999952 0.004192297580086608
0.09299999999999997 0.0070774837336443144
0.0345999999999993 0.004655157140204817
0.09699999999999953 0.007452978196667415
0.014299999999999535 0.0028932581979491533
1.5083000000000002 0.01672846469344991
0.026900000000000368 0.0020736125481873036
0.008100000000000662 0.001595675092241529
0.19200000000000017 0.009616598567061015
0.05609999999999893 0.005823125020124499
0.608299999999999 0.013194072040124684
0.07359999999999989 0.006579652270447118
0.25090000000000057 0.008588714280961956
0.03979999999999961 0.004070208839850848
0.43989999999999974 0.013311865196132363
0.02820000000000089 0.003661114584385482
0.14520000000000088 0.009013911470610307
0.45809999999999995 0.007933619287563521
0.11539999999999839 0.005302846405469438
0.09889999999999954 0.0047379903967821714
0.047699999999999854 0.004580586316182672
0.033800000000000274 0.004678286010923239
0.04660000000000153 0.005119203453663467
0.03170000000000073 0.004430252475875396
0.016200000000000436 0.0025767700712326005
0.0954000000000006 0.007545550741993586
0.010900000000000354 0.0023816177275121143
0.011800000000000033 0.0019011806857844816
0.0389999999999997 0.004486125276895418
0.03589999999999982 0.0032472679285824413
0.029499999999999638 0.004145267542632192
0.10470000000000024 0.00795201854877112
0.014300000000000423 0.002924860851391048
0.04030000000000111 0.0043932162478075186
0.10900000000000176 0.0036462386098553793
0.19700000000000095 0.009957018027502014
0.1363000000000003 0.005402040262715555
0.010799999999999699 0.0020297191924007626
0.007200000000000095 0.0015148716117216027
0.020100000000001117 0.003458528733435659
0.25039999999999996 0.011508860934080316
0.35130000000000106 0.01269279263991971
1.5030999999999999 0.014755994273514749
0.0039999999999995595 0.0011219821745464616
0.0268000000000006 0.0037570147723957783
0.06890000000000018 0.005642909267390369
0.5500999999999996 0.014176239099281587
0.03259999999999863 0.0038066478691888552
0.08830000000000027 0.006115793570747797
0.05620000000000136 0.0045369602158273304
0.022100000000001785 0.0027302474246851858
0.04290000000000127 0.0037880014519532683
0.08220000000000027 0.0039831384610630885
0.1366000000000005 0.00903308695850982
0.05510000000000037 0.00459701544482939
0.052499999999999325 0.004857852920787121
0.011199999999999655 0.0016778545824951206
0.0345999999999993 0.00406638906156309
0.1307999999999998 0.005439665430888184
0.03000000000000025 0.003098056810324812
0.06040000000000045 0.0033607749106418843
0.03339999999999943 0.003734277440148237
0.06329999999999991 0.005713313311905806
0.04900000000000038 0.0038717014347699895
0.0063000000000013046 0.0018186668194037246
0.21659999999999968 0.009408233840631301
0.04520000000000124 0.005322621158790102
