With Shot Noise
01/11/2024 19:30:52 

VQEr_100_shots_10000_COBYLA_maxIter_10000_tol_1e-08_RA_r1_rl 

Reference value: 0.0000000000e+00 

Number of pauli strings:  16
Qubits:  5
VQE runs:  100
Optimizer:  COBYLA
Max iterations:  10000
Optimizers's tolerance:  1e-08
Ansatz:  RA_r1_rl 

All run converged!!!
Number of iterations for each converged VQE run:
[225, 242, 211, 233, 227, 230, 198, 217, 227, 216, 237, 212, 186, 201, 206, 173, 218, 211, 233, 196, 201, 168, 215, 226, 208, 219, 235, 259, 209, 232, 226, 231, 209, 203, 215, 240, 222, 199, 196, 237, 203, 200, 251, 286, 237, 181, 210, 210, 210, 193, 217, 213, 245, 197, 238, 220, 287, 206, 234, 196, 249, 197, 205, 198, 236, 235, 244, 190, 214, 217, 212, 199, 209, 257, 250, 188, 217, 225, 202, 206, 193, 197, 228, 217, 201, 197, 183, 195, 207, 213, 209, 221, 208, 200, 194, 230, 225, 218, 214, 210] 

Average iterations of converged run:
216 

VQE eigenvalues:
[0.03659999999999908, 0.009999999999998899, 0.008199999999999541, 0.035200000000000564, 0.041199999999999015, 0.009400000000000297, 0.0461999999999998, 0.3522999999999996, 0.009000000000000341, 0.0033000000000003027, 0.015900000000000247, 0.1709000000000005, 0.013300000000000978, 0.05399999999999938, 0.10779999999999923, 1.5735999999999999, 0.05749999999999922, 0.1205999999999996, 0.016599999999998616, 0.017100000000001003, 0.07230000000000025, 3.4528, 3.0772000000000004, 0.005399999999999849, 0.00820000000000043, 0.03750000000000053, 0.10020000000000095, 0.04519999999999946, 0.014300000000000423, 0.11150000000000038, 0.026499999999999524, 0.12679999999999936, 0.12139999999999951, 0.06689999999999952, 0.09299999999999997, 0.0345999999999993, 0.09699999999999953, 0.014299999999999535, 1.5083000000000002, 0.026900000000000368, 0.008100000000000662, 0.19200000000000017, 0.05609999999999893, 0.608299999999999, 0.07359999999999989, 0.25090000000000057, 0.03979999999999961, 0.43989999999999974, 0.02820000000000089, 0.14520000000000088, 0.45809999999999995, 0.11539999999999839, 0.09889999999999954, 0.047699999999999854, 0.033800000000000274, 0.04660000000000153, 0.03170000000000073, 0.016200000000000436, 0.0954000000000006, 0.010900000000000354, 0.011800000000000033, 0.0389999999999997, 0.03589999999999982, 0.029499999999999638, 0.10470000000000024, 0.014300000000000423, 0.04030000000000111, 0.10900000000000176, 0.19700000000000095, 0.1363000000000003, 0.010799999999999699, 0.007200000000000095, 0.020100000000001117, 0.25039999999999996, 0.35130000000000106, 1.5030999999999999, 0.0039999999999995595, 0.0268000000000006, 0.06890000000000018, 0.5500999999999996, 0.03259999999999863, 0.08830000000000027, 0.05620000000000136, 0.022100000000001785, 0.04290000000000127, 0.08220000000000027, 0.1366000000000005, 0.05510000000000037, 0.052499999999999325, 0.011199999999999655, 0.0345999999999993, 0.1307999999999998, 0.03000000000000025, 0.06040000000000045, 0.03339999999999943, 0.06329999999999991, 0.04900000000000038, 0.0063000000000013046, 0.21659999999999968, 0.04520000000000124] 

VQE eigenvalues standard deviation:
[0.0031617109292280104, 0.0018587780932645154, 0.0020868483413990545, 0.0035649594668102635, 0.004859765426437775, 0.002318436542155108, 0.004515979627943411, 0.005425611578430594, 0.0017533921409656104, 0.0010435214420413145, 0.003084924472333174, 0.006888783854934045, 0.002802749899652126, 0.0050153257122543754, 0.007974142963353496, 0.017225740971000342, 0.003276336215958317, 0.008140982741659631, 0.002527284708931686, 0.0027367606764202045, 0.005958666041992954, 0.02135998970037205, 0.022600947236786333, 0.0009047032662702117, 0.001966814683695428, 0.003208538763985871, 0.007668267340149269, 0.005444373242164791, 0.002432009251627158, 0.007837233759433229, 0.0037832230967787335, 0.003852456878408893, 0.006769961890586974, 0.004192297580086608, 0.0070774837336443144, 0.004655157140204817, 0.007452978196667415, 0.0028932581979491533, 0.01672846469344991, 0.0020736125481873036, 0.001595675092241529, 0.009616598567061015, 0.005823125020124499, 0.013194072040124684, 0.006579652270447118, 0.008588714280961956, 0.004070208839850848, 0.013311865196132363, 0.003661114584385482, 0.009013911470610307, 0.007933619287563521, 0.005302846405469438, 0.0047379903967821714, 0.004580586316182672, 0.004678286010923239, 0.005119203453663467, 0.004430252475875396, 0.0025767700712326005, 0.007545550741993586, 0.0023816177275121143, 0.0019011806857844816, 0.004486125276895418, 0.0032472679285824413, 0.004145267542632192, 0.00795201854877112, 0.002924860851391048, 0.0043932162478075186, 0.0036462386098553793, 0.009957018027502014, 0.005402040262715555, 0.0020297191924007626, 0.0015148716117216027, 0.003458528733435659, 0.011508860934080316, 0.01269279263991971, 0.014755994273514749, 0.0011219821745464616, 0.0037570147723957783, 0.005642909267390369, 0.014176239099281587, 0.0038066478691888552, 0.006115793570747797, 0.0045369602158273304, 0.0027302474246851858, 0.0037880014519532683, 0.0039831384610630885, 0.00903308695850982, 0.00459701544482939, 0.004857852920787121, 0.0016778545824951206, 0.00406638906156309, 0.005439665430888184, 0.003098056810324812, 0.0033607749106418843, 0.003734277440148237, 0.005713313311905806, 0.0038717014347699895, 0.0018186668194037246, 0.009408233840631301, 0.005322621158790102] 

Median VQE eigenvalues:
0.04715000000000069 

Min eigenvalue after 100 VQE steps on Aer qasm simulator: 3.30000e-03
Delta from reference energy value is 3.30000e-03 

Optimizer history of the smallest VQE eigenvalue:
[7.6769, 7.8527000000000005, 7.8444, 9.4177, 8.7435, 7.6775, 7.8061, 7.8606, 7.0543000000000005, 7.3628, 6.7386, 3.9917, 4.458900000000001, 4.463700000000001, 4.2677, 3.8139000000000003, 4.915700000000001, 3.7044, 3.4578999999999995, 3.6009999999999995, 4.7311, 4.1707, 3.7630000000000012, 3.3682, 3.2641999999999998, 3.433200000000001, 3.0718999999999985, 2.5970999999999993, 2.4894, 2.4750000000000005, 3.6648000000000005, 2.4498000000000024, 1.8389000000000015, 1.6757999999999997, 1.6982999999999988, 1.6262999999999996, 1.133300000000001, 0.6035999999999984, 0.9703000000000017, 0.817800000000001, 0.22520000000000007, 0.24249999999999972, 0.15879999999999939, 0.6459000000000001, 0.1269000000000009, 0.42189999999999905, 0.13229999999999986, 0.26449999999999996, 0.367799999999999, 0.2502999999999993, 0.09050000000000047, 0.16860000000000053, 0.14039999999999964, 0.1468999999999987, 0.060999999999999055, 0.061200000000000365, 0.04940000000000122, 0.07780000000000076, 0.05509999999999948, 0.06280000000000019, 0.07639999999999958, 0.05769999999999964, 0.03669999999999973, 0.04750000000000032, 0.041699999999999626, 0.02620000000000111, 0.03559999999999963, 0.023599999999999177, 0.01940000000000186, 0.017000000000000348, 0.014799999999999258, 0.016600000000000392, 0.017999999999999794, 0.015999999999999126, 0.026099999999999568, 0.013300000000000978, 0.005700000000000038, 0.010500000000000398, 0.00569999999999915, 0.011599999999998722, 0.009700000000001374, 0.0030000000000001137, 0.0039999999999995595, 0.004300000000000637, 0.006199999999999761, 0.004099999999998438, 0.0055000000000005045, 0.0038000000000000256, 0.006099999999999994, 0.006199999999999761, 0.0030000000000001137, 0.004300000000000637, 0.005899999999999572, 0.0054000000000007375, 0.005699999999998262, 0.0055000000000005045, 0.0038000000000009138, 0.0038000000000000256, 0.0042999999999997485, 0.004799999999999471, 0.004000000000000448, 0.006600000000000605, 0.006899999999999906, 0.0031999999999996476, 0.004899999999999238, 0.004100000000000215, 0.004899999999999238, 0.0033999999999991815, 0.005199999999999427, 0.004599999999999049, 0.004499999999999282, 0.006600000000000605, 0.005000000000000782, 0.004900000000001015, 0.004699999999999704, 0.004100000000000215, 0.004799999999999471, 0.005600000000000271, 0.005600000000000271, 0.004099999999999326, 0.004699999999999704, 0.004600000000000826, 0.004099999999998438, 0.005799999999998917, 0.00420000000000087, 0.004000000000000448, 0.0032000000000005357, 0.0042999999999997485, 0.005700000000000038, 0.003999999999998671, 0.0038999999999989043, 0.0029000000000003467, 0.0035000000000007248, 0.004699999999999704, 0.002600000000001046, 0.004599999999999049, 0.0038999999999997925, 0.0045000000000001705, 0.004400000000000404, 0.0021999999999993136, 0.004000000000000448, 0.0049000000000001265, 0.005999999999999339, 0.005300000000000971, 0.005599999999999383, 0.0063000000000013046, 0.005499999999998728, 0.004899999999999238, 0.0063000000000013046, 0.005700000000000038, 0.0032999999999994145, 0.0049000000000001265, 0.0035000000000007248, 0.006600000000000605, 0.0034999999999980602, 0.006600000000000605, 0.0036000000000004917, 0.004699999999998816, 0.004499999999999282, 0.0041999999999999815, 0.004599999999999049, 0.0065000000000008384, 0.004099999999999326, 0.0052000000000003155, 0.0038000000000009138, 0.004399999999998627, 0.0031999999999996476, 0.004799999999998583, 0.00429999999999886, 0.004400000000001292, 0.0032000000000005357, 0.00429999999999886, 0.00590000000000046, 0.00489999999999835, 0.0035000000000007248, 0.0025999999999992696, 0.004399999999998627, 0.0036999999999993705, 0.007099999999998552, 0.0039000000000006807, 0.0038999999999989043, 0.0030999999999998806, 0.0038999999999989043, 0.004499999999999282, 0.0045999999999999375, 0.004900000000001015, 0.004899999999999238, 0.004799999999999471, 0.0039999999999995595, 0.004999999999999005, 0.003999999999998671, 0.0020999999999995467, 0.0036000000000004917, 0.004100000000000215, 0.0035999999999996035, 0.005199999999998539, 0.002500000000000391, 0.0042999999999997485, 0.0035000000000007248, 0.0045999999999999375, 0.0041999999999999815, 0.0049000000000001265, 0.004999999999999893, 0.004799999999998583, 0.0038999999999997925, 0.006699999999999484, 0.0062000000000006494, 0.004499999999998394, 0.004799999999998583, 0.005299999999999194, 0.003899999999998016, 0.0023999999999997357, 0.005599999999999383, 0.0035999999999996035, 0.0033000000000003027, 0.0033000000000003027] 

Optimizer history of the smallest VQE eigenvalue standard deviation:
[0.04088027679700812, 0.040539914245099236, 0.040971814214164355, 0.034812808174578505, 0.0414749410487827, 0.040198491426918004, 0.04048025080208867, 0.04032918288287031, 0.0410703931683153, 0.04067987649932089, 0.04114184021163857, 0.031504514232090615, 0.033429563278631086, 0.03587549390600776, 0.03521662038015573, 0.032359147933776006, 0.039639835885129496, 0.03228659449369041, 0.03169980648205917, 0.0321313441362169, 0.03541715184765709, 0.03669439691560552, 0.02706028824680181, 0.032835237900767526, 0.029315787282622994, 0.031154998058096555, 0.02875556194895172, 0.027567997333865217, 0.027686365886479214, 0.027286876992429897, 0.03602486985403278, 0.026577170955540023, 0.021788107880217598, 0.018182671090904108, 0.018250873102402525, 0.018091705088244172, 0.015996260219188735, 0.013625373976518959, 0.021774707782195386, 0.017707964309880454, 0.008169542459648512, 0.011424752557495503, 0.0069128159240645255, 0.018070492882043918, 0.007009463388876501, 0.014124342710370635, 0.007680926050939433, 0.013833714215639996, 0.014419578634620362, 0.010095301629966285, 0.005422107062757075, 0.007638812473153146, 0.007144418240836695, 0.008431092871033979, 0.004310482571592201, 0.004255372604132326, 0.004122459460079639, 0.0056962787853123975, 0.005654414823834562, 0.004933004358400682, 0.004744935826752547, 0.0048277619038225115, 0.003424161649221608, 0.004295958449519732, 0.003712882572880555, 0.0027951536630389405, 0.003174265899385236, 0.0027544538478616546, 0.0025971538267881037, 0.002461588105268595, 0.002405440500199513, 0.0027060376937507735, 0.002663196575546028, 0.0024461643444380625, 0.0039464415617109965, 0.0023822726544205806, 0.0014854760179821202, 0.0021689359142215525, 0.0014305645738658553, 0.002439934425348343, 0.0025257293995992348, 0.0010387107393302526, 0.0011395771145473257, 0.0012116175139044462, 0.00129555856679658, 0.0011174609612867906, 0.0012361662509549438, 0.0011308085602788835, 0.00153218765169283, 0.0013772436240549399, 0.0010948059188732925, 0.0012679104857993841, 0.0013738009317219037, 0.0016118982598166268, 0.001306850794849958, 0.0013664358748217953, 0.0012718175969847303, 0.0010388301112308873, 0.001161266980500179, 0.0013625549530202447, 0.0012639620247459965, 0.0015483126299297408, 0.0014582582075887544, 0.0011039094165736633, 0.0013144264909077186, 0.0011783229608218573, 0.001268108433849396, 0.0009996319322630731, 0.0012951756637614852, 0.0012074916148777097, 0.0011784120671479799, 0.0014685394104347388, 0.001318166909006603, 0.0013217825085845237, 0.0012602194253382934, 0.0012600289679209817, 0.001295262135631247, 0.0013846328033092275, 0.0013845750250528115, 0.0012116315446537372, 0.0012914375710811543, 0.0012239428091214055, 0.0012034388227076507, 0.0012484005767380993, 0.0010387608001845266, 0.0011824719869832003, 0.0009995198847446698, 0.001298965357505734, 0.001395265924474605, 0.001264060125152287, 0.001117483333209046, 0.0010045163015103278, 0.0011084191445477668, 0.001252252770010897, 0.0009161353611775977, 0.0012402128849516073, 0.0011439567299509198, 0.0012913887873138756, 0.001256184699795377, 0.0008363157298532695, 0.0011218734331465499, 0.0012990739009001784, 0.0013184111650012729, 0.0012682409077143045, 0.0013407579945687352, 0.0014445002596053683, 0.0013664424612840427, 0.0013442332386903635, 0.0014305624767901597, 0.0014093654600564078, 0.0009946260603865182, 0.001359526755897058, 0.0011611782808854108, 0.0013629482748806038, 0.0010435779798366799, 0.0013847281321616941, 0.0012074982401643463, 0.0013067735075367908, 0.001268017744355343, 0.0012239983660119725, 0.0011741413884196299, 0.0014447023914979915, 0.0011085941547744032, 0.0013406237354306378, 0.0012074816768796214, 0.0011570773526432812, 0.0011568422537234656, 0.0012240130718256166, 0.0012117082982302208, 0.0012481217889292772, 0.0011306882859568302, 0.001260121025933626, 0.001409701032134123, 0.0012361557345253777, 0.0010903664521618405, 0.0008940738224554023, 0.0012075992712816538, 0.001178210083134577, 0.0014652873438339737, 0.0011083965896735743, 0.0011438754302807626, 0.0009844231813605413, 0.0010903545294994683, 0.0011784095213464524, 0.0012481442224358476, 0.00127602076785608, 0.0012680429803441121, 0.0012560270697719795, 0.0011396087047754648, 0.0012482371569537546, 0.001113006738524075, 0.0008657210867248265, 0.0011129276706057776, 0.0012440671203757458, 0.001130762574548696, 0.0012562595273270445, 0.0009215817923548629, 0.001211611736489869, 0.001090262812353064, 0.0012953362497822615, 0.0011655968428234413, 0.0012200749976948191, 0.0012952961051435263, 0.001248211520536476, 0.0011698260554458507, 0.0014512976951680154, 0.0013918749943870748, 0.0012199151609845566, 0.0011742350701627075, 0.0013144097534635035, 0.001126452395798408, 0.0009376993121464981, 0.0013989653319507126, 0.0010672487994839812, 0.0010994002910678232, 0.0010435214420413145] 

Smallest VQE eingenvalue optimizer final message:
{   'aux_operators_evaluated': None,
    'cost_function_evals': 216,
    'eigenvalue': 0.0033000000000003027,
    'optimal_circuit': <qiskit.circuit.library.n_local.real_amplitudes.RealAmplitudes object at 0x000001F361F17710>,
    'optimal_parameters': {   ParameterVectorElement(θ[0]): 1.6282539433054892,
                              ParameterVectorElement(θ[1]): 1.5885564381107875,
                              ParameterVectorElement(θ[2]): 1.5924950233022588,
                              ParameterVectorElement(θ[3]): -4.713628608878616,
                              ParameterVectorElement(θ[4]): -1.5722600792282047,
                              ParameterVectorElement(θ[5]): 1.6783627661874407,
                              ParameterVectorElement(θ[6]): 1.6303000459595218,
                              ParameterVectorElement(θ[7]): 1.5730879773079838,
                              ParameterVectorElement(θ[8]): 1.5730661407424988,
                              ParameterVectorElement(θ[9]): -1.5057099164507826},
    'optimal_point': array([ 1.62825394,  1.58855644,  1.59249502, -4.71362861, -1.57226008,
        1.67836277,  1.63030005,  1.57308798,  1.57306614, -1.50570992]),
    'optimal_value': 0.0033000000000003027,
    'optimizer_evals': None,
    'optimizer_result': <qiskit_algorithms.optimizers.optimizer.OptimizerResult object at 0x000001F36BD80740>,
    'optimizer_time': 8.210185289382935}
     ┌──────────┐ ░                      ░ ┌──────────┐
q_0: ┤ Ry(θ[0]) ├─░──────────────────■───░─┤ Ry(θ[5]) ├
     ├──────────┤ ░                ┌─┴─┐ ░ ├──────────┤
q_1: ┤ Ry(θ[1]) ├─░─────────────■──┤ X ├─░─┤ Ry(θ[6]) ├
     ├──────────┤ ░           ┌─┴─┐└───┘ ░ ├──────────┤
q_2: ┤ Ry(θ[2]) ├─░────────■──┤ X ├──────░─┤ Ry(θ[7]) ├
     ├──────────┤ ░      ┌─┴─┐└───┘      ░ ├──────────┤
q_3: ┤ Ry(θ[3]) ├─░───■──┤ X ├───────────░─┤ Ry(θ[8]) ├
     ├──────────┤ ░ ┌─┴─┐└───┘           ░ ├──────────┤
q_4: ┤ Ry(θ[4]) ├─░─┤ X ├────────────────░─┤ Ry(θ[9]) ├
     └──────────┘ ░ └───┘                ░ └──────────┘
The number of ansatz parameters is: 
 10
Line for latex table
RA r1 rl & $1\mathrm{e}{-08}$ & 10000 & 100/100 &216 & $3.3\mathrm{e}{-03}$ & $1.0435\mathrm{e}{-03}$ & $3.3\mathrm{e}{-03}$ & $4.715\mathrm{e}{-02}$ & $4.715\mathrm{e}{-02}$ & - & 00h 13m 59s\\

