RA_r1_rl
06m43s__65
1e-06
0.0
0.00040000000000001146
9.999999999998899e-05
0.00019999999999997797
0.0008000000000000229
0.0
0.00040000000000001146
0.0
0.0031999999999999806
9.999999999998899e-05
0.0023000000000000242
0.0008000000000000229
9.999999999998899e-05
9.999999999998899e-05
0.00030000000000002247
0.0
0.00030000000000002247
0.0
0.0008000000000000229
0.0
0.0
0.00030000000000002247
9.999999999998899e-05
0.0
0.0005000000000000004
0.0
0.0005999999999999894
0.0
0.00019999999999997797
0.0
0.0
9.999999999998899e-05
0.0021999999999999797
0.0
0.00040000000000001146
0.0008000000000000229
0.00019999999999997797
0.00030000000000002247
9.999999999998899e-05
0.00030000000000002247
0.0
0.00030000000000002247
0.0005000000000000004
0.00030000000000002247
0.006799999999999973
0.0013000000000000234
0.00030000000000002247
0.00019999999999997797
0.010299999999999976
0.0006999999999999784
0.003300000000000025
0.00030000000000002247
0.0
0.0
0.0
9.999999999998899e-05
0.0
0.00030000000000002247
0.00030000000000002247
0.0
0.0
0.0010999999999999899
0.0008000000000000229
0.00019999999999997797
9.999999999998899e-05
0.0
0.0
0.00040000000000001146
9.999999999998899e-05
0.0
0.00040000000000001146
0.0
0.00019999999999997797
0.0009000000000000119
0.0009000000000000119
0.0005999999999999894
0.0
0.005599999999999994
0.00040000000000001146
0.0010000000000000009
0.0
0.003500000000000003
0.0
0.0
0.0
0.00019999999999997797
9.999999999998899e-05
0.0
0.0009000000000000119
9.999999999998899e-05
0.0
0.0010000000000000009
0.0030000000000000027
0.0
0.0039000000000000146
0.0008000000000000229
0.0
0.0005000000000000004
0.00030000000000002247
0.0
