0.0 0.0
0.00040000000000001146 0.00019995999599920291
9.999999999998899e-05 9.999499987499087e-05
0.00019999999999997797 0.0001414072133944981
0.0008000000000000229 0.0002827295527531614
0.0 0.0
0.00040000000000001146 0.00019995999599920291
0.0 0.0
0.0031999999999999806 0.000564779603031128
9.999999999998899e-05 9.999499987499087e-05
0.0023000000000000242 0.0004790313142165169
0.0008000000000000229 0.0002827295527531614
9.999999999998899e-05 9.999499987499087e-05
9.999999999998899e-05 9.999499987499087e-05
0.00030000000000002247 0.00017317909804592886
0.0 0.0
0.00030000000000002247 0.00017317909804592886
0.0 0.0
0.0008000000000000229 0.0002827295527531614
0.0 0.0
0.0 0.0
0.00030000000000002247 0.00017317909804592886
9.999999999998899e-05 9.999499987499087e-05
0.0 0.0
0.0005000000000000004 0.00022355088906108006
0.0 0.0
0.0005999999999999894 0.0002448754785600193
0.0 0.0
0.00019999999999997797 0.0001414072133944981
0.0 0.0
0.0 0.0
9.999999999998899e-05 9.999499987499087e-05
0.0021999999999999797 0.0004685253461660291
0.0 0.0
0.00040000000000001146 0.00019995999599920291
0.0008000000000000229 0.0002827295527531614
0.00019999999999997797 0.0001414072133944981
0.00030000000000002247 0.00017317909804592886
9.999999999998899e-05 9.999499987499087e-05
0.00030000000000002247 0.00017317909804592886
0.0 0.0
0.00030000000000002247 0.00017317909804592886
0.0005000000000000004 0.00022355088906108006
0.00030000000000002247 0.00017317909804592886
0.006799999999999973 0.0008218126307133499
0.0013000000000000234 0.00036032069049667754
0.00030000000000002247 0.00017317909804592886
0.00019999999999997797 0.0001414072133944981
0.010299999999999976 0.0010096489488926324
0.0006999999999999784 0.00026448251359966813
0.003300000000000025 0.0005735076285456028
0.00030000000000002247 0.00017317909804592886
0.0 0.0
0.0 0.0
0.0 0.0
9.999999999998899e-05 9.999499987499087e-05
0.0 0.0
0.00030000000000002247 0.00017317909804592886
0.00030000000000002247 0.00017317909804592886
0.0 0.0
0.0 0.0
0.0010999999999999899 0.00033148001448050956
0.0008000000000000229 0.0002827295527531614
0.00019999999999997797 0.0001414072133944981
9.999999999998899e-05 9.999499987499087e-05
0.0 0.0
0.0 0.0
0.00040000000000001146 0.00019995999599920291
9.999999999998899e-05 9.999499987499087e-05
0.0 0.0
0.00040000000000001146 0.00019995999599920291
0.0 0.0
0.00019999999999997797 0.0001414072133944981
0.0009000000000000119 0.0002998649696113272
0.0009000000000000119 0.0002998649696113272
0.0005999999999999894 0.0002448754785600193
0.0 0.0
0.005599999999999994 0.0007462332075162554
0.00040000000000001146 0.00019995999599920291
0.0010000000000000009 0.0003160696125855821
0.0 0.0
0.003500000000000003 0.0005905717568594024
0.0 0.0
0.0 0.0
0.0 0.0
0.00019999999999997797 0.0001414072133944981
9.999999999998899e-05 9.999499987499087e-05
0.0 0.0
0.0009000000000000119 0.0002998649696113272
9.999999999998899e-05 9.999499987499087e-05
0.0 0.0
0.0010000000000000009 0.0003160696125855821
0.0030000000000000027 0.0005469003565550121
0.0 0.0
0.0039000000000000146 0.0006232808355789569
0.0008000000000000229 0.0002827295527531614
0.0 0.0
0.0005000000000000004 0.00022355088906108006
0.00030000000000002247 0.00017317909804592886
0.0 0.0
