With Shot Noise
01/11/2024 18:00:08 

VQEr_100_shots_10000_COBYLA_maxIter_10000_tol_1e-06_RA_r1_rl 

Reference value: 0.0000000000e+00 

Number of pauli strings:  2
Qubits:  2
VQE runs:  100
Optimizer:  COBYLA
Max iterations:  10000
Optimizers's tolerance:  1e-06
Ansatz:  RA_r1_rl 

All run converged!!!
Number of iterations for each converged VQE run:
[72, 63, 76, 61, 65, 59, 64, 70, 66, 76, 62, 63, 66, 77, 63, 62, 58, 67, 70, 46, 55, 61, 61, 72, 67, 53, 62, 55, 58, 54, 54, 67, 69, 70, 65, 73, 65, 68, 72, 61, 51, 67, 76, 67, 67, 66, 64, 69, 71, 83, 73, 65, 67, 67, 66, 72, 71, 58, 67, 58, 49, 67, 70, 72, 67, 50, 60, 60, 64, 63, 63, 65, 66, 66, 65, 72, 59, 58, 64, 65, 53, 70, 64, 75, 69, 67, 66, 60, 66, 63, 60, 80, 65, 60, 61, 60, 74, 66, 65, 59] 

Average iterations of converged run:
65 

VQE eigenvalues:
[0.0, 0.00040000000000001146, 9.999999999998899e-05, 0.00019999999999997797, 0.0008000000000000229, 0.0, 0.00040000000000001146, 0.0, 0.0031999999999999806, 9.999999999998899e-05, 0.0023000000000000242, 0.0008000000000000229, 9.999999999998899e-05, 9.999999999998899e-05, 0.00030000000000002247, 0.0, 0.00030000000000002247, 0.0, 0.0008000000000000229, 0.0, 0.0, 0.00030000000000002247, 9.999999999998899e-05, 0.0, 0.0005000000000000004, 0.0, 0.0005999999999999894, 0.0, 0.00019999999999997797, 0.0, 0.0, 9.999999999998899e-05, 0.0021999999999999797, 0.0, 0.00040000000000001146, 0.0008000000000000229, 0.00019999999999997797, 0.00030000000000002247, 9.999999999998899e-05, 0.00030000000000002247, 0.0, 0.00030000000000002247, 0.0005000000000000004, 0.00030000000000002247, 0.006799999999999973, 0.0013000000000000234, 0.00030000000000002247, 0.00019999999999997797, 0.010299999999999976, 0.0006999999999999784, 0.003300000000000025, 0.00030000000000002247, 0.0, 0.0, 0.0, 9.999999999998899e-05, 0.0, 0.00030000000000002247, 0.00030000000000002247, 0.0, 0.0, 0.0010999999999999899, 0.0008000000000000229, 0.00019999999999997797, 9.999999999998899e-05, 0.0, 0.0, 0.00040000000000001146, 9.999999999998899e-05, 0.0, 0.00040000000000001146, 0.0, 0.00019999999999997797, 0.0009000000000000119, 0.0009000000000000119, 0.0005999999999999894, 0.0, 0.005599999999999994, 0.00040000000000001146, 0.0010000000000000009, 0.0, 0.003500000000000003, 0.0, 0.0, 0.0, 0.00019999999999997797, 9.999999999998899e-05, 0.0, 0.0009000000000000119, 9.999999999998899e-05, 0.0, 0.0010000000000000009, 0.0030000000000000027, 0.0, 0.0039000000000000146, 0.0008000000000000229, 0.0, 0.0005000000000000004, 0.00030000000000002247, 0.0] 

VQE eigenvalues standard deviation:
[0.0, 0.00019995999599920291, 9.999499987499087e-05, 0.0001414072133944981, 0.0002827295527531614, 0.0, 0.00019995999599920291, 0.0, 0.000564779603031128, 9.999499987499087e-05, 0.0004790313142165169, 0.0002827295527531614, 9.999499987499087e-05, 9.999499987499087e-05, 0.00017317909804592886, 0.0, 0.00017317909804592886, 0.0, 0.0002827295527531614, 0.0, 0.0, 0.00017317909804592886, 9.999499987499087e-05, 0.0, 0.00022355088906108006, 0.0, 0.0002448754785600193, 0.0, 0.0001414072133944981, 0.0, 0.0, 9.999499987499087e-05, 0.0004685253461660291, 0.0, 0.00019995999599920291, 0.0002827295527531614, 0.0001414072133944981, 0.00017317909804592886, 9.999499987499087e-05, 0.00017317909804592886, 0.0, 0.00017317909804592886, 0.00022355088906108006, 0.00017317909804592886, 0.0008218126307133499, 0.00036032069049667754, 0.00017317909804592886, 0.0001414072133944981, 0.0010096489488926324, 0.00026448251359966813, 0.0005735076285456028, 0.00017317909804592886, 0.0, 0.0, 0.0, 9.999499987499087e-05, 0.0, 0.00017317909804592886, 0.00017317909804592886, 0.0, 0.0, 0.00033148001448050956, 0.0002827295527531614, 0.0001414072133944981, 9.999499987499087e-05, 0.0, 0.0, 0.00019995999599920291, 9.999499987499087e-05, 0.0, 0.00019995999599920291, 0.0, 0.0001414072133944981, 0.0002998649696113272, 0.0002998649696113272, 0.0002448754785600193, 0.0, 0.0007462332075162554, 0.00019995999599920291, 0.0003160696125855821, 0.0, 0.0005905717568594024, 0.0, 0.0, 0.0, 0.0001414072133944981, 9.999499987499087e-05, 0.0, 0.0002998649696113272, 9.999499987499087e-05, 0.0, 0.0003160696125855821, 0.0005469003565550121, 0.0, 0.0006232808355789569, 0.0002827295527531614, 0.0, 0.00022355088906108006, 0.00017317909804592886, 0.0] 

Median VQE eigenvalues:
0.00019999999999997797 

Min eigenvalue after 100 VQE steps on Aer qasm simulator: 0.00000e+00
Delta from reference energy value is 0.00000e+00 

Optimizer history of the smallest VQE eigenvalue:
[0.4834, 0.5935, 0.1285, 0.12469999999999998, 0.5769, 0.06940000000000002, 0.026100000000000012, 0.04580000000000001, 0.02939999999999998, 0.02429999999999999, 0.006500000000000006, 0.08860000000000001, 0.010000000000000009, 0.02360000000000001, 0.006900000000000017, 0.031000000000000028, 0.0008000000000000229, 0.005500000000000005, 0.0015000000000000013, 0.0016999999999999793, 0.0015000000000000013, 0.0010000000000000009, 0.00019999999999997797, 0.0015000000000000013, 0.00019999999999997797, 0.00019999999999997797, 9.999999999998899e-05, 0.00019999999999997797, 9.999999999998899e-05, 0.0, 0.00019999999999997797, 0.0, 0.00030000000000002247, 0.0, 0.0, 9.999999999998899e-05, 0.0, 0.0, 9.999999999998899e-05, 9.999999999998899e-05, 0.00019999999999997797, 0.0, 0.0, 9.999999999998899e-05, 0.0, 9.999999999998899e-05, 9.999999999998899e-05, 9.999999999998899e-05, 0.0, 9.999999999998899e-05, 9.999999999998899e-05, 0.00019999999999997797, 9.999999999998899e-05, 9.999999999998899e-05, 0.0, 0.0, 9.999999999998899e-05, 0.0, 0.0, 0.0, 9.999999999998899e-05, 9.999999999998899e-05, 0.00019999999999997797, 9.999999999998899e-05, 0.0, 0.00019999999999997797, 9.999999999998899e-05, 9.999999999998899e-05, 0.0, 0.0, 0.0, 0.0] 

Optimizer history of the smallest VQE eigenvalue standard deviation:
[0.004997243640248092, 0.004911799568386316, 0.003346457081750788, 0.003303784345262263, 0.004940509993917632, 0.002541331147253345, 0.0015943271307984452, 0.0020905109423296495, 0.0016892495375165854, 0.0015397892712965626, 0.0008036012692872014, 0.0028416551514918206, 0.000994987437106621, 0.0015179934123704232, 0.000827791640450664, 0.0017331762749357043, 0.0002827295527531614, 0.0007395775821372627, 0.0003870077518603461, 0.00041195994950965487, 0.0003870077518603461, 0.0003160696125855821, 0.0001414072133944981, 0.0003870077518603461, 0.0001414072133944981, 0.0001414072133944981, 9.999499987499087e-05, 0.0001414072133944981, 9.999499987499087e-05, 0.0, 0.0001414072133944981, 0.0, 0.00017317909804592886, 0.0, 0.0, 9.999499987499087e-05, 0.0, 0.0, 9.999499987499087e-05, 9.999499987499087e-05, 0.0001414072133944981, 0.0, 0.0, 9.999499987499087e-05, 0.0, 9.999499987499087e-05, 9.999499987499087e-05, 9.999499987499087e-05, 0.0, 9.999499987499087e-05, 9.999499987499087e-05, 0.0001414072133944981, 9.999499987499087e-05, 9.999499987499087e-05, 0.0, 0.0, 9.999499987499087e-05, 0.0, 0.0, 0.0, 9.999499987499087e-05, 9.999499987499087e-05, 0.0001414072133944981, 9.999499987499087e-05, 0.0, 0.0001414072133944981, 9.999499987499087e-05, 9.999499987499087e-05, 0.0, 0.0, 0.0, 0.0] 

Smallest VQE eingenvalue optimizer final message:
{   'aux_operators_evaluated': None,
    'cost_function_evals': 72,
    'eigenvalue': 0.0,
    'optimal_circuit': <qiskit.circuit.library.n_local.real_amplitudes.RealAmplitudes object at 0x000001B505154440>,
    'optimal_parameters': {   ParameterVectorElement(θ[0]): 1.5208868733308358,
                              ParameterVectorElement(θ[1]): 1.5778532769030793,
                              ParameterVectorElement(θ[2]): 1.4268700613980618,
                              ParameterVectorElement(θ[3]): 1.5558872873585103},
    'optimal_point': array([1.52088687, 1.57785328, 1.42687006, 1.55588729]),
    'optimal_value': 0.0,
    'optimizer_evals': None,
    'optimizer_result': <qiskit_algorithms.optimizers.optimizer.OptimizerResult object at 0x000001B5051540E0>,
    'optimizer_time': 4.403810262680054}
     ┌──────────┐ ░       ░ ┌──────────┐
q_0: ┤ Ry(θ[0]) ├─░───■───░─┤ Ry(θ[2]) ├
     ├──────────┤ ░ ┌─┴─┐ ░ ├──────────┤
q_1: ┤ Ry(θ[1]) ├─░─┤ X ├─░─┤ Ry(θ[3]) ├
     └──────────┘ ░ └───┘ ░ └──────────┘
The number of ansatz parameters is: 
 4
Line for latex table
RA r1 rl & $1\mathrm{e}{-06}$ & 10000 & 100/100 &65 & $0\mathrm{e}{+00}$ & $0\mathrm{e}{+00}$ & $0\mathrm{e}{+00}$ & $2\mathrm{e}{-04}$ & $2\mathrm{e}{-04}$ & - & 00h 06m 43s\\

