RA_r1_rl
08m41s__2093
1e-04
0.9163908478024606
0.8937089224453394
0.9147979649213166
0.9147955391429298
0.8936221967839073
0.89370814445701
0.8934706067114443
0.9147932801325223
0.9164820584200369
0.8937015666602103
0.8937039846879319
0.9148030387938821
0.9154755762333052
0.9147965042625297
0.8933382675610434
0.9148567340373488
0.9147383520841013
0.8937275861314993
0.8937131978620605
0.8938640350116225
0.9147994708333506
0.9147684420922161
0.9148099453657736
0.9157050409936206
0.8937079636466613
0.8937014900422221
0.893707312122072
0.8937068391574999
0.9132359119807918
0.9147962029002523
0.8937059399331928
0.8937108570310863
0.9147967089544439
0.8933377003899665
0.8937033309720677
0.8955978463362371
0.8937100706538689
0.9137911249950138
0.914795374622906
0.8937085517346405
0.8937116592343706
0.9148149450700314
0.9148356536962241
0.9148083128728084
0.9148066482897295
0.8937404520270391
0.8937051745186478
0.9147951455526212
0.9132559257355927
0.8934466047661382
0.8937022592219225
0.8935096089831015
0.8937121118111211
0.9147952158569267
0.8933935830799403
0.8937016250457205
0.9138549592870213
0.8937000438835363
0.8937092177884645
0.9147954997782807
0.8937269136395775
0.8937011995149268
0.9132464796709161
0.9147946940778505
0.8937232621905246
0.9147960973915948
0.893707105483769
0.9148694218859267
0.8938297834659724
0.8937045447176997
0.9148440166404026
0.9147935090896873
0.9147977052876338
0.8937055111170975
0.8937088978297155
0.8937018884143627
0.8937671067135757
0.8937022617115086
0.8937024931313868
0.8937066950816743
0.9139989324938811
0.9155661385784247
0.9148062984008339
0.9136882813363751
0.8937564349498891
0.914799226373879
0.9148029931197043
0.8937024749807808
0.9147945581072269
0.893417002692265
0.8937057800853783
0.8937077485504591
0.9147973720003651
0.8937154337172057
0.8937034307773651
0.9143153955981267
0.893704933392222
0.8937044507745342
0.893704183790635
0.9147942718160608
