0.442904650554921
3.5607464600880583
2.160571747340145
0.503828904617325
2.1192207593424386
3.715101936073654
4.227906081055028
3.586704020117052
0.10181921849857045
1.1123133369077896
0.5233515332226506
0.24552467716108795
0.3247394046660086
1.2282091644318855
0.19712677715346527
3.494089509888793
0.6458617080507376
1.973287126600926
0.33303600727270055
3.9502382458845844
3.8207797684717293
0.10298194524655524
0.44474188597569525
3.9667284030908783
0.15146730012711906
3.7476825045614746
0.2229504605416367
0.3060349610130936
1.9402117738851656
3.2538742588354506
3.9961982251785146
0.6445726721132843
2.1697147451015617
0.3160708146733048
0.13370056882442094
1.8356472757538387
0.11640785976009094
1.6393109103623562
0.2983729071739001
0.1357255850713257
3.2546684751097827
0.3131861571792224
0.29558410688525893
0.1109419127752278
0.5437417774329099
4.06191669725688
0.13551548889476528
0.258772461737215
0.39962872462172405
0.07253622047116914
0.30138682982905896
0.35145908350699717
2.8936978501033956
0.5886864486964121
1.9288592949422922
0.13150119762246615
0.6345062304696101
0.04268052321508542
1.9023341652232695
1.9364068062527502
0.9653532651392229
0.4440641233945215
0.10860334522198356
1.2606383046671419
3.416733833450549
0.13444905724345357
3.5284792955129034
1.902064754529707
0.05701889460885712
2.86508342250679
1.4820826866148904
0.12689017434065475
0.25298493130081934
0.468159764476452
3.5754892952341732
3.909867652842342
0.13663540154641318
0.2903126414262035
0.5286398136793008
0.6782906272738052
3.406781755740403
3.016538735413812
2.0016029689828936
0.14471318893315221
0.08509218092866278
2.311739681880945
1.7138638316159291
0.33468835775613964
0.15754410758878612
1.2555201369934164
0.4035264519124783
0.13178664679783414
0.08884410298345213
0.2950500945038131
0.14441925514613185
0.3532832695099129
0.6628853056192959
0.5818863739912485
0.13971249420858678
0.8009735688687553
