RA_r1_rl
06h29m48s__81
1e-02
25.43974308237431
27.40688247776762
35.311204364689544
18.302994998022157
7.151629781347887
24.848049106323693
24.61559563922441
63.40146573204453
13.169377568702682
15.835447549092041
22.426923461121817
52.32330905904946
3.150841642464309
20.412213018106748
34.51641776496647
24.587574625449363
56.45976691425513
12.31394757906182
18.28038344409765
7.432521633386497
83.71996836111474
9.899133878108755
8.590613379139828
32.867086282447495
10.21424199383907
9.48211282098843
22.30591327244222
22.787503454125144
22.518494223606385
6.3607749574730335
16.03165028199316
8.583166508198111
37.06225946698729
37.111237408726126
49.230972762952995
23.148762787943905
13.132156955854917
41.14836210727544
12.184248263943855
11.784784634258312
20.15368580580658
25.057255938414393
15.234172332338904
35.2008479958368
45.448667175639116
11.480311448473538
24.960596764826562
36.161187929615224
13.846374429083895
12.03168460456163
37.68216853624568
8.282876965427937
9.484706663130304
14.81448689320819
27.377661027557213
24.39172593765643
32.91004163242643
6.119819274979803
16.498848846056777
16.209134415879554
19.037172579755275
37.17434789148292
33.10898732999192
30.476145960424333
4.2963319135928355
14.062905939832373
14.91690355228616
21.61108167559117
24.57960392387849
23.316821163107303
6.910825132523966
14.843268530828672
15.265482677920033
29.105241984858893
6.293880456487773
16.84267998024349
36.96351224113334
15.408799773507042
25.349610314351267
13.977411312005213
19.79959204181359
11.079742955538652
22.339203093103194
57.24778678178514
23.461175911683178
33.32190293312199
6.584580789735288
24.557703486326538
11.97782708055093
22.951540529744626
36.32552524143157
15.005940950335077
33.43688495849357
49.37231706260644
16.107151354859454
33.093100613024205
32.06193673720084
21.45021829790936
42.15515933259778
6.159388766073923
