25.43974308237431 2.8876304075889823
27.40688247776762 2.856517326501209
35.311204364689544 3.3822245588724567
18.302994998022157 3.0643566510539775
7.151629781347887 2.8044373837622207
24.848049106323693 3.3628097735678923
24.61559563922441 3.3138924994493575
63.40146573204453 3.5034535038132777
13.169377568702682 3.2954324633351724
15.835447549092041 3.320074751143811
22.426923461121817 3.0449582916222577
52.32330905904946 3.4305590433838797
3.150841642464309 2.8325464171116224
20.412213018106748 3.4464452824941003
34.51641776496647 3.4892288728107452
24.587574625449363 3.480907372711757
56.45976691425513 3.2663681822220783
12.31394757906182 2.9941255421202575
18.28038344409765 3.4204425731205266
7.432521633386497 2.7145205335146816
83.71996836111474 3.578944181247197
9.899133878108755 3.3707220703214875
8.590613379139828 2.8268652236798477
32.867086282447495 3.171486341773309
10.21424199383907 3.138474370003682
9.48211282098843 2.679475219188726
22.30591327244222 3.305610653464126
22.787503454125144 3.100641516554349
22.518494223606385 3.4597691288970243
6.3607749574730335 3.06011153467122
16.03165028199316 3.3459040589037747
8.583166508198111 2.9713812471838854
37.06225946698729 3.512603109133786
37.111237408726126 3.4466674092723637
49.230972762952995 3.454360124990735
23.148762787943905 3.258452596114888
13.132156955854917 3.288367046540692
41.14836210727544 3.2982430095454003
12.184248263943855 2.8430870040749348
11.784784634258312 2.798202529949833
20.15368580580658 3.4011859574015992
25.057255938414393 3.039716303082723
15.234172332338904 2.887031621041089
35.2008479958368 3.441410657695767
45.448667175639116 3.4492208017625847
11.480311448473538 3.002156442897817
24.960596764826562 3.3624783025353344
36.161187929615224 3.353798290974929
13.846374429083895 3.018548919307131
12.03168460456163 3.015105361235031
37.68216853624568 3.7116776728037664
8.282876965427937 3.0169691303832646
9.484706663130304 2.5841904821675135
14.81448689320819 2.7726079769299
27.377661027557213 3.307947290048965
24.39172593765643 3.3761044517870307
32.91004163242643 3.1228102596687344
6.119819274979803 3.213505059606778
16.498848846056777 3.0590776851784893
16.209134415879554 3.3579462277145633
19.037172579755275 3.174074095894447
37.17434789148292 3.4620477966090775
33.10898732999192 3.4294276483803285
30.476145960424333 3.1082424133855238
4.2963319135928355 2.7826772833768803
14.062905939832373 2.97183498643215
14.91690355228616 2.4663755788743877
21.61108167559117 2.927838709950087
24.57960392387849 3.0621694181509653
23.316821163107303 3.2170816090326624
6.910825132523966 2.6927560658842773
14.843268530828672 3.065851993677358
15.265482677920033 3.003633792196875
29.105241984858893 3.217027987435732
6.293880456487773 2.7214512063283887
16.84267998024349 3.0608871735523717
36.96351224113334 3.39568308435121
15.408799773507042 3.273658076222572
25.349610314351267 3.526521020496928
13.977411312005213 2.792253515760411
19.79959204181359 3.3781482415623216
11.079742955538652 3.1942184090089434
22.339203093103194 2.64583072183272
57.24778678178514 3.617725183662989
23.461175911683178 3.3146650219945024
33.32190293312199 3.415707745571648
6.584580789735288 2.9970932341418446
24.557703486326538 3.258767680644488
11.97782708055093 3.1683308059556574
22.951540529744626 2.7523961005357704
36.32552524143157 3.337510678675756
15.005940950335077 3.023555177209563
33.43688495849357 3.3370358203071073
49.37231706260644 3.4486052233439466
16.107151354859454 3.3741846104260738
33.093100613024205 3.5452665760977133
32.06193673720084 3.4957008259945144
21.45021829790936 3.4070113177145958
42.15515933259778 2.475369359416604
6.159388766073923 2.8291732525869344
