RA_r1_rl
04m39s__836
1e-06
0.9506335329579195
0.9506335330187647
0.9506335330376141
0.9065598714848071
0.9065598717240162
0.9506335329639064
0.9065598714795463
0.9065598714939163
0.9065598714823166
0.9065598715749659
0.9065598714816795
0.9065598714844827
0.9065598714923923
0.9065598715054383
0.9065598718048623
0.9065598714756554
0.9506335329551415
0.906559871479893
0.9506335329648858
0.9065598714788152
0.9506335329528554
0.9506335329592384
0.9065598714796551
0.9065598714887764
0.950633532978881
0.9065598714775484
0.9506335329697917
0.9506335330220871
0.9065598714765807
0.9065598715073989
0.9506335329903083
0.9065598714788329
0.9506335330039419
0.9065598714790997
0.9506335329873743
0.9506335329945966
0.9506335336809765
0.9065598714893439
0.950633532985719
0.9506335329553
0.9065598715483987
0.9506335329677801
0.9065598715149861
0.9506335329635498
0.9506335329711307
0.9065598715355391
0.9065598714937215
0.9065598714813878
0.9065598714759998
0.9065598715685923
0.9506335329673112
0.9065598714758439
0.9506335329559548
0.9065598727465659
0.9065598714793967
0.9506335329744062
0.9065598714831999
0.9065598714911236
0.9506335330235216
0.9065598714893313
0.9065598715225539
0.9065598714795661
0.9065598716349429
0.9065598715063895
0.9065598714845232
0.9506335329602382
0.9506335329624596
0.9506335329614729
0.9065598714819064
0.9506335329999314
0.9506335329953575
0.9506335330183655
0.9065598715954324
0.9065598714857525
0.9065598714776815
0.9065598714830528
0.9065598714882432
0.9506335329642528
0.9065598714844176
0.9065598715132319
0.9065598714789949
0.9506335329848433
0.950633532987017
0.9065598715781455
0.9065598714981368
0.9506335329754972
0.9506335330011358
0.9506335329527668
0.9506335329636169
0.9065598715152747
0.9065598715623434
0.9065598715158834
0.9065598714760481
0.9506335329601368
0.9506335329649328
0.9506335329996081
0.9506335329560165
0.9065598716232001
0.9506335330316489
0.9506335329675596
