No Shot Noise
31/10/2024 18:58:51 

VQEr_100_COBYLA_maxIter_10000_tol_1e-06_RA_r1_rl 

Reference value: 9.0655987147e-01 

Qubits:  3
VQE runs:  100
Optimizer:  COBYLA
Max iterations:  10000
Optimizers's tolerance:  1e-06
Ansatz:  RA_r1_rl 

All run converged!!!
Number of iterations for each converged VQE run:
[580, 865, 719, 545, 1521, 680, 257, 1417, 466, 691, 364, 1469, 288, 998, 1482, 341, 674, 256, 741, 207, 361, 704, 339, 941, 754, 329, 717, 761, 306, 679, 662, 355, 521, 392, 914, 686, 5094, 875, 711, 649, 2125, 561, 1129, 549, 900, 907, 632, 266, 323, 1325, 700, 263, 1149, 5993, 394, 548, 450, 655, 495, 676, 789, 451, 1464, 569, 273, 2411, 618, 586, 370, 641, 1502, 617, 2611, 640, 325, 421, 458, 402, 261, 791, 370, 1516, 689, 1277, 899, 511, 523, 394, 404, 876, 1623, 571, 343, 631, 526, 905, 946, 1674, 645, 701] 

Average iterations of converged run:
836 

VQE eigenvalues:
[0.9506335329579195, 0.9506335330187647, 0.9506335330376141, 0.9065598714848071, 0.9065598717240162, 0.9506335329639064, 0.9065598714795463, 0.9065598714939163, 0.9065598714823166, 0.9065598715749659, 0.9065598714816795, 0.9065598714844827, 0.9065598714923923, 0.9065598715054383, 0.9065598718048623, 0.9065598714756554, 0.9506335329551415, 0.906559871479893, 0.9506335329648858, 0.9065598714788152, 0.9506335329528554, 0.9506335329592384, 0.9065598714796551, 0.9065598714887764, 0.950633532978881, 0.9065598714775484, 0.9506335329697917, 0.9506335330220871, 0.9065598714765807, 0.9065598715073989, 0.9506335329903083, 0.9065598714788329, 0.9506335330039419, 0.9065598714790997, 0.9506335329873743, 0.9506335329945966, 0.9506335336809765, 0.9065598714893439, 0.950633532985719, 0.9506335329553, 0.9065598715483987, 0.9506335329677801, 0.9065598715149861, 0.9506335329635498, 0.9506335329711307, 0.9065598715355391, 0.9065598714937215, 0.9065598714813878, 0.9065598714759998, 0.9065598715685923, 0.9506335329673112, 0.9065598714758439, 0.9506335329559548, 0.9065598727465659, 0.9065598714793967, 0.9506335329744062, 0.9065598714831999, 0.9065598714911236, 0.9506335330235216, 0.9065598714893313, 0.9065598715225539, 0.9065598714795661, 0.9065598716349429, 0.9065598715063895, 0.9065598714845232, 0.9506335329602382, 0.9506335329624596, 0.9506335329614729, 0.9065598714819064, 0.9506335329999314, 0.9506335329953575, 0.9506335330183655, 0.9065598715954324, 0.9065598714857525, 0.9065598714776815, 0.9065598714830528, 0.9065598714882432, 0.9506335329642528, 0.9065598714844176, 0.9065598715132319, 0.9065598714789949, 0.9506335329848433, 0.950633532987017, 0.9065598715781455, 0.9065598714981368, 0.9506335329754972, 0.9506335330011358, 0.9506335329527668, 0.9506335329636169, 0.9065598715152747, 0.9065598715623434, 0.9065598715158834, 0.9065598714760481, 0.9506335329601368, 0.9506335329649328, 0.9506335329996081, 0.9506335329560165, 0.9065598716232001, 0.9506335330316489, 0.9506335329675596] 

Median VQE eigenvalues:
0.906559871586789 

Min eigenvalue after 100 VQE steps on Aer qasm simulator: 9.06560e-01
Delta from reference energy value is 1.27509e-12 

Optimizer history of the smallest VQE eigenvalue:
[7.3672561092509055, 6.355246979630863, 3.5411221313423407, 3.0430125928927607, 2.588148000510793, 4.620416041359833, 2.16451024333519, 2.748930160852743, 2.8526015662024196, 2.2376500691541676, 2.1612031060543133, 2.358171377982575, 3.0050016502498984, 2.15699392555025, 2.0514777091232905, 1.8949616880002267, 1.8708973762737395, 1.9436395705020724, 2.0079172785974038, 1.8018699773613707, 1.730095588076703, 1.7071884956404728, 1.6306017629583618, 1.5219287478707195, 1.470312506332498, 1.4343929073677508, 1.6638802087575673, 1.4182462065248875, 1.4681427606476865, 1.3783259084507762, 1.3860751443086379, 1.4010557619896928, 1.371819518581549, 1.3570617922495953, 1.3467024237707235, 1.3834813457847286, 1.3075537823896388, 1.2736443458936273, 1.3039153403852803, 1.2673361083346117, 1.3026171810654346, 1.257319494449236, 1.2163763070035603, 1.1975947579177952, 1.2040915608359968, 1.1982050573140803, 1.1759156816039498, 1.1665160808099528, 1.1581645917343986, 1.1530359400581138, 1.1754840403923963, 1.172968400805691, 1.1433122458448763, 1.1460767248825445, 1.1397157088138132, 1.1103359094408465, 1.0717801824485589, 1.081510552008104, 1.072607477578926, 1.0915175347672832, 1.0739923434365701, 1.0509474332928506, 1.0519973539386538, 1.0632854207014872, 1.0529412105115041, 1.0480827882997588, 1.0343758790457473, 1.0459029234831425, 1.0383587538863739, 1.022269053133161, 1.012216985833171, 1.0128587161165004, 1.0174736867748653, 1.0084475527043886, 1.0063614802354555, 0.9937410259176563, 0.9836498302462939, 0.977163064671106, 0.9705497634304696, 0.9765478383316298, 0.9777290475706975, 0.9623938855420213, 0.9516630538981666, 0.9498627061194583, 0.9503240307918165, 0.9556362477192177, 0.9458890836282354, 0.937587819285261, 0.9327402921114774, 0.930715712532459, 0.9341442148008526, 0.9318406237681571, 0.9424385328943911, 0.9267430418910214, 0.9283081942302466, 0.9261335381592175, 0.9282147629052335, 0.923772021806974, 0.9202175136026951, 0.9221255715134816, 0.9199480153475152, 0.9175832472148272, 0.9152315939997708, 0.9171342925400475, 0.9154365188968266, 0.9133358407924375, 0.9123180728754934, 0.9133406067164882, 0.9120907426859971, 0.9114967695468843, 0.909866906412737, 0.9107563820628416, 0.9105819223874859, 0.9087405173148865, 0.9093695978507818, 0.9086837178519698, 0.9087402216131519, 0.9100838964503534, 0.9084553565840006, 0.9082087736047775, 0.9083717985459239, 0.9079795590421562, 0.9076518742412141, 0.9076409400097989, 0.9079204332521241, 0.9073359723025832, 0.9077236972621616, 0.9076287507605009, 0.9070035583908769, 0.9074099784813725, 0.9070916805000868, 0.9069328788576652, 0.9070707631646909, 0.90697971610817, 0.9067655837548876, 0.906884518306982, 0.9067636617481907, 0.9067814112832641, 0.9067590551667621, 0.9067852493141157, 0.9067355957990477, 0.9067391874842653, 0.9067810376514047, 0.9067241584621094, 0.9066716982937798, 0.9066704163255369, 0.9066661184345784, 0.906715041443301, 0.906682281743177, 0.9067045493920589, 0.9066552692086232, 0.9066185156427513, 0.9066280016414019, 0.9066217286369906, 0.9066190965822831, 0.9066143355438048, 0.9066216284234058, 0.9066142779389161, 0.9066085597866286, 0.9066298190372281, 0.9066071319222894, 0.9065944326540365, 0.9065953888700798, 0.9065940827920657, 0.9065892617914244, 0.9065884489538992, 0.9065887521207907, 0.9065922858960801, 0.9065888113894564, 0.9065821557671531, 0.9065788467496686, 0.9065755356117997, 0.9065786779013842, 0.9065753670658747, 0.9065778791116719, 0.9065759954158934, 0.9065720641180411, 0.90657378359295, 0.906571570465384, 0.9065701424203976, 0.9065693571498519, 0.906568994507003, 0.906568830453238, 0.90656894095497, 0.9065685136098711, 0.9065673402679986, 0.9065666546283563, 0.906566636815148, 0.9065675799900934, 0.9065654733682864, 0.9065654105112436, 0.9065653789536829, 0.9065641567045258, 0.9065643015712121, 0.9065640279321678, 0.9065631459860346, 0.9065625713515537, 0.9065623247196568, 0.9065620497451372, 0.9065613380771945, 0.9065609635770859, 0.9065609363266287, 0.9065609465702601, 0.9065607844891919, 0.9065603182592269, 0.9065603150481444, 0.9065603981916792, 0.906560168957599, 0.9065601707293356, 0.9065602118633742, 0.9065606486249136, 0.9065603892264152, 0.9065601707201061, 0.9065601826661704, 0.9065603439126421, 0.9065601497565053, 0.9065601406164959, 0.9065601603226201, 0.9065601330296043, 0.9065601292324796, 0.906560178126738, 0.906560084764803, 0.9065600432539879, 0.906560006827722, 0.9065600062152585, 0.9065600131432565, 0.9065599621836695, 0.9065599561229513, 0.9065599745676297, 0.9065599281968719, 0.9065599486511072, 0.9065599201024226, 0.9065599372014478, 0.906559938709278, 0.9065599160095995, 0.9065599173433996, 0.9065599339271856, 0.9065599134238593, 0.9065599022113628, 0.9065599024362052, 0.9065599082211269, 0.9065598986867767, 0.90655989893338, 0.906559898635779, 0.9065598970949538, 0.9065598991485041, 0.9065598934803183, 0.9065598933086264, 0.9065598942845106, 0.906559890272811, 0.9065598891009774, 0.9065598906941893, 0.9065598852095791, 0.9065598830964409, 0.9065598814769037, 0.9065598792215015, 0.9065598777321788, 0.9065598783010109, 0.9065598779547434, 0.9065598766646749, 0.906559877792582, 0.9065598773761137, 0.906559876679448, 0.9065598770467067, 0.9065598763977822, 0.9065598754868961, 0.9065598751710945, 0.9065598755394018, 0.906559874899188, 0.9065598746789085, 0.9065598737799435, 0.9065598734466913, 0.9065598733835272, 0.9065598730628016, 0.906559872808946, 0.9065598727075797, 0.9065598730754509, 0.9065598724005778, 0.9065598729425182, 0.9065598722228337, 0.9065598720666497, 0.9065598720131691, 0.9065598719808703, 0.9065598718598006, 0.9065598716919745, 0.9065598725627748, 0.9065598717812526, 0.9065598716955168, 0.9065598718352512, 0.9065598717228954, 0.9065598718067451, 0.9065598717114176, 0.906559871779631, 0.9065598716737783, 0.9065598716931854, 0.9065598717176828, 0.9065598716348222, 0.9065598716080798, 0.9065598716317546, 0.9065598716288694, 0.9065598716296347, 0.906559871588276, 0.9065598715956951, 0.9065598716112024, 0.9065598715591697, 0.9065598715957983, 0.9065598715581612, 0.9065598715577905, 0.9065598715643731, 0.9065598715540706, 0.906559871575353, 0.9065598715511168, 0.9065598715328553, 0.906559871525134, 0.9065598715477449, 0.906559871527065, 0.9065598715153511, 0.906559871509219, 0.9065598715118116, 0.9065598715057528, 0.9065598714973925, 0.9065598715036718, 0.9065598714946879, 0.9065598714897976, 0.9065598714894475, 0.9065598714891537, 0.9065598714996053, 0.9065598714945349, 0.906559871482903, 0.906559871485752, 0.9065598714852888, 0.9065598714820697, 0.9065598714793994, 0.9065598714780414, 0.9065598714773084, 0.9065598714789835, 0.9065598714769652, 0.9065598714754259, 0.9065598714757815, 0.9065598714757126, 0.9065598714756554] 

Smallest VQE eingenvalue optimizer final message:
{   'aux_operators_evaluated': None,
    'cost_function_evals': 341,
    'eigenvalue': 0.9065598714756554,
    'optimal_circuit': <qiskit.circuit.library.n_local.real_amplitudes.RealAmplitudes object at 0x0000027275D47E30>,
    'optimal_parameters': {   ParameterVectorElement(θ[0]): 3.0886677507704032,
                              ParameterVectorElement(θ[1]): -2.3423970075158175e-08,
                              ParameterVectorElement(θ[2]): 0.00980324096026883,
                              ParameterVectorElement(θ[3]): 2.799776384979541,
                              ParameterVectorElement(θ[4]): 2.748302626813527,
                              ParameterVectorElement(θ[5]): 3.1317892122387128},
    'optimal_point': array([ 3.08866775e+00, -2.34239701e-08,  9.80324096e-03,  2.79977638e+00,
        2.74830263e+00,  3.13178921e+00]),
    'optimal_value': 0.9065598714756554,
    'optimizer_evals': None,
    'optimizer_result': <qiskit_algorithms.optimizers.optimizer.OptimizerResult object at 0x000002727570BF20>,
    'optimizer_time': 1.0673205852508545}
     ┌──────────┐ ░            ░ ┌──────────┐
q_0: ┤ Ry(θ[0]) ├─░────────■───░─┤ Ry(θ[3]) ├
     ├──────────┤ ░      ┌─┴─┐ ░ ├──────────┤
q_1: ┤ Ry(θ[1]) ├─░───■──┤ X ├─░─┤ Ry(θ[4]) ├
     ├──────────┤ ░ ┌─┴─┐└───┘ ░ ├──────────┤
q_2: ┤ Ry(θ[2]) ├─░─┤ X ├──────░─┤ Ry(θ[5]) ├
     └──────────┘ ░ └───┘      ░ └──────────┘
The number of ansatz parameters is: 
 6
Line for latex table
RA r1 rl & $1\mathrm{e}{-06}$ & 100/100 &836 & $9.0656\mathrm{e}{-01}$ & $1.2751\mathrm{e}{-12}$ & $9.0656\mathrm{e}{-01}$ & $1.1241\mathrm{e}{-10}$ & - & 00h 04m 39s\\

