RA_r1_rl
19m10s__32
1e-01
1.7007906700095514
1.7093067591496995
1.3011047976402266
2.092501163598478
3.0868601024855447
1.0369184718053104
1.270936271268725
0.9355958894737282
1.000053783011103
1.2380545396807703
1.0522272851205594
1.0195296099339513
1.1318979421207058
1.5146273623599384
1.7072224867419021
1.0407200721969965
1.3614565975096011
1.2617190389497506
1.0684034020733564
1.2424760856878563
1.0205575643292641
1.1810551413821686
1.080593970855245
1.129774547929793
1.1495199538937253
1.0376411708235553
1.2342155989296517
2.038994598811532
1.9474310215647122
1.016192461868949
1.921847492398325
1.749773871564694
1.8773888719637555
1.7890235989559327
1.0957857718219413
1.1189827035853699
1.2054906325984962
0.9618223228762104
1.629573044037863
1.6404225255114133
1.1682058809123403
1.946678019843116
1.1369151281218162
1.0079651632648072
1.4534092045478013
1.0633723825970889
1.1506009029252084
2.0561740462014795
1.2618283131684311
1.7967233735075065
1.2137470840997202
1.1369477326749917
1.0430235825412522
1.062351720358878
1.38982502461568
1.3701538291780087
1.0939582339165637
1.4344840869964761
1.1145325074774954
1.1229390309820357
1.1686697115094273
1.0110780169610092
1.3178465919718856
1.9553948401817256
3.011445905011084
1.313313165699288
1.0355526961828212
1.364456549814778
1.6419313747398125
2.157692417531911
1.329195013052524
1.3805039307410398
1.3250358166455811
1.4560123000112193
1.2954951942155681
1.1669849011846538
1.0805778415601273
1.0284240697855176
1.023321823573825
1.5647016522072579
1.3122604766060937
0.9658636151076704
2.313552133911201
1.6318554878095544
1.570926516081295
1.1639307662216454
1.6501946161100864
1.1523575579134329
1.35673293170053
1.547206961045874
2.950545130255156
0.9700882411728035
1.0448365378376983
1.2213577909566862
1.3524040126083536
1.0314031599834688
1.5639328453574706
1.348046754845559
0.9543560131602133
0.9532306621447338
