1.7007906700095514 0.052305778309225115
1.7093067591496995 0.04479647305241688
1.3011047976402266 0.046199796530654286
2.092501163598478 0.04754755630616273
3.0868601024855447 0.04364007739881835
1.0369184718053104 0.050792117714006005
1.270936271268725 0.043826501700433486
0.9355958894737282 0.048548698716774905
1.000053783011103 0.044290046174742685
1.2380545396807703 0.04536495229985849
1.0522272851205594 0.042443160487210564
1.0195296099339513 0.04843147559635716
1.1318979421207058 0.04156135375975295
1.5146273623599384 0.04798472851746557
1.7072224867419021 0.041638144797090056
1.0407200721969965 0.04399452816126632
1.3614565975096011 0.03552126894059058
1.2617190389497506 0.03962557750878599
1.0684034020733564 0.04346243318813332
1.2424760856878563 0.040328055812514044
1.0205575643292641 0.05042104404850493
1.1810551413821686 0.040555225860838845
1.080593970855245 0.04097150982073363
1.129774547929793 0.053296990161735024
1.1495199538937253 0.04304066962329774
1.0376411708235553 0.04543184328896858
1.2342155989296517 0.04269974388276499
2.038994598811532 0.04230573404925817
1.9474310215647122 0.04405922165933022
1.016192461868949 0.04796939784415543
1.921847492398325 0.04600588055932698
1.749773871564694 0.04689978038741299
1.8773888719637555 0.05154503259695564
1.7890235989559327 0.039231052542723896
1.0957857718219413 0.041024230090372184
1.1189827035853699 0.0508595318574191
1.2054906325984962 0.04946704991510309
0.9618223228762104 0.046078778158816266
1.629573044037863 0.044922555340430534
1.6404225255114133 0.042916653755355874
1.1682058809123403 0.051595029166493125
1.946678019843116 0.03775185965626839
1.1369151281218162 0.04233830173448258
1.0079651632648072 0.04713596770008916
1.4534092045478013 0.05060163106509991
1.0633723825970889 0.04376541401764741
1.1506009029252084 0.04717036642082085
2.0561740462014795 0.04914725965138238
1.2618283131684311 0.049563755902007615
1.7967233735075065 0.05178390190513991
1.2137470840997202 0.041937855903451296
1.1369477326749917 0.04299389945392432
1.0430235825412522 0.0441057105364413
1.062351720358878 0.04984144808939002
1.38982502461568 0.04522584244927144
1.3701538291780087 0.04309037452658649
1.0939582339165637 0.0471851617647972
1.4344840869964761 0.04406541876085426
1.1145325074774954 0.04463661731813492
1.1229390309820357 0.04392415895432768
1.1686697115094273 0.0471302430828172
1.0110780169610092 0.05153795202674326
1.3178465919718856 0.04478438947047786
1.9553948401817256 0.04926386044328552
3.011445905011084 0.04786617501928581
1.313313165699288 0.05453056708524355
1.0355526961828212 0.041622545173353086
1.364456549814778 0.04880884132919065
1.6419313747398125 0.0426425424958166
2.157692417531911 0.0521711653914253
1.329195013052524 0.046766397604215866
1.3805039307410398 0.038328317693000595
1.3250358166455811 0.04798831611703228
1.4560123000112193 0.03698367388632972
1.2954951942155681 0.05134741980638159
1.1669849011846538 0.05031991323332477
1.0805778415601273 0.04118850832812135
1.0284240697855176 0.04366485375241549
1.023321823573825 0.04455193480592058
1.5647016522072579 0.03724391407215167
1.3122604766060937 0.04674001846724695
0.9658636151076704 0.04603899070561918
2.313552133911201 0.04986146507988072
1.6318554878095544 0.038378937538218805
1.570926516081295 0.038268793206813465
1.1639307662216454 0.04680155578777831
1.6501946161100864 0.04789151290542475
1.1523575579134329 0.045618524645392754
1.35673293170053 0.044523775530454175
1.547206961045874 0.046048707070719196
2.950545130255156 0.046553019638161074
0.9700882411728035 0.051289447696711545
1.0448365378376983 0.044655912616817776
1.2213577909566862 0.0423315103157995
1.3524040126083536 0.03916004741889289
1.0314031599834688 0.04425036495231246
1.5639328453574706 0.03839644386303306
1.348046754845559 0.03799618979812871
0.9543560131602133 0.05048251191666919
0.9532306621447338 0.04552530584335065
