0.8942479181971679
0.916747506211873
0.9155079135835236
0.8959875506545629
0.9152253516824117
0.8946082698295265
0.8960794301787058
0.8939110623832753
0.8961739447465226
0.9135621196766319
0.8956007283313421
0.9162130868271785
0.9190305992314868
0.8940543214374946
0.8939940789449387
0.9134711410823142
0.9163424409456981
0.8940852741774478
0.8938795195381184
0.9133794203310288
0.9151780916888471
0.895216722942946
0.8942433165304554
0.8942651730710331
0.8941240942425477
0.916649403635052
0.8940597970092174
0.9170208737517256
0.8943473336200731
0.9151786104334316
0.8950966540474218
0.8940250867705423
0.9159259345355708
0.9150938380191946
0.8940903261554553
0.8941042150446482
0.8951593726436005
0.9169637223171894
0.8946149480822388
0.8950420896898458
0.9155376375059228
0.9150258036608321
0.8939205092473262
0.8943566037160321
0.894968480351018
0.9185758481211206
0.9148918388747305
0.9151628502264922
0.8938913578285456
0.8939280682128967
0.9134285266282095
0.9165823812303717
0.894019998448416
0.9152051628110881
0.8938570847314878
0.9155191566663357
0.8975231994568531
0.8965730153288415
0.9136239320954438
0.9182145546062855
0.9137741850329456
0.894295317407835
0.8942081917662332
0.8952154053203283
0.8938090584754176
0.8946316982445772
0.9144754892932608
0.8943905930115602
0.9160066949889476
0.9151562139137033
0.8937743575928759
0.8941838100706065
0.9149368013933284
0.8951745554077909
0.915542630023252
0.8957661118266659
0.8945768626663049
0.8943047235361193
0.9213575970805227
0.8940135863911841
0.9155414064441967
0.9143489403296639
0.9157432903717435
0.893905709955558
0.9150830595405722
0.8963189403113104
0.8947637595478023
0.9152500775052399
0.8965471287775157
0.894117114332816
0.91539707744627
0.8944422303358506
0.8938626440926257
0.8938236934434873
0.9153961005456761
0.9154645230473384
0.9152908605258172
0.9133371822813523
0.8939782622424031
0.915492884124353
