No Shot Noise
24/10/2024 10:54:40 

VQEr_100_COBYLA_maxIter_10000_tol_1e-05_RA_r1_rl 

Reference value: 8.9159936233e-01 

Qubits:  5
VQE runs:  100
Optimizer:  COBYLA
Max iterations:  10000
Optimizers's tolerance:  1e-05
Ansatz:  RA_r1_rl 

Only 91 runs out of 100 converged
Number of iterations for each converged VQE run:
[2259, 903, 3275, 2314, 2003, 2044, 7625, 3772, 5099, 1480, 2674, 3511, 3260, 1251, 2084, 3823, 2276, 2673, 9654, 2311, 2490, 3396, 4928, 1580, 7112, 1524, 1507, 2922, 1610, 1635, 1699, 3588, 3167, 2159, 2480, 2997, 2022, 1708, 2388, 3067, 2737, 1396, 3260, 2403, 3615, 2849, 2804, 4396, 2416, 1780, 4096, 2341, 990, 3084, 1417, 1632, 1386, 3090, 2105, 1785, 4959, 5387, 2195, 5792, 1360, 3263, 1506, 2715, 1590, 2181, 4629, 1625, 2309, 1500, 3844, 3186, 1300, 3199, 1962, 2321, 2391, 3368, 3065, 2767, 3097, 3592, 4140, 4616, 3110, 5109, 3030] 

Average iterations of converged run:
2890 

VQE eigenvalues:
[0.8936992562439559, 0.8936991720765661, 0.8936993104942019, 0.8936992074285123, 0.893699178527949, 0.9147901449361856, 0.8937002663884571, 0.9147898532392301, 0.8937023783408901, 0.8936991744593361, 0.9147901372761977, 0.893699313799262, 0.8934649742203044, 0.8936991900008748, 0.8936991963473052, 0.893386586180011, 0.8936992237884365, 0.9147727144829095, 0.8933477526700933, 0.914789901224609, 0.8937150684054339, 0.8936992605373496, 0.9147897411821143, 0.8936991964056882, 0.9132411529038573, 0.8936991873365149, 0.8936991950609704, 0.9147062142067715, 0.8937038993978218, 0.9147898764473069, 0.8937103302064063, 0.8936992314399881, 0.8936992473255447, 0.9147691790051041, 0.8933237120404831, 0.9147900073860902, 0.893699258847997, 0.9147901875414953, 0.8936991797566507, 0.9148361072049503, 0.8936992531390693, 0.9147898982817831, 0.89369931177258, 0.9147900544165196, 0.8937127826631537, 0.91479000827924, 0.8936992996325771, 0.914772637097059, 0.9147898835776214, 0.8936992717638311, 0.8936992601572928, 0.8936993478421262, 0.9147899288046805, 0.914789901463118, 0.914789881844933, 0.893699189432879, 0.8936991958365771, 0.9147900069334151, 0.9147899502447151, 0.8936991789589543, 0.8937465841773057, 0.9147908343072323, 0.893699648881035, 0.9132389205750331, 0.8936991799667457, 0.8936960397529208, 0.8936991953895073, 0.8937238054327513, 0.8936991805066615, 0.8936992337257853, 0.9148187214990274, 0.91478996343445, 0.9147768976789143, 0.9147899191752784, 0.9147900942919428, 0.8936993171696637, 0.8936992123011792, 0.8937181038804316, 0.9147898925888807, 0.9147898789334414, 0.8936992740015228, 0.914789969535539, 0.8936993480847707, 0.9147781946893248, 0.9148017695950252, 0.9132384806386228, 0.9147899821757803, 0.914815809896634, 0.8936997771307902, 0.8936992072272564, 0.914790023575589] 

Median VQE eigenvalues:
0.8937038993978218 

Min eigenvalue after 100 VQE steps on Aer qasm simulator: 8.93324e-01
Delta from reference energy value is 1.72435e-03 

Optimizer history of the smallest VQE eigenvalue:
[86.42774085872684, 90.54847927531442, 55.106208833681315, 110.4112211621039, 63.01868584058854, 45.28740551510879, 40.7535180082811, 47.996836215509774, 37.96718747215986, 22.736981053636438, 23.043139124911153, 23.856560583307306, 24.61407458316478, 60.233522263317674, 32.60957472202561, 19.82134726046565, 17.220252137585316, 15.659072305856881, 15.97040414782831, 16.088633483916322, 22.89352065288735, 18.73958655640217, 19.47214082588829, 15.632407877884082, 20.316128561722355, 16.571306111609417, 12.219710441083024, 10.134536995267846, 13.336737977423006, 12.80536967402224, 9.966955323742168, 11.969914388730354, 9.268887378748841, 9.610763782620962, 9.654522645785255, 9.6505093201888, 9.063134400589828, 10.264561647646763, 8.877330746241698, 9.06037941420239, 8.922053226498182, 8.577347997558215, 8.812882201974869, 8.533179775117757, 8.424862133259152, 8.858324745100422, 8.001970089559084, 8.078755350961718, 8.153344622028955, 8.123931972432691, 8.318867508533991, 8.061407380916911, 8.285358099233525, 7.645583808910653, 7.492246920171444, 7.030926154354491, 6.882533445130544, 6.7245316861538385, 6.309630910959283, 5.949401759415475, 5.526770103273549, 5.364202165084675, 5.25667148009654, 5.219005649073298, 5.048479535362131, 5.1180339915541335, 4.735586414923178, 4.517175837852219, 4.778011607485328, 4.5268101787967066, 4.2662836675713685, 4.113745868228588, 4.536422279937958, 4.153521886525535, 3.9996736114622777, 4.069191587727759, 3.696275860279395, 3.5986622707257165, 3.3909442246521238, 3.5662615870724297, 3.407811868958413, 3.536301002562742, 3.2456411783780243, 3.033758156882524, 2.8969884502140846, 2.879608489179713, 2.8300342107719114, 2.794228485334167, 2.7803647914152116, 2.9590262305456316, 2.494943129368053, 2.288956197330353, 2.2629597270427984, 2.2434025060717677, 2.277317675983314, 2.2141932714483685, 2.2381618875381903, 2.2494785552588983, 2.116743593330081, 1.9308114591034367, 1.8231390134029692, 1.8148348661947924, 1.812311893934228, 1.786071492177839, 1.8068549019248341, 1.733187170333712, 1.6241197153508475, 1.5358105372118935, 1.5194730549927609, 1.4830106376108738, 1.5131520981988225, 1.3793239670064907, 1.430105936714735, 1.3934517987496873, 1.427607632027371, 1.4316289887226938, 1.4580541690926256, 1.410767951088712, 1.3862983290284794, 1.365728336476777, 1.3771481029404498, 1.360310966721308, 1.3936689444214614, 1.3247704163656588, 1.3100168540974764, 1.324550675696168, 1.2840008496167268, 1.2656229230415807, 1.3092918282117905, 1.251715255902828, 1.2906470839557722, 1.249670671763727, 1.230698371921808, 1.2924485004585762, 1.231900657629991, 1.2756662588330172, 1.2231024921398246, 1.2299652624427813, 1.2043662798540697, 1.2072257194776046, 1.2000388607406254, 1.1927760048921743, 1.189727841816611, 1.1889656158736805, 1.181046521962877, 1.2109206055435775, 1.1898271729787804, 1.1718491548426757, 1.1729183545075719, 1.1565134639673893, 1.1466933952131673, 1.1446316475123408, 1.1516259779433273, 1.1372175064866865, 1.1463212855463645, 1.1417243908532348, 1.1423237259201098, 1.141376449942005, 1.13737490175537, 1.1392493118304223, 1.1262818499210814, 1.1347307928123265, 1.1284464771823592, 1.127124968649845, 1.121476488343189, 1.1279442137173523, 1.1198490780508745, 1.1197215022118783, 1.1192576382971564, 1.1145967594686368, 1.1118932433706217, 1.1106361981932529, 1.1043774881683446, 1.1021236024041914, 1.1050669075076864, 1.0956406141064647, 1.0928501910506914, 1.089612078976849, 1.0884457565691372, 1.087815350792331, 1.085513090984838, 1.0859820642613371, 1.0906420896997961, 1.0785789139075581, 1.0741744774408446, 1.0734471742643092, 1.0730647872414425, 1.071724639711603, 1.0730278392794352, 1.0727504713858933, 1.073194237393589, 1.0691073991885949, 1.0634744019923006, 1.0626790000179305, 1.0616760072051297, 1.0579132389266037, 1.056500813834622, 1.055486249645137, 1.0601209784744228, 1.0541743809228492, 1.0524182280340828, 1.0510403369211385, 1.046125259061029, 1.043292442808637, 1.0385942377333222, 1.0387209728664015, 1.037441719658385, 1.0343432187324653, 1.0334095738866405, 1.03003921119611, 1.0287148874799656, 1.028294865668616, 1.02418048061624, 1.023450881883239, 1.025013816740979, 1.0202717209895593, 1.0172871154342826, 1.0163680591128492, 1.0145690873874562, 1.0137276196097647, 1.0128641297949441, 1.0118174809887945, 1.0118006650905762, 1.0116362904338594, 1.0091126143446751, 1.0048021867188075, 1.0070145374847672, 1.004975565008433, 1.0005398949912745, 0.9989981008052248, 0.9958242089387376, 0.9939564210612452, 0.9940407669018118, 0.9950453426811605, 0.9945984798957624, 0.9928399410045387, 0.9945383933074698, 0.9891515606816953, 0.9884064013494723, 0.9871177215884089, 0.9869677526575278, 0.9869330672929579, 0.9828036106850132, 0.9796562483060653, 0.979482358974456, 0.9804722476063897, 0.9786606469189908, 0.9788429681615408, 0.9784067193309722, 0.9810003703907019, 0.9755672736248944, 0.9729498110892671, 0.9749096957693002, 0.9727904799389747, 0.9713127508595797, 0.9723332773317473, 0.970296275382894, 0.9699670629232783, 0.9699480424452401, 0.9753321382688934, 0.9698198193917537, 0.9678102188137983, 0.9685368614683423, 0.967219118798076, 0.9650709826662647, 0.9704280803177012, 0.9638243455353306, 0.9621942921744695, 0.9646279799784571, 0.9621705155909163, 0.9635826361982375, 0.9626971887396065, 0.9645239138254208, 0.9608258674669184, 0.9595801564642734, 0.9576362497481201, 0.9550945004384983, 0.9568358049776563, 0.9566734799914126, 0.9566461101445131, 0.954546519724741, 0.9519116351949467, 0.9528456490079813, 0.9516907088210101, 0.9520116502233936, 0.9517778863431535, 0.9547241239642383, 0.9525987337846777, 0.9506142547901532, 0.9508228725958195, 0.9504554353087169, 0.9504541123449469, 0.9523432964340905, 0.9496578979902619, 0.9493302397550105, 0.9503792023037568, 0.9490597162301753, 0.95009661016608, 0.9496900275293695, 0.9518974050040014, 0.9492915893391688, 0.9491114237970313, 0.9457180439407021, 0.9459525854961158, 0.9444517513395347, 0.9451918523380995, 0.9439860814426282, 0.9414740675465451, 0.9409990145684223, 0.9413964886703811, 0.9395518014802838, 0.9443494296490945, 0.9387229335572544, 0.9367815619357106, 0.938693394893862, 0.9374355147599344, 0.9356778068803341, 0.9356937099228376, 0.9362063356030018, 0.9348867732607239, 0.9349135379647392, 0.9356753622638644, 0.9345769204332982, 0.9354811410482018, 0.9342582944990442, 0.9354207120037361, 0.9330469269242846, 0.9327455475746224, 0.9330270042532673, 0.9338638797084496, 0.9328695855861014, 0.9316294582506716, 0.931970410513106, 0.9338968237695715, 0.9289490328855444, 0.9277326733989987, 0.9283108742824409, 0.929520909229399, 0.9274847565775628, 0.9285941181036778, 0.9278127214246936, 0.9278506350755353, 0.9255330295561431, 0.9286372696644326, 0.9253986873097251, 0.925265519238855, 0.9258918985932599, 0.9274519392271063, 0.9259714747895316, 0.9262375410643326, 0.9254983306583788, 0.9252720762159025, 0.925893122907856, 0.9257413277718713, 0.924713043637418, 0.9248651664944636, 0.9247550241217551, 0.9237319415588823, 0.9235474158875775, 0.9235528015706918, 0.9233311450750613, 0.9231483079919173, 0.9224550414092061, 0.9216852643324014, 0.9209374058716813, 0.9205465722754629, 0.919748912283499, 0.9194040980185397, 0.9191107194641364, 0.918449567787491, 0.9191441770779738, 0.9184517742585865, 0.9193078560394705, 0.9190642535423208, 0.9178380853274904, 0.9172469874302921, 0.9171946075157175, 0.9167796150176046, 0.9165536575448388, 0.9170258461441742, 0.9164331740259253, 0.9161315708769834, 0.9151208569796688, 0.9143502476706262, 0.913926773020287, 0.9137883059782299, 0.9135065253513706, 0.9132525587072191, 0.9127108831176055, 0.9121728216827419, 0.9116075565545269, 0.9115541849109161, 0.9116906452962251, 0.910991917319903, 0.9109638595856436, 0.910982807118521, 0.9110713276446065, 0.9103484333839084, 0.9098272973767054, 0.91028858667613, 0.909935421612309, 0.9097481707482161, 0.9098067428875903, 0.909529094820389, 0.9093922245392655, 0.9108053934099196, 0.9090346417951273, 0.908693824664293, 0.90838796487767, 0.9094889659009218, 0.9082964985079649, 0.9077984062560094, 0.9075969623074756, 0.9080902498342623, 0.9074390395111295, 0.9073743579347628, 0.9075013533918908, 0.9077185509130999, 0.9076403342561259, 0.9067447483089058, 0.9072011171283018, 0.9068678172873332, 0.9068145472950172, 0.9068165301124858, 0.9065584227722361, 0.9064834786528403, 0.9067421483114032, 0.9079727527073566, 0.9066254454338541, 0.9064353307191683, 0.9064394222455532, 0.9064637576448271, 0.9064536442179232, 0.9065668963096679, 0.9062029491106733, 0.9058865103846895, 0.9059691707347204, 0.9058440204690609, 0.905674296050129, 0.9055771115253551, 0.9055607059183166, 0.9054545127294726, 0.9056573263511538, 0.9051015135415877, 0.9050539063227483, 0.9049417687393876, 0.9046839361917879, 0.9043974960287515, 0.9041537607717125, 0.9039830116823082, 0.9037776186492692, 0.9036377602690275, 0.9039083620172657, 0.9035554336119689, 0.9033997947324214, 0.9034511354995557, 0.9034676227264808, 0.9032647578026838, 0.9032481008452218, 0.9031053282579988, 0.9028734601148689, 0.9028606035746458, 0.902772297575767, 0.902534892282613, 0.902563863987001, 0.9025682867341983, 0.9024840772880998, 0.9023665999940735, 0.9023392219345097, 0.9022973276719658, 0.9021384828608976, 0.902053069084788, 0.9018739309240644, 0.9018402328053697, 0.9020133377885186, 0.9016768110801403, 0.9013701202895625, 0.9012480608813034, 0.9012497348267156, 0.9013394763231308, 0.9012459457039259, 0.9013321127544388, 0.9013497083363062, 0.9011499209817848, 0.9009361585155224, 0.9010519805960225, 0.9010397675873864, 0.9007721518482169, 0.9008563599936452, 0.9008287842939119, 0.9005604421890068, 0.9004757693477331, 0.9005053015079442, 0.9005965109559606, 0.9004629565827603, 0.9005497828237646, 0.9003512470079076, 0.900223479215606, 0.9005481874322154, 0.9001728437361868, 0.9000010687546108, 0.9002482367894445, 0.9001211560586586, 0.8998591284055812, 0.8999379563148535, 0.8998858464267688, 0.8998643561514704, 0.8999025105675483, 0.8997002949595332, 0.8998828297867594, 0.8997853031484336, 0.8994770870875098, 0.899513143824173, 0.8994516827307079, 0.8993986203136038, 0.8992347220075506, 0.8992311758546321, 0.8992830873973328, 0.8993372004652762, 0.8991867050307157, 0.8991570538206013, 0.8990807154320216, 0.8989274288786027, 0.8987538873886084, 0.8986819233029772, 0.8987054174458108, 0.8987665353854402, 0.8986961691593252, 0.8985445653509946, 0.8985661367240095, 0.8984655957241817, 0.8986687218781294, 0.8984612394793131, 0.8984946476873544, 0.8983669904824773, 0.8982621856356654, 0.8984720825980201, 0.8982381364318597, 0.8981522814408164, 0.8982111262689153, 0.8981174006543882, 0.8982577949463834, 0.8982209118315259, 0.8979723137702634, 0.8981097396611929, 0.8980944855596572, 0.897927268562807, 0.898039825523807, 0.8979442700593174, 0.8979479561788725, 0.8979416761377318, 0.8978097283405296, 0.8976575807447874, 0.8976017573803203, 0.8975821899951971, 0.897488447410615, 0.8976400949955969, 0.8975724447912928, 0.8975368893703402, 0.8975140798566159, 0.897498704311492, 0.8974851920992069, 0.8973214709989321, 0.8973092563835438, 0.8973454534518918, 0.8973954325829909, 0.8972639141899426, 0.897297169050184, 0.8971669597718153, 0.8970424323396138, 0.8970080992975801, 0.8970175965606695, 0.8969833582699775, 0.897086263844109, 0.8969212116924675, 0.8970367452574518, 0.8968833227091574, 0.8968187754795557, 0.8968962955591531, 0.8966535546506474, 0.8966547716825277, 0.8966749551918616, 0.8966866165979918, 0.8966486462759382, 0.8966744944104891, 0.8966310319473153, 0.8965653062418992, 0.8967479027761435, 0.8965653829515207, 0.8965436265770798, 0.8965147370795965, 0.8965734893859907, 0.8965829371520757, 0.8965456824247723, 0.8965114470758656, 0.8965095398443096, 0.896428295690758, 0.8964352724010982, 0.8964413429074038, 0.8964149465138138, 0.896433470590398, 0.8963411200253677, 0.8962689858206107, 0.8962036128182366, 0.896179452309092, 0.8961774372638015, 0.8961874674487667, 0.8960770123099399, 0.8960203999957, 0.8959788880329534, 0.896003286930208, 0.8960078611219907, 0.8959638352035522, 0.8959615165433699, 0.8959737431802582, 0.8959520525870887, 0.8959203022143226, 0.8959844654207176, 0.8958968846736575, 0.8958376108360753, 0.8958694280637808, 0.8958147341125682, 0.8957707037617053, 0.8957504968766608, 0.8957486456617323, 0.8957655877288588, 0.8957183435215342, 0.8957175523155843, 0.8957252585825642, 0.8957201942465205, 0.8957372110971541, 0.8956866308904772, 0.8956353007175041, 0.8956587405749119, 0.8956525758921755, 0.8956546393558247, 0.8956308168789909, 0.8956314735659366, 0.8956149833142163, 0.8955787170502969, 0.8955687516644276, 0.8955671533290647, 0.8955663620317008, 0.8955719138370802, 0.8955335432675247, 0.8955050393277867, 0.8954764517339223, 0.8954854726215449, 0.8954785645893568, 0.8954460833220957, 0.8954139644848726, 0.8953794849800111, 0.8953519700451624, 0.8953343563940476, 0.8953025397111629, 0.8952676361925173, 0.8952342729353552, 0.8952055233733183, 0.8951767884621976, 0.8951554012724267, 0.8951427521790323, 0.8951133139964587, 0.8950902410201662, 0.8950800928234558, 0.895056293571184, 0.8950360846204295, 0.8950067212573226, 0.8949796485827138, 0.8949699972518292, 0.8949428132754205, 0.8949334205580494, 0.894941800807011, 0.8949324222924393, 0.8949029943406233, 0.8948782584704769, 0.8948721843962522, 0.8948721063429211, 0.8948651420496245, 0.8948428777959094, 0.8948163071947329, 0.8948197340788948, 0.89482413806485, 0.894805113042347, 0.8948039909480855, 0.8947826215848911, 0.8947673893371225, 0.8947526040273273, 0.8947565967860108, 0.8947539541088264, 0.894758585179152, 0.8947636165346278, 0.894724244701587, 0.894709353351634, 0.8947004245917711, 0.8947007442062204, 0.8947015710067433, 0.8946877667643878, 0.8946782709254413, 0.8946571456771589, 0.8946671039386257, 0.8946573080204767, 0.8946331156854392, 0.8946128110092334, 0.8946067124756599, 0.8946084097965297, 0.8946172746137976, 0.8946212270869615, 0.894610154535478, 0.8946049621909921, 0.8946061818797221, 0.8945728540521463, 0.8945626248881521, 0.8945492470630783, 0.8945462955100149, 0.894541786384428, 0.8945151410339169, 0.8944954744980144, 0.894476160658873, 0.8944674936965211, 0.8944806404604054, 0.8944625024142482, 0.8944486145333117, 0.8944499585142957, 0.8944328588436583, 0.894432776150536, 0.8944242276533251, 0.8944027565429998, 0.8943906109560974, 0.8943752476364776, 0.8943530792477821, 0.8943436843873167, 0.8943250728547942, 0.8943053312027399, 0.8942998632364758, 0.894278327535443, 0.8942550658688765, 0.8942445641956688, 0.8942241071703119, 0.8942099913357955, 0.8942116627969221, 0.8942083506673579, 0.8941853143128995, 0.8941687306773741, 0.8941544524664359, 0.8941399867911796, 0.8941375958153092, 0.8941380506534966, 0.8941209106722308, 0.8941086817201136, 0.8941242879243722, 0.8941154372247567, 0.8940919694415032, 0.8940784793538606, 0.8940786444273382, 0.8940796817615909, 0.8940942979312675, 0.8940729382327872, 0.8940814275696386, 0.8940767972651503, 0.8940551755850552, 0.894058556800358, 0.8940548742324728, 0.8940507489731162, 0.8940339936361887, 0.8940341702214363, 0.8940404187581523, 0.8940188762706585, 0.8940182904618088, 0.8940210648937377, 0.8940060633968504, 0.8940053757069742, 0.8940151538411722, 0.893985332376404, 0.8939845740196153, 0.8939898356944278, 0.893984121667705, 0.8939947857727731, 0.8939752602082259, 0.893961397849845, 0.893958317596561, 0.8939585275673299, 0.8939524443144883, 0.8939397100879135, 0.8939262987095297, 0.893917051162826, 0.8939103868594381, 0.8939024340390909, 0.8939077217274114, 0.8939123466115154, 0.8938882078457713, 0.8938811963443639, 0.893871994139115, 0.8938752373713565, 0.893865980622659, 0.8938595929610715, 0.893865898689031, 0.8938626356650492, 0.8938705246658585, 0.8938632588100337, 0.8938419086778855, 0.8938388642795968, 0.8938422726295985, 0.893841541834975, 0.8938391418075633, 0.8938275677831725, 0.8938180532078118, 0.8938245525939904, 0.8938135977721011, 0.8938026447313879, 0.893798669856107, 0.8937981788561525, 0.8937876934651406, 0.8937868461122656, 0.8937848212215029, 0.8937720893444563, 0.8937698080823617, 0.8937573768788636, 0.893748560056899, 0.8937543369725482, 0.8937489858113097, 0.8937491326913539, 0.8937495093494436, 0.8937542825306629, 0.8937452492319776, 0.8937374767686037, 0.8937340347344651, 0.8937326408439843, 0.8937335436866112, 0.8937445654935207, 0.8937183035551831, 0.8937109201804124, 0.8937135272909688, 0.8937087058087818, 0.8937046709797501, 0.8937035539743685, 0.8937102154303849, 0.8937080549764868, 0.8936922141780821, 0.8936932826545377, 0.8936957277343119, 0.8936972456124878, 0.8936970165990642, 0.8936853929449092, 0.8936727475765267, 0.8936675285756234, 0.8936669461221038, 0.8936713288688781, 0.8936664545852977, 0.893659306787456, 0.8936608597773652, 0.8936638768427823, 0.8936517510334867, 0.8936524267089955, 0.8936556517404604, 0.8936494928376202, 0.8936560341033992, 0.8936501262545599, 0.8936405588229223, 0.8936475842876589, 0.8936492947115826, 0.8936396471007036, 0.8936419877802966, 0.8936259407826952, 0.8936211679650135, 0.8936187893106187, 0.8936234390533487, 0.8936272809088248, 0.8936220345785655, 0.8936298972366525, 0.8936171602233416, 0.8936054625885141, 0.8936055899956268, 0.8936023489017315, 0.8935984024692124, 0.8936041122078504, 0.8935890698291786, 0.8935820206791872, 0.893576347747291, 0.8935812170372236, 0.8935767360219523, 0.8935797223163124, 0.8935796107256923, 0.8935734567868295, 0.8935804148159204, 0.8935804224224766, 0.8935642663992391, 0.8935702183416544, 0.8935668247921873, 0.8935609900048167, 0.8935609007763278, 0.8935601753568729, 0.893565503590601, 0.893562604988696, 0.8935635597438333, 0.8935694765296152, 0.8935511623023134, 0.8935575159110369, 0.8935501798930374, 0.8935533488829545, 0.8935508889658246, 0.893557211190981, 0.893551271455401, 0.8935499910323492, 0.8935469546869662, 0.8935456937280131, 0.893545552777319, 0.8935482789561274, 0.893543903771685, 0.8935437174721965, 0.8935419429132678, 0.8935353856202899, 0.8935356595872701, 0.8935361379378407, 0.8935330079349113, 0.8935339374083682, 0.8935306891677477, 0.8935252380571136, 0.8935236884347675, 0.8935229642152174, 0.8935244199223633, 0.8935254081364287, 0.8935236137850998, 0.8935175852297137, 0.8935148652063334, 0.8935130129796619, 0.8935121143127275, 0.8935116958221144, 0.8935084581625823, 0.8935071492642584, 0.8935025280830862, 0.8934983552438253, 0.8934969747670963, 0.8934971669782046, 0.8934933460116629, 0.8934913871049865, 0.8934957158717542, 0.8934901217021175, 0.8934927751170819, 0.8934902528973384, 0.8934896496271973, 0.8934896799450385, 0.8934854579238473, 0.8934817719196512, 0.8934808467765093, 0.8934799044151025, 0.893479175782248, 0.8934817195352021, 0.8934801665361702, 0.8934746322416126, 0.8934747839398702, 0.8934749044239583, 0.8934726843167591, 0.8934723958879376, 0.8934717514834194, 0.8934725226274419, 0.8934707409576428, 0.8934665469206861, 0.8934637941544962, 0.8934640116082215, 0.8934646165101789, 0.8934603109442875, 0.8934582458150828, 0.8934552980580052, 0.8934542944506196, 0.8934561438082868, 0.893451523248135, 0.8934501879781911, 0.8934475742342061, 0.893445907678629, 0.8934477605085063, 0.8934454770139105, 0.893447445225499, 0.8934480076472094, 0.893443898887028, 0.8934408948007712, 0.893442540318596, 0.8934408548896989, 0.893441370044338, 0.8934423617840017, 0.8934389862666708, 0.8934422642189507, 0.8934378266464078, 0.8934345724886349, 0.8934363974086127, 0.8934352151491579, 0.893434733260258, 0.8934344826704939, 0.8934321709213333, 0.8934317324171153, 0.8934320764232222, 0.8934298543096298, 0.8934304275136216, 0.893429418462618, 0.8934312603997087, 0.8934324089832366, 0.89342524444153, 0.8934240515498179, 0.8934240803969055, 0.8934246177167466, 0.8934239892257932, 0.8934208321177123, 0.8934180587273773, 0.8934182033700707, 0.893417668139855, 0.8934182394361254, 0.8934176767612141, 0.8934172669636199, 0.8934171256686203, 0.8934165012767946, 0.8934163714972528, 0.8934119299795028, 0.8934104604318973, 0.8934116947876504, 0.8934113186344573, 0.8934111218157282, 0.8934101661795625, 0.893411596452484, 0.8934104091476468, 0.8934091600616657, 0.8934097265782981, 0.8934108510773601, 0.8934076386725598, 0.8934104447888658, 0.8934063553784954, 0.8934047305111955, 0.8934043262932289, 0.893403137829633, 0.8934016765571693, 0.8934023745846903, 0.8934025504197042, 0.89340158429435, 0.8934027601882377, 0.8934025636772296, 0.8934008200791768, 0.8933984479604807, 0.893400883182071, 0.8933997375455764, 0.893398689447769, 0.8933988670009722, 0.893397421599754, 0.8933993657992015, 0.8933988995188816, 0.8933958627016174, 0.8933956654923066, 0.8933956850976307, 0.8933931635434903, 0.8933962617171356, 0.8933943071571763, 0.8933918048004635, 0.8933907875959426, 0.8933906287548252, 0.893393431904826, 0.8933896818586352, 0.8933904582373988, 0.8933891811310475, 0.8933868176771589, 0.8933873043095076, 0.8933867495484898, 0.8933876722165237, 0.8933880098579254, 0.8933876285569188, 0.8933858966502574, 0.893387217174116, 0.8933856836460274, 0.8933849640658208, 0.8933848045766775, 0.8933847563743569, 0.8933847084178147, 0.8933835404933378, 0.893382371283669, 0.8933812973905539, 0.8933800058345656, 0.893379397089237, 0.8933788174471304, 0.8933781257293415, 0.893377932029094, 0.8933773222218225, 0.8933768683083193, 0.8933768853714393, 0.89337569298549, 0.8933752081159398, 0.8933753018669568, 0.8933749913075555, 0.8933750552955309, 0.8933751949418838, 0.8933752226751155, 0.8933745634124157, 0.8933737797955568, 0.8933736595331357, 0.8933737407442062, 0.8933734629965613, 0.8933748573219737, 0.8933740796514494, 0.8933726161308545, 0.8933714642121963, 0.8933713774311327, 0.8933712759931964, 0.8933712826631424, 0.8933710156665944, 0.8933702866052139, 0.8933701226635011, 0.8933698878084131, 0.8933687586110555, 0.8933689952255901, 0.8933692933368506, 0.8933676377274474, 0.8933672888365327, 0.8933672374053264, 0.8933667864636449, 0.89336674610071, 0.8933672465730649, 0.8933668899630677, 0.8933666091341357, 0.8933661998190541, 0.8933661278924607, 0.8933651916106247, 0.8933658436561744, 0.8933652507690457, 0.8933656235681161, 0.8933654550429344, 0.8933643015855667, 0.8933637896079469, 0.8933641929929831, 0.8933637869683618, 0.8933639863071656, 0.8933637494308515, 0.8933637631631659, 0.8933635963250087, 0.8933630449923521, 0.8933630613413965, 0.8933634372190539, 0.8933628110724148, 0.8933630199933795, 0.8933633182189444, 0.8933622157129373, 0.8933629178220664, 0.8933620627307542, 0.8933610209395153, 0.8933609566706087, 0.8933608383190219, 0.8933609633717403, 0.893360149584303, 0.893361337435248, 0.8933605142063729, 0.8933593217786064, 0.8933586499101147, 0.8933590245251158, 0.8933588407779068, 0.8933578366181627, 0.8933570977260566, 0.8933567351002312, 0.8933559989195614, 0.8933555952075004, 0.8933560060927588, 0.8933550703418658, 0.8933555531455597, 0.8933552434360079, 0.8933543869355671, 0.8933542103498177, 0.8933541540925624, 0.8933543969206486, 0.8933542606471355, 0.8933546932077292, 0.8933536460177313, 0.8933537121712767, 0.8933536578792576, 0.8933530182951771, 0.8933529962885725, 0.8933531459387472, 0.8933525835876511, 0.8933517821103775, 0.8933521655463362, 0.8933516122895346, 0.8933520449222688, 0.8933519184838037, 0.8933508721469507, 0.8933509483117821, 0.893350927914916, 0.8933508606856468, 0.8933512879684126, 0.8933512577971787, 0.8933508917153773, 0.8933499979190616, 0.8933498608954075, 0.8933500463066144, 0.89334940937894, 0.8933492995366606, 0.893349950314591, 0.893348872806469, 0.8933484059962317, 0.89334824391182, 0.8933482804253081, 0.8933487496746101, 0.8933481654336782, 0.893349390368625, 0.893347964770821, 0.8933482284657333, 0.8933478396778903, 0.8933469936188779, 0.8933477493517435, 0.8933473189559712, 0.8933466832387967, 0.8933464962367272, 0.8933466643835847, 0.8933464575163181, 0.8933464334173089, 0.8933464147239476, 0.893346449468653, 0.8933463790636207, 0.8933466434981594, 0.893346384028057, 0.893345977288335, 0.8933459876858239, 0.8933460433318947, 0.8933458753214026, 0.8933458745418815, 0.8933458362644051, 0.8933454365563219, 0.8933453669660328, 0.8933454604335997, 0.8933452895394688, 0.8933453206460598, 0.8933450281014749, 0.8933450629729353, 0.8933452829722957, 0.8933448033432917, 0.8933449488122049, 0.8933447364626782, 0.8933444913164184, 0.8933443727446412, 0.8933441813065376, 0.8933443189357972, 0.8933442156591409, 0.8933440569013447, 0.8933442204624463, 0.8933439302339294, 0.8933437620190091, 0.8933433918495088, 0.8933431853164187, 0.8933429964190935, 0.8933430232334536, 0.8933430471301648, 0.8933427940764274, 0.8933425867467897, 0.8933422979382871, 0.8933419615586228, 0.8933417180065744, 0.8933415489897227, 0.8933415180427857, 0.8933416110296173, 0.8933412667267298, 0.8933411831051284, 0.8933410646687482, 0.8933407150581284, 0.8933406656745168, 0.8933406801877354, 0.8933408099507676, 0.8933406650075992, 0.8933404412371784, 0.8933403411093694, 0.893340110880794, 0.8933401397624229, 0.8933401356305501, 0.8933404293621556, 0.8933401705557313, 0.8933398030174227, 0.8933397931607071, 0.8933398110661713, 0.8933398080393384, 0.8933397818536848, 0.8933397428642479, 0.8933396374790074, 0.8933392732801413, 0.8933390011375684, 0.8933391471675185, 0.8933390541259664, 0.8933389437391271, 0.8933389848906489, 0.893338957781107, 0.8933389323827812, 0.8933386547393808, 0.8933384384927714, 0.8933383681681726, 0.8933383357129152, 0.8933383486347459, 0.8933382307069125, 0.8933382997680297, 0.8933381482050871, 0.8933381142285208, 0.8933382683771892, 0.8933379128138347, 0.8933377214777568, 0.8933377401329262, 0.8933376244758693, 0.8933374367901074, 0.8933372937533047, 0.8933372509935851, 0.8933372726766776, 0.8933371620384407, 0.8933368972640436, 0.8933367165432864, 0.8933365459084127, 0.8933363688331194, 0.8933362587997421, 0.8933360441082202, 0.8933358672554936, 0.8933358633137588, 0.8933358139028897, 0.8933356140136395, 0.8933355412567188, 0.8933352273891403, 0.8933351345223502, 0.8933351330713887, 0.8933350560476074, 0.8933350303805456, 0.8933350813747613, 0.893335212433807, 0.8933349081841515, 0.8933350242727409, 0.8933348338727213, 0.8933349263562392, 0.8933348129038127, 0.8933347043737412, 0.8933345315698739, 0.8933343590427281, 0.8933342005575742, 0.8933342293557717, 0.8933342213737673, 0.8933343628763686, 0.8933342081623332, 0.8933339632058573, 0.8933338583712277, 0.8933339236200932, 0.8933338725314155, 0.8933338835435247, 0.893333931089936, 0.8933337104209003, 0.893333794567077, 0.893333744631406, 0.8933337812904935, 0.8933337119159558, 0.8933336106019977, 0.893333578409035, 0.8933335719616847, 0.8933334988764604, 0.893333710723806, 0.8933333732348971, 0.8933331961417013, 0.8933330875941203, 0.8933330274504941, 0.8933330636670982, 0.8933330463285534, 0.8933330253728157, 0.8933331192954834, 0.8933329285381229, 0.8933328030237088, 0.8933330878620476, 0.8933327676348741, 0.8933326651212532, 0.8933328828361093, 0.8933326039452961, 0.8933325018052576, 0.8933325480441849, 0.8933325522914823, 0.8933325109920266, 0.8933324860470205, 0.8933324067957866, 0.893332320102964, 0.8933322184455281, 0.8933321934057471, 0.8933322918857882, 0.8933322114522898, 0.8933323005069428, 0.8933320343770396, 0.893331975776797, 0.8933319944175784, 0.8933319244531669, 0.8933319221565816, 0.8933322887695375, 0.8933319527170211, 0.8933319935363603, 0.8933319636284918, 0.8933316972004703, 0.8933318297643881, 0.8933316859250926, 0.8933316295954263, 0.8933314709035105, 0.8933315017267474, 0.8933314773971315, 0.8933315938222063, 0.8933315785091605, 0.8933314730345411, 0.8933314516466481, 0.893331349714839, 0.8933313407270518, 0.8933313573489187, 0.8933314642431149, 0.8933313950709582, 0.8933314334106692, 0.8933313315598134, 0.8933313175354409, 0.8933314064588097, 0.8933311722651228, 0.8933310751132923, 0.8933310220616673, 0.8933310309215449, 0.8933310485967396, 0.8933310141579819, 0.8933310073348049, 0.8933309920487524, 0.8933309942374197, 0.8933309006555034, 0.893330825615482, 0.8933308154307509, 0.8933308166610555, 0.893330734717289, 0.8933306898171312, 0.8933307028546693, 0.8933307087927708, 0.8933306117866587, 0.8933306272108479, 0.89333062723617, 0.8933306218240928, 0.8933306175347535, 0.8933305365000241, 0.893330535746029, 0.8933305208984781, 0.8933304612947885, 0.8933304646769377, 0.8933304421803988, 0.8933304403999386, 0.8933304831984084, 0.8933303723019389, 0.8933303391915597, 0.8933303061756067, 0.8933303310609874, 0.893330237492287, 0.8933302660549559, 0.8933302234067585, 0.8933302151227813, 0.8933301709702123, 0.8933301303046719, 0.8933300611698586, 0.8933301044060962, 0.8933300688322248, 0.8933300570758301, 0.8933300514171568, 0.8933299836513378, 0.8933299250288907, 0.893329884585056, 0.8933299304394904, 0.8933298728692766, 0.8933298674467963, 0.8933299029787009, 0.8933297748107442, 0.8933297038234563, 0.893329638551261, 0.8933295816999581, 0.8933295779198304, 0.8933295758449545, 0.893329575795725, 0.8933295875542783, 0.8933295640102212, 0.8933295436152046, 0.8933295955183066, 0.8933294371993069, 0.893329399936664, 0.8933293827704223, 0.8933293919973072, 0.8933293656474276, 0.8933293464945211, 0.8933293529232794, 0.8933294184589218, 0.893329381431958, 0.8933292854399969, 0.8933292333346122, 0.8933291857227615, 0.8933292228032246, 0.893329213561127, 0.8933292034502811, 0.8933291863089984, 0.8933291255550277, 0.8933291091284796, 0.8933290674048355, 0.8933290070084386, 0.8933290344255406, 0.8933290035719089, 0.8933289657102637, 0.8933289372062249, 0.89332893797973, 0.8933289531077242, 0.8933288771875899, 0.8933288481930519, 0.893328862650097, 0.8933288889357794, 0.8933287970562322, 0.8933287736354759, 0.8933287724245906, 0.8933287481633186, 0.8933287332817648, 0.8933287609719536, 0.8933287546117608, 0.8933287191794291, 0.8933287454184916, 0.893328651652979, 0.8933286826210283, 0.8933286571595648, 0.8933286057881449, 0.8933285527925248, 0.8933285438352545, 0.8933285390892295, 0.8933285284629985, 0.8933285040861726, 0.8933285242158037, 0.8933284913699344, 0.8933284494860001, 0.8933284645432037, 0.8933284531383938, 0.8933284039374682, 0.893328439033013, 0.8933284068576293, 0.8933284383923247, 0.8933284204637068, 0.893328358367946, 0.8933283460768385, 0.893328335974178, 0.8933283805918308, 0.8933283262732531, 0.8933283155796514, 0.8933283651547286, 0.8933282600447332, 0.8933282380682276, 0.89332824271282, 0.8933282596906376, 0.893328281316488, 0.8933281879537673, 0.8933281461970864, 0.8933281519013752, 0.8933281696296349, 0.8933281427426134, 0.893328138763729, 0.8933281616595508, 0.8933281549880832, 0.8933280970965259, 0.89332807191632, 0.8933280234962756, 0.893328017753233, 0.8933280186334195, 0.8933280212448222, 0.893328030862039, 0.893327974170078, 0.8933279824474656, 0.893327975743021, 0.8933279869009028, 0.8933279757768775, 0.8933279780275861, 0.8933279671968773, 0.8933279726921299, 0.8933279687292746, 0.8933280131247459, 0.8933279555310601, 0.8933279195203754, 0.8933279012980704, 0.893327898468385, 0.8933279050233975, 0.8933278778110871, 0.8933278633868571, 0.8933278689217599, 0.8933278546617908, 0.8933278569676628, 0.8933278243771835, 0.8933277956459769, 0.893327767742554, 0.8933277441819581, 0.8933277268803437, 0.893327705873438, 0.8933276747711707, 0.8933276474796356, 0.8933276309603515, 0.8933276206069176, 0.8933276129357807, 0.8933276134987892, 0.8933275962270217, 0.8933275643976288, 0.8933275372735194, 0.8933275206647142, 0.8933275118475131, 0.8933274856522949, 0.8933274674280575, 0.8933274723898615, 0.8933274663097279, 0.8933274662981395, 0.8933274658474754, 0.8933274795019043, 0.8933274633790963, 0.893327435179726, 0.8933274182380082, 0.8933274148813839, 0.893327413071724, 0.8933273967675671, 0.8933273962115921, 0.8933274058443902, 0.8933273632753778, 0.8933273442738825, 0.8933273182763878, 0.8933273160469011, 0.8933273208513957, 0.8933273011156629, 0.8933273096440008, 0.8933273030281621, 0.8933273000214024, 0.893327294058749, 0.8933272691986419, 0.8933272446281212, 0.8933272447567105, 0.8933272427428299, 0.8933272218247925, 0.893327200769244, 0.8933271882861042, 0.8933271738293836, 0.8933271561586386, 0.8933271516862963, 0.893327152249819, 0.893327127412761, 0.8933271034491466, 0.8933270852849732, 0.8933270711745137, 0.8933270428129259, 0.893327018508105, 0.8933269963267838, 0.8933269902931885, 0.8933269829229308, 0.8933269725651276, 0.8933269743816667, 0.8933269708027655, 0.8933269596224188, 0.8933269697933822, 0.8933269693690674, 0.8933269303399257, 0.8933269135863346, 0.893326893724502, 0.8933268771569092, 0.8933268611725985, 0.8933268391114377, 0.8933268229658431, 0.8933268056938699, 0.8933267999644707, 0.8933267974766674, 0.893326802318858, 0.8933268025398219, 0.8933268032265694, 0.8933267784324859, 0.8933267597012948, 0.8933267560777818, 0.8933267512020052, 0.8933267461308665, 0.8933267311117973, 0.8933267313413801, 0.89332672120374, 0.8933267000137155, 0.893326685191616, 0.8933266734649994, 0.8933266680888794, 0.8933266530939845, 0.8933266417097006, 0.8933266705374657, 0.8933266354023585, 0.8933266209621309, 0.8933266044737218, 0.8933265952536414, 0.8933265938147337, 0.8933265873600619, 0.8933265945720481, 0.8933265958716816, 0.8933266101435019, 0.8933265825969484, 0.8933265572298569, 0.8933265474339188, 0.8933265460072193, 0.8933265394704392, 0.8933265481327639, 0.893326538862836, 0.8933265194293042, 0.8933265061518598, 0.8933264966866993, 0.8933265140361114, 0.8933264977829568, 0.8933264740953238, 0.893326455299908, 0.8933264476401925, 0.8933264425615324, 0.8933264234475712, 0.8933264172588065, 0.8933264002984627, 0.8933264017166354, 0.8933264065668061, 0.8933263824319583, 0.8933263707800814, 0.8933263544877662, 0.8933263504295241, 0.8933263368001949, 0.8933263309766746, 0.8933263247705131, 0.8933263332360248, 0.8933263288051082, 0.8933263049099475, 0.8933262989349369, 0.8933262905382782, 0.8933262988116112, 0.8933262878721963, 0.8933262799050576, 0.8933262765166617, 0.8933262824571319, 0.8933262532723772, 0.8933262399141949, 0.8933262366446433, 0.8933262350677568, 0.8933262244664845, 0.8933262239053362, 0.8933262416573022, 0.8933262014671796, 0.893326200693472, 0.8933261964071755, 0.8933261873698359, 0.8933261671910094, 0.8933261665695351, 0.8933261668245955, 0.893326189688389, 0.8933261726790956, 0.8933261439015088, 0.8933261300500444, 0.8933261250381364, 0.8933261243932819, 0.8933261195208563, 0.8933261226981457, 0.8933261174123678, 0.8933261132925607, 0.8933260888455166, 0.8933260755957475, 0.8933260750211258, 0.8933260730181479, 0.8933260566750458, 0.8933260592066334, 0.8933260551283503, 0.8933260533204408, 0.8933260597888629, 0.8933260407292467, 0.8933260219199928, 0.8933260223891564, 0.8933260208841977, 0.8933260181090419, 0.8933260198070174, 0.8933260210273944, 0.8933260249252182, 0.8933260038540336, 0.8933260053509263, 0.8933260031882864, 0.8933260033924352, 0.8933260016336311, 0.8933260028073198, 0.8933260091480936, 0.8933259865154177, 0.8933259820196816, 0.8933259839829929, 0.8933259800342697, 0.8933259811724683, 0.8933259632491184, 0.8933259494519635, 0.8933259420108186, 0.8933259304669608, 0.8933259191530357, 0.8933259173123417, 0.8933259201913684, 0.8933259109523733, 0.8933259121542425, 0.89332590948487, 0.8933259024093405, 0.8933258908199952, 0.8933258826189783, 0.8933258827760305, 0.893325881983647, 0.8933258752244904, 0.8933258792362325, 0.8933258799276748, 0.8933258693710047, 0.8933258619766432, 0.8933258678359132, 0.893325857000977, 0.8933258478633118, 0.8933258400256782, 0.893325830396687, 0.8933258329661335, 0.893325831604195, 0.8933258346630485, 0.8933258283794858, 0.89332581905765, 0.8933258143268868, 0.8933258045974087, 0.8933257963984899, 0.8933257909991, 0.8933257952123199, 0.8933257961051586, 0.8933257778739231, 0.8933257724792922, 0.8933257683353713, 0.8933257687944162, 0.893325766459098, 0.8933257678058419, 0.8933257614230707, 0.893325766443971, 0.8933257695737119, 0.8933257515509787, 0.8933257417027339, 0.8933257315683591, 0.8933257275225331, 0.893325727288141, 0.8933257273133396, 0.8933257275598124, 0.8933257286239243, 0.893325720578513, 0.893325731503682, 0.8933257150196449, 0.8933257027703931, 0.8933256952819051, 0.8933256885769947, 0.893325689477767, 0.8933256918353611, 0.8933256773844404, 0.8933256668660945, 0.8933256655221166, 0.8933256685910088, 0.8933256598996232, 0.8933256516190202, 0.8933256370806123, 0.8933256259630832, 0.8933256188485701, 0.8933256098372414, 0.8933256026742808, 0.8933255960714986, 0.8933255912931656, 0.8933255900745125, 0.8933255870924759, 0.893325593070839, 0.8933255878556701, 0.8933255735236818, 0.8933255635245624, 0.8933255635948694, 0.8933255630449011, 0.893325554962343, 0.8933255531025397, 0.8933255571583386, 0.8933255477632367, 0.8933255415114019, 0.8933255406423157, 0.8933255462268095, 0.8933255388846592, 0.8933255305095013, 0.8933255278361042, 0.8933255212062915, 0.8933255166620236, 0.8933255181503392, 0.8933255271477833, 0.8933255121795234, 0.8933255140303257, 0.8933254979515899, 0.8933254919951004, 0.8933254839914757, 0.8933254763748824, 0.8933254722552871, 0.8933254727265557, 0.893325468067323, 0.8933254672511257, 0.8933254706496914, 0.8933254712205495, 0.8933254698038692, 0.893325464097273, 0.8933254514523638, 0.8933254438699222, 0.8933254338042884, 0.8933254292989622, 0.8933254196783512, 0.8933254078816942, 0.8933253966622778, 0.8933253867447503, 0.8933253773209374, 0.8933253680533213, 0.8933253639162776, 0.8933253545864599, 0.8933253498525604, 0.8933253421697479, 0.8933253331070555, 0.8933253278912002, 0.8933253157463814, 0.8933253075740812, 0.8933252970664948, 0.8933252903225922, 0.8933252838511949, 0.8933252816245832, 0.8933252817039559, 0.8933252790208198, 0.893325289855564, 0.8933252754849137, 0.893325272141071, 0.8933252663396871, 0.8933252594122548, 0.8933252528937851, 0.8933252554264811, 0.8933252537531278, 0.8933252542286453, 0.8933252538000024, 0.8933252411457092, 0.8933252335719207, 0.8933252337254984, 0.8933252356245767, 0.8933252234696546, 0.8933252180895594, 0.893325216532053, 0.8933252180475949, 0.893325206817753, 0.8933252044458136, 0.8933252039799617, 0.8933251947581934, 0.8933251897711502, 0.893325183726578, 0.8933251797034235, 0.8933251728360078, 0.8933251727563912, 0.8933251667610197, 0.8933251642714836, 0.8933251642234054, 0.8933251511820843, 0.8933251447697838, 0.8933251391923304, 0.8933251425636511, 0.8933251363109326, 0.8933251298209407, 0.8933251324890275, 0.8933251275688902, 0.8933251194820016, 0.8933251154892545, 0.8933251125064005, 0.893325108999697, 0.8933251146084786, 0.8933251159055222, 0.8933251019512102, 0.893325096110774, 0.8933250944798606, 0.8933250892577209, 0.8933250823212974, 0.8933250808215774, 0.8933250792609421, 0.8933250848253439, 0.8933250763150831, 0.8933250645176988, 0.8933250598360365, 0.893325061195667, 0.8933250587019519, 0.8933250525509197, 0.8933250429185218, 0.893325037563846, 0.8933250282782321, 0.8933250223310056, 0.8933250217562193, 0.893325021354804, 0.893325010218077, 0.8933250007553158, 0.8933249907469343, 0.8933249811379635, 0.8933249718362457, 0.8933249640956591, 0.8933249548810495, 0.8933249470876086, 0.8933249425778336, 0.893324938920799, 0.8933249327939241, 0.8933249307693305, 0.8933249235676962, 0.8933249160409059, 0.8933249105328935, 0.8933249089921699, 0.8933249121028712, 0.8933249031002384, 0.893324906084996, 0.8933249049688987, 0.8933249041839171, 0.893324900919195, 0.8933248899240896, 0.8933248839795708, 0.8933248850262082, 0.8933248837057832, 0.8933248829338849, 0.8933248786935497, 0.8933248742869673, 0.893324867246796, 0.8933248649749495, 0.8933248676940448, 0.8933248592621764, 0.8933248507599275, 0.8933248467028295, 0.8933248407122337, 0.8933248396243167, 0.8933248359609226, 0.893324828684143, 0.893324829867856, 0.8933248205613061, 0.8933248137600385, 0.8933248058908294, 0.8933248055646201, 0.8933248046301944, 0.8933247993323654, 0.8933247935795682, 0.8933247871329492, 0.8933247820657763, 0.8933247710987233, 0.8933247651782369, 0.8933247564070547, 0.8933247558532276, 0.8933247535313789, 0.8933247559562295, 0.8933247531401536, 0.8933247451255805, 0.8933247375218514, 0.8933247384116039, 0.8933247395903381, 0.8933247423301817, 0.8933247420283915, 0.8933247283579485, 0.8933247258941336, 0.8933247234682373, 0.8933247208373128, 0.8933247156465874, 0.8933247091775615, 0.8933247089797651, 0.8933247048777895, 0.8933247047279737, 0.8933247005851775, 0.8933246954284957, 0.8933246849322419, 0.8933246765605661, 0.8933246717925928, 0.8933246755090981, 0.8933246736778134, 0.8933246642112834, 0.8933246594670339, 0.8933246534633688, 0.8933246506041422, 0.8933246538537957, 0.8933246515600511, 0.8933246436049048, 0.8933246424000186, 0.8933246339481774, 0.8933246266318843, 0.8933246233877107, 0.8933246229206643, 0.8933246237395384, 0.8933246259820046, 0.8933246217219165, 0.893324623170467, 0.8933246198932123, 0.893324614989021, 0.8933246129883952, 0.893324611783071, 0.8933246043328034, 0.8933246010842469, 0.8933245979802273, 0.8933245999879008, 0.8933245939055329, 0.8933245868747397, 0.8933245944343186, 0.8933245876067546, 0.8933245773917183, 0.8933245750147011, 0.893324576576382, 0.8933245741714513, 0.8933245730830544, 0.8933245731747705, 0.8933245748311902, 0.8933245678583411, 0.8933245597471985, 0.8933245575350581, 0.89332455453128, 0.893324549503257, 0.8933245488568843, 0.8933245531388692, 0.893324544099061, 0.8933245451059654, 0.8933245528435823, 0.8933245358626106, 0.8933245285478102, 0.893324523806915, 0.8933245244852923, 0.8933245224487601, 0.893324530486215, 0.8933245209287892, 0.8933245264272652, 0.8933245189288581, 0.8933245111105417, 0.8933245083079129, 0.8933245074477876, 0.893324501742552, 0.8933244943222636, 0.8933244916219606, 0.8933244850919853, 0.8933244910862452, 0.8933244821902133, 0.893324473278998, 0.8933244684338045, 0.8933244660756926, 0.8933244633887887, 0.8933244621058922, 0.8933244624039641, 0.8933244583665452, 0.8933244531776802, 0.8933244511505302, 0.8933244444920962, 0.8933244392922653, 0.8933244313135403, 0.8933244291378318, 0.8933244369049494, 0.8933244301647469, 0.893324420991937, 0.8933244148262431, 0.893324412681164, 0.8933244115749918, 0.893324407808534, 0.8933244105755475, 0.8933244074292012, 0.8933244054839655, 0.893324400930458, 0.893324415394759, 0.8933244020435704, 0.8933243917351356, 0.8933243869187364, 0.8933243890747607, 0.8933243863604727, 0.8933243867150596, 0.8933243861762876, 0.8933243818321729, 0.8933243800757796, 0.8933243751376687, 0.8933243735442847, 0.893324378106522, 0.893324370161807, 0.8933243632893918, 0.8933243603878234, 0.8933243601112396, 0.8933243670746253, 0.8933243493956609, 0.8933243488098145, 0.8933243490707031, 0.8933243442210772, 0.8933243416237804, 0.8933243419570884, 0.8933243447854154, 0.8933243366148111, 0.8933243306723635, 0.8933243236988603, 0.8933243175050818, 0.8933243104151409, 0.8933243045207461, 0.8933243031132247, 0.8933243054620593, 0.8933243050782899, 0.8933243052827553, 0.8933242996735096, 0.8933242889517733, 0.8933242843018058, 0.8933242823835204, 0.8933242818519633, 0.8933242824453786, 0.8933242801211425, 0.8933242810202978, 0.8933242759316944, 0.8933242727072703, 0.8933242713982529, 0.8933242771219863, 0.8933242612152514, 0.8933242590929585, 0.8933242625562486, 0.8933242618669467, 0.8933242557423164, 0.8933242584776866, 0.8933242587081046, 0.893324257471938, 0.8933242492016626, 0.8933242423963041, 0.8933242401149194, 0.8933242411350332, 0.8933242382407887, 0.8933242350762718, 0.8933242333866066, 0.8933242373058051, 0.8933242275779057, 0.8933242231877203, 0.8933242230304564, 0.8933242233380079, 0.893324223683957, 0.8933242197506898, 0.8933242162443036, 0.8933242173058007, 0.8933242125959492, 0.893324207451883, 0.8933242090305923, 0.8933242068450467, 0.893324204868857, 0.8933242062259857, 0.8933242009133922, 0.8933241945309999, 0.8933241888049368, 0.8933241856943784, 0.89332418751287, 0.8933241849137782, 0.8933241804597329, 0.8933241767103894, 0.8933241709008198, 0.8933241732091837, 0.8933241696803618, 0.893324167221866, 0.8933241640022553, 0.8933241611716073, 0.8933241621743555, 0.8933241583784791, 0.8933241545589864, 0.8933241593206452, 0.8933241513274642, 0.8933241464114248, 0.893324146963582, 0.8933241464036489, 0.8933241410906696, 0.8933241433087872, 0.8933241441743863, 0.893324146491177, 0.8933241389419458, 0.8933241347257103, 0.8933241272382236, 0.893324127905192, 0.8933241274528616, 0.8933241288783695, 0.893324126033431, 0.8933241198520814, 0.8933241168632476, 0.893324114680576, 0.8933241142158052, 0.8933241100054012, 0.8933241133766177, 0.89332411318333, 0.8933241024945673, 0.8933241043934845, 0.8933241047410098, 0.8933241021651912, 0.8933241026895758, 0.8933241024909099, 0.8933241018840866, 0.8933241002651912, 0.8933241047678625, 0.8933240948699502, 0.8933240960806785, 0.8933240986218197, 0.8933240877327668, 0.8933240843886029, 0.893324082600464, 0.8933240812621387, 0.8933240812523865, 0.8933240834030245, 0.89332408202236, 0.8933240800221531, 0.8933240840090958, 0.893324073456491, 0.893324074778436, 0.8933240712206892, 0.8933240635806742, 0.8933240692723188, 0.8933240644222765, 0.8933240607377166, 0.8933240606452619, 0.8933240624734757, 0.8933240593555383, 0.8933240522394625, 0.8933240488647513, 0.8933240490068087, 0.8933240494897927, 0.8933240484096928, 0.8933240472079622, 0.8933240381108798, 0.8933240370357676, 0.8933240381754349, 0.8933240311515864, 0.8933240298600202, 0.8933240290084118, 0.8933240297516586, 0.8933240314259815, 0.8933240288519938, 0.8933240303245251, 0.8933240206562431, 0.8933240179558419, 0.8933240163976844, 0.8933240140330561, 0.8933240124522861, 0.8933240139533264, 0.8933240099866007, 0.8933240114496789, 0.8933240058683479, 0.8933240020121954, 0.8933240028895862, 0.8933239941339206, 0.8933239891146698, 0.8933239894388655, 0.8933239892355437, 0.8933239888584844, 0.893323985438529, 0.8933239824619338, 0.8933239779371746, 0.8933239785568566, 0.8933239724783595, 0.8933239727365526, 0.8933239711881215, 0.8933239692594005, 0.893323962106398, 0.893323962823611, 0.8933239653012697, 0.8933239597003644, 0.8933239594925573, 0.8933239548101848, 0.8933239540588018, 0.893323956938112, 0.893323954551696, 0.8933239567283816, 0.8933239480703944, 0.8933239468327971, 0.8933239406092158, 0.8933239427152851, 0.8933239382174966, 0.8933239352754643, 0.8933239364075949, 0.8933239322351806, 0.8933239267752194, 0.8933239283145726, 0.8933239299929203, 0.8933239227393028, 0.8933239194719311, 0.893323917699606, 0.8933239139003434, 0.8933239150849158, 0.8933239143023404, 0.8933239150646061, 0.8933239182500996, 0.8933239104727719, 0.8933239060790443, 0.8933239091752003, 0.8933239032424305, 0.8933239017917817, 0.8933239025114622, 0.8933239041735443, 0.8933239056286368, 0.8933238941519196, 0.8933238925487427, 0.8933238919042603, 0.89332389318537, 0.8933238892551452, 0.8933238917813431, 0.8933238849841049, 0.8933238805776714, 0.893323875807593, 0.8933238862792944, 0.8933238758581982, 0.89332387037791, 0.8933238671476725, 0.8933238686530557, 0.8933238658688828, 0.8933238755484171, 0.8933238660720532, 0.8933238662829099, 0.8933238662322565, 0.8933238586139064, 0.8933238597209915, 0.8933238589107336, 0.8933238608131153, 0.8933238586640123, 0.8933238530406431, 0.8933238520432851, 0.8933238528925183, 0.8933238499415966, 0.8933238499013497, 0.8933238499823816, 0.8933238538424025, 0.893323843189995, 0.8933238422444547, 0.8933238440558513, 0.8933238408600991, 0.8933238426850799, 0.8933238446716666, 0.893323839410989, 0.8933238394952037, 0.8933238414865285, 0.893323832778317, 0.893323832283281, 0.8933238316640446, 0.8933238358086595, 0.893323834114043, 0.8933238263702771, 0.8933238223727388, 0.8933238252149295, 0.8933238243804107, 0.8933238202435518, 0.8933238197038256, 0.8933238189837027, 0.8933238158530347, 0.8933238084606894, 0.8933238038887081, 0.8933238051210227, 0.8933238042197545, 0.8933238034446378, 0.8933238050942087, 0.8933238022648675, 0.8933238022592366, 0.8933238053320008, 0.8933238077523251, 0.8933237952905152, 0.8933237917526081, 0.8933237926552234, 0.8933237955353213, 0.8933237860956426, 0.8933237837240037, 0.8933237848704945, 0.8933237803881269, 0.8933237799268873, 0.8933237770522995, 0.8933237735991634, 0.8933237757467966, 0.8933237762512921, 0.8933237690559424, 0.8933237715581379, 0.8933237682867551, 0.8933237647006216, 0.8933237633290184, 0.8933237632789385, 0.8933237680333912, 0.8933237637810434, 0.8933237631581835, 0.8933237613567041, 0.893323757194018, 0.8933237646767862, 0.8933237559431665, 0.8933237493973506, 0.8933237512592341, 0.8933237486182118, 0.8933237458613557, 0.8933237467229043, 0.8933237456995952, 0.8933237440625209, 0.8933237471090005, 0.8933237384972902, 0.8933237441798664, 0.8933237384734576, 0.893323735835427, 0.8933237346475179, 0.8933237330040956, 0.8933237355818792, 0.8933237347664632, 0.8933237344172817, 0.8933237330618955, 0.8933237271257135, 0.8933237262684243, 0.8933237265971019, 0.8933237254214348, 0.8933237268976411, 0.8933237326944241, 0.8933237254984372, 0.8933237178960876, 0.893323716095682, 0.8933237161479108, 0.8933237192287642, 0.893323715256667, 0.8933237175500874, 0.893323711799475, 0.8933237091060242, 0.8933237097576183, 0.8933237124316302, 0.8933237105040569, 0.8933237120404831] 

Smallest VQE eingenvalue optimizer final message:
{   'aux_operators_evaluated': None,
    'cost_function_evals': 2480,
    'eigenvalue': 0.8933237120404831,
    'optimal_circuit': <qiskit.circuit.library.n_local.real_amplitudes.RealAmplitudes object at 0x00000135192AF770>,
    'optimal_parameters': {   ParameterVectorElement([0]): -2.328900559683971,
                              ParameterVectorElement([1]): 1.6051319165338356,
                              ParameterVectorElement([2]): 1.5646102247825542,
                              ParameterVectorElement([3]): 1.570761292449881,
                              ParameterVectorElement([4]): -1.5708032426005143,
                              ParameterVectorElement([5]): 3.580899332267117,
                              ParameterVectorElement([6]): 1.142928011977598,
                              ParameterVectorElement([7]): 1.6701205105315087,
                              ParameterVectorElement([8]): 1.576797651164906,
                              ParameterVectorElement([9]): -1.5728876277100097},
    'optimal_point': array([-2.32890056,  1.60513192,  1.56461022,  1.57076129, -1.57080324,
        3.58089933,  1.14292801,  1.67012051,  1.57679765, -1.57288763]),
    'optimal_value': 0.8933237120404831,
    'optimizer_evals': None,
    'optimizer_result': <qiskit_algorithms.optimizers.optimizer.OptimizerResult object at 0x00000135105FFF50>,
    'optimizer_time': 5.730520963668823}
                             
q_0:  Ry([0])  Ry([5]) 
                        
q_1:  Ry([1])  X  Ry([6]) 
                   
q_2:  Ry([2])  X  Ry([7]) 
                   
q_3:  Ry([3])  X  Ry([8]) 
                   
q_4:  Ry([4])  X  Ry([9]) 
                        
The number of ansatz parameters is: 
 10
Line for latex table
RA r1 rl & $1\mathrm{e}{-05}$ & 91/100 &2890 & $8.9332\mathrm{e}{-01}$ & $1.7243\mathrm{e}{-03}$ & $8.937\mathrm{e}{-01}$ & $2.1045\mathrm{e}{-03}$ & - & 00h 14m 51s\\

