1.4976371298658364e-07
1.1664426696755825e-07
1.6289346241871172e-06
2.8073805813377817e-07
6.160072353322832e-07
5.722070788860556e-07
9.296474496878204e-07
4.509442932398855e-07
1.4117346358588634e-07
6.795393832081942e-07
6.380476198997176e-06
1.683393600626637e-07
1.289821854594253e-05
2.949702674337473e-07
4.828478223362076e-07
1.2715419039910358e-07
9.057536920487053e-08
2.859881709227352e-07
3.3774652585805143e-07
2.855859720929388e-07
4.6084245863831086e-07
1.0761058169772575e-05
1.2227269985065625e-05
2.7262615821532776e-06
1.9799869871439668e-07
4.104391954085074e-08
1.8177440647138e-07
5.378382709753105e-07
6.097102012159183e-08
3.897240947847713e-06
1.4474825693611137e-07
2.195285283557169e-07
4.4495981854630884e-07
6.245221676470791e-07
1.3991700448245936e-07
3.03859774397619e-07
1.8311439603513335e-07
1.7585334644021344e-07
2.548212499797753e-05
1.192189216236983e-07
5.641782866994127e-07
1.640889368825782e-08
2.1221143953198407e-07
2.036297430785261e-06
2.0146872159454432e-07
5.412462342757607e-06
3.75043629430305e-07
5.832638239611221e-07
6.783330514958941e-06
4.5911564933165394e-07
2.1766666391531686e-07
1.3791742364821502e-07
4.0532344547372645e-07
1.4070173054436808e-07
7.661535870173708e-07
1.0581744758209055e-07
2.644815371710685e-07
9.176087403806044e-07
1.8054913986098597e-07
1.5543161686615292e-06
7.973293580931795e-09
4.4880922756007635e-08
3.741921901223577e-07
2.4983094271124884e-07
4.553837466003685e-07
2.0038760428775504e-08
1.2210522749689368e-05
3.226978972925565e-07
4.913261336114694e-07
1.1513165720788976e-07
1.6958338028283393e-07
1.871169892364577e-07
1.3670138465649018e-08
2.2451717049953857e-06
1.6273593583804313e-11
4.0103589216133884e-07
3.943171215103902e-07
2.6029818966932794e-08
1.2658817676314271e-06
7.083076625225004e-07
8.610009966103505e-08
9.646034838661777e-07
1.1633281554734864e-07
3.483370834000965e-07
1.43166856980681e-07
4.624899940797178e-08
4.130657136336424e-07
3.5926929753404835e-07
9.128892342058492e-08
4.816344478242307e-07
3.41523687663603e-08
1.0608814776658093e-07
4.2551727896800173e-07
3.380195943147868e-07
3.3709378621793462e-09
2.21418869505996e-06
6.170903446012233e-07
3.123007747962703e-07
2.5060967492329667e-06
1.181405090422416e-07
