0.006499999999999062 0.0016024259733291375
0.7880000000000003 0.015410595835333564
0.04809999999999892 0.004692864903233414
0.014800000000000146 0.0025944617938987117
0.03200000000000003 0.0036356633507518233
0.009800000000000253 0.0021800293576005017
0.1321999999999992 0.008856455724498372
0.015399999999999636 0.0025788012719091024
0.05879999999999974 0.005426359368858649
0.012699999999999712 0.0026083134397537383
0.022500000000000853 0.0036419836627859794
0.040800000000000836 0.0036731256444614154
0.02059999999999995 0.0029057419018213054
0.09189999999999898 0.0064853842600111206
0.011800000000000033 0.0015072836494833888
0.01419999999999888 0.0021175920286967413
0.1968999999999994 0.010212779886005566
0.04220000000000024 0.004965326172569137
1.5599999999999996 0.016277919645949847
0.007500000000001172 0.001366643698993996
0.02660000000000018 0.004118643465997023
0.041700000000000514 0.0025125459199783697
0.0519999999999996 0.002991187055334381
0.2782 0.011830453752920895
0.15629999999999988 0.007876399875577665
0.0019999999999997797 0.0011564912451030563
0.01950000000000074 0.003369957121388931
0.008799999999999919 0.0020829344684843046
0.013399999999998968 0.001932504075028058
0.1647999999999996 0.009526359220604685
0.014300000000000423 0.002910722075362075
0.013600000000001167 0.002179508201406933
1.3951000000000002 0.018168068719597027
0.03560000000000052 0.004139213451852896
0.01679999999999815 0.002178502237777137
1.0566000000000004 0.006131434742374747
0.12990000000000013 0.007900812679718464
0.019999999999999574 0.0035683284602177337
0.0058000000000006935 0.001696620169631398
0.0034999999999998366 0.0015625059999884827
0.0600000000000005 0.002589138080520232
0.013399999999999856 0.0020618739049709307
0.07200000000000006 0.00505872513584204
0.08840000000000181 0.005996058038411571
0.08649999999999913 0.006683228336664849
0.791599999999999 0.015667376295985233
0.05710000000000015 0.0029587546366672325
0.052600000000001756 0.0055873793499278315
0.08229999999999915 0.007247890106782808
0.7905000000000006 0.011599834869514304
0.008199999999999541 0.002110922073407737
0.016000000000000902 0.0023484122295712954
0.005600000000000271 0.0014476601811198603
0.014000000000001123 0.002160262946958042
0.024700000000001054 0.0031619805502248084
0.03509999999999991 0.003302684514149043
0.06510000000000016 0.004456890059222895
0.14510000000000023 0.007265819361916447
0.08309999999999818 0.006745920767397133
0.17550000000000043 0.009825454137086995
0.8527999999999993 0.01351860466172453
0.00990000000000002 0.0020310743462512793
0.010100000000000442 0.0022094997171305513
0.035499999999999865 0.004668103362180396
0.8123000000000005 0.00908467803502138
0.08900000000000041 0.0057785659120581055
0.057299999999999685 0.005386508052532742
0.5942999999999996 0.014199064441011594
0.07749999999999968 0.00417180979911596
0.023699999999999832 0.0023420839011444677
0.04389999999999983 0.005288934202653693
0.024099999999999788 0.003762661690877868
0.03469999999999995 0.004221561914741965
0.016799999999999926 0.00318107403246137
0.03829999999999956 0.0038232827517723435
0.0268000000000006 0.0028638680137185084
1.5430000000000001 0.01609072204719229
0.0039999999999995595 0.0013261613778119015
0.03179999999999872 0.002613339625842756
0.02579999999999938 0.003447925173202011
0.07629999999999981 0.005002651197115392
0.15170000000000083 0.009145802698506029
0.0022999999999990806 0.0006706467028175042
0.04380000000000006 0.002830891732299223
0.0674999999999999 0.00611868278308331
0.027899999999999814 0.004224269285923892
0.2881999999999998 0.005301621261463323
0.02660000000000018 0.004173587425704649
0.17350000000000065 0.007132205619582215
0.07620000000000093 0.0069385453806975975
0.03509999999999902 0.00456135845993274
0.010200000000001097 0.001475196258129742
0.004500000000001059 0.0015767793123959858
0.1335999999999986 0.006125845900771594
0.0034000000000000696 0.0009270663406682181
0.02859999999999996 0.0035356922943039193
0.004999999999999893 0.001580197456016176
0.04490000000000105 0.0041036097524009395
0.0064000000000010715 0.0016232461304435501
0.031099999999998573 0.00350979415350816
