With Shot Noise
01/11/2024 18:27:55 

VQEr_100_shots_10000_COBYLA_maxIter_10000_tol_1e-04_RA_r1_rl 

Reference value: 0.0000000000e+00 

Number of pauli strings:  16
Qubits:  5
VQE runs:  100
Optimizer:  COBYLA
Max iterations:  10000
Optimizers's tolerance:  1e-04
Ansatz:  RA_r1_rl 

All run converged!!!
Number of iterations for each converged VQE run:
[163, 145, 132, 137, 199, 141, 192, 148, 141, 147, 218, 147, 166, 118, 136, 140, 163, 149, 138, 170, 157, 194, 121, 206, 120, 161, 133, 127, 158, 200, 159, 155, 117, 157, 168, 135, 116, 190, 146, 163, 175, 141, 124, 142, 137, 146, 145, 152, 167, 135, 173, 134, 171, 142, 141, 167, 130, 155, 154, 251, 211, 157, 177, 144, 129, 157, 171, 143, 186, 152, 128, 123, 181, 175, 150, 174, 144, 146, 144, 173, 148, 268, 149, 141, 165, 196, 167, 138, 128, 147, 160, 174, 137, 156, 184, 154, 169, 130, 155, 149] 

Average iterations of converged run:
156 

VQE eigenvalues:
[0.006499999999999062, 0.7880000000000003, 0.04809999999999892, 0.014800000000000146, 0.03200000000000003, 0.009800000000000253, 0.1321999999999992, 0.015399999999999636, 0.05879999999999974, 0.012699999999999712, 0.022500000000000853, 0.040800000000000836, 0.02059999999999995, 0.09189999999999898, 0.011800000000000033, 0.01419999999999888, 0.1968999999999994, 0.04220000000000024, 1.5599999999999996, 0.007500000000001172, 0.02660000000000018, 0.041700000000000514, 0.0519999999999996, 0.2782, 0.15629999999999988, 0.0019999999999997797, 0.01950000000000074, 0.008799999999999919, 0.013399999999998968, 0.1647999999999996, 0.014300000000000423, 0.013600000000001167, 1.3951000000000002, 0.03560000000000052, 0.01679999999999815, 1.0566000000000004, 0.12990000000000013, 0.019999999999999574, 0.0058000000000006935, 0.0034999999999998366, 0.0600000000000005, 0.013399999999999856, 0.07200000000000006, 0.08840000000000181, 0.08649999999999913, 0.791599999999999, 0.05710000000000015, 0.052600000000001756, 0.08229999999999915, 0.7905000000000006, 0.008199999999999541, 0.016000000000000902, 0.005600000000000271, 0.014000000000001123, 0.024700000000001054, 0.03509999999999991, 0.06510000000000016, 0.14510000000000023, 0.08309999999999818, 0.17550000000000043, 0.8527999999999993, 0.00990000000000002, 0.010100000000000442, 0.035499999999999865, 0.8123000000000005, 0.08900000000000041, 0.057299999999999685, 0.5942999999999996, 0.07749999999999968, 0.023699999999999832, 0.04389999999999983, 0.024099999999999788, 0.03469999999999995, 0.016799999999999926, 0.03829999999999956, 0.0268000000000006, 1.5430000000000001, 0.0039999999999995595, 0.03179999999999872, 0.02579999999999938, 0.07629999999999981, 0.15170000000000083, 0.0022999999999990806, 0.04380000000000006, 0.0674999999999999, 0.027899999999999814, 0.2881999999999998, 0.02660000000000018, 0.17350000000000065, 0.07620000000000093, 0.03509999999999902, 0.010200000000001097, 0.004500000000001059, 0.1335999999999986, 0.0034000000000000696, 0.02859999999999996, 0.004999999999999893, 0.04490000000000105, 0.0064000000000010715, 0.031099999999998573] 

VQE eigenvalues standard deviation:
[0.0016024259733291375, 0.015410595835333564, 0.004692864903233414, 0.0025944617938987117, 0.0036356633507518233, 0.0021800293576005017, 0.008856455724498372, 0.0025788012719091024, 0.005426359368858649, 0.0026083134397537383, 0.0036419836627859794, 0.0036731256444614154, 0.0029057419018213054, 0.0064853842600111206, 0.0015072836494833888, 0.0021175920286967413, 0.010212779886005566, 0.004965326172569137, 0.016277919645949847, 0.001366643698993996, 0.004118643465997023, 0.0025125459199783697, 0.002991187055334381, 0.011830453752920895, 0.007876399875577665, 0.0011564912451030563, 0.003369957121388931, 0.0020829344684843046, 0.001932504075028058, 0.009526359220604685, 0.002910722075362075, 0.002179508201406933, 0.018168068719597027, 0.004139213451852896, 0.002178502237777137, 0.006131434742374747, 0.007900812679718464, 0.0035683284602177337, 0.001696620169631398, 0.0015625059999884827, 0.002589138080520232, 0.0020618739049709307, 0.00505872513584204, 0.005996058038411571, 0.006683228336664849, 0.015667376295985233, 0.0029587546366672325, 0.0055873793499278315, 0.007247890106782808, 0.011599834869514304, 0.002110922073407737, 0.0023484122295712954, 0.0014476601811198603, 0.002160262946958042, 0.0031619805502248084, 0.003302684514149043, 0.004456890059222895, 0.007265819361916447, 0.006745920767397133, 0.009825454137086995, 0.01351860466172453, 0.0020310743462512793, 0.0022094997171305513, 0.004668103362180396, 0.00908467803502138, 0.0057785659120581055, 0.005386508052532742, 0.014199064441011594, 0.00417180979911596, 0.0023420839011444677, 0.005288934202653693, 0.003762661690877868, 0.004221561914741965, 0.00318107403246137, 0.0038232827517723435, 0.0028638680137185084, 0.01609072204719229, 0.0013261613778119015, 0.002613339625842756, 0.003447925173202011, 0.005002651197115392, 0.009145802698506029, 0.0006706467028175042, 0.002830891732299223, 0.00611868278308331, 0.004224269285923892, 0.005301621261463323, 0.004173587425704649, 0.007132205619582215, 0.0069385453806975975, 0.00456135845993274, 0.001475196258129742, 0.0015767793123959858, 0.006125845900771594, 0.0009270663406682181, 0.0035356922943039193, 0.001580197456016176, 0.0041036097524009395, 0.0016232461304435501, 0.00350979415350816] 

Median VQE eigenvalues:
0.03529999999999989 

Min eigenvalue after 100 VQE steps on Aer qasm simulator: 2.00000e-03
Delta from reference energy value is 2.00000e-03 

Optimizer history of the smallest VQE eigenvalue:
[8.0364, 8.2347, 7.5614, 8.1771, 6.2746, 8.1004, 6.463800000000001, 6.1501, 5.9187, 5.215300000000001, 5.158900000000001, 7.045, 5.159999999999999, 5.4534, 4.980600000000001, 6.1176, 4.766300000000001, 4.503299999999999, 4.4376, 4.1918, 5.5814, 3.5237, 1.3811000000000009, 1.9999000000000002, 1.1727000000000016, 1.5088000000000008, 0.9839000000000011, 1.5236, 1.0882999999999994, 3.1465000000000014, 1.3518999999999988, 2.0115, 1.6122999999999994, 0.663599999999998, 1.3590000000000009, 2.1123000000000003, 0.4825999999999997, 0.47799999999999976, 0.9854999999999992, 0.2858999999999998, 0.7812000000000001, 0.4743999999999984, 0.5381000000000018, 0.4060000000000006, 0.47390000000000043, 0.3034000000000008, 0.2843, 0.2825999999999995, 0.36909999999999954, 0.38709999999999845, 0.17849999999999966, 0.2436000000000007, 0.22139999999999915, 0.22850000000000037, 0.20170000000000066, 0.17059999999999942, 0.16839999999999833, 0.22190000000000065, 0.17269999999999985, 0.1601000000000008, 0.1280999999999981, 0.09310000000000063, 0.07069999999999954, 0.07220000000000137, 0.043699999999999406, 0.05289999999999928, 0.045600000000001195, 0.038600000000000634, 0.03979999999999961, 0.05909999999999993, 0.043699999999999406, 0.05629999999999935, 0.06789999999999896, 0.030199999999999783, 0.12780000000000058, 0.031899999999998485, 0.04019999999999957, 0.020400000000000418, 0.03080000000000016, 0.010099999999999554, 0.012400000000001299, 0.010899999999999466, 0.011000000000001009, 0.020700000000000607, 0.014199999999999768, 0.006599999999999717, 0.009399999999997632, 0.02549999999999919, 0.009599999999999831, 0.01249999999999929, 0.007700000000000706, 0.006000000000000227, 0.007399999999998741, 0.0045000000000001705, 0.0026999999999999247, 0.003100000000000769, 0.004800000000001248, 0.007899999999998464, 0.00820000000000043, 0.0038000000000009138, 0.004100000000000215, 0.006000000000000227, 0.0045999999999999375, 0.0020999999999995467, 0.0029000000000003467, 0.004200000000001758, 0.004400000000000404, 0.0026999999999990365, 0.00569999999999915, 0.0035999999999996035, 0.004300000000000637, 0.0032999999999994145, 0.004100000000000215, 0.0031999999999987594, 0.0019000000000000128, 0.004099999999999326, 0.0026000000000001577, 0.002700000000000813, 0.0030999999999998806, 0.0038999999999997925, 0.0025999999999992696, 0.0036000000000004917, 0.005200000000001204, 0.0033999999999982933, 0.002600000000001046, 0.0038999999999997925, 0.0034000000000000696, 0.0038999999999997925, 0.0030999999999989925, 0.002600000000001046, 0.0037000000000002586, 0.0037000000000002586, 0.0018000000000002458, 0.0030999999999998806, 0.0037000000000002586, 0.0038999999999997925, 0.0023999999999997357, 0.0030000000000001137, 0.00280000000000058, 0.0034999999999989484, 0.0023999999999997357, 0.001900000000000901, 0.004400000000000404, 0.0036000000000004917, 0.0022999999999999687, 0.0024999999999995026, 0.0031999999999996476, 0.0036999999999993705, 0.0039000000000006807, 0.0036000000000004917, 0.0022999999999999687, 0.0029000000000003467, 0.002200000000000202, 0.0025999999999992696, 0.002500000000001279, 0.002100000000000435, 0.0023999999999997357, 0.0023999999999997357, 0.0030999999999998806, 0.0035000000000007248, 0.0019999999999997797] 

Optimizer history of the smallest VQE eigenvalue standard deviation:
[0.03735092925216185, 0.037690946671581495, 0.03913986131809871, 0.04156444513042367, 0.0351491527636158, 0.04087313513788733, 0.0355899902781667, 0.03465316056292702, 0.0346553118439295, 0.030580614333266753, 0.030830343348720587, 0.0407713584762637, 0.03053825384661016, 0.035279647447218065, 0.02741513195299268, 0.03647647861293631, 0.025300403692431472, 0.021870594482089417, 0.02366696795113392, 0.03350427196642243, 0.03792008322775677, 0.03121041532886098, 0.018213785191442223, 0.026114550407770762, 0.01866357197858974, 0.022295504479603063, 0.01915789542199247, 0.02360320486713616, 0.01947777551467313, 0.03615887057141027, 0.02238317254099606, 0.027364146670415285, 0.02704167463379441, 0.014645891847204115, 0.023634235253123807, 0.029007272657042407, 0.01134931451674505, 0.010944127557736157, 0.019216187473065513, 0.00809953523357976, 0.016563970779979054, 0.011997160330678262, 0.016039987125929998, 0.009295944492089004, 0.011809711046422772, 0.009973530969521272, 0.009298255911728823, 0.00958753357230106, 0.012936157891738957, 0.012216930588327, 0.007167231194819927, 0.0091231836548433, 0.00837922263697535, 0.00969536213867229, 0.007243494805685987, 0.007397694776077203, 0.007677581910992547, 0.008966572756633383, 0.007672427842606284, 0.007576904843008122, 0.0069761161830921336, 0.005840578481623201, 0.004918927830330506, 0.005285280692640655, 0.004244465219553576, 0.005113272631104257, 0.00446411648593537, 0.004008795829173634, 0.003938315375893617, 0.0054990427348766725, 0.004313922692863188, 0.004480251890240082, 0.005611120832774857, 0.003875261023466692, 0.009005066573879393, 0.0038894111379487945, 0.004133245214114436, 0.003211369801190751, 0.003880858667872368, 0.0021012855588900823, 0.002357888038054386, 0.0021398095709665352, 0.002253488850649148, 0.0030404922298864537, 0.0023905112423914673, 0.0019263457633560978, 0.0021097137246555153, 0.004039254510426388, 0.0023366454587720135, 0.002451445491949594, 0.002082151051196813, 0.0018097557846294722, 0.0021149165468169273, 0.0015830056853972329, 0.0011612368406143385, 0.0013448334469368264, 0.001648422275996016, 0.0019916623709856176, 0.0020678433209506183, 0.0015355129436119552, 0.0015127402288561888, 0.0018960000000000229, 0.0014418238449962722, 0.0011862541886122038, 0.0013139790713706133, 0.0015147659885276054, 0.0015861071842722208, 0.0012833366666623316, 0.0018455262122224348, 0.0015477415804971957, 0.0015883239593987117, 0.0013293806828745531, 0.001619052500692918, 0.0014133477986681027, 0.0010991228320801913, 0.0015575047351452734, 0.001347318818988289, 0.00122772187404151, 0.0014504133893480146, 0.0015306877539197812, 0.0012073375667144652, 0.001460987337385233, 0.001729931790562836, 0.0013330461357357317, 0.0013022918259745053, 0.0015317163575544774, 0.0013477803975425538, 0.0015889043394742078, 0.0013585871337532954, 0.001279393606362004, 0.0015053388322899203, 0.0014170028228623838, 0.0010945208997547656, 0.0014504733710068599, 0.001568891646991597, 0.0015322574848894799, 0.0011989862384531407, 0.00136226135524722, 0.001231928569357812, 0.0015239333974947874, 0.001112780301766698, 0.0010990782501714693, 0.0015608459244909406, 0.0014879032226593235, 0.0012673977276293435, 0.0013212210261723783, 0.0014742021571005786, 0.0014302590674419718, 0.0014645091327813462, 0.0014879610209948364, 0.0012436281598612912, 0.00133649803591326, 0.0011126329134085425, 0.0012793467082851217, 0.0012276086509959072, 0.0011348255372523133, 0.0012476409739985213, 0.0012713363048383471, 0.0014087828079586992, 0.001478734932298534, 0.0011564912451030563] 

Smallest VQE eingenvalue optimizer final message:
{   'aux_operators_evaluated': None,
    'cost_function_evals': 161,
    'eigenvalue': 0.0019999999999997797,
    'optimal_circuit': <qiskit.circuit.library.n_local.real_amplitudes.RealAmplitudes object at 0x000001F3623D9C10>,
    'optimal_parameters': {   ParameterVectorElement(θ[0]): -3.1448463233309387,
                              ParameterVectorElement(θ[1]): 3.150633586417761,
                              ParameterVectorElement(θ[2]): -3.1342473707324383,
                              ParameterVectorElement(θ[3]): 3.1627770083263496,
                              ParameterVectorElement(θ[4]): -1.561342498023245,
                              ParameterVectorElement(θ[5]): -3.0443317132422987,
                              ParameterVectorElement(θ[6]): -0.011876468283072114,
                              ParameterVectorElement(θ[7]): 6.2954035361409995,
                              ParameterVectorElement(θ[8]): -0.01759595404861728,
                              ParameterVectorElement(θ[9]): 4.75000546364921},
    'optimal_point': array([-3.14484632,  3.15063359, -3.13424737,  3.16277701, -1.5613425 ,
       -3.04433171, -0.01187647,  6.29540354, -0.01759595,  4.75000546]),
    'optimal_value': 0.0019999999999997797,
    'optimizer_evals': None,
    'optimizer_result': <qiskit_algorithms.optimizers.optimizer.OptimizerResult object at 0x000001F3623DAC60>,
    'optimizer_time': 12.443575382232666}
     ┌──────────┐ ░                      ░ ┌──────────┐
q_0: ┤ Ry(θ[0]) ├─░──────────────────■───░─┤ Ry(θ[5]) ├
     ├──────────┤ ░                ┌─┴─┐ ░ ├──────────┤
q_1: ┤ Ry(θ[1]) ├─░─────────────■──┤ X ├─░─┤ Ry(θ[6]) ├
     ├──────────┤ ░           ┌─┴─┐└───┘ ░ ├──────────┤
q_2: ┤ Ry(θ[2]) ├─░────────■──┤ X ├──────░─┤ Ry(θ[7]) ├
     ├──────────┤ ░      ┌─┴─┐└───┘      ░ ├──────────┤
q_3: ┤ Ry(θ[3]) ├─░───■──┤ X ├───────────░─┤ Ry(θ[8]) ├
     ├──────────┤ ░ ┌─┴─┐└───┘           ░ ├──────────┤
q_4: ┤ Ry(θ[4]) ├─░─┤ X ├────────────────░─┤ Ry(θ[9]) ├
     └──────────┘ ░ └───┘                ░ └──────────┘
The number of ansatz parameters is: 
 10
Line for latex table
RA r1 rl & $1\mathrm{e}{-04}$ & 10000 & 100/100 &156 & $2\mathrm{e}{-03}$ & $1.1565\mathrm{e}{-03}$ & $2\mathrm{e}{-03}$ & $3.53\mathrm{e}{-02}$ & $3.53\mathrm{e}{-02}$ & - & 00h 17m 35s\\

