1.0788068647645106
0.986941290389471
1.039370338676262
1.1337457880450086
1.0574058615441524
0.9435975674852154
1.0629308508620476
0.9313522976754584
1.062662916132541
0.9259422828070177
1.0458113706493373
1.0384130914158176
1.040602578938752
0.9314845550793155
0.9425536737559286
0.8958201440857886
0.896909800434643
0.9574128278157338
0.9971123645818722
0.9499873832818826
0.9807109329890074
0.9141372770600449
0.9340188905814601
0.9335083211327941
0.944437107164494
1.0696295136954441
0.929308395296315
1.0724303291475916
0.9143073024769944
1.0542976452721913
0.9297895188745513
0.9288621984392632
1.0593143715210405
0.9701463947754335
0.9543540787220235
0.912085198634865
1.0048903044287956
1.0575359073423396
0.9448579458639431
1.102947911592202
0.923823555494091
1.0604749645022888
0.9439448011429382
0.9312857958180055
0.9466497997011434
0.9513075687188509
1.061908052485339
0.9356969499661074
0.9430380488457064
0.9426259944367119
0.9077364665028186
0.9382038380243171
0.9133104563234632
0.920842246060354
1.0645453180272744
1.0309216407603892
0.940655300631565
0.9550328853318151
0.9344677179486621
0.9511403166972338
0.9172036094595661
0.907316423093585
0.9189683170142496
0.9287584007950642
0.9869073972012166
1.0361504172358647
0.9423309306292804
0.9237559209828125
0.940035265096627
0.9066722372631072
0.9804410512643568
0.9193239490932495
0.9310425724308238
0.9649796327692683
1.0096936179273195
0.9272462717464662
1.0979954666324971
0.923867819616079
0.9118735290065842
0.9033083754183902
1.0691057455352158
0.922960096191747
1.0586194896370162
0.9060466268824426
1.001042761076187
0.9938450315455624
0.9047791884460534
1.007948929662123
0.9945117601221378
0.9913620608615936
0.9178895507034891
1.0642718664302573
1.0887299354006998
0.9238848887740932
0.9273651879535209
0.9777108576152805
0.9328774685901764
0.983097053370107
0.9351124922201722
0.9143240648144854
