RA_r1_rl
07m35s__74
1e-07
0.0
0.00019999999999997797
0.0013000000000000234
0.0005999999999999894
0.00040000000000001146
0.014900000000000024
9.999999999998899e-05
0.0
0.0009000000000000119
0.0005000000000000004
9.999999999998899e-05
0.00019999999999997797
0.0
0.00030000000000002247
0.0
0.0
0.0010000000000000009
0.0
9.999999999998899e-05
0.00019999999999997797
9.999999999998899e-05
0.00019999999999997797
0.0009000000000000119
0.0
0.0
0.00019999999999997797
0.0
0.0009000000000000119
0.0020000000000000018
0.0
0.0020000000000000018
0.0024000000000000132
0.0006999999999999784
0.0
0.0
0.0015000000000000013
0.0
0.0
0.0
0.0
0.0005999999999999894
0.00040000000000001146
0.00019999999999997797
0.0
0.0005000000000000004
9.999999999998899e-05
9.999999999998899e-05
0.0
0.0013000000000000234
0.005599999999999994
0.00019999999999997797
0.00040000000000001146
0.0
0.0
0.00019999999999997797
0.0005000000000000004
0.0
9.999999999998899e-05
0.0
0.00030000000000002247
9.999999999998899e-05
0.0
0.0049000000000000155
9.999999999998899e-05
9.999999999998899e-05
0.00030000000000002247
0.00040000000000001146
0.009000000000000008
9.999999999998899e-05
0.0006999999999999784
0.0018000000000000238
0.00030000000000002247
0.0020000000000000018
0.0
0.0013000000000000234
0.0
0.0015999999999999903
0.0005999999999999894
0.0011999999999999789
0.0
0.0
0.0010000000000000009
0.0
9.999999999998899e-05
9.999999999998899e-05
0.0
0.00019999999999997797
0.0
9.999999999998899e-05
0.0
0.0
0.00030000000000002247
0.0005000000000000004
0.0015999999999999903
0.0
0.0
0.00019999999999997797
0.00019999999999997797
0.0
0.0
