0.0 0.0
0.00019999999999997797 0.0001414072133944981
0.0013000000000000234 0.00036032069049667754
0.0005999999999999894 0.0002448754785600193
0.00040000000000001146 0.00019995999599920291
0.014900000000000024 0.0012115275481803965
9.999999999998899e-05 9.999499987499087e-05
0.0 0.0
0.0009000000000000119 0.0002998649696113272
0.0005000000000000004 0.00022355088906108006
9.999999999998899e-05 9.999499987499087e-05
0.00019999999999997797 0.0001414072133944981
0.0 0.0
0.00030000000000002247 0.00017317909804592886
0.0 0.0
0.0 0.0
0.0010000000000000009 0.0003160696125855821
0.0 0.0
9.999999999998899e-05 9.999499987499087e-05
0.00019999999999997797 0.0001414072133944981
9.999999999998899e-05 9.999499987499087e-05
0.00019999999999997797 0.0001414072133944981
0.0009000000000000119 0.0002998649696113272
0.0 0.0
0.0 0.0
0.00019999999999997797 0.0001414072133944981
0.0 0.0
0.0009000000000000119 0.0002998649696113272
0.0020000000000000018 0.0004467661580737733
0.0 0.0
0.0020000000000000018 0.0004467661580737733
0.0024000000000000132 0.0004893097178679389
0.0006999999999999784 0.00026448251359966813
0.0 0.0
0.0 0.0
0.0015000000000000013 0.0003870077518603461
0.0 0.0
0.0 0.0
0.0 0.0
0.0 0.0
0.0005999999999999894 0.0002448754785600193
0.00040000000000001146 0.00019995999599920291
0.00019999999999997797 0.0001414072133944981
0.0 0.0
0.0005000000000000004 0.00022355088906108006
9.999999999998899e-05 9.999499987499087e-05
9.999999999998899e-05 9.999499987499087e-05
0.0 0.0
0.0013000000000000234 0.00036032069049667754
0.005599999999999994 0.0007462332075162554
0.00019999999999997797 0.0001414072133944981
0.00040000000000001146 0.00019995999599920291
0.0 0.0
0.0 0.0
0.00019999999999997797 0.0001414072133944981
0.0005000000000000004 0.00022355088906108006
0.0 0.0
9.999999999998899e-05 9.999499987499087e-05
0.0 0.0
0.00030000000000002247 0.00017317909804592886
9.999999999998899e-05 9.999499987499087e-05
0.0 0.0
0.0049000000000000155 0.0006982828939620406
9.999999999998899e-05 9.999499987499087e-05
9.999999999998899e-05 9.999499987499087e-05
0.00030000000000002247 0.00017317909804592886
0.00040000000000001146 0.00019995999599920291
0.009000000000000008 0.0009444045743218322
9.999999999998899e-05 9.999499987499087e-05
0.0006999999999999784 0.00026448251359966813
0.0018000000000000238 0.00042388205906832574
0.00030000000000002247 0.00017317909804592886
0.0020000000000000018 0.0004467661580737733
0.0 0.0
0.0013000000000000234 0.00036032069049667754
0.0 0.0
0.0015999999999999903 0.0003996798718974947
0.0005999999999999894 0.0002448754785600193
0.0011999999999999789 0.0003462022530255959
0.0 0.0
0.0 0.0
0.0010000000000000009 0.0003160696125855821
0.0 0.0
9.999999999998899e-05 9.999499987499087e-05
9.999999999998899e-05 9.999499987499087e-05
0.0 0.0
0.00019999999999997797 0.0001414072133944981
0.0 0.0
9.999999999998899e-05 9.999499987499087e-05
0.0 0.0
0.0 0.0
0.00030000000000002247 0.00017317909804592886
0.0005000000000000004 0.00022355088906108006
0.0015999999999999903 0.0003996798718974947
0.0 0.0
0.0 0.0
0.00019999999999997797 0.0001414072133944981
0.00019999999999997797 0.0001414072133944981
0.0 0.0
0.0 0.0
