RA_r1_rl
01h36m09s__70
1e-03
4.135743404831825
3.5485131733901367
5.618305535908096
4.991269248634184
2.1209305952476973
2.8120812960394277
1.5477734457693488
1.9708756466576145
6.199636353522669
1.4563620212163275
2.478756749848379
1.548202165215194
3.0376741812957424
2.293983862214289
1.2701467664546318
3.9047208531197684
2.7641613593505117
2.723108601151443
4.874986486507167
1.0002594697153662
3.3860611307613953
5.571242908762629
4.91633489114835
3.6256801435019494
1.6723325444943162
3.5913751756779466
1.660944103946785
4.6512519583501
4.121347947831264
1.5577544162800465
1.373593527862624
3.595194977377852
2.30855708847752
1.9111638247317964
2.993661079526085
1.6001639038334885
4.494625227405363
2.9142842798627324
3.2960112041072214
3.3531394394309015
1.3536872848822763
1.4222763017752735
1.5738179081931563
3.075808884941121
2.4105134123108725
1.6365695042509858
2.1335791642557878
2.0602524549966987
1.0278005230767635
1.4452336334786693
1.6541627530904972
5.146426762435666
2.1790364554488293
1.3659341720826772
3.809482989569587
1.818478472218475
3.7971118295661643
4.317399447786759
2.9048717142141847
3.801592345547013
3.2005780705851183
2.3578732495293666
2.316073268476984
3.7088485815338035
1.5053060099624354
1.9377026702091025
4.7541595086732285
5.188613944348048
3.845118948056944
2.634051674326437
3.353862818581031
2.605451878299565
3.4177678524237605
3.0648486267884447
6.280936246907452
2.0219723486982883
5.340004678919636
4.120319210966355
1.5857528883855263
5.297772992123804
1.633290729672161
5.355677307780858
1.1599883546261252
2.8257741119433613
1.454130816077932
2.2466302834673613
2.2856171942288173
3.133145792231906
3.4540802077614994
3.241222921058055
2.408816156956078
3.3246689524228916
6.219923438463305
3.6209284199323704
5.738398335534245
1.2409951817314742
4.936659587786219
3.038752750022233
5.583453290835594
3.261654920274456
