4.135743404831825 0.21157995888106365
3.5485131733901367 0.19767632113761102
5.618305535908096 0.22170783537793437
4.991269248634184 0.20923622216506585
2.1209305952476973 0.19135767404562173
2.8120812960394277 0.19580212592914206
1.5477734457693488 0.1990987616041772
1.9708756466576145 0.18565319976595604
6.199636353522669 0.20718196175162612
1.4563620212163275 0.20157811014891766
2.478756749848379 0.2136471878824765
1.548202165215194 0.1967522782083035
3.0376741812957424 0.1924282855683651
2.293983862214289 0.1986445977931722
1.2701467664546318 0.20323087179910115
3.9047208531197684 0.19194234175551209
2.7641613593505117 0.16361230670747826
2.723108601151443 0.1875693098432358
4.874986486507167 0.20671976186446175
1.0002594697153662 0.19274192786523453
3.3860611307613953 0.19734750827465036
5.571242908762629 0.22337012523020677
4.91633489114835 0.213005695383295
3.6256801435019494 0.22232207098780746
1.6723325444943162 0.20049013737061167
3.5913751756779466 0.20029192510524502
1.660944103946785 0.18150504243682905
4.6512519583501 0.21183435793546201
4.121347947831264 0.2064383686321703
1.5577544162800465 0.20761867725613561
1.373593527862624 0.19755292760083465
3.595194977377852 0.17079649829748286
2.30855708847752 0.17905589230192245
1.9111638247317964 0.18261589626150837
2.993661079526085 0.19822983209011039
1.6001639038334885 0.20133992284782543
4.494625227405363 0.17762072854960267
2.9142842798627324 0.21693357585791273
3.2960112041072214 0.20745089126887895
3.3531394394309015 0.2091113037462108
1.3536872848822763 0.19627457569899218
1.4222763017752735 0.19800716170854443
1.5738179081931563 0.19921528229799168
3.075808884941121 0.1821722901100511
2.4105134123108725 0.20451826121574754
1.6365695042509858 0.21150906072811285
2.1335791642557878 0.18529356113542916
2.0602524549966987 0.18232451198843658
1.0278005230767635 0.2037279550547097
1.4452336334786693 0.19533932375834
1.6541627530904972 0.19875522697644007
5.146426762435666 0.21654709639210645
2.1790364554488293 0.21240111356327843
1.3659341720826772 0.20349607609132694
3.809482989569587 0.16818902386635223
1.818478472218475 0.20589567518874993
3.7971118295661643 0.2155174323473791
4.317399447786759 0.19081925969312372
2.9048717142141847 0.1946296810513814
3.801592345547013 0.21098555965791638
3.2005780705851183 0.20044257389393844
2.3578732495293666 0.1879072512811512
2.316073268476984 0.21055886316802996
3.7088485815338035 0.2053505376767491
1.5053060099624354 0.1999444586536611
1.9377026702091025 0.15883376662709703
4.7541595086732285 0.21622253066784636
5.188613944348048 0.21171279447298608
3.845118948056944 0.2115112401119497
2.634051674326437 0.15363784684625828
3.353862818581031 0.2016688406523684
2.605451878299565 0.189989430528351
3.4177678524237605 0.2050168010889545
3.0648486267884447 0.21862541879218045
6.280936246907452 0.21526168935543832
2.0219723486982883 0.1915095458759905
5.340004678919636 0.2275332647852048
4.120319210966355 0.19960206125318666
1.5857528883855263 0.20284035208155707
5.297772992123804 0.21144783995625277
1.633290729672161 0.19850121772309653
5.355677307780858 0.21076423305291742
1.1599883546261252 0.1732802842075803
2.8257741119433613 0.21868298914260056
1.454130816077932 0.19910866998668802
2.2466302834673613 0.2056418072179201
2.2856171942288173 0.20286602193450096
3.133145792231906 0.20266582897062396
3.4540802077614994 0.19131407504886028
3.241222921058055 0.17894883320746058
2.408816156956078 0.21663697187133366
3.3246689524228916 0.1982385518017412
6.219923438463305 0.21984636242133512
3.6209284199323704 0.16588553122087754
5.738398335534245 0.18466420280092388
1.2409951817314742 0.2006727811623814
4.936659587786219 0.21447597259020204
3.038752750022233 0.20095918700211615
5.583453290835594 0.2209206002939315
3.261654920274456 0.2122547351017993
