RA_r1_rl
01m23s__292
1e-04
8.032232989840793e-09
1.4207537318844388e-07
2.431489293241995e-08
5.9078639536025435e-08
1.3574708579433548e-08
7.89815618462697e-09
1.8154972247774737e-08
2.5361786337718684e-08
1.2387687042814122e-08
5.485966625418115e-09
1.4189564634392582e-08
9.40061717358276e-09
2.0991680171889016e-08
1.8783124500210135e-08
9.181036492167394e-08
1.265616805801173e-08
1.214343087196923e-08
3.084724581325915e-08
1.6575757710857175e-08
2.713958924260851e-08
1.6911949063391774e-08
1.677633754137986e-08
8.693135100656946e-09
9.152840318993327e-09
7.084356490327792e-09
1.0052862320364397e-08
8.941112128457718e-09
6.723732942637284e-08
1.2056777344837677e-06
1.2896248791083309e-08
4.299856082301545e-09
2.0011081403037423e-08
1.2963540851895772e-08
1.9471788459402006e-08
7.149054259691923e-08
6.725707278332216e-07
1.8664413070634822e-08
1.0816094186960612e-08
1.3272866916658188e-08
5.5705682927009725e-06
2.0902108488485283e-08
3.9771329674032074e-08
6.441020805048048e-07
8.02201483018905e-09
1.7661854662121002e-07
3.4053947384204974e-08
1.543816502413975e-08
2.0254786736728647e-08
3.3551632583339597e-09
1.9429997227815576e-07
1.3008218964771778e-06
4.954595602124634e-07
1.629741308573074e-08
2.1475008848970134e-07
5.419500737069427e-09
1.784170533536411e-09
1.8581770444558998e-07
2.1318354526123073e-08
6.204610494831009e-07
1.1376200076407272e-07
4.636972879001888e-07
3.7762137305996646e-09
8.05976713147416e-09
7.453169192928044e-09
9.385441655518356e-07
3.554444272246826e-08
2.011135774582229e-08
1.427876751114443e-06
3.103254148650869e-07
1.1903862173756607e-08
2.005872257182517e-08
2.3798770898419974e-08
1.3338644411220457e-08
8.727558453713868e-09
2.0434732422858204e-06
1.0932867111623779e-08
3.223404652086259e-07
4.8599901880663765e-09
5.89971335118733e-08
2.1062677213468106e-08
1.4330331143952435e-08
2.5069623599272006e-09
1.364682289395347e-08
6.450578216021796e-08
6.843880462348295e-09
1.5994771063176927e-08
1.1392532972553937e-08
8.551707342263626e-09
1.3072232962763053e-08
1.3583561886409967e-08
5.9103477334510046e-08
7.931771850433478e-09
2.024551248869244e-08
2.396709075647152e-08
5.747380349419018e-09
1.3429160405920015e-07
8.015940911043629e-09
6.956017761794442e-09
2.8989193656681067e-08
1.0010486349298908e-06
