RA_r1_rl
07m45s__70
1e-03
0.011200000000000099
0.0034000000000000696
0.0016000000000000458
0.00029999999999996696
0.0018000000000000238
0.008499999999999952
0.005800000000000027
0.0008000000000001339
0.000700000000000145
0.0051000000000001044
0.016900000000000137
0.00039999999999995595
0.0009000000000001229
0.00029999999999996696
0.0040999999999999925
0.010600000000000165
0.000500000000000167
9.999999999998899e-05
0.06600000000000006
0.0009000000000001229
0.0013000000000000789
0.0036000000000000476
0.005600000000000049
0.0048000000000001375
0.001100000000000101
0.0005999999999999339
0.0034000000000000696
9.999999999998899e-05
0.0028000000000001357
0.0034000000000000696
0.007500000000000062
0.008199999999999985
0.00890000000000013
0.0004999999999999449
0.00550000000000006
0.02980000000000005
0.0
0.0016000000000000458
0.0035000000000000586
0.014000000000000012
0.0019000000000000128
0.0
0.0012000000000000899
9.999999999998899e-05
0.0036000000000000476
0.0009000000000001229
0.00029999999999996696
0.0040999999999999925
0.000700000000000145
0.00019999999999997797
0.0030000000000001137
0.0132000000000001
0.007200000000000095
0.0233000000000001
0.0014000000000000679
0.0020000000000000018
0.0040000000000000036
0.00029999999999996696
0.42680000000000007
0.0018000000000000238
0.013900000000000023
0.0008000000000001339
0.01450000000000018
0.006800000000000139
0.005400000000000071
0.0009000000000001229
0.4598
0.00019999999999997797
0.5048
0.0022999999999999687
0.025500000000000078
0.020499999999999963
0.0014000000000000679
0.001000000000000112
0.0049000000000001265
0.0020999999999999908
0.000700000000000145
0.0025999999999999357
0.0026999999999999247
0.007900000000000018
0.00019999999999997797
0.009200000000000097
0.0016000000000000458
0.01649999999999996
0.0036000000000000476
0.0007999999999999119
0.0028000000000001357
0.0019000000000000128
0.0020999999999999908
0.0016000000000000458
0.0004999999999999449
0.0009000000000001229
0.0032000000000000917
0.001000000000000112
0.001100000000000101
9.999999999998899e-05
0.007099999999999884
0.000500000000000167
0.0014000000000000679
0.0018000000000000238
