0.011200000000000099 0.0010553340703303405
0.0034000000000000696 0.0005824053571182187
0.0016000000000000458 0.00039975242338227365
0.00029999999999996696 0.00017319064639869137
0.0018000000000000238 0.00042405188361802754
0.008499999999999952 0.0009190924871850469
0.005800000000000027 0.000760432771518956
0.0008000000000001339 0.00028278613827414256
0.000700000000000145 0.00026452032058047343
0.0051000000000001044 0.0007125875384821144
0.016900000000000137 0.001296294333860949
0.00039999999999995595 0.0001999749984373068
0.0009000000000001229 0.00029986496961132716
0.00029999999999996696 0.00017319064639869137
0.0040999999999999925 0.0006397929352532736
0.010600000000000165 0.0010255242561733973
0.000500000000000167 0.0002235687813626953
9.999999999998899e-05 9.999499987499086e-05
0.06600000000000006 0.0025152689717006407
0.0009000000000001229 0.0002999516627725204
0.0013000000000000789 0.00036043723448056405
0.0036000000000000476 0.0005995148038205518
0.005600000000000049 0.0007472094753146555
0.0048000000000001375 0.0006919176251549003
0.001100000000000101 0.00033159463204339976
0.0005999999999999339 0.00024491222917608687
0.0034000000000000696 0.00058276238725573
9.999999999998899e-05 9.999499987499087e-05
0.0028000000000001357 0.000528634088950007
0.0034000000000000696 0.0005827023253771993
0.007500000000000062 0.0008649410384529112
0.008199999999999985 0.0009042543889857532
0.00890000000000013 0.0009394652734401628
0.0004999999999999449 0.0002235866722324783
0.00550000000000006 0.0007404478374605476
0.02980000000000005 0.0017071807168545434
0.0 0.0
0.0016000000000000458 0.0003997174001716695
0.0035000000000000586 0.0005912520613071912
0.014000000000000012 0.0011789189963691304
0.0019000000000000128 0.00043562024746331525
0.0 0.0
0.0012000000000000899 0.00034634087255188886
9.999999999998899e-05 9.999499987499087e-05
0.0036000000000000476 0.0005993579898524747
0.0009000000000001229 0.0002999516627725204
0.00029999999999996696 0.0001731964202863277
0.0040999999999999925 0.0006397866831999539
0.000700000000000145 0.000264527881328231
0.00019999999999997797 0.00014141428499270803
0.0030000000000001137 0.0005473773835298636
0.0132000000000001 0.0011430301833285062
0.007200000000000095 0.0008458711485799699
0.0233000000000001 0.0015198299246955238
0.0014000000000000679 0.00037407485881839336
0.0020000000000000018 0.00044700559280617616
0.0040000000000000036 0.0006315647235240415
0.00029999999999996696 0.0001731964202863277
0.42680000000000007 0.005289661614886154
0.0018000000000000238 0.0004241344126571156
0.013900000000000023 0.0011756764010560062
0.0008000000000001339 0.0002828038189275385
0.01450000000000018 0.001200484485530738
0.006800000000000139 0.0008235642051473606
0.005400000000000071 0.0007338051512492939
0.0009000000000001229 0.00029994166099426764
0.4598 0.005138430305063989
0.00019999999999997797 0.0001414072133944981
0.5048 0.005462897582785164
0.0022999999999999687 0.00047939858155818943
0.025500000000000078 0.0015891548068076955
0.020499999999999963 0.0014267722312969213
0.0014000000000000679 0.0003740106950342479
0.001000000000000112 0.00031615502526450423
0.0049000000000001265 0.0006985406215818817
0.0020999999999999908 0.0004580906023921459
0.000700000000000145 0.000264527881328231
0.0025999999999999357 0.0005096214281209112
0.0026999999999999247 0.0005191367835166334
0.007900000000000018 0.0008873528046949543
0.00019999999999997797 0.00014141428499270803
0.009200000000000097 0.0009576043024130573
0.0016000000000000458 0.0003998924855508004
0.01649999999999996 0.0012808165364329104
0.0036000000000000476 0.0005996248827392007
0.0007999999999999119 0.0002827543103119704
0.0028000000000001357 0.0005287494680848423
0.0019000000000000128 0.00043574189608069886
0.0020999999999999908 0.00045801200857619546
0.0016000000000000458 0.0003996798718974947
0.0004999999999999449 0.0002235866722324783
0.0009000000000001229 0.00029994166099426764
0.0032000000000000917 0.0005653123030679598
0.001000000000000112 0.0003161740027263534
0.001100000000000101 0.00033159463204339976
9.999999999998899e-05 9.999499987499087e-05
0.007099999999999884 0.0008416073906519556
0.000500000000000167 0.00022357772697654513
0.0014000000000000679 0.0003740213897626635
0.0018000000000000238 0.000424049525409475
