RA_r1_rl
08m23s__51
1e-03
0.36535335725041396
0.3572330470336311
0.3595120838238184
0.3577937072054107
0.35792507805530915
0.3572330470336311
0.35756441788352955
0.3669817843751604
0.425976708360563
0.35768868195224135
0.3768598110385706
0.3572330470336311
0.35796649941154657
0.35850289551461456
0.35768157517105514
0.35903929161768255
0.37211473168968756
0.3831712900798969
0.36408767182546486
0.35888990128312326
0.3747147316896875
0.3575866004242243
0.3600677187424286
0.35770583923976673
0.36376010689785376
0.37148960542384035
0.37868788102956996
0.3922305829911532
0.3572330470336311
0.3597020333174794
0.3572330470336311
0.3676613262287356
0.35767654991788556
0.3624216292667688
0.42617305036791686
0.3659136602884472
0.3582715246647159
0.35819578873342794
0.35751086449293634
0.3834147929641514
0.35812005280214
0.3619446740045986
0.3707866616986881
0.36386010689785375
0.3575866004242243
0.3598112216266831
0.3575866004242243
0.36802823098456683
0.3581028955146146
0.3732937684798747
0.37984645967333286
0.3603262973861914
0.35864431687085174
0.37882290987211453
0.3572330470336311
0.35781294602095315
0.3576522858491735
0.35928487602995385
0.3646261494565497
0.3578229965272923
0.36502026200624527
0.3583886819522415
0.35734517906798713
0.38920890551384657
0.37312650659029645
0.36536548928477
0.3574280217804615
0.3574280217804615
0.3613990895923269
0.3579058392397667
0.3575401538148175
0.35734517906798713
0.35768157517105514
0.3616873146917179
0.36618437096656575
0.3606467555326158
0.3598434546737166
0.36476010689785365
0.36066269348925917
0.3599141653518352
0.36331330315470023
0.3573158897461055
0.3598313226393608
0.3630417302794464
0.35922213433015715
0.36351244095756474
0.36173964875142905
0.35906355568639436
0.35896858093956374
0.3597698002704457
0.37233971002589294
0.359212083823818
0.37321803254858654
0.3690160989502109
0.3584664994115465
0.35751086449293634
0.35734517906798713
0.42021548185093094
0.3572330470336311
0.35826649941154654
