0.36535335725041396 0.0022235381714735673
0.3572330470336311 0.0
0.3595120838238184 0.001096750427399047
0.3577937072054107 0.0005242733065873146
0.35792507805530915 0.0006887514065321391
0.3572330470336311 0.0
0.35756441788352955 0.0004897019501697008
0.3669817843751604 0.0022529647134387175
0.425976708360563 0.006383886472988066
0.35768868195224135 0.0005741402267739098
0.3768598110385706 0.00336190504030081
0.3572330470336311 0.0
0.35796649941154657 0.0007101334381649647
0.35850289551461456 0.0008421763473287611
0.35768157517105514 0.00046894775828444565
0.35903929161768255 0.0009558480527782662
0.37211473168968756 0.0029115024471911407
0.3831712900798969 0.003982239884788458
0.36408767182546486 0.002128390236775206
0.35888990128312326 0.001093252029497318
0.3747147316896875 0.002998806846063948
0.3575866004242243 0.0002549382278121433
0.3600677187424286 0.0012455928307436605
0.35770583923976673 0.0005383734763154541
0.36376010689785376 0.0019194964183347697
0.37148960542384035 0.002958879179689499
0.37868788102956996 0.0032279027246805325
0.3922305829911532 0.004330011836011538
0.3572330470336311 0.0
0.3597020333174794 0.0011004842116086912
0.3572330470336311 0.0
0.3676613262287356 0.0022510954000219516
0.35767654991788556 0.0005429424463053198
0.3624216292667688 0.001771238408571812
0.42617305036791686 0.0063021597488480095
0.3659136602884472 0.001889934654955035
0.3582715246647159 0.0006555470997571405
0.35819578873342794 0.0006924413332550234
0.35751086449293634 0.0004182565002483515
0.3834147929641514 0.004060976237310432
0.35812005280214 0.0007675584668284146
0.3619446740045986 0.0015766576990583633
0.3707866616986881 0.0029493250075229064
0.36386010689785375 0.0019091069901920079
0.3575866004242243 0.0002549382278121433
0.3598112216266831 0.001281354751815429
0.3575866004242243 0.0002549382278121433
0.36802823098456683 0.0023825695162995758
0.3581028955146146 0.0007928915436552431
0.3732937684798747 0.003058979568418198
0.37984645967333286 0.0033441478735247374
0.3603262973861914 0.0011840462406511021
0.35864431687085174 0.0008712996040398473
0.37882290987211453 0.003605181410137358
0.3572330470336311 0.0
0.35781294602095315 0.0006476202591025122
0.3576522858491735 0.00047426416689435864
0.35928487602995385 0.001162159412473174
0.3646261494565497 0.002229743483004266
0.3578229965272923 0.00045818555193282866
0.36502026200624527 0.002352438734590126
0.3583886819522415 0.0005914507587280522
0.35734517906798713 0.00023450906165859955
0.38920890551384657 0.004275714677103701
0.37312650659029645 0.0027758023164483445
0.36536548928477 0.00223105389894552
0.3574280217804615 0.00033908479765391007
0.3574280217804615 0.00033908479765391007
0.3613990895923269 0.0013672678962076156
0.3579058392397667 0.0005742839019161094
0.3575401538148175 0.00041225962693426893
0.35734517906798713 0.00023450906165859955
0.35768157517105514 0.00046894775828444565
0.3616873146917179 0.0017335496820108742
0.36618437096656575 0.0019970814955829934
0.3606467555326158 0.0015498009549616322
0.3598434546737166 0.0011496945246455763
0.36476010689785365 0.0019702300627084147
0.36066269348925917 0.0012515482411796955
0.3599141653518352 0.0011861677790262239
0.36331330315470023 0.0014518507154662958
0.3573158897461055 0.00024492447815600507
0.3598313226393608 0.001186223419091032
0.3630417302794464 0.001720790951859056
0.35922213433015715 0.0009663076632212016
0.36351244095756474 0.001750071998518916
0.36173964875142905 0.0015493317914507527
0.35906355568639436 0.0009610939080027538
0.35896858093956374 0.0009427417461850376
0.3597698002704457 0.00129351729791294
0.37233971002589294 0.003243630450590819
0.359212083823818 0.0010690961135463944
0.37321803254858654 0.003086185509654272
0.3690160989502109 0.0024165591240439374
0.3584664994115465 0.0007773895419929404
0.35751086449293634 0.0004182565002483515
0.35734517906798713 0.00023450906165859955
0.42021548185093094 0.006108047028306183
0.3572330470336311 0.0
0.35826649941154654 0.0007513577709719872
