RA_r1_rl
13m43s__118
1e-04
0.0045999999999999375
0.0015000000000000568
0.007200000000000539
0.008700000000000152
0.0019999999999997797
0.014799999999999702
0.0013000000000000789
0.0019000000000000128
0.006200000000000205
0.001100000000000101
0.007100000000000328
0.0038999999999997925
0.0055000000000005045
0.008000000000000451
0.0017000000000000348
0.007500000000000284
0.0019000000000000128
0.008299999999999752
0.07240000000000046
0.014200000000000657
0.0055000000000005045
0.016199999999999992
0.024100000000000232
0.005199999999999427
0.016399999999999526
0.007700000000000262
0.0036000000000000476
0.0018000000000002458
0.007600000000000051
0.002300000000000413
0.0050000000000003375
0.014499999999999957
0.012200000000000433
0.007600000000000051
0.009200000000000319
0.015800000000000036
0.03850000000000042
0.009799999999999809
0.0024999999999999467
0.9407000000000001
0.0009000000000001229
0.0016999999999995907
0.0015999999999998238
0.019700000000000273
0.007899999999999352
0.0034000000000000696
0.03200000000000003
0.0041999999999995374
0.006099999999999994
0.004400000000000404
0.007200000000000539
0.010000000000000675
0.05410000000000004
0.011700000000000266
0.006700000000000816
0.006099999999999994
0.026500000000000412
0.0029999999999996696
0.005000000000000782
0.01910000000000034
0.012500000000000178
0.0038000000000004697
0.013799999999999812
0.005700000000000038
0.002100000000000435
0.0043999999999999595
0.001500000000000501
0.03370000000000006
0.0006999999999997009
0.004100000000000215
0.009399999999999853
0.008100000000000218
0.0047000000000001485
0.006899999999999462
0.006000000000000227
0.006200000000000205
0.0015999999999998238
0.004699999999999704
0.004200000000000426
0.0015000000000000568
0.0134000000000003
0.001200000000000312
0.0019999999999997797
0.0027000000000003688
0.011900000000000244
0.0057000000000004825
0.006299999999999972
0.001100000000000545
0.0052000000000003155
0.00649999999999995
0.0005999999999994898
0.021300000000000097
0.011400000000000077
0.023600000000000065
0.012599999999999945
0.021600000000000286
0.03049999999999997
0.033600000000000296
0.0017999999999998018
0.015000000000000124
