0.0045999999999999375 0.0009376118599932383
0.0015000000000000568 0.0006555875227610532
0.007200000000000539 0.0010287040390705166
0.008700000000000152 0.0012274400189011343
0.0019999999999997797 0.000582896217177632
0.014799999999999702 0.0017129168105894752
0.0013000000000000789 0.0005195507674905258
0.0019000000000000128 0.0005742795486520514
0.006200000000000205 0.001130228295522625
0.001100000000000101 0.0005741402267739098
0.007100000000000328 0.0011523710339990392
0.0038999999999997925 0.001004570057288183
0.0055000000000005045 0.0008655200748682907
0.008000000000000451 0.0012798156117191266
0.0017000000000000348 0.0005384338399469267
0.007500000000000284 0.0014025444734481682
0.0019000000000000128 0.0007542658682454136
0.008299999999999752 0.0015213188357474548
0.07240000000000046 0.0037858394049404675
0.014200000000000657 0.0019371783603994816
0.0055000000000005045 0.0012196372411500047
0.016199999999999992 0.00186593676205814
0.024100000000000232 0.0020457910450483495
0.005199999999999427 0.0010191054901235593
0.016399999999999526 0.001768766802040334
0.007700000000000262 0.001320864489643057
0.0036000000000000476 0.0009895716244921432
0.0018000000000002458 0.0006926355463012066
0.007600000000000051 0.0014410968045207749
0.002300000000000413 0.000817930926178974
0.0050000000000003375 0.0010188169609895578
0.014499999999999957 0.0018411021155818564
0.012200000000000433 0.001418968639540704
0.007600000000000051 0.0014780324759625539
0.009200000000000319 0.001286791358379442
0.015800000000000036 0.0019402608072112348
0.03850000000000042 0.002908525571488069
0.009799999999999809 0.0014339497899159594
0.0024999999999999467 0.0006555493879182523
0.9407000000000001 0.004582881080717677
0.0009000000000001229 0.0004795258074389691
0.0016999999999995907 0.0005915276832067708
0.0015999999999998238 0.0005097842680977864
0.019700000000000273 0.002128411849243468
0.007899999999999352 0.0014986957663248323
0.0034000000000000696 0.0008121773205402965
0.03200000000000003 0.0029470059382362955
0.0041999999999995374 0.0008361315685943209
0.006099999999999994 0.0012747364433481965
0.004400000000000404 0.0009990115114451859
0.007200000000000539 0.0013027785690592215
0.010000000000000675 0.0016313969474042683
0.05410000000000004 0.003689748636424976
0.011700000000000266 0.001464070695014427
0.006700000000000816 0.0011695943741314838
0.006099999999999994 0.0009836874503621634
0.026500000000000412 0.0025758883904393117
0.0029999999999996696 0.0005994897830655705
0.005000000000000782 0.001048034350582086
0.01910000000000034 0.0022449020023154707
0.012500000000000178 0.0012901453406496542
0.0038000000000004697 0.0009162314118169045
0.013799999999999812 0.0016994646215793916
0.005700000000000038 0.001117244377922756
0.002100000000000435 0.0006080583853545681
0.0043999999999999595 0.001094195594946339
0.001500000000000501 0.0004357946764245661
0.03370000000000006 0.0020730641572319934
0.0006999999999997009 0.00043585662780321326
0.004100000000000215 0.0008884936690826822
0.009399999999999853 0.001498776834622152
0.008100000000000218 0.001388307962953473
0.0047000000000001485 0.0009742684435000494
0.006899999999999462 0.0010432760900164488
0.006000000000000227 0.001165344584232491
0.006200000000000205 0.0011482177493837959
0.0015999999999998238 0.0005655758127784212
0.004699999999999704 0.0008992246660317962
0.004200000000000426 0.0009691996698307254
0.0015000000000000568 0.000458149538906244
0.0134000000000003 0.0018028055912937529
0.001200000000000312 0.0005655722765482729
0.0019999999999997797 0.0006778849459901
0.0027000000000003688 0.0007412927896587116
0.011900000000000244 0.0016258508541683644
0.0057000000000004825 0.0009323180787692666
0.006299999999999972 0.0011527258997697674
0.001100000000000545 0.0004999549979747862
0.0052000000000003155 0.0009583590141486675
0.00649999999999995 0.0008412758168401124
0.0005999999999994898 0.0003999749992186854
0.021300000000000097 0.0015611915321317878
0.011400000000000077 0.0017205429375635962
0.023600000000000065 0.002194533207768806
0.012599999999999945 0.001780930094080054
0.021600000000000286 0.0024740913483539714
0.03049999999999997 0.002895166489167761
0.033600000000000296 0.0022383065026935016
0.0017999999999998018 0.0006163473046910861
0.015000000000000124 0.001508205556282044
