With Shot Noise
01/11/2024 18:12:07 

VQEr_100_shots_10000_COBYLA_maxIter_10000_tol_1e-04_RA_r1_rl 

Reference value: 0.0000000000e+00 

Number of pauli strings:  8
Qubits:  4
VQE runs:  100
Optimizer:  COBYLA
Max iterations:  10000
Optimizers's tolerance:  1e-04
Ansatz:  RA_r1_rl 

All run converged!!!
Number of iterations for each converged VQE run:
[131, 122, 136, 118, 113, 121, 131, 114, 108, 140, 115, 109, 113, 106, 122, 113, 128, 168, 117, 122, 106, 116, 120, 110, 99, 116, 117, 115, 136, 125, 117, 125, 112, 134, 117, 104, 93, 134, 117, 121, 126, 114, 117, 126, 104, 92, 104, 129, 116, 121, 115, 117, 115, 107, 104, 106, 104, 112, 123, 116, 100, 124, 130, 120, 121, 115, 111, 103, 125, 109, 138, 119, 113, 107, 99, 112, 130, 119, 112, 122, 111, 128, 114, 105, 112, 111, 104, 138, 121, 145, 103, 90, 152, 124, 124, 148, 118, 110, 118, 100] 

Average iterations of converged run:
118 

VQE eigenvalues:
[0.0045999999999999375, 0.0015000000000000568, 0.007200000000000539, 0.008700000000000152, 0.0019999999999997797, 0.014799999999999702, 0.0013000000000000789, 0.0019000000000000128, 0.006200000000000205, 0.001100000000000101, 0.007100000000000328, 0.0038999999999997925, 0.0055000000000005045, 0.008000000000000451, 0.0017000000000000348, 0.007500000000000284, 0.0019000000000000128, 0.008299999999999752, 0.07240000000000046, 0.014200000000000657, 0.0055000000000005045, 0.016199999999999992, 0.024100000000000232, 0.005199999999999427, 0.016399999999999526, 0.007700000000000262, 0.0036000000000000476, 0.0018000000000002458, 0.007600000000000051, 0.002300000000000413, 0.0050000000000003375, 0.014499999999999957, 0.012200000000000433, 0.007600000000000051, 0.009200000000000319, 0.015800000000000036, 0.03850000000000042, 0.009799999999999809, 0.0024999999999999467, 0.9407000000000001, 0.0009000000000001229, 0.0016999999999995907, 0.0015999999999998238, 0.019700000000000273, 0.007899999999999352, 0.0034000000000000696, 0.03200000000000003, 0.0041999999999995374, 0.006099999999999994, 0.004400000000000404, 0.007200000000000539, 0.010000000000000675, 0.05410000000000004, 0.011700000000000266, 0.006700000000000816, 0.006099999999999994, 0.026500000000000412, 0.0029999999999996696, 0.005000000000000782, 0.01910000000000034, 0.012500000000000178, 0.0038000000000004697, 0.013799999999999812, 0.005700000000000038, 0.002100000000000435, 0.0043999999999999595, 0.001500000000000501, 0.03370000000000006, 0.0006999999999997009, 0.004100000000000215, 0.009399999999999853, 0.008100000000000218, 0.0047000000000001485, 0.006899999999999462, 0.006000000000000227, 0.006200000000000205, 0.0015999999999998238, 0.004699999999999704, 0.004200000000000426, 0.0015000000000000568, 0.0134000000000003, 0.001200000000000312, 0.0019999999999997797, 0.0027000000000003688, 0.011900000000000244, 0.0057000000000004825, 0.006299999999999972, 0.001100000000000545, 0.0052000000000003155, 0.00649999999999995, 0.0005999999999994898, 0.021300000000000097, 0.011400000000000077, 0.023600000000000065, 0.012599999999999945, 0.021600000000000286, 0.03049999999999997, 0.033600000000000296, 0.0017999999999998018, 0.015000000000000124] 

VQE eigenvalues standard deviation:
[0.0009376118599932383, 0.0006555875227610532, 0.0010287040390705166, 0.0012274400189011343, 0.000582896217177632, 0.0017129168105894752, 0.0005195507674905258, 0.0005742795486520514, 0.001130228295522625, 0.0005741402267739098, 0.0011523710339990392, 0.001004570057288183, 0.0008655200748682907, 0.0012798156117191266, 0.0005384338399469267, 0.0014025444734481682, 0.0007542658682454136, 0.0015213188357474548, 0.0037858394049404675, 0.0019371783603994816, 0.0012196372411500047, 0.00186593676205814, 0.0020457910450483495, 0.0010191054901235593, 0.001768766802040334, 0.001320864489643057, 0.0009895716244921432, 0.0006926355463012066, 0.0014410968045207749, 0.000817930926178974, 0.0010188169609895578, 0.0018411021155818564, 0.001418968639540704, 0.0014780324759625539, 0.001286791358379442, 0.0019402608072112348, 0.002908525571488069, 0.0014339497899159594, 0.0006555493879182523, 0.004582881080717677, 0.0004795258074389691, 0.0005915276832067708, 0.0005097842680977864, 0.002128411849243468, 0.0014986957663248323, 0.0008121773205402965, 0.0029470059382362955, 0.0008361315685943209, 0.0012747364433481965, 0.0009990115114451859, 0.0013027785690592215, 0.0016313969474042683, 0.003689748636424976, 0.001464070695014427, 0.0011695943741314838, 0.0009836874503621634, 0.0025758883904393117, 0.0005994897830655705, 0.001048034350582086, 0.0022449020023154707, 0.0012901453406496542, 0.0009162314118169045, 0.0016994646215793916, 0.001117244377922756, 0.0006080583853545681, 0.001094195594946339, 0.0004357946764245661, 0.0020730641572319934, 0.00043585662780321326, 0.0008884936690826822, 0.001498776834622152, 0.001388307962953473, 0.0009742684435000494, 0.0010432760900164488, 0.001165344584232491, 0.0011482177493837959, 0.0005655758127784212, 0.0008992246660317962, 0.0009691996698307254, 0.000458149538906244, 0.0018028055912937529, 0.0005655722765482729, 0.0006778849459901, 0.0007412927896587116, 0.0016258508541683644, 0.0009323180787692666, 0.0011527258997697674, 0.0004999549979747862, 0.0009583590141486675, 0.0008412758168401124, 0.0003999749992186854, 0.0015611915321317878, 0.0017205429375635962, 0.002194533207768806, 0.001780930094080054, 0.0024740913483539714, 0.002895166489167761, 0.0022383065026935016, 0.0006163473046910861, 0.001508205556282044] 

Median VQE eigenvalues:
0.006250000000000089 

Min eigenvalue after 100 VQE steps on Aer qasm simulator: 6.00000e-04
Delta from reference energy value is 6.00000e-04 

Optimizer history of the smallest VQE eigenvalue:
[3.5712, 3.7523, 3.5675, 2.9212, 2.4655, 2.4581999999999997, 2.2702, 2.4017, 2.0833000000000004, 2.1063, 1.9273, 3.2941000000000003, 1.2892000000000001, 0.9001000000000001, 1.9092, 1.0803000000000003, 1.6943000000000001, 1.1597, 1.6078000000000001, 0.8857000000000004, 1.4952, 1.2879, 1.0905000000000005, 1.0774, 1.9198, 0.5994000000000002, 0.28549999999999986, 0.49110000000000076, 0.25880000000000036, 0.20470000000000033, 0.18369999999999953, 0.20480000000000098, 0.3241000000000005, 0.12439999999999962, 0.08190000000000008, 0.3399999999999994, 0.017300000000000093, 0.0737000000000001, 0.05580000000000007, 0.028200000000000003, 0.12600000000000033, 0.02770000000000028, 0.035600000000000076, 0.051400000000000556, 0.0034999999999998366, 0.007200000000000095, 0.0354000000000001, 0.009200000000000763, 0.009299999999999642, 0.0043000000000001926, 0.0040000000000000036, 0.0055000000000005045, 0.0017000000000000348, 0.0020999999999999908, 0.0030000000000005578, 0.0029000000000003467, 0.0024999999999999467, 0.000800000000000356, 0.000800000000000356, 0.002400000000000624, 0.00039999999999995595, 0.002000000000000224, 0.0034999999999998366, 0.0030000000000001137, 0.0019999999999997797, 0.0032000000000000917, 0.0, 0.0013000000000000789, 0.0024000000000001798, 0.0009999999999998899, 0.0027000000000003688, 0.0013999999999998458, 0.002200000000000202, 0.001700000000000479, 0.0009000000000001229, 0.001500000000000501, 0.0006999999999997009, 0.000800000000000356, 0.0009999999999998899, 0.0030000000000001137, 0.0011999999999998678, 0.0018000000000002458, 0.001500000000000501, 0.00010000000000021103, 0.00140000000000029, 0.0030999999999998806, 0.0032000000000005357, 0.0031000000000003247, 0.0011999999999998678, 0.0007999999999999119, 0.0026999999999994806, 0.00140000000000029, 0.0017000000000000348, 0.00140000000000029, 0.0028000000000001357, 0.001100000000000545, 0.0008999999999996788, 0.0016000000000002679, 0.0018000000000002458, 0.0024000000000001798, 0.0025999999999997137, 0.0007999999999999119, 0.0005999999999994898] 

Optimizer history of the smallest VQE eigenvalue standard deviation:
[0.01899468241377044, 0.01864166449113383, 0.018993444790242765, 0.017006952225487083, 0.016543856654359645, 0.016222166193206135, 0.016476308445765395, 0.018368423367289857, 0.01605082393523772, 0.01641348552258173, 0.017002541310051272, 0.018951314756501723, 0.01447294828291734, 0.012835872895911676, 0.017498684979163435, 0.012961707487827365, 0.016827716868309854, 0.013764257953119011, 0.016341315614111365, 0.012807856768405868, 0.015177159945128074, 0.014760911591090841, 0.013620617497015325, 0.013168190308466839, 0.01775551846609949, 0.010222927565037327, 0.00812276449246191, 0.010898017847296819, 0.007817376286197308, 0.006868303356725007, 0.006556398630345779, 0.006746290239828109, 0.00859078605250998, 0.004493363995938899, 0.00426565036073047, 0.0077430908557242165, 0.0018001447164047654, 0.0039105000958956655, 0.0037744334674226264, 0.0022968247647567773, 0.005118683815200936, 0.0023634502321817556, 0.0029910666993566057, 0.0029130375898707562, 0.0008423663098676389, 0.0011656157171212097, 0.0029502169411756846, 0.0013406714735534626, 0.0012831948410120823, 0.000853978336961785, 0.0009377910214967923, 0.0010043052324866068, 0.0005915276832067802, 0.0006998635581311601, 0.0007613908326214706, 0.0008541797234774368, 0.0007935420593768193, 0.0003999749992186854, 0.00039992499296743144, 0.0007481523908937373, 0.0003463928405726554, 0.0006926961815976868, 0.0006997921119875387, 0.0007209299549886739, 0.0005830128643520458, 0.0008244028141630854, 0.0, 0.0005195392189238414, 0.0007209632445555113, 0.00037410693658363766, 0.0007679511703227046, 0.0005097568047608496, 0.000663198311216163, 0.0005567090802205177, 0.0004358543334647334, 0.0005567126727495725, 0.0003316217725059628, 0.0003999349947178969, 0.00037410693658363766, 0.0007998074768342605, 0.0005656147098511212, 0.0005476276106990924, 0.0005915243021212017, 9.999499987499086e-05, 0.0005290633232421195, 0.0007548145467596728, 0.0008121576201698879, 0.0007548039480553962, 0.0005290633232421195, 0.0004471733444649752, 0.0008183306177823171, 0.00046899040501911706, 0.0005915276832067802, 0.00046899040501911706, 0.0007613934593887784, 0.0005195584663923527, 0.0003872738049494026, 0.0005476276106990924, 0.0006322689301238809, 0.0007744262392248934, 0.000678082590839771, 0.0004471733444649752, 0.0003999749992186854] 

Smallest VQE eingenvalue optimizer final message:
{   'aux_operators_evaluated': None,
    'cost_function_evals': 103,
    'eigenvalue': 0.0005999999999994898,
    'optimal_circuit': <qiskit.circuit.library.n_local.real_amplitudes.RealAmplitudes object at 0x00000290DB9F1D00>,
    'optimal_parameters': {   ParameterVectorElement(θ[0]): -3.1212540765315517,
                              ParameterVectorElement(θ[1]): 3.1244262536386898,
                              ParameterVectorElement(θ[2]): 0.004646278350430373,
                              ParameterVectorElement(θ[3]): 2.7793402952442006,
                              ParameterVectorElement(θ[4]): -3.1386695339239754,
                              ParameterVectorElement(θ[5]): 0.028377674564850377,
                              ParameterVectorElement(θ[6]): -3.1206384539659258,
                              ParameterVectorElement(θ[7]): 0.3679872214289822},
    'optimal_point': array([-3.12125408,  3.12442625,  0.00464628,  2.7793403 , -3.13866953,
        0.02837767, -3.12063845,  0.36798722]),
    'optimal_value': 0.0005999999999994898,
    'optimizer_evals': None,
    'optimizer_result': <qiskit_algorithms.optimizers.optimizer.OptimizerResult object at 0x00000290D8987FE0>,
    'optimizer_time': 7.2437355518341064}
     ┌──────────┐ ░                 ░ ┌──────────┐
q_0: ┤ Ry(θ[0]) ├─░─────────────■───░─┤ Ry(θ[4]) ├
     ├──────────┤ ░           ┌─┴─┐ ░ ├──────────┤
q_1: ┤ Ry(θ[1]) ├─░────────■──┤ X ├─░─┤ Ry(θ[5]) ├
     ├──────────┤ ░      ┌─┴─┐└───┘ ░ ├──────────┤
q_2: ┤ Ry(θ[2]) ├─░───■──┤ X ├──────░─┤ Ry(θ[6]) ├
     ├──────────┤ ░ ┌─┴─┐└───┘      ░ ├──────────┤
q_3: ┤ Ry(θ[3]) ├─░─┤ X ├───────────░─┤ Ry(θ[7]) ├
     └──────────┘ ░ └───┘           ░ └──────────┘
The number of ansatz parameters is: 
 8
Line for latex table
RA r1 rl & $1\mathrm{e}{-04}$ & 10000 & 100/100 &118 & $6\mathrm{e}{-04}$ & $3.9997\mathrm{e}{-04}$ & $6\mathrm{e}{-04}$ & $6.25\mathrm{e}{-03}$ & $6.25\mathrm{e}{-03}$ & - & 00h 13m 43s\\

