RA_r1_rl
01h45m43s__82
1e-03
13.327624993139894
102.52070916338707
49.20683076252453
81.33355323558051
110.21518695467495
231.2743691834118
44.29779105566488
123.5546175612292
93.63614058224414
19.573382534718924
16.702571821655894
37.112472642796945
120.02978085156899
54.04199069952536
19.572289574496367
51.74763538412791
119.1729033369584
50.83319041037213
335.7038592289832
20.258573312448675
47.396719416712024
22.595022724999765
171.427493285258
37.88058304389266
114.25197514448116
8.4175579227132
3.518024475663932
34.933263444233916
33.65553435463782
196.78758507553397
87.6929642870364
96.41832023782179
23.586788897339446
72.40144090538385
124.07922785481986
58.44288622168324
87.25616155357412
34.890852816353785
15.183473920499516
80.55468631520287
33.03552098533029
57.065177668460265
25.522238565289587
79.80784522999275
72.10936668981722
42.24762915736568
74.46953956055248
38.24582291241752
32.24269707949466
58.32855057337381
168.33853090011166
45.940299324607444
10.722952620583143
32.184510318701555
185.5405621604
59.08185540228064
34.02153777288897
15.251450655068368
77.90310502113036
61.33265916323799
32.40958828067636
51.66530513105775
40.756105413563716
44.05395659655806
45.78091684890048
46.85619988282107
100.03429395710259
74.34286040604425
87.85240181789342
-26.378573338722052
51.749718197425665
28.81325378277674
137.4391110313406
24.49890367570587
63.22621640388722
53.18863491456369
27.178370023935514
126.21100593502118
76.56924159609673
7.517825840454094
47.548845806761214
78.98443471059424
28.800944390669173
37.77527872266316
30.98622699263876
89.22410991038905
-7.847335177097506
90.2178813019054
135.5212352989391
11.970499206519698
82.08125431399861
106.60244481582535
69.85405249679107
22.179518870116723
27.258691417776333
16.456945174142582
97.04721491838782
21.816034672195386
28.74696420130698
63.490046453594445
