13.327624993139894 13.539073960525187
102.52070916338707 16.011949334065076
49.20683076252453 14.03308011542823
81.33355323558051 15.345285900010143
110.21518695467495 16.825961706906707
231.2743691834118 16.54615171378829
44.29779105566488 16.63446569555767
123.5546175612292 17.330789760985148
93.63614058224414 17.066867652961356
19.573382534718924 14.793262581288843
16.702571821655894 15.19561157898444
37.112472642796945 14.89411318421396
120.02978085156899 16.640232734364872
54.04199069952536 14.689341148919615
19.572289574496367 14.099358604917704
51.74763538412791 15.636446014078672
119.1729033369584 16.00674643287175
50.83319041037213 12.882666716366787
335.7038592289832 17.33510484675683
20.258573312448675 16.255837872859296
47.396719416712024 14.751450015528205
22.595022724999765 14.461152931061338
171.427493285258 16.710173521243586
37.88058304389266 14.840270237665344
114.25197514448116 15.489903991253696
8.4175579227132 15.365062904457217
3.518024475663932 15.730466264824564
34.933263444233916 14.427406337479693
33.65553435463782 15.482842497893909
196.78758507553397 16.145005735856437
87.6929642870364 16.120054446268085
96.41832023782179 16.671115681073278
23.586788897339446 16.179893874018344
72.40144090538385 16.422491741394253
124.07922785481986 15.596168309878463
58.44288622168324 16.000670923738802
87.25616155357412 15.11683646762039
34.890852816353785 15.86139212055321
15.183473920499516 12.950757839815735
80.55468631520287 17.624707537478702
33.03552098533029 16.06094038786428
57.065177668460265 16.087038127022485
25.522238565289587 14.129913097783744
79.80784522999275 16.358244787439162
72.10936668981722 16.17533674611613
42.24762915736568 13.747482851306623
74.46953956055248 15.3397931040969
38.24582291241752 15.19800368338343
32.24269707949466 15.113620837590766
58.32855057337381 14.473145330476443
168.33853090011166 15.446019838054891
45.940299324607444 15.63935575584907
10.722952620583143 16.229291414301095
32.184510318701555 13.62137371056519
185.5405621604 16.80808606878976
59.08185540228064 17.315955111736965
34.02153777288897 13.078761304971609
15.251450655068368 13.737945607666994
77.90310502113036 15.608772660723027
61.33265916323799 15.485887512619378
32.40958828067636 14.511256095122343
51.66530513105775 15.475920465560138
40.756105413563716 14.408558938757496
44.05395659655806 14.298023894721094
45.78091684890048 13.481819850134269
46.85619988282107 16.11339199534875
100.03429395710259 15.123210987670223
74.34286040604425 16.29717963220652
87.85240181789342 17.48059887770452
-26.378573338722052 14.84913583212269
51.749718197425665 16.150697777434374
28.81325378277674 16.14851444627265
137.4391110313406 15.35835403093196
24.49890367570587 12.815991350395713
63.22621640388722 12.632521824602335
53.18863491456369 15.411466321978608
27.178370023935514 16.087481125919286
126.21100593502118 16.38680526193252
76.56924159609673 14.22681905068447
7.517825840454094 14.529539579447928
47.548845806761214 15.303998161505971
78.98443471059424 13.539113152209596
28.800944390669173 14.467987444601928
37.77527872266316 14.0810811443447
30.98622699263876 14.739241339638749
89.22410991038905 16.588533001052017
-7.847335177097506 14.438494988850264
90.2178813019054 15.15962635779412
135.5212352989391 15.981729305015516
11.970499206519698 14.723449023632712
82.08125431399861 17.499795941112403
106.60244481582535 16.10397300644476
69.85405249679107 16.19327144167515
22.179518870116723 14.924513417781352
27.258691417776333 15.982463642249007
16.456945174142582 12.034911069464604
97.04721491838782 17.732304109831897
21.816034672195386 15.26380122993583
28.74696420130698 12.84790878735781
63.490046453594445 16.17987443530855
