RA_r1_rl
22s__80
1e-01
8.618415769950404
3.5833967713358836
0.9910561117692194
1.3810152922307712
2.2023940419973895
2.2297926896497198
1.5779796403599275
3.2318423906644003
1.4820736165084194
3.049902499967557
11.156571014717358
8.652175023098515
3.161477597826526
1.0358258945464862
1.0151994344010875
1.5264367534147836
1.0537097910542172
2.6911458505663917
1.3099508785303768
1.1392243435439096
5.403430392723426
1.6627425604372668
2.933125070874531
1.4877663050602912
1.1796505627366025
3.55295327802697
1.580895980136312
3.537740477018983
3.399615113813317
1.593666616839324
1.6196110165669009
5.414630530779509
1.288617967876837
2.651602140052638
0.9896935786123421
2.296866035720499
1.0900850065969052
2.3216113136086323
1.369127974674021
4.330319753409078
3.30967305690467
1.196432980723457
1.2454628973786424
1.7809977794425027
1.6297393827278197
2.9948963784113602
2.4047242555499557
1.4838613831960055
3.5379758053869113
1.2255732050167372
2.004753305331171
1.1101918723945854
1.6972732816563982
3.2090449950314754
0.9722256756099978
1.5729133076125685
1.3168629603715074
1.1587892041732273
5.264070933050914
1.119144574408432
1.5352884364294934
1.4273855679152339
3.4823611416271785
3.196120439592397
1.2651008191453428
2.566886293963611
1.0989628807826002
3.219235317845029
2.2307428550741135
0.9707556965841342
5.85216544227336
1.4510419833647634
3.8149251300009634
1.1408939608166282
1.1035535131705412
3.336712969183327
2.650197433975986
1.784364701856383
1.5850083949231177
1.4810455906615039
2.712257555333035
1.143997110932433
1.0306785728379566
3.465258308373312
1.113925355248479
1.4290489673242053
1.605592740911427
3.3428015709196894
1.110334376888378
10.811555812328121
3.190711311000922
3.632521218339282
1.4234697971192027
3.5419410223491488
1.0878012240707515
2.2508038000501704
2.6558771538711925
1.6619508370014542
2.2638634157820507
1.3872878021284916
