RA_r1_rl
04m26s__1221
1e-05
1.08333408910255e-08
2.8575475874426104e-09
3.6567590067093647e-09
3.6600155128851952e-09
8.298135512063709e-09
2.819374900209226e-09
1.326961596159748e-09
1.1237896724303198e-09
1.562067641902587e-09
1.961776463499376e-09
3.2182124187762895e-09
6.257440121615332e-10
3.956058924892147e-09
1.2761051659815337e-09
1.013669059801714e-08
1.5124926866505461e-09
1.9121167427194052e-09
2.6601486291522036e-08
5.167629657520934e-10
2.598219916993827e-09
1.4199574849271812e-09
3.1939681455206426e-09
1.2616297451195635e-09
1.6787212731017576e-09
2.064199811080414e-09
7.582633410052608e-10
2.5648331791749968e-09
2.2820154654823455e-09
9.508764331478403e-10
7.15305001897093e-08
1.066423505058367e-09
3.617179555881478e-09
1.3529540382473115e-07
2.124957276805617e-08
7.599378348821517e-10
3.0571783438126943e-09
9.088293451142704e-10
1.698852836184983e-09
1.0077751966264259e-09
8.13045575309701e-10
2.5772126654999283e-09
1.226636236473233e-07
1.7157570919579257e-09
1.7787916140044047e-09
4.174054157868312e-09
1.548656871630527e-07
1.723257203600781e-09
2.141965382840283e-09
1.3897910045024275e-09
4.490733562789728e-09
1.9622676816766216e-09
3.771547296693711e-09
2.914553019317534e-06
3.990949848375891e-09
9.499160347203883e-10
2.120432607277678e-09
4.748490267658667e-09
2.1442584374753437e-09
1.0178410891903411e-09
1.2158542506135461e-09
1.0776962100500498e-09
3.5193840064451365e-09
2.949838151522499e-09
1.2993481290912712e-09
8.559611908154352e-10
1.6895702614760921e-09
1.0007482065255147e-09
4.870191583350447e-09
9.652309507224288e-10
1.392568838021191e-09
2.104401763958208e-09
4.4000015853029595e-09
3.874769394229816e-09
1.5356614868622387e-08
2.4392911579518284e-09
2.6808383568610594e-08
6.2954246815571935e-09
2.3814070160277367e-09
1.1172329728026398e-09
1.0615741619091068e-09
9.891905627945619e-10
1.6392702473222442e-08
6.135718599864504e-10
1.6362333488117997e-08
1.0935805483391903e-08
8.928602857061207e-10
1.2298002616262238e-09
2.5906329303992948e-09
1.8151978253833079e-09
4.811113896163732e-09
9.05713781751416e-10
1.4200734199665277e-08
2.3291554795967784e-09
1.5427459310046743e-09
5.429359350994645e-09
1.2055322295978499e-09
2.8622402226119448e-09
1.8896806508461594e-08
1.0153229368370376e-09
2.986667191340331e-09
