No Shot Noise
31/10/2024 17:21:12 

VQEr_100_COBYLA_maxIter_10000_tol_1e-05_RA_r1_rl 

Reference value: 0.0000000000e+00 

Qubits:  6
VQE runs:  100
Optimizer:  COBYLA
Max iterations:  10000
Optimizers's tolerance:  1e-05
Ansatz:  RA_r1_rl 

All run converged!!!
Number of iterations for each converged VQE run:
[2292, 874, 828, 639, 1513, 764, 776, 754, 1032, 584, 838, 560, 962, 773, 1308, 567, 710, 3373, 706, 757, 815, 802, 519, 816, 453, 723, 637, 995, 844, 4130, 711, 764, 6666, 2668, 817, 1185, 775, 1407, 1702, 630, 509, 2614, 814, 940, 839, 3888, 703, 940, 608, 1213, 702, 704, 8630, 659, 1351, 804, 788, 763, 749, 991, 738, 837, 687, 825, 816, 938, 683, 1094, 856, 886, 865, 633, 599, 3100, 588, 3234, 1551, 675, 641, 718, 625, 2811, 852, 2401, 1378, 830, 624, 875, 938, 1343, 961, 1229, 491, 773, 1285, 691, 1317, 2082, 887, 840] 

Average iterations of converged run:
1221 

VQE eigenvalues:
[1.08333408910255e-08, 2.8575475874426104e-09, 3.6567590067093647e-09, 3.6600155128851952e-09, 8.298135512063709e-09, 2.819374900209226e-09, 1.326961596159748e-09, 1.1237896724303198e-09, 1.562067641902587e-09, 1.961776463499376e-09, 3.2182124187762895e-09, 6.257440121615332e-10, 3.956058924892147e-09, 1.2761051659815337e-09, 1.013669059801714e-08, 1.5124926866505461e-09, 1.9121167427194052e-09, 2.6601486291522036e-08, 5.167629657520934e-10, 2.598219916993827e-09, 1.4199574849271812e-09, 3.1939681455206426e-09, 1.2616297451195635e-09, 1.6787212731017576e-09, 2.064199811080414e-09, 7.582633410052608e-10, 2.5648331791749968e-09, 2.2820154654823455e-09, 9.508764331478403e-10, 7.15305001897093e-08, 1.066423505058367e-09, 3.617179555881478e-09, 1.3529540382473115e-07, 2.124957276805617e-08, 7.599378348821517e-10, 3.0571783438126943e-09, 9.088293451142704e-10, 1.698852836184983e-09, 1.0077751966264259e-09, 8.13045575309701e-10, 2.5772126654999283e-09, 1.226636236473233e-07, 1.7157570919579257e-09, 1.7787916140044047e-09, 4.174054157868312e-09, 1.548656871630527e-07, 1.723257203600781e-09, 2.141965382840283e-09, 1.3897910045024275e-09, 4.490733562789728e-09, 1.9622676816766216e-09, 3.771547296693711e-09, 2.914553019317534e-06, 3.990949848375891e-09, 9.499160347203883e-10, 2.120432607277678e-09, 4.748490267658667e-09, 2.1442584374753437e-09, 1.0178410891903411e-09, 1.2158542506135461e-09, 1.0776962100500498e-09, 3.5193840064451365e-09, 2.949838151522499e-09, 1.2993481290912712e-09, 8.559611908154352e-10, 1.6895702614760921e-09, 1.0007482065255147e-09, 4.870191583350447e-09, 9.652309507224288e-10, 1.392568838021191e-09, 2.104401763958208e-09, 4.4000015853029595e-09, 3.874769394229816e-09, 1.5356614868622387e-08, 2.4392911579518284e-09, 2.6808383568610594e-08, 6.2954246815571935e-09, 2.3814070160277367e-09, 1.1172329728026398e-09, 1.0615741619091068e-09, 9.891905627945619e-10, 1.6392702473222442e-08, 6.135718599864504e-10, 1.6362333488117997e-08, 1.0935805483391903e-08, 8.928602857061207e-10, 1.2298002616262238e-09, 2.5906329303992948e-09, 1.8151978253833079e-09, 4.811113896163732e-09, 9.05713781751416e-10, 1.4200734199665277e-08, 2.3291554795967784e-09, 1.5427459310046743e-09, 5.429359350994645e-09, 1.2055322295978499e-09, 2.8622402226119448e-09, 1.8896806508461594e-08, 1.0153229368370376e-09, 2.986667191340331e-09] 

Median VQE eigenvalues:
2.1431119101578133e-09 

Min eigenvalue after 100 VQE steps on Aer qasm simulator: 5.16763e-10
Delta from reference energy value is 5.16763e-10 

Optimizer history of the smallest VQE eigenvalue:
[8.064848456266382, 7.558729184460935, 5.844197569220179, 8.339317840315195, 14.176809807727368, 8.801296241354155, 4.988726237402313, 5.271783982967834, 5.24967324604102, 6.4109995335506635, 6.463023663176146, 10.230265977206363, 4.709809296859, 2.07071779677048, 2.3619809234705693, 1.5695791642370214, 5.8042431086718205, 1.5322302326603459, 3.866593668313765, 8.21878882189227, 1.9471647622997263, 1.708113066869783, 1.7912191499337304, 1.4220526366543436, 1.5097194837131265, 1.4588664276535093, 1.8454720457008502, 1.8437288338612912, 2.004183973511878, 1.7229091763603668, 1.370817065983621, 1.5325475969003746, 1.5178023995108416, 1.3956435869961945, 1.3809065865200265, 1.2767340386851282, 1.0969813165261095, 1.0257183103679384, 1.0059120145674807, 1.0662848631422455, 1.0650388839976785, 0.9252486508501876, 0.8932216086455467, 0.8973545391008356, 0.9461175327867983, 0.8870234899956657, 0.9679630296610957, 0.8984964903658527, 0.8439382693045374, 0.8683664223344759, 0.8007568627216615, 0.764248688714267, 0.7607020647366536, 0.7892938447784367, 0.8948125400488915, 0.7378649951658536, 0.6462943300255704, 0.7065926602819839, 0.6459503371279119, 0.6539925531176471, 0.6607087895535698, 0.6589719220644527, 0.6255443788344686, 0.6537218787272343, 0.6526458783131928, 0.591292698111568, 0.5702137199720171, 0.5499850511846646, 0.5669283691547984, 0.5538835414190244, 0.5605290991015097, 0.5629148248710892, 0.5035864460064384, 0.5015607902868308, 0.5028765792094239, 0.49424745105660206, 0.49207219786837453, 0.46717234442068967, 0.45277673130388985, 0.4874505264755251, 0.4546980304447962, 0.43450419381668104, 0.3880671933318782, 0.3744967690636093, 0.37984511322894626, 0.34733853358728767, 0.30769452044358986, 0.27496927326732773, 0.2452238800468814, 0.24389188967035458, 0.24379882793698565, 0.24007755797947067, 0.24421750750697457, 0.25965617459971446, 0.2421612943490647, 0.24224559593052025, 0.2537175999708508, 0.1996588923490445, 0.19207689047704612, 0.19430857671301766, 0.17655340222278204, 0.18658726067314846, 0.17180287895838503, 0.14879104600053789, 0.1526879354891621, 0.1504000002893987, 0.14681497476755995, 0.1613719535571408, 0.1612281876216075, 0.14710855910006876, 0.12338152667955593, 0.11343907570778927, 0.13780695399018628, 0.10725536230467753, 0.1086593476958676, 0.11098364757355306, 0.10829416989789348, 0.11370433120541934, 0.09201662457981563, 0.09268992431000384, 0.09580208829266174, 0.10684206501833204, 0.09215518201011952, 0.10841505117733724, 0.09159985598546094, 0.08062718999739332, 0.08314411139663946, 0.0883421056949118, 0.078239989830933, 0.08943056599163435, 0.07758720749512404, 0.08532964184132125, 0.07814350778673473, 0.06509364995047834, 0.058313704263551536, 0.05591548647784644, 0.060209023491700375, 0.055531565521472426, 0.05767002909371821, 0.055995229983342665, 0.05476261953344658, 0.05279462840050192, 0.05364579100805683, 0.04371577597243592, 0.04585166959802622, 0.04345599699338315, 0.03771284090171112, 0.035549332419555824, 0.03591166449312794, 0.036094506742939236, 0.032829950999517465, 0.031003171828049902, 0.03459136087599801, 0.03190788110283094, 0.02992477882544109, 0.03419805848975166, 0.030892165760863455, 0.024439142625624466, 0.0237869206407873, 0.023454972888194647, 0.023726986259360316, 0.026390426697092406, 0.021547180714306335, 0.01664091799846512, 0.01582233536813149, 0.016625736080748854, 0.016145043974360174, 0.016844661985513654, 0.01608122084503838, 0.01716903611948345, 0.016470040842820555, 0.016711789322255755, 0.013795549772875004, 0.017285877034788677, 0.01742360921082886, 0.013511277390743592, 0.014820491700294702, 0.009630804670144932, 0.008548084996252536, 0.007055718562067326, 0.00501338095956172, 0.008253103419107233, 0.005583172230866185, 0.00760156412004237, 0.004433936923537329, 0.006244512699438209, 0.004763072649918154, 0.006496569287870402, 0.0054526185003509475, 0.008132550129007987, 0.003788997195175725, 0.004182036806919698, 0.0038095739330418765, 0.004054176702654733, 0.003380587059020057, 0.004457487439580077, 0.0031459867587163015, 0.004079451840427739, 0.0031201705336857954, 0.002642030824303754, 0.002527478972727426, 0.003065828161067319, 0.0026639602003994955, 0.0026789853610971748, 0.0023389986165677223, 0.0030563986024803036, 0.002109649388398027, 0.0030334388833909154, 0.002191316357454398, 0.002485456951786258, 0.001947955233767562, 0.0018954166136246342, 0.002083967443898438, 0.0020854199246594374, 0.0018907459068531196, 0.0019552361541840257, 0.002038804068892619, 0.0020737172208611376, 0.001619876369677642, 0.0014203817930477647, 0.0014745137046150991, 0.0015630949609620193, 0.001440448789376103, 0.0016465506717917577, 0.001531735690221081, 0.0012647855879428516, 0.0012484868134943206, 0.001326573024493738, 0.0012978140934045146, 0.0012471946848358617, 0.0012887928758777978, 0.0013635903946593864, 0.0012389358728776, 0.0014686153896972254, 0.0010340197182843736, 0.0009804867131868455, 0.001113946446436087, 0.0010444687770814198, 0.0010962936076390206, 0.0011528330668742481, 0.0009773449069407358, 0.0008475161322387126, 0.0007508313079597206, 0.0007030849884037127, 0.0007167998839192613, 0.0007674416017093288, 0.0007153210998478987, 0.000881664232778745, 0.0007292876648073987, 0.0008187087452243835, 0.0006822441042212413, 0.0007339153302660661, 0.0006933386203782921, 0.0007487405999581087, 0.000649016142449832, 0.0006589465260225524, 0.0006484178130107265, 0.0006856151095502305, 0.0005662218225546134, 0.0005663607622548028, 0.0005724794965312197, 0.0005787650694135116, 0.0005247530985409421, 0.0004931950840796895, 0.00047576263966508936, 0.00046371384416732386, 0.0005159636852155036, 0.00047497478429681106, 0.0004379757616923552, 0.000445831832636856, 0.0004062578484032575, 0.0004581476796167716, 0.0004287041444112072, 0.00041411872187385734, 0.0003957250412608415, 0.00039803472297100795, 0.00038275827682326957, 0.00035237054198589135, 0.0003205733535471267, 0.00030029929529301613, 0.00030400593532059483, 0.0003971509106956428, 0.00028217331105040433, 0.00032581649527679835, 0.00026719953456805223, 0.00023519813674471868, 0.00029431655521738875, 0.00023465119242638277, 0.00023217385508267352, 0.0002505915757283206, 0.00026320724238221294, 0.00025057843920722744, 0.00023162416715510892, 0.0002142257590278529, 0.00014141013630614152, 0.00018647026827650626, 0.00014905256975605852, 0.0001498585766259164, 0.00012509141571748206, 0.0001602528476161158, 0.00012125998239281843, 0.0001351265054798656, 0.00012661959686760538, 0.00014169305831329693, 0.00012380469758932477, 0.00012491840525830078, 0.00011735225938258598, 0.0001195969496168292, 0.00013515915725170746, 0.0001250641588371182, 0.00013532461136867013, 0.00011657212716309484, 0.00010462821883905349, 0.00010209051430676297, 9.589092746570271e-05, 9.809716670261537e-05, 9.860338271655555e-05, 0.00010242953207706407, 8.733517379500011e-05, 8.094566847721696e-05, 8.633733385016162e-05, 7.736064282221067e-05, 8.096051967365625e-05, 7.287642827896734e-05, 7.53800599231913e-05, 8.007953757477315e-05, 6.94653253889288e-05, 6.045392828185614e-05, 6.873345852903556e-05, 5.8504184971663875e-05, 5.952257698693675e-05, 5.709366500594726e-05, 7.402992293670252e-05, 6.606932165104107e-05, 4.8458874288392906e-05, 5.5423363683859694e-05, 4.970431911427431e-05, 4.901262277789975e-05, 5.39574334221804e-05, 5.061128488670352e-05, 4.9025819189196795e-05, 5.21980206379391e-05, 4.933653230687618e-05, 4.528873601727934e-05, 4.833307738522086e-05, 4.444824633548228e-05, 4.630860722876218e-05, 4.7844195878998796e-05, 3.888754076530887e-05, 3.760335010449811e-05, 3.928771037758905e-05, 3.490829450403243e-05, 3.8063497632800924e-05, 3.6533093075552525e-05, 3.479674273504374e-05, 3.438374225261942e-05, 3.620368835199894e-05, 3.908654829692937e-05, 3.3210230559410636e-05, 3.4728777565162794e-05, 2.9227187322677928e-05, 2.9406883482463453e-05, 2.8627839833483826e-05, 2.665399394896628e-05, 2.4648086206946473e-05, 2.451909181500067e-05, 2.44879215244298e-05, 2.2797561788412413e-05, 2.1926340535993738e-05, 2.1966448767729574e-05, 2.4794945449879702e-05, 2.057368908231494e-05, 2.4930228301300872e-05, 2.4003153891172246e-05, 1.5811812300481343e-05, 1.7297314656050666e-05, 1.5558303517793082e-05, 1.6863780542275553e-05, 1.5255388562618322e-05, 1.3663065750402215e-05, 1.3182581597714904e-05, 1.4434193081558355e-05, 1.3837189232646097e-05, 1.4618179028424994e-05, 1.3497302794929222e-05, 1.4281894495038472e-05, 1.3095414298336383e-05, 1.4365419238049348e-05, 1.368081463143378e-05, 1.21901421530346e-05, 1.2340948900679827e-05, 1.189707131293849e-05, 1.2055520053733115e-05, 1.2544048690776854e-05, 1.137435369735762e-05, 9.76514562522901e-06, 9.595074412449556e-06, 9.790872131654194e-06, 9.201742262932022e-06, 1.0945302606368834e-05, 9.283564571305192e-06, 7.979481870090677e-06, 9.385661575156412e-06, 8.31688973562672e-06, 7.796296011330917e-06, 7.204472615873758e-06, 6.8366061391489374e-06, 6.932773168155659e-06, 6.809128420826038e-06, 6.43623459073428e-06, 5.897371349594671e-06, 5.6203854882919124e-06, 5.936818648411002e-06, 5.014800419922416e-06, 6.268839433221096e-06, 4.958817408140526e-06, 4.353435639981029e-06, 4.10153651458911e-06, 4.428081505025716e-06, 4.405320783107403e-06, 4.565043732862595e-06, 3.554496633473292e-06, 4.990513672475938e-06, 3.877593045154004e-06, 3.476421029324772e-06, 3.990473777526482e-06, 3.1066090713238736e-06, 3.2336040481917294e-06, 4.229462579941057e-06, 3.576402152982716e-06, 3.2489394123369486e-06, 3.7613644828238257e-06, 3.321595774985475e-06, 3.113646804553394e-06, 2.8962651595909605e-06, 2.7442314597392325e-06, 2.4886359609732622e-06, 2.514202041226099e-06, 2.6192286315396274e-06, 2.454243403116063e-06, 2.4026168153334915e-06, 2.565296502776704e-06, 2.109106527869997e-06, 1.9586422767559064e-06, 2.0031540974296824e-06, 1.981726695743369e-06, 1.906789128536257e-06, 1.794589380099687e-06, 1.812236837261949e-06, 1.8188860775869564e-06, 1.9272372636658375e-06, 1.6576964070313949e-06, 1.7932421361166462e-06, 1.7892004778308213e-06, 1.6357815911249851e-06, 1.416104352169878e-06, 1.4479141938195106e-06, 1.5745641656628173e-06, 1.3239605387016518e-06, 1.3004704104147002e-06, 1.2933319226138273e-06, 1.4518725290901813e-06, 1.2783480050626572e-06, 1.3113067285908109e-06, 1.145852921879964e-06, 1.2830522352902385e-06, 1.0257285716352982e-06, 8.011589430201305e-07, 9.340858543316344e-07, 7.352852997022374e-07, 7.869013209371722e-07, 7.968481884335077e-07, 8.808382261915604e-07, 7.431257832979377e-07, 9.952216135089564e-07, 7.370680532026164e-07, 6.596572880157581e-07, 6.52005875956263e-07, 9.517760211075199e-07, 6.682175194838713e-07, 6.824256139070783e-07, 6.059067566011045e-07, 6.753449978136317e-07, 6.557857818445534e-07, 7.463108546712505e-07, 6.629826536652672e-07, 6.618292298643524e-07, 5.715786375870557e-07, 5.862492554187249e-07, 5.8052478746351e-07, 5.661449558602705e-07, 5.289874939751193e-07, 5.026814183239914e-07, 4.772535993069482e-07, 4.516755411354545e-07, 3.9649371796901534e-07, 4.121659710198955e-07, 4.1081019036548483e-07, 3.6988615675914716e-07, 3.9750199970489675e-07, 3.6479474868622574e-07, 4.2457361043579667e-07, 3.759999342434206e-07, 3.8837474441999476e-07, 4.275680456355957e-07, 3.7939095359762476e-07, 3.7394073870711253e-07, 3.1865145255771665e-07, 3.301502917163468e-07, 3.2298319924128904e-07, 3.170488935833049e-07, 3.344740507893462e-07, 3.276666649121296e-07, 3.1717865750513496e-07, 3.038484796547003e-07, 2.9508038745795773e-07, 2.779666813390591e-07, 2.5329462988166185e-07, 2.491830319306665e-07, 2.4569837669963235e-07, 2.4040581897422086e-07, 2.4052730251966636e-07, 2.303796106106759e-07, 2.193843991471489e-07, 1.9094511483075394e-07, 1.7454156475693594e-07, 1.5767331007499052e-07, 1.4626326011457635e-07, 1.5915092582696744e-07, 1.484971628995524e-07, 1.2680665978370698e-07, 1.0892961355146724e-07, 1.0763030439120413e-07, 1.0916483872414062e-07, 1.0796416621827731e-07, 1.1018792034356295e-07, 1.0722527710171903e-07, 1.1006812145053502e-07, 1.0729020882838114e-07, 1.0784271864405781e-07, 8.962318054361873e-08, 8.768570564088307e-08, 9.041681447996552e-08, 9.319074517621928e-08, 8.724183542252462e-08, 8.288078295892731e-08, 7.334565604866228e-08, 7.263687057390555e-08, 7.040213223508118e-08, 7.297975795905742e-08, 7.319437744790491e-08, 7.716036454219477e-08, 9.040241494284729e-08, 7.743427382633783e-08, 5.630153493418888e-08, 4.708677986409171e-08, 5.395810187547312e-08, 4.627632660403336e-08, 5.38339823830114e-08, 4.576912054909954e-08, 5.2266571293202446e-08, 5.0987312150141406e-08, 5.0976511123401735e-08, 4.3691671114398645e-08, 3.947042387375532e-08, 4.581801410497022e-08, 4.320934943180532e-08, 4.204978304445106e-08, 5.169674827110171e-08, 4.188353103229403e-08, 3.9712802768487876e-08, 3.3403571020329537e-08, 3.2353661916229015e-08, 3.243095347826852e-08, 3.058852737769513e-08, 3.122123043430847e-08, 3.1104468500853244e-08, 3.129394887668724e-08, 2.7534527102801576e-08, 2.5369119527329786e-08, 2.388782338602624e-08, 2.3925360026488818e-08, 2.5420057281344555e-08, 2.9485690611341653e-08, 2.494944367770202e-08, 2.3325655851280658e-08, 2.454955894126698e-08, 2.499583651172088e-08, 2.508945706747312e-08, 2.4836199485900323e-08, 2.5540437653681636e-08, 1.9619126434555767e-08, 2.003549437468166e-08, 2.069840215890295e-08, 1.977607261283154e-08, 2.0400615696747337e-08, 1.8107893684504717e-08, 2.116310410249511e-08, 1.9891807534477834e-08, 1.8985276351024538e-08, 1.6518640844065402e-08, 1.555388401408564e-08, 1.7524699136295396e-08, 1.6987542483803963e-08, 1.6241387290616416e-08, 1.4916285318022915e-08, 1.7052477985224357e-08, 1.5944061793060627e-08, 1.8876924579025456e-08, 1.709907976321645e-08, 1.4711909135378676e-08, 1.4740967335669097e-08, 1.4666015513142838e-08, 1.3611804960955709e-08, 1.3723220504413547e-08, 1.4055988983852075e-08, 1.4217119481685359e-08, 1.3440895840766132e-08, 1.1512787889689235e-08, 1.1423370027685564e-08, 1.1713383651912324e-08, 1.1314763237457726e-08, 1.0579058074000613e-08, 8.787595706660767e-09, 9.319739924240622e-09, 8.826513797632884e-09, 9.460905281422072e-09, 9.387132682281418e-09, 8.95295060310275e-09, 8.68874489023952e-09, 8.213960456249225e-09, 8.042199073354794e-09, 7.290710590801552e-09, 7.02599578517038e-09, 6.510743444376743e-09, 6.838539512443731e-09, 6.91571222510845e-09, 6.69132865782629e-09, 6.6315007374306845e-09, 5.961372617768745e-09, 6.05613725834786e-09, 5.149420279071393e-09, 6.2766444264283905e-09, 5.378951728474135e-09, 5.043457818043606e-09, 4.909715189960195e-09, 6.055161982931878e-09, 5.064939245791322e-09, 3.9814686547678946e-09, 4.5393799275039726e-09, 3.947818683069926e-09, 4.21629320346284e-09, 4.03830879847078e-09, 4.32633645575109e-09, 3.520545910351558e-09, 4.493064587052231e-09, 3.6934257874321474e-09, 3.0462227740279957e-09, 3.1151222157355107e-09, 3.3205475591380207e-09, 3.1716346216015268e-09, 4.432756217642719e-09, 2.9323664052505194e-09, 2.963026379809719e-09, 2.573462221100442e-09, 2.7424771897877065e-09, 2.3948263927486835e-09, 2.0491202068484426e-09, 2.0964656677335824e-09, 2.200823190356971e-09, 2.521157227430848e-09, 2.2177021885561032e-09, 2.0309463000245387e-09, 2.2931043175411503e-09, 1.754031808687273e-09, 2.0282717727582167e-09, 1.8574419224925975e-09, 1.41100536810157e-09, 1.3236043372444328e-09, 1.5493256677601153e-09, 1.1271105715415786e-09, 1.5290634314268914e-09, 1.2742068511428783e-09, 1.0971360486777826e-09, 1.1347452977261696e-09, 9.259636390979153e-10, 9.653542409893134e-10, 1.183745268473757e-09, 1.0556713281317798e-09, 9.108803711299629e-10, 8.655432481852188e-10, 7.678955804557575e-10, 6.331078439281157e-10, 5.673300162989392e-10, 7.184141059823901e-10, 9.11227981958973e-10, 6.397253837775452e-10, 5.357269072803206e-10, 6.427873233683101e-10, 6.199088464775571e-10, 6.950106046232918e-10, 1.0542702266747028e-09, 5.864946306388674e-10, 5.700662719654304e-10, 5.606254904755303e-10, 5.167629657520934e-10] 

Smallest VQE eingenvalue optimizer final message:
{   'aux_operators_evaluated': None,
    'cost_function_evals': 706,
    'eigenvalue': 5.167629657520934e-10,
    'optimal_circuit': <qiskit.circuit.library.n_local.real_amplitudes.RealAmplitudes object at 0x00000223655D4E00>,
    'optimal_parameters': {   ParameterVectorElement(θ[0]): -3.828650925943056e-06,
                              ParameterVectorElement(θ[1]): 2.5588163438376627e-06,
                              ParameterVectorElement(θ[2]): -3.1415924124215406,
                              ParameterVectorElement(θ[3]): 2.254520660897039e-06,
                              ParameterVectorElement(θ[4]): -3.141596325176294,
                              ParameterVectorElement(θ[5]): -3.0979220315734124,
                              ParameterVectorElement(θ[6]): 3.3823735730637707e-05,
                              ParameterVectorElement(θ[7]): 9.23985400083366e-06,
                              ParameterVectorElement(θ[8]): -3.1415910998072887,
                              ParameterVectorElement(θ[9]): -3.1415952232747215,
                              ParameterVectorElement(θ[10]): -3.141595657130077,
                              ParameterVectorElement(θ[11]): 3.185274489499355},
    'optimal_point': array([-3.82865093e-06,  2.55881634e-06, -3.14159241e+00,  2.25452066e-06,
       -3.14159633e+00, -3.09792203e+00,  3.38237357e-05,  9.23985400e-06,
       -3.14159110e+00, -3.14159522e+00, -3.14159566e+00,  3.18527449e+00]),
    'optimal_value': 5.167629657520934e-10,
    'optimizer_evals': None,
    'optimizer_result': <qiskit_algorithms.optimizers.optimizer.OptimizerResult object at 0x000002235DB8BC20>,
    'optimizer_time': 1.4978218078613281}
     ┌──────────┐ ░                           ░  ┌──────────┐
q_0: ┤ Ry(θ[0]) ├─░───────────────────────■───░──┤ Ry(θ[6]) ├
     ├──────────┤ ░                     ┌─┴─┐ ░  ├──────────┤
q_1: ┤ Ry(θ[1]) ├─░──────────────────■──┤ X ├─░──┤ Ry(θ[7]) ├
     ├──────────┤ ░                ┌─┴─┐└───┘ ░  ├──────────┤
q_2: ┤ Ry(θ[2]) ├─░─────────────■──┤ X ├──────░──┤ Ry(θ[8]) ├
     ├──────────┤ ░           ┌─┴─┐└───┘      ░  ├──────────┤
q_3: ┤ Ry(θ[3]) ├─░────────■──┤ X ├───────────░──┤ Ry(θ[9]) ├
     ├──────────┤ ░      ┌─┴─┐└───┘           ░ ┌┴──────────┤
q_4: ┤ Ry(θ[4]) ├─░───■──┤ X ├────────────────░─┤ Ry(θ[10]) ├
     ├──────────┤ ░ ┌─┴─┐└───┘                ░ ├───────────┤
q_5: ┤ Ry(θ[5]) ├─░─┤ X ├─────────────────────░─┤ Ry(θ[11]) ├
     └──────────┘ ░ └───┘                     ░ └───────────┘
The number of ansatz parameters is: 
 12
Line for latex table
RA r1 rl & $1\mathrm{e}{-05}$ & 100/100 &1221 & $5.1676\mathrm{e}{-10}$ & $5.1676\mathrm{e}{-10}$ & $2.1431\mathrm{e}{-09}$ & $2.1431\mathrm{e}{-09}$ & - & 00h 04m 26s\\

