RA_r1_rl
46m28s__88
1e-04
3.450548735732693
10.54280936421041
8.674413582927288
15.665415233148176
0.9079590805050675
3.0853602066951424
11.681316546498977
2.7082082334941315
15.203996852357745
21.384729087892296
18.044714810327044
8.33792107629725
8.775076697868911
17.38403065528626
8.114705258244781
0.6848418407862735
18.77524172116828
5.64306834925217
1.437947887380786
17.250451831454324
4.661582553764926
4.307650857853398
6.420557467270509
6.109509724019139
0.15836368983296722
10.76304289040355
13.00882196304162
3.729745232688174
18.764612362820316
5.64838181042899
6.722977111661724
29.00433475789475
1.7225915175486222
8.521055422986457
23.7085699270313
4.874599870606508
9.79255881979196
12.318594673247238
6.21016589833366
7.561820896938732
13.999372675763102
3.5311058105330315
38.901869609418604
34.62931555219405
2.183140168961934
3.8345011722818754
13.56218528071587
8.987980402315095
12.949206866323411
6.4574295786947715
4.55743451143435
8.010616137946787
14.813862130405186
6.776745251537296
1.4824328841391
2.571895912595531
8.715286085663557
24.723832098594364
13.628043486602994
17.15096417768713
6.742340508078584
4.750539017751273
6.721079444285273
7.224582040953502
7.3991989284239885
6.9246301722223365
14.577790827041543
6.507364763411076
3.7546328767941937
15.02698254137627
16.268598630194518
17.258646035944725
3.0384935587883337
2.311065037618583
3.27295209254142
5.998256242959605
30.215801454656525
7.391915600017551
8.237548164456449
3.1133856409035134
15.134907039524025
2.868410928552142
1.792645123346686
6.2027578306930735
0.39179600802269654
22.877379272734586
8.87295707399766
16.146541280111798
12.534883743393264
5.762341180468105
21.141163099084437
4.005703149278801
23.197013892933633
3.761112120616513
5.066936680962076
8.627753396100582
5.086445651502013
7.725460196630564
5.065221791406881
10.21568323485927
