3.450548735732693 1.2576966781083694
10.54280936421041 1.4233114708187988
8.674413582927288 0.9707428008186731
15.665415233148176 1.382348647569479
0.9079590805050675 1.3222465524039844
3.0853602066951424 1.2423408444749626
11.681316546498977 1.5585823428442758
2.7082082334941315 1.0799950744969178
15.203996852357745 1.2022412337660415
21.384729087892296 1.3259158416876209
18.044714810327044 1.511149602142308
8.33792107629725 1.3755567459796854
8.775076697868911 1.3116607776171718
17.38403065528626 1.4337449152701995
8.114705258244781 1.2752162966092917
0.6848418407862735 1.3823759712196146
18.77524172116828 1.43575510380305
5.64306834925217 0.9775329681372193
1.437947887380786 1.317512553197638
17.250451831454324 1.533154028589479
4.661582553764926 1.4208341816591115
4.307650857853398 1.4225306801093858
6.420557467270509 1.3736349345319778
6.109509724019139 1.3497838383322078
0.15836368983296722 1.400316648173155
10.76304289040355 1.3804271044621388
13.00882196304162 1.31929272915573
3.729745232688174 1.393915215998932
18.764612362820316 1.466044732167207
5.64838181042899 1.200560552308258
6.722977111661724 1.2720849502121658
29.00433475789475 1.5514283717147919
1.7225915175486222 1.2892964896410826
8.521055422986457 1.3703487052293757
23.7085699270313 1.4055007330047933
4.874599870606508 0.9772616141846627
9.79255881979196 1.4341407097252987
12.318594673247238 1.570432959221939
6.21016589833366 1.2256444858820406
7.561820896938732 1.4653422066073933
13.999372675763102 1.121790384736499
3.5311058105330315 1.0071558149967192
38.901869609418604 1.482066411730638
34.62931555219405 1.524280876432941
2.183140168961934 1.2670008991756683
3.8345011722818754 1.1457956035738839
13.56218528071587 1.3736835594891554
8.987980402315095 1.123549729290886
12.949206866323411 1.46770697082347
6.4574295786947715 1.4873197774774998
4.55743451143435 1.3062180394688558
8.010616137946787 1.1392733243178557
14.813862130405186 1.4524543003929788
6.776745251537296 1.3056570191071217
1.4824328841391 0.9988978452237093
2.571895912595531 1.3725454186038273
8.715286085663557 1.2887936045361994
24.723832098594364 1.3642480714492147
13.628043486602994 1.3726569559766186
17.15096417768713 1.3274672329236548
6.742340508078584 1.4810514459422164
4.750539017751273 1.2951341188086039
6.721079444285273 1.4470210258732794
7.224582040953502 1.3752687753254538
7.3991989284239885 1.4795708812476869
6.9246301722223365 1.3191668577973177
14.577790827041543 1.4053266879677917
6.507364763411076 1.4902902186348101
3.7546328767941937 1.4227173528673012
15.02698254137627 1.4417231711850511
16.268598630194518 1.2575802186435037
17.258646035944725 1.3970313710971893
3.0384935587883337 1.347156364646711
2.311065037618583 1.1162689910173762
3.27295209254142 1.265913307847106
5.998256242959605 1.4140740426475684
30.215801454656525 1.5404468633690191
7.391915600017551 1.2052261457951394
8.237548164456449 1.3079255764998239
3.1133856409035134 1.114193510490377
15.134907039524025 1.5451135041410153
2.868410928552142 1.4185394092245514
1.792645123346686 1.2025823227637653
6.2027578306930735 1.3750210483128726
0.39179600802269654 1.3331990801380909
22.877379272734586 1.244194779506015
8.87295707399766 1.449544023224614
16.146541280111798 1.4979083018507833
12.534883743393264 1.2110361564066612
5.762341180468105 1.517879426192129
21.141163099084437 1.4588832837001053
4.005703149278801 1.1614594520609327
23.197013892933633 1.473541629350748
3.761112120616513 1.3285900961236332
5.066936680962076 1.261629474349745
8.627753396100582 1.1768312836577353
5.086445651502013 1.3304550119199336
7.725460196630564 1.342404900522511
5.065221791406881 1.4403721004821588
10.21568323485927 1.236912362799314
