RA_r1_rl
09m14s__74
1e-07
-0.43674999999999997
-0.4375
-0.4375
-0.4375
-0.4297500000000001
-0.4375
-0.4375
-0.43725000000000014
-0.4375
-0.43725000000000014
-0.43700000000000006
-0.4375
-0.4375
-0.4375
-0.43725000000000014
-0.43725000000000014
-0.4364999999999999
-0.43700000000000006
-0.43725000000000014
-0.4364999999999999
-0.43700000000000006
-0.4375
-0.43725000000000014
-0.4364999999999999
-0.4375
-0.42700000000000005
-0.4375
-0.43700000000000006
-0.4364999999999999
-0.43299999999999983
-0.4375
-0.4357500000000001
-0.4375
-0.4312499999999999
-0.43700000000000006
-0.43725000000000014
-0.4375
-0.43700000000000006
-0.43100000000000005
-0.4375
-0.43725000000000014
-0.43500000000000005
-0.4285000000000001
-0.43700000000000006
-0.43700000000000006
-0.43725000000000014
-0.4357500000000001
-0.43674999999999997
-0.4337500000000001
-0.41425
-0.4375
-0.4375
-0.43674999999999997
-0.4375
-0.43725000000000014
-0.43725000000000014
-0.4375
-0.4375
-0.43274999999999997
-0.4375
-0.4375
-0.43100000000000005
-0.4375
-0.4375
-0.43725000000000014
-0.43274999999999997
-0.43700000000000006
-0.4357500000000001
-0.43474999999999997
-0.43700000000000006
-0.43700000000000006
-0.43500000000000005
-0.43700000000000006
-0.4375
-0.4375
-0.43700000000000006
-0.43599999999999994
-0.4357500000000001
-0.42500000000000004
-0.4375
-0.4355
-0.43625
-0.43725000000000014
-0.43674999999999997
-0.4375
-0.4375
-0.4375
-0.43225
-0.43725000000000014
-0.4375
-0.43674999999999997
-0.4375
-0.4375
-0.4195
-0.43500000000000005
-0.4345000000000001
-0.4375
-0.4375
-0.43700000000000006
-0.43674999999999997
