-0.43674999999999997 0.0004329477451148221
-0.4375 0.0
-0.4375 0.0
-0.4375 0.0
-0.4297500000000001 0.0013897819073509336
-0.4375 0.0
-0.4375 0.0
-0.43725000000000014 0.0002499874996874772
-0.4375 0.0
-0.43725000000000014 0.0002499874996874772
-0.43700000000000006 0.0003535180334862453
-0.4375 0.0
-0.4375 0.0
-0.4375 0.0
-0.43725000000000014 0.0002499874996874772
-0.43725000000000014 0.0002499874996874772
-0.4364999999999999 0.0004998999899980072
-0.43700000000000006 0.0003535180334862453
-0.43725000000000014 0.0002499874996874772
-0.4364999999999999 0.0004998999899980072
-0.43700000000000006 0.0003535180334862453
-0.4375 0.0
-0.43725000000000014 0.0002499874996874772
-0.4364999999999999 0.0004998999899980072
-0.4375 0.0
-0.42700000000000005 0.001616779205704966
-0.4375 0.0
-0.43700000000000006 0.0003535180334862453
-0.4364999999999999 0.0004998999899980072
-0.43299999999999983 0.0010597051476708144
-0.4375 0.0
-0.4357500000000001 0.0006612062839991704
-0.4375 0.0
-0.4312499999999999 0.0012484365222148834
-0.43700000000000006 0.0003535180334862453
-0.43725000000000014 0.0002499874996874772
-0.4375 0.0
-0.43700000000000006 0.0003535180334862453
-0.43100000000000005 0.0012730966184858075
-0.4375 0.0
-0.43725000000000014 0.0002499874996874772
-0.43500000000000005 0.0007901740314639554
-0.4285000000000001 0.0014972975656161306
-0.43700000000000006 0.0003535180334862453
-0.43700000000000006 0.0003535180334862453
-0.43725000000000014 0.0002499874996874772
-0.4357500000000001 0.0006612062839991704
-0.43674999999999997 0.0004329477451148221
-0.4337500000000001 0.0009675193796508652
-0.41425 0.002399675759347497
-0.4375 0.0
-0.4375 0.0
-0.43674999999999997 0.0004329477451148221
-0.4375 0.0
-0.43725000000000014 0.0002499874996874772
-0.43725000000000014 0.0002499874996874772
-0.4375 0.0
-0.4375 0.0
-0.43274999999999997 0.0010886890051800908
-0.4375 0.0
-0.4375 0.0
-0.43100000000000005 0.0012730966184858075
-0.4375 0.0
-0.4375 0.0
-0.43725000000000014 0.0002499874996874772
-0.43274999999999997 0.0010886890051800908
-0.43700000000000006 0.0003535180334862453
-0.4357500000000001 0.0006612062839991704
-0.43474999999999997 0.0008287000362012739
-0.43700000000000006 0.0003535180334862453
-0.43700000000000006 0.0003535180334862453
-0.43500000000000005 0.0007901740314639554
-0.43700000000000006 0.0003535180334862453
-0.4375 0.0
-0.4375 0.0
-0.43700000000000006 0.0003535180334862453
-0.43599999999999994 0.0006121886964000483
-0.4357500000000001 0.0006612062839991704
-0.42500000000000004 0.0017633419974582368
-0.4375 0.0
-0.4355 0.0007068238818829035
-0.43625 0.0005588772226527001
-0.43725000000000014 0.0002499874996874772
-0.43674999999999997 0.0004329477451148221
-0.4375 0.0
-0.4375 0.0
-0.4375 0.0
-0.43225 0.001144440365418831
-0.43725000000000014 0.0002499874996874772
-0.4375 0.0
-0.43674999999999997 0.0004329477451148221
-0.4375 0.0
-0.4375 0.0
-0.4195 0.0021136697944570226
-0.43500000000000005 0.0007901740314639554
-0.4345000000000001 0.0008655056325639898
-0.4375 0.0
-0.4375 0.0
-0.43700000000000006 0.0003535180334862453
-0.43674999999999997 0.0004329477451148221
