With Shot Noise
02/11/2024 09:49:23 

VQEr_100_shots_10000_COBYLA_maxIter_10000_tol_1e-07_RA_r1_rl 

Reference value: -4.3750000000e-01 

Number of pauli strings:  2
Qubits:  2
VQE runs:  100
Optimizer:  COBYLA
Max iterations:  10000
Optimizers's tolerance:  1e-07
Ansatz:  RA_r1_rl 

All run converged!!!
Number of iterations for each converged VQE run:
[75, 83, 76, 84, 77, 84, 70, 84, 56, 75, 85, 74, 73, 75, 81, 88, 73, 71, 78, 75, 78, 53, 80, 80, 82, 72, 71, 79, 73, 77, 62, 80, 90, 70, 71, 66, 71, 73, 67, 84, 83, 83, 77, 85, 61, 77, 88, 80, 82, 75, 76, 55, 72, 79, 79, 73, 65, 76, 77, 58, 60, 71, 48, 65, 70, 73, 75, 81, 70, 72, 77, 79, 73, 69, 71, 74, 93, 79, 74, 54, 82, 81, 80, 78, 57, 74, 81, 71, 78, 72, 77, 70, 85, 69, 73, 74, 80, 57, 73, 80] 

Average iterations of converged run:
74 

VQE eigenvalues:
[-0.43674999999999997, -0.4375, -0.4375, -0.4375, -0.4297500000000001, -0.4375, -0.4375, -0.43725000000000014, -0.4375, -0.43725000000000014, -0.43700000000000006, -0.4375, -0.4375, -0.4375, -0.43725000000000014, -0.43725000000000014, -0.4364999999999999, -0.43700000000000006, -0.43725000000000014, -0.4364999999999999, -0.43700000000000006, -0.4375, -0.43725000000000014, -0.4364999999999999, -0.4375, -0.42700000000000005, -0.4375, -0.43700000000000006, -0.4364999999999999, -0.43299999999999983, -0.4375, -0.4357500000000001, -0.4375, -0.4312499999999999, -0.43700000000000006, -0.43725000000000014, -0.4375, -0.43700000000000006, -0.43100000000000005, -0.4375, -0.43725000000000014, -0.43500000000000005, -0.4285000000000001, -0.43700000000000006, -0.43700000000000006, -0.43725000000000014, -0.4357500000000001, -0.43674999999999997, -0.4337500000000001, -0.41425, -0.4375, -0.4375, -0.43674999999999997, -0.4375, -0.43725000000000014, -0.43725000000000014, -0.4375, -0.4375, -0.43274999999999997, -0.4375, -0.4375, -0.43100000000000005, -0.4375, -0.4375, -0.43725000000000014, -0.43274999999999997, -0.43700000000000006, -0.4357500000000001, -0.43474999999999997, -0.43700000000000006, -0.43700000000000006, -0.43500000000000005, -0.43700000000000006, -0.4375, -0.4375, -0.43700000000000006, -0.43599999999999994, -0.4357500000000001, -0.42500000000000004, -0.4375, -0.4355, -0.43625, -0.43725000000000014, -0.43674999999999997, -0.4375, -0.4375, -0.4375, -0.43225, -0.43725000000000014, -0.4375, -0.43674999999999997, -0.4375, -0.4375, -0.4195, -0.43500000000000005, -0.4345000000000001, -0.4375, -0.4375, -0.43700000000000006, -0.43674999999999997] 

VQE eigenvalues standard deviation:
[0.0004329477451148221, 0.0, 0.0, 0.0, 0.0013897819073509336, 0.0, 0.0, 0.0002499874996874772, 0.0, 0.0002499874996874772, 0.0003535180334862453, 0.0, 0.0, 0.0, 0.0002499874996874772, 0.0002499874996874772, 0.0004998999899980072, 0.0003535180334862453, 0.0002499874996874772, 0.0004998999899980072, 0.0003535180334862453, 0.0, 0.0002499874996874772, 0.0004998999899980072, 0.0, 0.001616779205704966, 0.0, 0.0003535180334862453, 0.0004998999899980072, 0.0010597051476708144, 0.0, 0.0006612062839991704, 0.0, 0.0012484365222148834, 0.0003535180334862453, 0.0002499874996874772, 0.0, 0.0003535180334862453, 0.0012730966184858075, 0.0, 0.0002499874996874772, 0.0007901740314639554, 0.0014972975656161306, 0.0003535180334862453, 0.0003535180334862453, 0.0002499874996874772, 0.0006612062839991704, 0.0004329477451148221, 0.0009675193796508652, 0.002399675759347497, 0.0, 0.0, 0.0004329477451148221, 0.0, 0.0002499874996874772, 0.0002499874996874772, 0.0, 0.0, 0.0010886890051800908, 0.0, 0.0, 0.0012730966184858075, 0.0, 0.0, 0.0002499874996874772, 0.0010886890051800908, 0.0003535180334862453, 0.0006612062839991704, 0.0008287000362012739, 0.0003535180334862453, 0.0003535180334862453, 0.0007901740314639554, 0.0003535180334862453, 0.0, 0.0, 0.0003535180334862453, 0.0006121886964000483, 0.0006612062839991704, 0.0017633419974582368, 0.0, 0.0007068238818829035, 0.0005588772226527001, 0.0002499874996874772, 0.0004329477451148221, 0.0, 0.0, 0.0, 0.001144440365418831, 0.0002499874996874772, 0.0, 0.0004329477451148221, 0.0, 0.0, 0.0021136697944570226, 0.0007901740314639554, 0.0008655056325639898, 0.0, 0.0, 0.0003535180334862453, 0.0004329477451148221] 

Median VQE eigenvalues:
-0.4371250000000001 

Min eigenvalue after 100 VQE steps on Aer qasm simulator: -4.37500e-01
Delta from reference energy value is 0.00000e+00 

Optimizer history of the smallest VQE eigenvalue:
[1.69475, 1.75875, 2.0015, 1.7175, 0.809, -0.09649999999999992, 0.3425, 0.4035, -0.08374999999999999, -0.09975, 0.4415, -0.027750000000000052, -0.34375, 0.11349999999999993, -0.013000000000000012, -0.34375, -0.06174999999999997, -0.38825, -0.4192500000000001, -0.4175, -0.28925, -0.43299999999999983, -0.43700000000000006, -0.4275, -0.4277500000000001, -0.43599999999999994, -0.4352499999999999, -0.43725000000000014, -0.43700000000000006, -0.4364999999999999, -0.4375, -0.43674999999999997, -0.4375, -0.43725000000000014, -0.4375, -0.43700000000000006, -0.43700000000000006, -0.4375, -0.4375, -0.4375, -0.43700000000000006, -0.43725000000000014, -0.43725000000000014, -0.4375, -0.43725000000000014, -0.4375, -0.43725000000000014, -0.43700000000000006, -0.4375, -0.43725000000000014, -0.43725000000000014, -0.4375, -0.4375, -0.43700000000000006, -0.43725000000000014, -0.43725000000000014, -0.43700000000000006, -0.43674999999999997, -0.43700000000000006, -0.43725000000000014, -0.4375, -0.43700000000000006, -0.43700000000000006, -0.43700000000000006, -0.43700000000000006, -0.43700000000000006, -0.43725000000000014, -0.43725000000000014, -0.4375, -0.43700000000000006, -0.43725000000000014, -0.4375, -0.4375, -0.43725000000000014, -0.43725000000000014, -0.43725000000000014, -0.4375, -0.43725000000000014, -0.43725000000000014, -0.43700000000000006, -0.43725000000000014, -0.43700000000000006, -0.4375] 

Optimizer history of the smallest VQE eigenvalue standard deviation:
[0.008855139397547618, 0.008167685948296494, 0.0038571880949728123, 0.008622499637576102, 0.012499950999903961, 0.00858032050683423, 0.011582745788456207, 0.011811938875561454, 0.008713414586142451, 0.008545758816512435, 0.011936745787692726, 0.009254620129967518, 0.004749588797990831, 0.010362909823017857, 0.009386425038319967, 0.004749588797990831, 0.00893413083349466, 0.00347418245778773, 0.0021281902523035802, 0.0022271057451320087, 0.005904633244326019, 0.0010597051476708144, 0.0003535180334862453, 0.001577973383805953, 0.0015582020889473923, 0.0006121886964000483, 0.000749662424028318, 0.0002499874996874772, 0.0003535180334862453, 0.0004998999899980072, 0.0, 0.0004329477451148221, 0.0, 0.0002499874996874772, 0.0, 0.0003535180334862453, 0.0003535180334862453, 0.0, 0.0, 0.0, 0.0003535180334862453, 0.0002499874996874772, 0.0002499874996874772, 0.0, 0.0002499874996874772, 0.0, 0.0002499874996874772, 0.0003535180334862453, 0.0, 0.0002499874996874772, 0.0002499874996874772, 0.0, 0.0, 0.0003535180334862453, 0.0002499874996874772, 0.0002499874996874772, 0.0003535180334862453, 0.0004329477451148221, 0.0003535180334862453, 0.0002499874996874772, 0.0, 0.0003535180334862453, 0.0003535180334862453, 0.0003535180334862453, 0.0003535180334862453, 0.0003535180334862453, 0.0002499874996874772, 0.0002499874996874772, 0.0, 0.0003535180334862453, 0.0002499874996874772, 0.0, 0.0, 0.0002499874996874772, 0.0002499874996874772, 0.0002499874996874772, 0.0, 0.0002499874996874772, 0.0002499874996874772, 0.0003535180334862453, 0.0002499874996874772, 0.0003535180334862453, 0.0] 

Smallest VQE eingenvalue optimizer final message:
{   'aux_operators_evaluated': None,
    'cost_function_evals': 83,
    'eigenvalue': -0.4375,
    'optimal_circuit': <qiskit.circuit.library.n_local.real_amplitudes.RealAmplitudes object at 0x00000135A5D5F2F0>,
    'optimal_parameters': {   ParameterVectorElement(θ[0]): 3.1529844582242044,
                              ParameterVectorElement(θ[1]): -2.775578031866306,
                              ParameterVectorElement(θ[2]): -0.8410977824351012,
                              ParameterVectorElement(θ[3]): 3.5236537265728294},
    'optimal_point': array([ 3.15298446, -2.77557803, -0.84109778,  3.52365373]),
    'optimal_value': -0.4375,
    'optimizer_evals': None,
    'optimizer_result': <qiskit_algorithms.optimizers.optimizer.OptimizerResult object at 0x00000135A903A750>,
    'optimizer_time': 6.2330732345581055}
     ┌──────────┐ ░       ░ ┌──────────┐
q_0: ┤ Ry(θ[0]) ├─░───■───░─┤ Ry(θ[2]) ├
     ├──────────┤ ░ ┌─┴─┐ ░ ├──────────┤
q_1: ┤ Ry(θ[1]) ├─░─┤ X ├─░─┤ Ry(θ[3]) ├
     └──────────┘ ░ └───┘ ░ └──────────┘
The number of ansatz parameters is: 
 4
Line for latex table
RA r1 rl & $1\mathrm{e}{-07}$ & 10000 & 100/100 &74 & $-4.375\mathrm{e}{-01}$ & $0\mathrm{e}{+00}$ & $0\mathrm{e}{+00}$ & $-4.3713\mathrm{e}{-01}$ & $3.75\mathrm{e}{-04}$ & - & 00h 09m 14s\\

