0.00016102316774152525
1.709109473890802e-05
1.6003061453384593e-05
7.037527938874577e-05
1.1883793623934658e-05
1.7704276415009268e-05
4.469095826376002e-05
1.3270175590218702e-05
2.6884583356590053e-05
1.894060964902078e-05
8.900750043450145e-06
1.0481602612744112e-05
1.4376166245611e-05
8.691666221471994e-06
2.6627956110081286e-06
1.4332694857788209e-05
1.7997207945097404e-05
9.973858109080247e-06
3.311095799757302e-05
7.11287115978676e-06
7.423109490029e-05
9.577034897345627e-05
3.0380081497083378e-05
7.173359771184273e-05
0.00011492628379544678
1.0906227212559294e-05
0.0004463725703643395
1.565681532861296e-05
2.9302223723048915e-05
2.398942968789841e-05
5.271319451050083e-06
2.1264358095629543e-05
1.1160543957167146e-05
2.8320677317561493e-05
0.0003991104841660209
4.040874289562568e-05
0.0001979305947245047
1.02024300474568e-05
3.6350465752788e-05
1.544518511403803e-05
6.366829265525009e-06
1.9473174187212283e-05
7.908200414741273e-06
1.3655580596960704e-05
1.3199364672367153e-05
3.509625561298746e-05
7.397827004373969e-06
0.00010772220357885276
2.0608589480441974e-05
1.7886179187798223e-05
6.467572836127422e-05
3.9528789015030874e-05
0.0002267087638013754
2.1749089437195224e-05
8.842995231683748e-06
7.668383350889485e-05
5.0248956860787786e-05
3.835807369356736e-05
9.026506390730216e-06
2.8905254245925605e-05
2.1908530657588354e-05
1.4819888620176691e-05
0.0007256036858239723
2.438510158214724e-05
6.178773153153738e-05
2.2082992842176186e-05
7.217746482152121e-05
4.662479618999793e-06
1.8819536756642385e-05
2.4595823006734463e-05
1.2755516835938341e-05
2.706659929069266e-05
8.717930125634599e-06
8.11428720809415e-06
1.221970565595809e-05
8.036541917927353e-05
5.956009398888629e-05
1.2343209412735145e-05
3.336946486043324e-05
5.709828501082592e-05
2.6246743522639893e-05
2.1743138349239466e-05
0.00015109434056842508
2.3422126213812344e-05
2.996474988170572e-05
3.714252918518568e-05
2.9938128907947004e-05
1.685237795240324e-05
1.1906324597743545e-05
1.8359656639987953e-05
2.33529493777751e-05
1.874620387370962e-05
1.689338330446155e-05
0.0001244819208253145
0.00019926400957548385
1.253977681409113e-05
1.5496225877598135e-05
1.2178603275958544e-05
1.9498384172311756e-05
1.5554439920295593e-05
