RA_r1_rl
08m02s__44
1e-02
0.3600262973861912
0.35930203331747945
0.38065413279237115
0.3738991508667908
0.39245068400383065
0.3572330470336311
0.35920497704263177
0.3574987324585803
0.35766441788352976
0.35808365669907216
0.35795939263036014
0.35933218483649565
0.36645371438416063
0.3617559438418194
0.3622789885796496
0.3749979315359089
0.35814934212402116
0.35756441788352955
0.3579179712741227
0.36771021149990646
0.3580351285616481
0.3590564489052077
0.36041122162668304
0.3582129460209533
0.39117631533306607
0.3575866004242243
0.6963768983423482
0.3674670657493988
0.3915399805044619
0.3633500563915151
0.36488350876943043
0.3573158897461055
0.40362053248481433
0.3576694431366989
0.3574280217804615
0.3572330470336311
0.35752299652729214
0.3589949265362926
0.385586365839405
0.3615718817984628
0.35959995178946214
0.3730974264725204
0.3689918348814991
0.36005472451093756
0.359370662467581
0.39637911112857704
0.36872148133712734
0.37438924829009346
0.3769991508667907
0.3574280217804615
0.37366290269336444
0.36371954773875137
0.3593334041673779
0.35939284500827573
0.35777152466471596
0.3572330470336311
0.366080565044278
0.35792507805530915
0.362250056391515
0.35755228584917376
0.36146807587617547
0.3744377764275173
0.3573866004242243
0.3751783355866196
0.36389269707863425
0.3611819323048018
0.35734517906798713
0.3630651321510232
0.37731508882343423
0.3693758969248555
0.38516697909422115
0.3593677187424287
0.35786441788352974
0.3576280217804615
0.3584664994115465
0.3605375672234121
0.36548680962832947
0.3631216292667685
0.35812507805530913
0.3576694431366989
0.36084173027944644
0.35745731110234313
0.3591392916176823
0.35751086449293634
0.3675491941943796
0.3572744683898683
0.35734517906798713
0.36037274399559793
0.361760969094989
0.35891208382381823
0.3583351285616483
0.3648885340226
0.360510359429548
0.36080411484549657
0.3579593926303599
0.3585493421240211
0.37795463785575967
0.35816649941154655
0.3572330470336311
0.35886563721441145
