0.3600262973861912 0.0012090469387083334
0.35930203331747945 0.0011183816432685234
0.38065413279237115 0.003937894678632225
0.3738991508667908 0.003159050965084294
0.39245068400383065 0.0044220672202036895
0.3572330470336311 0.0
0.35920497704263177 0.0010165655414187476
0.3574987324585803 0.0003741269837902465
0.35766441788352976 0.0005097872105104094
0.35808365669907216 0.0006515470052114437
0.35795939263036014 0.0005785451581337447
0.35933218483649565 0.000751322500661337
0.36645371438416063 0.0024728442126425976
0.3617559438418194 0.0016710854257039028
0.3622789885796496 0.0015696695512113377
0.3749979315359089 0.0031812634282624257
0.35814934212402116 0.0007643811222158794
0.35756441788352955 0.0004897019501697008
0.3579179712741227 0.0006039913078844782
0.36771021149990646 0.002502025779243693
0.3580351285616481 0.0005337316741584643
0.3590564489052077 0.000902209787133798
0.36041122162668304 0.0013284163503962197
0.3582129460209533 0.0007068267114364074
0.39117631533306607 0.004183356308037841
0.3575866004242243 0.0002549382278121433
0.6963768983423482 0.006706898239872141
0.3674670657493988 0.0026333981848554538
0.3915399805044619 0.004764664311365492
0.3633500563915151 0.001936068826255925
0.36488350876943043 0.0020998121344539336
0.3573158897461055 0.00024492447815600507
0.40362053248481433 0.0046249958378359645
0.3576694431366989 0.00035351591194739373
0.3574280217804615 0.00033908479765391007
0.3572330470336311 0.0
0.35752299652729214 0.00045809715126815184
0.3589949265362926 0.0010686671605322233
0.385586365839405 0.004058179394753269
0.3615718817984628 0.0014690604140061756
0.35959995178946214 0.001089794934838663
0.3730974264725204 0.003324143949951627
0.3689918348814991 0.002426048639248602
0.36005472451093756 0.0013977805621770546
0.359370662467581 0.0010738107375138292
0.39637911112857704 0.004584000163612564
0.36872148133712734 0.0025952722400549833
0.37438924829009346 0.0028785848085474213
0.3769991508667907 0.0033348037423512637
0.3574280217804615 0.00033908479765391007
0.37366290269336444 0.002655112803630005
0.36371954773875137 0.0017922379864292552
0.3593334041673779 0.0012198305210151142
0.35939284500827573 0.0008936643665269441
0.35777152466471596 0.0006240937429585459
0.3572330470336311 0.0
0.366080565044278 0.002214560001444979
0.35792507805530915 0.0006887514065321391
0.362250056391515 0.001875090797801537
0.35755228584917376 0.00045266930534330966
0.36146807587617547 0.0016806516593274121
0.3744377764275173 0.0029032544669732297
0.3573866004242243 0.00029152958683467006
0.3751783355866196 0.0029780983865547515
0.36389269707863425 0.0020865995063739477
0.3611819323048018 0.0014101441415685153
0.35734517906798713 0.00023450906165859955
0.3630651321510232 0.0018626252977987838
0.37731508882343423 0.0032293858549265987
0.3693758969248555 0.0025386275819820428
0.38516697909422115 0.004248414527797399
0.3593677187424287 0.0011615827564147132
0.35786441788352974 0.0004898030216321507
0.3576280217804615 0.000308198799478504
0.3584664994115465 0.0007773895419929404
0.3605375672234121 0.0014476651891925823
0.36548680962832947 0.0023042312166968
0.3631216292667685 0.0018108203941860114
0.35812507805530913 0.0006741175713479091
0.3576694431366989 0.00035351591194739373
0.36084173027944644 0.0015861127009137801
0.35745731110234313 0.0003316293111291344
0.3591392916176823 0.0009661317197980748
0.35751086449293634 0.0004182565002483515
0.3675491941943796 0.0022263458850771546
0.3572744683898683 0.00017319642028632774
0.35734517906798713 0.00023450906165859955
0.36037274399559793 0.0012392287924350405
0.361760969094989 0.0016862419755183386
0.35891208382381823 0.0010403871875412504
0.3583351285616483 0.0004742641668943674
0.3648885340226 0.0020384586088513065
0.360510359429548 0.0015097686908927502
0.36080411484549657 0.0012230596878321203
0.3579593926303599 0.0006283108307199565
0.3585493421240211 0.0007774847265380856
0.37795463785575967 0.003715697848318673
0.35816649941154655 0.0006959522253718266
0.3572330470336311 0.0
0.35886563721441145 0.0010613076839446655
