No Shot Noise
24/10/2024 11:38:21 

VQEr_100_COBYLA_maxIter_10000_tol_1e-07_RA_r1_rl 

Reference value: 8.9159936233e-01 

Qubits:  5
VQE runs:  100
Optimizer:  COBYLA
Max iterations:  10000
Optimizers's tolerance:  1e-07
Ansatz:  RA_r1_rl 

Only 70 runs out of 100 converged
Number of iterations for each converged VQE run:
[5624, 2540, 5667, 4252, 2081, 3033, 3650, 2718, 5502, 3220, 5144, 2534, 4686, 2393, 5155, 5812, 5694, 2704, 5267, 4536, 6445, 2797, 5027, 2167, 2421, 4469, 3599, 2614, 3188, 2317, 3436, 2745, 6730, 5379, 3226, 2067, 5125, 2473, 4594, 5189, 4891, 5480, 5400, 2855, 2013, 2849, 3051, 3378, 2016, 4297, 3531, 5146, 6099, 3651, 3075, 2326, 4629, 5039, 4698, 6459, 5028, 2945, 4640, 3175, 2798, 6307, 2774, 2700, 4166, 4367] 

Average iterations of converged run:
3971 

VQE eigenvalues:
[0.9147898232813948, 0.9147898500520851, 0.9147897987321014, 0.8936991591794413, 0.8936991591681881, 0.9147898500477252, 0.8936991254000002, 0.8936991591694121, 0.893699159171656, 0.9147898500470011, 0.8936990876528038, 0.893699159167153, 0.89369915918658, 0.8936991591683934, 0.9147898500720769, 0.8936991591606919, 0.8936991591791594, 0.9147897960408214, 0.9147898241710031, 0.8936991591698629, 0.9147898567278179, 0.8936991591669173, 0.914789906614419, 0.8936991591688156, 0.89369915916878, 0.8936991661972779, 0.9147898500506536, 0.893699159166645, 0.9147898500485057, 0.8936991591693242, 0.914789863362818, 0.9147898500490437, 0.9147898328867697, 0.8936991591677188, 0.9147898500464169, 0.8936991591681989, 0.9147898386975994, 0.8936991591672553, 0.8936991329570236, 0.8936991374707951, 0.9147897094221643, 0.914789861910279, 0.8936991591943813, 0.9147898500586213, 0.9147898500498497, 0.9147898500480641, 0.8936991591736165, 0.9147898500509309, 0.8936991591702207, 0.8936991591709128, 0.8936991591669186, 0.8936991591876282, 0.8936991591387345, 0.9147898500700773, 0.9147898500499083, 0.8936991591711405, 0.8936991444805797, 0.8936991591759081, 0.8936991591559323, 0.8936991591822098, 0.893699159177124, 0.9147898500467013, 0.9147898808884335, 0.8936991591675457, 0.9147898500538021, 0.9147898669718206, 0.9147898500672713, 0.914789850049208, 0.8936990616582365, 0.8936992859335158] 

Median VQE eigenvalues:
0.8936991591871042 

Min eigenvalue after 100 VQE steps on Aer qasm simulator: 8.93699e-01
Delta from reference energy value is 2.09970e-03 

Optimizer history of the smallest VQE eigenvalue:
[52.718342057928645, 74.05513875821914, 84.26478016547541, 42.82489652812628, 59.30987585171524, 32.91210382502781, 35.20038774149905, 30.442117434843986, 20.893054885191578, 7.604686250205738, 7.856109190485065, 9.409332606763185, 7.957980786721027, 16.95623180887613, 11.98476234299338, 13.679497652593012, 15.79512491899805, 7.631765615271316, 8.960057993669704, 10.364509913622964, 4.5420014096346835, 2.9565313415446437, 2.321643975444063, 2.3572362088719117, 3.2303185123353404, 1.8943704225149942, 1.2830478799398901, 1.4270502553050102, 1.2502858504808185, 1.4007535188952283, 1.2164730906353711, 1.872432305523328, 2.251283319346242, 1.1799641058029435, 1.1647112333781509, 1.288236219882535, 1.221179808909213, 1.3832126373379918, 1.153955362410589, 1.2944400065757995, 1.183790418772742, 1.3762162477480946, 1.1971482029981886, 1.2368339945356128, 1.1845647405832054, 1.1597174127881302, 1.170209119841445, 1.2020435524508997, 1.1446338838175705, 1.1555101522063813, 1.145169579397777, 1.1532899485373622, 1.144261171846172, 1.142171517469664, 1.1347127347713737, 1.1450922297288104, 1.139270718032395, 1.1346350047514533, 1.1386726888557288, 1.1418621904585733, 1.1489567809415309, 1.115247699380529, 1.1219949402507468, 1.1173890092694307, 1.129795266140157, 1.1160490062150046, 1.1168520507297814, 1.1204124683566297, 1.1142392705054025, 1.1107201276186514, 1.1030297142338594, 1.1063545140640496, 1.1068622430795114, 1.0983626988342667, 1.0913171493704064, 1.0865891694120884, 1.0870696826399247, 1.0816939625787991, 1.0806711822784825, 1.0800927187544715, 1.0783049147692307, 1.0798862130467557, 1.0748075443128842, 1.0654962051725136, 1.0635512176222266, 1.0582654927811777, 1.0601712977283793, 1.0586213281679682, 1.0596088840823188, 1.0562230204875709, 1.0576804405399005, 1.0550045310734695, 1.061531169321258, 1.05452662239845, 1.0498484829442192, 1.0531414113620894, 1.0553861297843712, 1.0477390708557277, 1.0461293433249588, 1.043604438231954, 1.043256157754891, 1.0431020713512842, 1.0416356084536276, 1.0425225810579648, 1.0419081988641223, 1.0389306838100851, 1.0394690586620865, 1.0377229813813038, 1.034785425699333, 1.0317281014683184, 1.029789395934482, 1.0280361198005916, 1.0282809527199148, 1.0284274455714564, 1.0280622284109162, 1.0281254701885596, 1.0251665074451972, 1.0250618322987994, 1.024179209202656, 1.0206697100199607, 1.017741370654739, 1.0158569127897736, 1.0158643990055758, 1.0166454101546873, 1.013603328902003, 1.0130101324913374, 1.0141732198653948, 1.013568018935359, 1.0135692208447462, 1.0113836592993628, 1.0088271126749357, 1.0075195441938734, 1.0099737602705163, 1.0089500902299497, 1.005590270893398, 1.0029541912452575, 1.000773647778235, 1.0000015838323655, 1.0003106094352632, 1.0001087927344994, 0.9999636338132313, 0.9993113191948602, 0.9966270868344269, 0.9993476472221683, 0.9963485599600814, 0.993362842196431, 0.9911411423916733, 0.9902364752760168, 0.9911166655309579, 0.9904924738904767, 0.9899525161130734, 0.9900095441301977, 0.9922294317131601, 0.9888925999673926, 0.9858942836376151, 0.9852381097311169, 0.9853047570548271, 0.983205606014506, 0.9834946571279127, 0.9836514133644633, 0.9806998516014123, 0.980436757529444, 0.9801761286150625, 0.9793016274400824, 0.979099067934172, 0.9778899914250038, 0.9750916389912814, 0.9749196400882649, 0.975449921255102, 0.973645161678511, 0.973152011567942, 0.9730456843570614, 0.9704095848428335, 0.9680066246801232, 0.967657270201739, 0.9685202634882002, 0.9668073084944465, 0.9648371716643728, 0.9622948892977402, 0.9622962179876842, 0.9620626329709425, 0.9629642641076989, 0.9617773185349497, 0.9601140873831384, 0.9590165503296066, 0.9577738035426484, 0.9581440501902619, 0.9572980977933155, 0.9590242884118129, 0.9577981074878051, 0.9557509157094105, 0.9546679412132739, 0.9534222905409965, 0.9539633630652918, 0.9528435222387655, 0.9508540488023275, 0.9491994800496173, 0.9487081914897479, 0.9481491451076381, 0.9465154672990345, 0.9472855816616711, 0.945727482577523, 0.945631977430865, 0.9458980234471199, 0.9438183450484612, 0.9426783489493171, 0.941361578412929, 0.9419094991711559, 0.9408151332628616, 0.9403085505908646, 0.9412083590675999, 0.9397247977325214, 0.9396637652750738, 0.9391003008313877, 0.9395616842317578, 0.9388124546321193, 0.936916060214546, 0.9371136507484202, 0.9361665132555195, 0.9347660194677267, 0.9350512007593255, 0.9343420802188019, 0.9334908163087278, 0.9329576559442723, 0.9333463493745406, 0.9334832519774641, 0.9329811940590764, 0.9319762525743355, 0.9330785119869125, 0.9310986694301497, 0.9294920925116662, 0.92946363752782, 0.9295523871582996, 0.9290488051413459, 0.929267374709716, 0.9288939081467751, 0.9294803979484909, 0.9286369628094437, 0.9274527006093793, 0.9288424061842638, 0.9272925863561825, 0.9269135672635715, 0.9253730649202146, 0.9248339058889081, 0.924659664308887, 0.9244746132899869, 0.9247399708042215, 0.9247585917040739, 0.924075839609898, 0.9227213598085974, 0.9225671702816811, 0.9219377190757855, 0.9207264787985616, 0.9215135844693195, 0.9209644730324852, 0.9206501539698627, 0.9204454664773227, 0.9206652067723348, 0.9204828959841347, 0.9193805640737799, 0.9208648056021318, 0.9188747211879894, 0.9184066625328408, 0.9193087848445897, 0.9174884397970887, 0.9180328965960447, 0.9171913691593273, 0.9168018184571997, 0.9173737719982558, 0.9157213649652165, 0.9158993932964264, 0.9156882299921595, 0.9158568349428924, 0.9162337621854488, 0.9150972259067881, 0.9170964034090352, 0.9149589666679386, 0.9141248453763549, 0.9144113327331894, 0.9136698165300434, 0.9140063745866893, 0.9133787582202887, 0.9132214634509916, 0.9129240937329774, 0.9126681074818414, 0.9126297289418271, 0.9122787444337123, 0.9123076894976533, 0.912498214243984, 0.9125710563549617, 0.9116362030605217, 0.9112796113284282, 0.9110675946063693, 0.911494861841362, 0.9109517381046411, 0.9106596335661997, 0.9104158443422797, 0.9098335889903889, 0.9099086266781456, 0.9098273339253647, 0.9096091009498822, 0.9092000576266828, 0.9093570740457321, 0.9090066019580161, 0.908611701979621, 0.9083864160578587, 0.9083722955520611, 0.9084622348283631, 0.9084578820141576, 0.9081150596236228, 0.9081698952578043, 0.908150059534671, 0.9084487173017068, 0.9078891106254551, 0.9074586679883462, 0.9072630953980385, 0.9072659929055571, 0.9072971900240377, 0.9071508334067975, 0.9071426860180865, 0.9068655713188305, 0.9074292152354042, 0.9071482131681441, 0.9064062565971163, 0.9060715604560358, 0.9060078194659906, 0.9062175098663101, 0.906271102665928, 0.9058852505665211, 0.9058473340804499, 0.9058869730660785, 0.9054662499432199, 0.9060531541536716, 0.9054202016584391, 0.904965984565583, 0.9049354849329287, 0.904887066966688, 0.9046246107580631, 0.9045939999776984, 0.904628694410528, 0.9051278856309156, 0.9046137069193697, 0.9040660565756653, 0.904105375275643, 0.9040101864632439, 0.9037096659788942, 0.9032924583073202, 0.9031180479249894, 0.9032067418087474, 0.9030978244738063, 0.9030655100124679, 0.903136603948745, 0.9030070606981585, 0.9032761429829099, 0.9024784024505466, 0.9022395842937542, 0.9020795360850427, 0.9020696599649762, 0.9019823451798329, 0.9019023763394772, 0.9019147779109318, 0.9019211270658879, 0.9019174463874411, 0.9015831035064146, 0.9012257423395983, 0.9010465969332261, 0.9009738317848317, 0.9009250178194202, 0.9012145248707878, 0.9009988997994142, 0.9005248917969033, 0.9006490249181858, 0.9004581245820396, 0.9003517798257777, 0.9003174809331712, 0.9001576762857435, 0.9005383961495832, 0.9001118365482859, 0.8998740143680777, 0.8995957655471538, 0.8995900447063635, 0.8995657347793663, 0.8992857445818079, 0.8990073845930827, 0.8987726242238032, 0.8986279797212494, 0.898490877738711, 0.8988333203132599, 0.8983827490887566, 0.8983155638858682, 0.8984494135032186, 0.8981978716441129, 0.8982913023948811, 0.8982581583018812, 0.898317591321252, 0.8982503530278804, 0.8983796943948646, 0.8980968302885154, 0.8979363155832705, 0.8980026414087616, 0.8979710273243323, 0.8980412878042454, 0.8979557342310082, 0.8979958133363861, 0.8979074062672516, 0.8979894807543357, 0.8978697300108688, 0.8979135871809539, 0.8977790436961507, 0.8977984789367259, 0.8977833123697506, 0.8976819135305273, 0.8976758304803142, 0.897747264159156, 0.8975638453622949, 0.8974669580960315, 0.8974234194184407, 0.897376349330496, 0.8973790425317035, 0.8973433559787608, 0.8974729097295593, 0.8972857048016103, 0.8973135928574054, 0.8972762211867302, 0.8971508614414299, 0.8971126350129981, 0.8971074745010491, 0.8971871427545298, 0.8971277360637218, 0.8970169420250258, 0.8969143192612365, 0.8968258574650243, 0.8968215655111058, 0.8968326323345023, 0.8968225877105521, 0.896832497376399, 0.8966842168111868, 0.8965838077595455, 0.8964990124252427, 0.896434210307941, 0.8964498195451794, 0.8964765440882804, 0.8964110223413656, 0.8963997869456, 0.8964109460379663, 0.8964154862720898, 0.8963272019264227, 0.8962475593682871, 0.8962231478209428, 0.8962671366175541, 0.8962765062744763, 0.896143575875277, 0.8960602695275905, 0.8960454294779048, 0.8960620854546144, 0.8960151682659637, 0.8960781844952727, 0.8959651983749752, 0.8959715938104253, 0.8958900963956772, 0.8959119656197915, 0.8958643513625961, 0.8957822707175671, 0.8957783945700704, 0.8957669337698484, 0.8957856215658617, 0.8957515717763292, 0.8957136704960967, 0.8957349456642715, 0.8957345545967846, 0.8956804754035128, 0.8955587391815595, 0.8955513978628403, 0.8955290367345257, 0.8954689998520234, 0.8954583944456823, 0.8954430979464948, 0.8954529821663799, 0.8954219770050839, 0.8954639500472017, 0.8954074384332192, 0.8954348399782387, 0.8954251029493246, 0.8953471914414965, 0.895339878298607, 0.8953661288968038, 0.8954239800489772, 0.8953813271860446, 0.895302735873805, 0.8952705446084462, 0.8952481496046768, 0.8952433040644635, 0.8952069931745343, 0.8951845868774874, 0.8952329902534609, 0.8951729152838015, 0.8951435157502855, 0.8951233813424574, 0.8950895386955431, 0.8950207916267173, 0.8950004428808842, 0.8949965923157979, 0.8949904182301971, 0.8950221976370218, 0.8949494601953745, 0.8949178465232913, 0.8950066223395897, 0.8949101292623189, 0.8949929347847809, 0.8949252879055131, 0.8948592946927577, 0.8948004802033117, 0.8947959625208033, 0.8948092433968989, 0.8948290184515072, 0.8948298072284028, 0.8947749265577735, 0.8947196241441037, 0.8947419184054576, 0.8947167655994378, 0.8946981124097412, 0.8947036307453733, 0.8947517265359155, 0.8947114779381999, 0.8947212376976763, 0.894703264745108, 0.8946600000191743, 0.8946890388390837, 0.8946649121996773, 0.8946774294783065, 0.8946667342095354, 0.8946504462426101, 0.8946655972873461, 0.8946217219342721, 0.8946414436368593, 0.8946303499709366, 0.8946093495330997, 0.8946146982222831, 0.8945931948239318, 0.8945890290249534, 0.8945886426640238, 0.8945613235262091, 0.8945647039572617, 0.8945523358559491, 0.894536084410462, 0.8945220753672746, 0.8944981166531916, 0.8944817351572937, 0.8944853826756538, 0.8944778089473909, 0.8944815575978409, 0.8944839140652062, 0.8944557071226787, 0.8944550612985341, 0.8944508463256509, 0.8944570125716725, 0.894447964247268, 0.8944350209784353, 0.8944410249997661, 0.8944407081783142, 0.8944233896542977, 0.8944067117392926, 0.8944063019537792, 0.8944009013666646, 0.8943850072354006, 0.8943661903604627, 0.8943642871521371, 0.8943850117693308, 0.8943426737657563, 0.8943227882979646, 0.8943210565872219, 0.8943325889138408, 0.894305067321937, 0.8943161965262362, 0.8943038764859655, 0.8943281383543931, 0.8943094637314439, 0.8942852793555492, 0.8942857283802438, 0.8942901371318824, 0.894307464856918, 0.8942840004814249, 0.8942697499348277, 0.8942736690810782, 0.8942653405051685, 0.894266677809413, 0.894260905724146, 0.8942601909194648, 0.8942656460235469, 0.8942673295499312, 0.8942514801938711, 0.8942484234828761, 0.8942523638321895, 0.8942423776872249, 0.8942455152347766, 0.8942467550471283, 0.8942302507901428, 0.8942288623104224, 0.8942262837562567, 0.8942183600556703, 0.8942061976220358, 0.8941986016425504, 0.8941973279805359, 0.8941981100502907, 0.8941891153895577, 0.8941790752695435, 0.8941738427482248, 0.8941634196157179, 0.8941547572944758, 0.894152199058658, 0.8941526955021873, 0.8941539694175163, 0.8941424286804796, 0.894134964114764, 0.8941272068100802, 0.8941279566389081, 0.89412898133559, 0.8941211559895492, 0.8941140320856152, 0.8941074458932161, 0.8941045684490557, 0.8941074989138251, 0.8941083360547859, 0.8940975303238115, 0.8940996448634627, 0.8940982589310913, 0.8940882985435703, 0.8940856393386448, 0.8940875986081774, 0.8940813650532013, 0.8940822496733082, 0.8940782656030025, 0.8940780472875083, 0.8940774776539337, 0.8940734114409525, 0.894078948447766, 0.8940691064887307, 0.8940618620048224, 0.8940547865812292, 0.8940566950371438, 0.8940578187997054, 0.8940509134492585, 0.8940443339046589, 0.8940387645225065, 0.894033821408165, 0.8940338645762022, 0.8940335478133626, 0.8940345588440385, 0.8940348000817195, 0.8940315951813309, 0.8940270251355561, 0.8940208164020403, 0.8940254202857503, 0.8940202289125516, 0.8940177460904093, 0.8940199397002337, 0.8940192601742476, 0.8940138793901887, 0.8940177314988946, 0.8940088741609151, 0.8940069624147298, 0.894009309200796, 0.8940039760780673, 0.8939977054744349, 0.8939928660389782, 0.8939922456313748, 0.8939954528860616, 0.8939955618158227, 0.8939924687490687, 0.8939850318251127, 0.8939814927873314, 0.8939807817223377, 0.8939800682555227, 0.8939823296722477, 0.893982280738736, 0.8939794427376859, 0.8939782551106346, 0.8939710818728595, 0.8939690960308735, 0.8939688180555895, 0.893969567196312, 0.8939694356765577, 0.893972597283119, 0.8939613141456637, 0.8939608747384167, 0.8939608292777401, 0.8939635690741199, 0.8939622881861589, 0.8939582657103244, 0.8939568230544434, 0.893957896151671, 0.8939555873865911, 0.8939471631320737, 0.8939471614397658, 0.8939423096164714, 0.8939431845276008, 0.8939412184253152, 0.893936686112311, 0.8939348545942668, 0.8939356762742969, 0.8939428578836867, 0.8939372962855027, 0.89393443692303, 0.893934867336263, 0.8939305289835503, 0.8939372928863503, 0.8939336799372406, 0.8939241432636563, 0.8939239570038476, 0.893922737232322, 0.8939175269834139, 0.8939187634443616, 0.8939165025446282, 0.8939175323581319, 0.8939170680186936, 0.8939120692580041, 0.8939159854735508, 0.893913817022488, 0.8939070445290344, 0.8939046160697169, 0.8939068740256355, 0.8939063935726342, 0.8939101630515252, 0.8939067394339574, 0.8938995296908322, 0.8938989917162241, 0.8939001150167024, 0.8938966517872065, 0.893897438644755, 0.8939004984006507, 0.8938916966539998, 0.8938904791137451, 0.8938932549191674, 0.893891582904226, 0.8938904236553463, 0.8938904476486003, 0.8938899846063497, 0.8938931290735309, 0.8938907386319196, 0.8938867553041729, 0.8938899591366885, 0.8938863113407908, 0.8938850885443719, 0.8938840955135233, 0.8938821679036147, 0.8938817767258738, 0.893882157118472, 0.8938817041558005, 0.8938871221990371, 0.8938778422758682, 0.8938709256035424, 0.893869499651259, 0.8938699887022451, 0.8938680521418858, 0.8938719289658195, 0.8938721517604699, 0.8938670408732868, 0.8938598927942609, 0.8938585152323566, 0.8938588416520581, 0.8938595769609357, 0.8938576165531564, 0.893856454901326, 0.8938561644266789, 0.8938562749376318, 0.8938544599768821, 0.8938543242755248, 0.8938544026597675, 0.893853609701008, 0.8938582362096051, 0.8938528809530507, 0.8938467570750905, 0.8938466886744926, 0.8938500558527832, 0.8938466364835917, 0.8938463230885526, 0.8938442211357825, 0.8938392425723524, 0.8938402190858984, 0.8938363469297854, 0.8938330663262293, 0.8938348251049791, 0.8938340800407216, 0.8938289998184674, 0.8938282383951593, 0.893828162152498, 0.8938298436571074, 0.8938263823045202, 0.8938262944541816, 0.8938280262128495, 0.8938232402604429, 0.8938253556260204, 0.8938233031230929, 0.8938222289374375, 0.8938246138150534, 0.8938237131757242, 0.8938204498247325, 0.8938175384872387, 0.8938211561702677, 0.8938180270701293, 0.8938178238536741, 0.8938190616905882, 0.8938201731721698, 0.8938149257569562, 0.8938136170515286, 0.8938127176427842, 0.8938112687999769, 0.8938099320929508, 0.8938093474046613, 0.8938099980860343, 0.8938094925483487, 0.8938099652753518, 0.8938104192879623, 0.8938094717786641, 0.8938095119863888, 0.8938071211669387, 0.8938073147702625, 0.8938074777958946, 0.8938051002299707, 0.8938040414400769, 0.8938039512610979, 0.8938046822832222, 0.8938018683030434, 0.8938022312520899, 0.8938017064898935, 0.8937999194156034, 0.8937982140117827, 0.8937979962554742, 0.8937976630638221, 0.8937965626873537, 0.8937974751063693, 0.8937958417216365, 0.8937943239305773, 0.8937926110768531, 0.8937924994472357, 0.8937930461809545, 0.8937915558319238, 0.8937901827528725, 0.8937906561226864, 0.8937898857752942, 0.8937894736073784, 0.8937888986916863, 0.8937874626859701, 0.8937870725855719, 0.8937876954788685, 0.8937866579489229, 0.8937850721504285, 0.8937837832340784, 0.8937856398274783, 0.893784047776888, 0.8937821453869689, 0.8937812563000987, 0.8937808013890634, 0.8937806648171673, 0.8937812401795354, 0.8937801714843491, 0.8937793636957826, 0.8937798596428647, 0.8937793439634664, 0.893777999235692, 0.8937784064510116, 0.8937780380943122, 0.8937784472999042, 0.8937789261878376, 0.8937764097342433, 0.8937767197117005, 0.8937763764290528, 0.8937765575251757, 0.8937762642195524, 0.8937752300068816, 0.8937742684457158, 0.8937741884948824, 0.8937748214203016, 0.8937747102341673, 0.8937741430945302, 0.8937726348117518, 0.8937716410166565, 0.8937711880335337, 0.8937726374478355, 0.8937722654812459, 0.8937690683185108, 0.8937693930242511, 0.8937692674723144, 0.8937692664031729, 0.8937690789424797, 0.8937695574283276, 0.8937676907949448, 0.8937685067268434, 0.8937673775685702, 0.8937666137776906, 0.8937660612252288, 0.8937644287913225, 0.8937644168019394, 0.8937649179990474, 0.893763259899189, 0.8937624853464323, 0.8937629808763108, 0.8937615953994983, 0.8937609541155607, 0.893761493825488, 0.8937611091189582, 0.8937628808916808, 0.89376108054316, 0.8937595068080695, 0.8937594424457088, 0.8937602534961757, 0.8937595423868364, 0.8937595558364632, 0.8937589107945474, 0.8937578356946191, 0.8937598258398931, 0.8937576304621574, 0.8937563850446737, 0.8937566947454606, 0.8937563775307737, 0.8937556075579841, 0.8937549584179834, 0.8937547383182741, 0.8937544843886993, 0.8937533073887872, 0.8937527967736281, 0.893753917327645, 0.893752696602526, 0.8937516603949223, 0.893751414942458, 0.8937515780367103, 0.8937509983705191, 0.8937511596357864, 0.8937527415280313, 0.8937508720349047, 0.8937502536437316, 0.8937490620310555, 0.8937495816145381, 0.8937488647289654, 0.893749954971654, 0.8937489138955603, 0.893748034197444, 0.8937489133312038, 0.8937479846027, 0.8937488470552623, 0.8937476288295126, 0.8937475556812382, 0.8937486149631338, 0.8937467754899375, 0.8937460878039217, 0.8937460821471679, 0.8937462685639447, 0.8937458615088923, 0.8937470139187196, 0.8937454923909403, 0.8937454211686439, 0.8937438149431449, 0.89374275433177, 0.8937424172523667, 0.8937417623182642, 0.8937431519125957, 0.8937424870988864, 0.8937420361577122, 0.8937418807441971, 0.8937420480581925, 0.8937419294414792, 0.8937419926772016, 0.8937410958723548, 0.8937402833834541, 0.8937394429542228, 0.8937393284061332, 0.8937392185626397, 0.8937405481050334, 0.8937391408268267, 0.8937385310173939, 0.8937388879297432, 0.8937385680525756, 0.8937381333916107, 0.8937376499776561, 0.8937374232787133, 0.8937381413771555, 0.8937363599794428, 0.8937355931260758, 0.8937359366601481, 0.8937358927772052, 0.893736087588485, 0.8937359820558282, 0.8937365857153788, 0.8937356753370522, 0.8937348062080437, 0.8937345504538061, 0.8937345417794224, 0.8937357985373194, 0.8937342918318953, 0.8937336311781408, 0.8937346379626275, 0.8937337706837228, 0.8937327516131933, 0.8937331352297538, 0.8937327314440384, 0.8937331566030653, 0.8937323080055817, 0.8937316355901086, 0.8937316831978082, 0.8937318429408599, 0.8937314387688141, 0.8937313654304776, 0.8937315057021337, 0.8937321953661638, 0.893730950971953, 0.8937308564348926, 0.8937306392323684, 0.893731825572848, 0.893731308586496, 0.8937308235341759, 0.8937301823089889, 0.8937292849063576, 0.8937295531513645, 0.8937293971685955, 0.8937289697594702, 0.8937290867229752, 0.8937292962765814, 0.8937297527631033, 0.893728883986821, 0.893729139876605, 0.8937288579379887, 0.8937288102722375, 0.8937290052070216, 0.8937286178340604, 0.8937280004543616, 0.8937277896435235, 0.8937280063831285, 0.8937277787219049, 0.89372753116539, 0.8937274438750912, 0.8937271998117544, 0.8937267230802326, 0.8937268389143193, 0.8937268109884775, 0.8937263414279685, 0.8937260498019698, 0.8937258401976054, 0.8937264878625082, 0.893725843534686, 0.8937259263474151, 0.8937259909546651, 0.8937255577069004, 0.8937252580038523, 0.8937251429146926, 0.8937250700679615, 0.893725169190744, 0.8937254035842468, 0.893724560974248, 0.8937243578818146, 0.8937243755615624, 0.8937243633618271, 0.8937241996498135, 0.8937242300106611, 0.8937243220921616, 0.8937242323969793, 0.893723934382987, 0.8937241631275441, 0.8937238414254024, 0.8937238765423366, 0.8937238735748269, 0.8937239233849021, 0.8937236152979356, 0.8937235739362147, 0.8937236305492989, 0.8937234557069815, 0.8937234194681715, 0.8937234396991318, 0.8937233034771023, 0.8937233042691557, 0.8937234054600922, 0.8937231055769138, 0.8937229340023416, 0.8937227565395985, 0.8937225777307394, 0.8937225297252788, 0.8937225324650845, 0.8937224011972963, 0.8937224357733514, 0.8937224729996086, 0.8937221996040121, 0.8937221265895781, 0.8937220336705198, 0.893721854275543, 0.8937217382045375, 0.8937215965563009, 0.8937215057647906, 0.8937215325454531, 0.893721565601122, 0.8937213450058692, 0.8937213526891923, 0.893721310416569, 0.8937210864573609, 0.8937209766848153, 0.8937208207010556, 0.8937207574585726, 0.8937207128251995, 0.8937207186148349, 0.8937207238002354, 0.8937204984014523, 0.8937203564167849, 0.8937203251899319, 0.8937204119860492, 0.8937201108401964, 0.8937199988094663, 0.8937198808081455, 0.8937197104738419, 0.8937196668793439, 0.8937197447351578, 0.8937195730143935, 0.8937193674576961, 0.89371926022757, 0.8937191160949363, 0.8937189733725931, 0.8937189522373087, 0.8937189123077763, 0.8937189664522471, 0.8937189097760535, 0.8937186640270579, 0.8937185304293057, 0.8937184644502486, 0.8937183487811114, 0.8937183523826413, 0.8937183368847537, 0.8937183093721236, 0.8937182249867648, 0.8937181218231617, 0.8937180686865253, 0.8937179311358047, 0.8937177589280086, 0.8937177182696934, 0.8937177547172829, 0.8937177831048692, 0.893717644027575, 0.8937174344489541, 0.8937173840036956, 0.8937174021629003, 0.8937173765316206, 0.893717326436494, 0.8937171128826212, 0.8937169883759442, 0.8937169031260085, 0.8937170133133355, 0.8937168426362483, 0.8937169082895653, 0.8937168174313039, 0.8937166604273804, 0.8937165485561887, 0.8937164305315524, 0.8937163971458718, 0.8937164093478233, 0.8937163249120568, 0.8937161895368085, 0.8937162257911019, 0.8937161294683543, 0.8937159306775576, 0.8937158957314282, 0.8937158962364274, 0.8937157436874459, 0.8937156697183323, 0.8937155292779076, 0.8937155171613933, 0.8937155638635994, 0.8937154590968562, 0.8937153848522054, 0.8937151957651358, 0.893715030619655, 0.8937149968758197, 0.8937150221445693, 0.893714942259018, 0.893715031021035, 0.8937149743766079, 0.8937147467375034, 0.8937146778602146, 0.8937145282554856, 0.8937144614589002, 0.8937144213832219, 0.8937143314291675, 0.8937141825803997, 0.8937142719899517, 0.8937141483323364, 0.8937142510215117, 0.8937141574908521, 0.8937139701085417, 0.8937138677509348, 0.8937138942504318, 0.8937138528259758, 0.8937137544227474, 0.893713847880398, 0.8937138016400697, 0.8937136042090911, 0.8937134833658047, 0.8937134694721639, 0.8937134925266385, 0.8937133971059127, 0.8937134246892585, 0.8937134113428346, 0.893713213326191, 0.8937130917363343, 0.8937130672540009, 0.8937131018855698, 0.8937129318818191, 0.8937128799564353, 0.8937128150512585, 0.8937128313263635, 0.8937129473071739, 0.8937127706442498, 0.8937126304048839, 0.8937124831155144, 0.8937124376765962, 0.8937124109418009, 0.8937124718453173, 0.8937123619840337, 0.8937124744753978, 0.8937123443307766, 0.8937121522054738, 0.8937120955820708, 0.8937120230133686, 0.8937120329105742, 0.8937119031086785, 0.8937119069271796, 0.8937118915071974, 0.8937117638159249, 0.893711679847138, 0.8937117382622363, 0.8937117082325926, 0.8937115707621719, 0.8937114184875339, 0.8937113811693606, 0.8937113893685484, 0.8937112996252045, 0.8937112624654933, 0.8937111796154181, 0.8937110177872155, 0.8937109758073193, 0.8937109015149113, 0.8937107669970582, 0.8937107629829169, 0.8937107303585741, 0.8937106263834808, 0.8937105746365865, 0.8937105005505402, 0.8937104982684354, 0.8937106377750611, 0.8937104845001737, 0.8937103728527307, 0.8937104037769763, 0.8937103665703314, 0.8937101806735951, 0.8937100844265771, 0.8937100248036762, 0.893710031578697, 0.8937100130856235, 0.8937099157060063, 0.893709865498374, 0.8937098582849852, 0.8937098700546872, 0.8937098053606365, 0.8937098796998652, 0.8937097893959685, 0.893709652807167, 0.8937097048182103, 0.8937096926521594, 0.8937096281297493, 0.8937096288879283, 0.8937095470026829, 0.8937094391072841, 0.8937094964449158, 0.8937094208892676, 0.8937093557327453, 0.893709364132343, 0.893709445907117, 0.8937092368994823, 0.8937091102502878, 0.8937090531346568, 0.8937090625711571, 0.8937090790255433, 0.8937090254909525, 0.8937090482566118, 0.8937090565322388, 0.8937090899564402, 0.8937088804418116, 0.8937089123785187, 0.8937088910967765, 0.8937088235735196, 0.8937088568686219, 0.893708826930755, 0.8937087602925763, 0.8937087198561112, 0.893708649327598, 0.8937085533263004, 0.8937085525514932, 0.8937086293890905, 0.8937084060632003, 0.8937082951270692, 0.8937082454094217, 0.8937081642239578, 0.8937081048261746, 0.893708189817307, 0.8937080308979098, 0.8937079471530698, 0.8937078679344389, 0.8937078739577731, 0.8937078755552538, 0.8937078989192806, 0.8937077997283097, 0.8937077704871611, 0.8937077613638746, 0.8937077392067276, 0.8937076874570586, 0.8937075798972024, 0.8937075158931161, 0.8937075371241624, 0.8937075376866663, 0.8937074083143116, 0.8937074031537467, 0.8937074157513482, 0.8937073465560853, 0.8937072957354233, 0.8937073118236843, 0.8937072719054698, 0.8937072372988549, 0.8937072822726039, 0.8937071715344834, 0.89370706768508, 0.8937069748563597, 0.8937069176934344, 0.8937068976707904, 0.8937068811713367, 0.8937068650254752, 0.8937069457888364, 0.8937068732068315, 0.8937068198031891, 0.8937067219449909, 0.8937066262413097, 0.8937066053672892, 0.8937065892034055, 0.8937067412602352, 0.8937065609786715, 0.8937064500316875, 0.8937064445316351, 0.8937064202685893, 0.8937064821796202, 0.893706397918517, 0.893706337098409, 0.8937064193249522, 0.8937063184173797, 0.8937062017173069, 0.8937061496157401, 0.893706102079873, 0.8937061165242112, 0.8937060991811676, 0.8937061613317315, 0.8937060954278833, 0.8937060567998826, 0.893706000732214, 0.8937059056148283, 0.8937059056204382, 0.893705890445618, 0.8937058744742851, 0.8937057300824164, 0.8937056786796084, 0.89370558222803, 0.893705506838801, 0.8937054347714829, 0.8937054766956288, 0.8937054137815656, 0.8937054008983817, 0.8937053965753854, 0.8937053977767021, 0.8937054519310744, 0.8937052841445398, 0.8937052149765224, 0.893705239695488, 0.8937052542675894, 0.8937051716169906, 0.8937051879854659, 0.8937051734324438, 0.8937050916221831, 0.8937051332413006, 0.8937050681412371, 0.8937050540687004, 0.8937050450534443, 0.8937051215818057, 0.8937050724592384, 0.8937049263365157, 0.8937049451544801, 0.8937049301599223, 0.8937048827466587, 0.8937048906182559, 0.8937048796878749, 0.8937048204848127, 0.8937048187176038, 0.8937048440253017, 0.8937047845744653, 0.8937048055772361, 0.8937047953539128, 0.8937047108417628, 0.8937046531766674, 0.8937046082030669, 0.8937045872213747, 0.893704578560931, 0.8937045848461131, 0.8937046001916905, 0.8937045798682577, 0.8937045768601751, 0.8937045828036135, 0.8937046065393325, 0.893704558087526, 0.8937045002049129, 0.8937044631218114, 0.8937044546350013, 0.8937044442156382, 0.8937043846219369, 0.8937043674837757, 0.8937043745880927, 0.893704374520616, 0.8937043509913807, 0.8937043524419622, 0.893704312014957, 0.8937042575687925, 0.8937042290092453, 0.8937042058487255, 0.8937041543973269, 0.8937041208000384, 0.8937040976371219, 0.8937040859428641, 0.8937041110956188, 0.8937040882207614, 0.8937040767579928, 0.8937040386017134, 0.8937039874240971, 0.8937039457243338, 0.8937039284621137, 0.8937039298410504, 0.8937039243974697, 0.8937039073212055, 0.8937038636096304, 0.8937038609687589, 0.8937038800050654, 0.8937038554240089, 0.8937038571360356, 0.8937038055741819, 0.8937037677190924, 0.8937037426462091, 0.8937036937454105, 0.8937036588387786, 0.8937036217754338, 0.8937035917230614, 0.8937035739378202, 0.8937035641206748, 0.8937035916600438, 0.8937035675525927, 0.8937035743334381, 0.8937035073244398, 0.8937034915323296, 0.8937034523878944, 0.8937034723749518, 0.8937034448690043, 0.8937034463556042, 0.8937034536138452, 0.893703398688356, 0.8937033905257257, 0.8937034006878907, 0.8937033757495559, 0.8937033688392775, 0.8937033212844322, 0.8937032875886594, 0.8937032640311888, 0.8937032228393416, 0.8937031980122272, 0.8937031726792164, 0.8937031557750981, 0.8937031250236326, 0.8937030961054813, 0.8937030989540298, 0.8937030977772202, 0.8937030587259824, 0.8937030785780924, 0.8937030704822936, 0.8937030134911659, 0.8937029920735124, 0.8937029758202935, 0.8937029768590726, 0.8937029811436077, 0.8937029731035143, 0.8937029919416407, 0.893702962525733, 0.8937029862968722, 0.8937029095131671, 0.8937028878091957, 0.8937028490716276, 0.8937028414061187, 0.8937028434331439, 0.8937028388006214, 0.8937028458873357, 0.8937028048117133, 0.8937027801273048, 0.8937027670879263, 0.8937027087213042, 0.8937026759653437, 0.8937026570517348, 0.8937026300576582, 0.8937026251202735, 0.8937026340868418, 0.893702635883256, 0.89370261485587, 0.8937025952877571, 0.8937025837586652, 0.893702585807942, 0.8937025728327104, 0.8937025320634878, 0.8937025212152767, 0.8937025206607703, 0.893702511165402, 0.8937024891707162, 0.8937024572474227, 0.8937024287249943, 0.8937024074062501, 0.8937024070793904, 0.8937024213618792, 0.8937024016738295, 0.8937023943131267, 0.8937023770716317, 0.8937023926560025, 0.8937023519325809, 0.8937023241134245, 0.8937022925334814, 0.8937022709814452, 0.8937022603156736, 0.8937023021940229, 0.8937022550431931, 0.8937022350484981, 0.893702217432949, 0.8937022393738174, 0.8937021991150952, 0.8937021718247659, 0.893702165565307, 0.8937021543814667, 0.8937021423225918, 0.8937021029058133, 0.8937020650876712, 0.8937020330313762, 0.8937020040965574, 0.8937019932962742, 0.8937019673846388, 0.8937019900603264, 0.8937019679260733, 0.8937019612383346, 0.8937019593145472, 0.8937019307206577, 0.893701926452997, 0.8937019189641204, 0.8937018930980786, 0.893701917215073, 0.8937019136554025, 0.893701861374546, 0.8937018261620919, 0.8937018224445874, 0.8937018200540636, 0.8937018040709097, 0.8937017852462265, 0.8937017720738019, 0.893701780312036, 0.8937017699718433, 0.8937017576326164, 0.8937017126835366, 0.8937016852827063, 0.8937016676414026, 0.8937016422137161, 0.8937016262217323, 0.8937016134525647, 0.8937016077703135, 0.8937016099168121, 0.8937015980902492, 0.8937016227072989, 0.8937015980577874, 0.8937015637228927, 0.893701557275138, 0.8937015713839903, 0.8937015478135499, 0.8937015433733414, 0.8937015562149406, 0.8937015004103703, 0.8937014960610897, 0.8937015026562177, 0.8937014765295188, 0.8937014548363352, 0.8937014419776957, 0.893701405441696, 0.8937013880295124, 0.8937013594259398, 0.8937013389895327, 0.8937013327936644, 0.8937013267174465, 0.8937013154921226, 0.893701296664401, 0.8937013146522376, 0.8937012872744007, 0.8937012693654998, 0.8937012384638747, 0.893701253641836, 0.8937012372270985, 0.8937012225141503, 0.893701200391745, 0.8937012084689502, 0.8937012063803554, 0.8937011966119512, 0.8937012004314921, 0.8937012101546551, 0.8937011949463307, 0.8937011973004412, 0.8937011945415115, 0.8937011691359381, 0.8937011725785311, 0.8937011832573314, 0.8937011617651178, 0.8937011653850784, 0.8937011602273155, 0.8937011493778217, 0.8937011487450791, 0.8937011428521457, 0.8937011330343593, 0.8937011342387119, 0.8937011219430933, 0.8937011063346599, 0.8937010975676589, 0.8937010859592108, 0.8937010746884246, 0.8937010675801413, 0.8937010567916235, 0.893701040784702, 0.8937010341692398, 0.8937010247771175, 0.8937010264785546, 0.8937010287751047, 0.8937010088182912, 0.8937009948719474, 0.8937009868451102, 0.8937009832001909, 0.8937009810902936, 0.8937009732876361, 0.8937009626306825, 0.8937009487137106, 0.8937009447203755, 0.8937009501941705, 0.8937009351353642, 0.8937009184544793, 0.8937009054674142, 0.8937008920337091, 0.8937008869826275, 0.8937008841420688, 0.8937008818529236, 0.8937008777862476, 0.8937008644098189, 0.8937008530539704, 0.8937008397173161, 0.8937008253558724, 0.8937008125140378, 0.8937008023145435, 0.8937007876511328, 0.8937007750601742, 0.8937007671164856, 0.8937007631770003, 0.8937007658108498, 0.8937007573653668, 0.8937007615461863, 0.8937007436949143, 0.8937007329189028, 0.893700724214332, 0.8937007249305521, 0.8937007257994962, 0.8937007146662727, 0.893700702552321, 0.8937007034289979, 0.8937007047004992, 0.8937006937271154, 0.8937006906973666, 0.8937006912222394, 0.8937006807719777, 0.8937006714170488, 0.8937006626432862, 0.8937006728879091, 0.8937006594957192, 0.8937006490332109, 0.8937006365446041, 0.8937006242502387, 0.8937006143802366, 0.8937006075464834, 0.8937006010650822, 0.8937005969353081, 0.8937006017365123, 0.8937005994984353, 0.8937005867747174, 0.8937005765338886, 0.8937005686217981, 0.8937005593246792, 0.8937005563916033, 0.8937005478653772, 0.893700545145463, 0.8937005482265818, 0.8937005353202669, 0.8937005447476549, 0.8937005297163506, 0.8937005184322626, 0.8937005075982719, 0.8937005011000034, 0.8937004954609784, 0.8937005066845907, 0.8937004935707391, 0.8937004885759856, 0.8937004838012004, 0.8937004874909747, 0.8937004725033764, 0.8937004603395742, 0.89370045204509, 0.8937004426927893, 0.8937004386427708, 0.8937004251887212, 0.8937004257721141, 0.8937004236121642, 0.893700415399712, 0.893700411319459, 0.8937004055779765, 0.8937004006202601, 0.8937003933459285, 0.8937003933281892, 0.893700390915415, 0.8937003947514832, 0.8937003989004856, 0.8937003763410712, 0.8937003701299865, 0.8937003673298815, 0.8937003684169501, 0.8937003593483932, 0.8937003628898171, 0.8937003603885886, 0.8937003604998431, 0.8937003640367471, 0.89370034591206, 0.8937003429560024, 0.8937003428394228, 0.8937003327662881, 0.8937003240726786, 0.8937003269847505, 0.8937003215472918, 0.893700315330202, 0.8937003056741484, 0.8937003066469515, 0.8937003024405741, 0.8937002911597377, 0.8937002863958916, 0.8937002864382997, 0.893700286481931, 0.8937002783186309, 0.8937002724415264, 0.8937002640453958, 0.8937002574805143, 0.893700251362128, 0.8937002442458905, 0.8937002441632689, 0.8937002385140562, 0.8937002303452397, 0.8937002337974916, 0.893700229711593, 0.8937002222475854, 0.8937002122379171, 0.893700201848559, 0.8937001964122596, 0.8937001993002418, 0.8937001947500081, 0.8937001875808247, 0.8937001783275366, 0.8937001823816543, 0.893700176978498, 0.8937001716512726, 0.8937001722531887, 0.8937001642799143, 0.8937001595421661, 0.8937001606134721, 0.893700157014164, 0.8937001506680957, 0.8937001506546032, 0.8937001584769771, 0.8937001378676103, 0.8937001299898407, 0.8937001208777484, 0.8937001120466376, 0.893700106756384, 0.893700102637286, 0.8937001012129675, 0.8937001043809611, 0.8937001002906573, 0.8937001003633441, 0.893700101305283, 0.8937000956842057, 0.8937000818944972, 0.8937000739256064, 0.8937000673185922, 0.8937000663848732, 0.8937000688370456, 0.8937000646975628, 0.8937000653089785, 0.893700068190445, 0.8937000575736138, 0.8937000613252366, 0.8937000566802679, 0.8937000433008984, 0.8937000373651759, 0.8937000368903919, 0.8937000334582941, 0.8937000286039827, 0.8937000226306029, 0.8937000276003368, 0.8937000235160396, 0.8937000112814448, 0.8937000063733994, 0.8937000016445906, 0.8937000004175653, 0.8936999903184311, 0.8936999803588784, 0.8936999756922354, 0.8936999697379494, 0.8936999618763597, 0.8936999522130378, 0.8936999460817774, 0.8936999349351593, 0.8936999247033393, 0.8936999178916366, 0.8936999191209262, 0.8936999199349833, 0.8936999158443132, 0.8936999166012479, 0.8936999073704691, 0.8936998979183894, 0.8936998989546354, 0.8936998985454001, 0.8936998910601736, 0.8936998848500329, 0.8936998836960107, 0.8936998867066904, 0.8936998742741814, 0.8936998739186309, 0.8936998722212184, 0.8936998652159891, 0.8936998553796152, 0.8936998522884321, 0.8936998510792322, 0.8936998490579983, 0.8936998450144314, 0.8936998486163186, 0.8936998457127383, 0.8936998333340553, 0.893699826941786, 0.8936998242512345, 0.893699824431062, 0.8936998174699989, 0.8936998175305807, 0.8936998155728523, 0.8936998127934423, 0.8936998110791226, 0.8936998133608811, 0.8936998107000608, 0.8936998052698898, 0.8936998009083611, 0.8936998041658197, 0.8936997993014322, 0.8936997989466411, 0.8936998059683403, 0.8936997913655165, 0.8936997884163841, 0.8936997884422749, 0.8936997795387857, 0.8936997842343013, 0.8936997779320456, 0.8936997747176504, 0.8936997686418019, 0.8936997630409311, 0.8936997577179494, 0.8936997531374783, 0.8936997528508835, 0.8936997556237689, 0.893699756022879, 0.8936997461348524, 0.8936997376822263, 0.893699735967293, 0.8936997375724057, 0.8936997346487336, 0.8936997345840131, 0.8936997343504507, 0.893699737857376, 0.8936997257757394, 0.8936997160289532, 0.8936997175960281, 0.8936997168665209, 0.8936997087024452, 0.8936997056681844, 0.8936997032808711, 0.8936997012291519, 0.8936997091778767, 0.8936997039233281, 0.8936996937114002, 0.8936996939523412, 0.8936996964275518, 0.8936996859527425, 0.8936996875967461, 0.8936996856538204, 0.893699688279823, 0.8936996850409373, 0.8936996784071437, 0.8936996740166839, 0.8936996731199182, 0.8936996755453747, 0.8936996701093557, 0.8936996741815404, 0.8936996747515096, 0.8936996597327844, 0.8936996573677422, 0.8936996563088865, 0.8936996536656678, 0.893699654398658, 0.8936996513656978, 0.8936996423598882, 0.8936996377112493, 0.8936996315403888, 0.8936996245653291, 0.8936996208689968, 0.8936996194217132, 0.8936996122567791, 0.8936996105687715, 0.893699608218838, 0.8936996124823895, 0.8936996104160576, 0.8936996130787945, 0.8936996047466944, 0.8936996048191447, 0.8936995937629559, 0.8936995930928625, 0.8936995921966447, 0.8936995898349447, 0.8936995872564909, 0.8936995809851116, 0.8936995796007561, 0.8936995755228703, 0.8936995722269334, 0.8936995725596257, 0.8936995720266461, 0.8936995732727638, 0.8936995647459492, 0.8936995608960638, 0.8936995672693985, 0.8936995623369864, 0.8936995592629239, 0.8936995554983026, 0.8936995532699827, 0.8936995546382882, 0.8936995489541752, 0.8936995459535608, 0.8936995387218357, 0.8936995361391691, 0.8936995306300142, 0.8936995313167949, 0.893699527570667, 0.8936995279165724, 0.893699528993873, 0.8936995318014365, 0.8936995268288567, 0.8936995225660889, 0.8936995197943199, 0.8936995157615907, 0.8936995225436752, 0.8936995181265457, 0.893699515877398, 0.893699513828458, 0.89369950597128, 0.8936995047967047, 0.8936995062201339, 0.8936995041755601, 0.8936995032091034, 0.8936995013720025, 0.8936994945604245, 0.8936994974535014, 0.8936994964537904, 0.8936994892334755, 0.893699485311984, 0.8936994816016648, 0.8936994809493647, 0.8936994797880947, 0.8936994817702987, 0.893699479704306, 0.8936994801151554, 0.8936994839000084, 0.8936994715360196, 0.8936994681561986, 0.8936994638219933, 0.8936994625408047, 0.8936994667762767, 0.8936994562442027, 0.8936994569082907, 0.8936994550898834, 0.8936994498171681, 0.893699449772464, 0.8936994487128996, 0.8936994474666252, 0.8936994467310463, 0.8936994515109319, 0.8936994379085925, 0.89369943546522, 0.8936994382421339, 0.8936994376878963, 0.8936994343515032, 0.8936994334388937, 0.8936994305276068, 0.8936994311608526, 0.8936994339005063, 0.893699423972382, 0.8936994184469271, 0.8936994181275391, 0.8936994153872624, 0.8936994120736035, 0.893699407958951, 0.8936994039669568, 0.893699405648948, 0.8936994056060475, 0.8936994010807862, 0.8936994023648839, 0.8936993963162915, 0.8936993944470953, 0.8936993896238346, 0.8936993984442028, 0.8936993889305679, 0.8936993841469127, 0.893699387803232, 0.8936993826938071, 0.8936993788783146, 0.8936993793726247, 0.8936993773742569, 0.8936993763887664, 0.8936993785583164, 0.8936993751019026, 0.8936993707077423, 0.8936993650915811, 0.8936993629872716, 0.8936993590555368, 0.8936993550559817, 0.8936993546760648, 0.8936993555035194, 0.8936993520497004, 0.893699345159936, 0.8936993492930999, 0.8936993455371911, 0.8936993434261004, 0.8936993402447443, 0.89369934079267, 0.8936993423819509, 0.8936993382518497, 0.8936993410264604, 0.8936993427142271, 0.8936993399049615, 0.893699333555981, 0.8936993274924511, 0.8936993294012087, 0.893699328555423, 0.8936993289803543, 0.8936993278982335, 0.8936993247142866, 0.8936993226831595, 0.8936993242336418, 0.8936993224504198, 0.893699323054139, 0.8936993240156386, 0.8936993252204052, 0.8936993202896131, 0.8936993184089776, 0.8936993166532262, 0.8936993160983528, 0.8936993162081902, 0.893699316824384, 0.8936993157753175, 0.8936993136304874, 0.8936993125398248, 0.8936993127960701, 0.8936993118567159, 0.8936993096901287, 0.893699308099144, 0.893699307070838, 0.893699303796931, 0.8936993029390945, 0.8936993025166166, 0.8936993008281997, 0.8936992987973621, 0.893699296194117, 0.893699293292619, 0.8936992906561532, 0.893699289136356, 0.8936992872430026, 0.8936992855105166, 0.8936992843249223, 0.8936992824837602, 0.8936992804106082, 0.8936992785775282, 0.89369927799584, 0.8936992782924722, 0.8936992774421844, 0.8936992753303841, 0.8936992745827953, 0.8936992768573012, 0.8936992741970158, 0.8936992714298763, 0.893699271376313, 0.8936992719311889, 0.8936992698502226, 0.8936992717614505, 0.8936992693156591, 0.8936992690544007, 0.8936992699588817, 0.8936992669886873, 0.8936992666849068, 0.8936992656095184, 0.8936992641435189, 0.8936992635079356, 0.8936992644245372, 0.8936992608377179, 0.8936992601405702, 0.8936992588835043, 0.8936992571216504, 0.8936992567021612, 0.8936992560412238, 0.8936992566283314, 0.8936992558574485, 0.8936992538846532, 0.8936992523686601, 0.8936992527181625, 0.8936992517189694, 0.8936992508868896, 0.8936992511912899, 0.8936992503404553, 0.8936992501036267, 0.8936992491141034, 0.8936992466818875, 0.8936992461796622, 0.8936992463847836, 0.8936992450102625, 0.8936992443988236, 0.8936992435273972, 0.8936992438317545, 0.8936992443440241, 0.8936992419534721, 0.8936992406921781, 0.8936992413574902, 0.8936992406011178, 0.8936992392144024, 0.8936992375433774, 0.8936992396767688, 0.8936992370121981, 0.8936992370047241, 0.8936992369053228, 0.8936992352157994, 0.8936992334897504, 0.893699234228162, 0.8936992333947519, 0.8936992321684409, 0.8936992330883079, 0.8936992298651266, 0.8936992288442878, 0.8936992278978568, 0.8936992284056232, 0.8936992274160881, 0.8936992266204795, 0.8936992254826193, 0.8936992236032694, 0.8936992228610673, 0.8936992230500862, 0.8936992212637239, 0.8936992202323, 0.8936992210214133, 0.8936992211082662, 0.893699218498296, 0.8936992178406301, 0.8936992179761676, 0.8936992194023307, 0.8936992177904507, 0.8936992156345211, 0.8936992161799917, 0.8936992149985082, 0.8936992149852286, 0.8936992146810137, 0.893699213362716, 0.8936992131845218, 0.8936992123471034, 0.8936992099380997, 0.8936992088880686, 0.8936992092193249, 0.8936992094500271, 0.8936992067887526, 0.8936992061376378, 0.8936992063750341, 0.8936992065071562, 0.8936992061761914, 0.8936992054616901, 0.8936992044958864, 0.8936992029401559, 0.8936992027483797, 0.8936992024216095, 0.8936992009880401, 0.8936992001035875, 0.893699200757306, 0.8936992011946424, 0.8936991997512216, 0.8936992007271257, 0.8936991980650272, 0.8936991961744851, 0.8936991952659001, 0.8936991950581937, 0.8936991955968915, 0.8936991936309923, 0.8936991957112954, 0.8936991942668531, 0.8936991918372392, 0.893699190285343, 0.8936991892482564, 0.893699189966426, 0.8936991894152582, 0.8936991886516041, 0.8936991879509614, 0.8936991876212306, 0.893699186272709, 0.8936991862806549, 0.8936991858077928, 0.893699185626587, 0.8936991859587861, 0.893699185847875, 0.8936991858257651, 0.8936991833107, 0.8936991835079998, 0.893699183434991, 0.8936991828871291, 0.8936991836239591, 0.8936991823811938, 0.8936991816497546, 0.8936991806536886, 0.8936991791394945, 0.8936991794101711, 0.8936991787029661, 0.8936991792336033, 0.8936991765115261, 0.8936991750198106, 0.8936991738575545, 0.8936991734964908, 0.8936991736061379, 0.8936991748171893, 0.8936991743538824, 0.893699172808785, 0.8936991719668448, 0.8936991714193862, 0.8936991720711874, 0.8936991708025971, 0.893699169361986, 0.8936991701897785, 0.893699168694939, 0.8936991672507978, 0.8936991660188447, 0.8936991650829009, 0.8936991645774447, 0.8936991645284377, 0.8936991651472815, 0.8936991646759025, 0.8936991638806638, 0.8936991644159775, 0.8936991633525335, 0.893699161807554, 0.8936991618622733, 0.8936991618764059, 0.8936991623895442, 0.8936991621378099, 0.8936991613547216, 0.8936991613016989, 0.8936991611968863, 0.8936991615751406, 0.8936991605692229, 0.8936991601794433, 0.893699159621234, 0.8936991594765539, 0.8936991586589528, 0.8936991583306105, 0.8936991582654614, 0.8936991579364917, 0.8936991572391627, 0.8936991566096963, 0.8936991561347909, 0.8936991554523086, 0.8936991547935226, 0.8936991543924698, 0.8936991539132216, 0.8936991543691607, 0.8936991539068407, 0.8936991529327871, 0.893699152128867, 0.8936991514610211, 0.8936991511320024, 0.8936991510422289, 0.893699150595261, 0.8936991505144005, 0.8936991506977225, 0.8936991503292634, 0.8936991495462726, 0.8936991488897355, 0.893699148110518, 0.8936991474499277, 0.8936991469071981, 0.8936991466060795, 0.8936991467056312, 0.8936991468782667, 0.8936991460533917, 0.8936991453915416, 0.8936991447195278, 0.8936991442779049, 0.8936991437023281, 0.8936991431086415, 0.8936991428384985, 0.8936991426953379, 0.8936991426499294, 0.8936991429660199, 0.8936991417014722, 0.8936991412262506, 0.8936991404702191, 0.8936991398149147, 0.8936991395576456, 0.8936991391147028, 0.8936991387258794, 0.8936991393890901, 0.8936991389462747, 0.8936991380398109, 0.8936991373397529, 0.8936991369503001, 0.8936991368664361, 0.8936991368495252, 0.8936991363713094, 0.8936991355654725, 0.8936991347901826, 0.893699133985948, 0.893699133280812, 0.8936991326584369, 0.8936991320752247, 0.8936991313412451, 0.8936991307472378, 0.8936991301789736, 0.8936991300324871, 0.893699129925272, 0.8936991296390282, 0.8936991290764088, 0.893699128313164, 0.89369912792674, 0.8936991278963544, 0.8936991279788283, 0.8936991272758734, 0.8936991271882215, 0.8936991270577502, 0.8936991263908312, 0.8936991260133328, 0.8936991257505256, 0.8936991259997923, 0.8936991250904686, 0.8936991248350967, 0.8936991249533441, 0.8936991246465743, 0.8936991248401507, 0.893699124833256, 0.893699124525139, 0.8936991244994154, 0.8936991238621347, 0.8936991234735399, 0.8936991231902266, 0.8936991230733247, 0.8936991227348642, 0.8936991224450788, 0.893699121888923, 0.8936991213304711, 0.8936991209460102, 0.8936991210967402, 0.8936991209209934, 0.8936991204163036, 0.8936991204741325, 0.893699120506111, 0.8936991200543681, 0.8936991205268723, 0.8936991201988443, 0.8936991195369897, 0.8936991192115337, 0.8936991193915522, 0.8936991192619073, 0.8936991190050985, 0.8936991193070415, 0.8936991186507389, 0.8936991179743713, 0.8936991178345417, 0.8936991176533919, 0.8936991173727868, 0.8936991172165467, 0.8936991172884364, 0.8936991170989889, 0.893699116430001, 0.893699115863119, 0.893699115667588, 0.8936991155285998, 0.8936991154543367, 0.8936991150949102, 0.8936991149685423, 0.8936991147304261, 0.8936991153225732, 0.8936991149775532, 0.8936991142486346, 0.8936991135735519, 0.8936991133106544, 0.893699112956931, 0.8936991126649059, 0.8936991124693778, 0.8936991125058962, 0.8936991130683272, 0.8936991124149807, 0.8936991127994354, 0.8936991123973658, 0.8936991117675731, 0.8936991112486828, 0.8936991114161271, 0.8936991112899118, 0.8936991114230556, 0.8936991112491848, 0.893699110677958, 0.893699110574621, 0.8936991107096363, 0.8936991105989214, 0.8936991105053158, 0.8936991102190759, 0.8936991101041171, 0.8936991105432678, 0.8936991102294296, 0.8936991092835962, 0.8936991092616363, 0.8936991092955695, 0.8936991090248755, 0.8936991085950242, 0.8936991086128838, 0.8936991084416073, 0.893699108468663, 0.8936991081988992, 0.8936991079088378, 0.8936991077151287, 0.8936991077495783, 0.8936991070665689, 0.8936991064631526, 0.8936991059817749, 0.8936991058893515, 0.8936991059861441, 0.8936991054377146, 0.8936991052790958, 0.8936991048288186, 0.8936991046070271, 0.8936991046652584, 0.8936991048010346, 0.8936991048021874, 0.8936991045727657, 0.8936991040001144, 0.8936991040014065, 0.893699103882527, 0.893699103726723, 0.8936991038361112, 0.8936991032744792, 0.8936991029276393, 0.8936991029689118, 0.8936991029931355, 0.8936991025226527, 0.8936991026884774, 0.8936991027304957, 0.893699101985556, 0.8936991016646763, 0.8936991016885606, 0.8936991017579714, 0.8936991015856071, 0.8936991015735671, 0.8936991011633214, 0.8936991007896713, 0.8936991010543743, 0.8936991009920539, 0.8936991003692492, 0.8936990999186717, 0.8936990997495424, 0.8936990994177456, 0.8936990994239246, 0.8936990996182566, 0.8936990990830679, 0.8936990991154987, 0.8936990993066039, 0.8936990989770792, 0.8936990986519983, 0.8936990982359776, 0.8936990979958451, 0.8936990987590725, 0.8936990980719067, 0.893699097553339, 0.8936990973990815, 0.893699097272614, 0.8936990975167944, 0.8936990967013715, 0.8936990962843687, 0.8936990960964113, 0.8936990960883973, 0.8936990958417926, 0.8936990958821668, 0.8936990958354443, 0.8936990957337758, 0.8936990960341804, 0.8936990955841025, 0.8936990950941481, 0.8936990947792588, 0.8936990945346154, 0.8936990944173715, 0.8936990943002667, 0.8936990943679062, 0.8936990946104231, 0.8936990937707782, 0.8936990935267805, 0.8936990931859237, 0.8936990932349348, 0.8936990932122482, 0.893699092936254, 0.8936990931445421, 0.8936990931514682, 0.8936990925190632, 0.8936990923816844, 0.8936990921537374, 0.8936990923211772, 0.8936990921876167, 0.8936990920431302, 0.8936990916779152, 0.8936990912493037, 0.8936990911692811, 0.8936990914120398, 0.8936990908555001, 0.893699090529463, 0.893699090108568, 0.8936990901090253, 0.8936990902486778, 0.8936990899536248, 0.8936990901525946, 0.8936990900669604, 0.8936990900605244, 0.8936990894440796, 0.8936990892503056, 0.8936990890085288, 0.8936990890231467, 0.8936990890141719, 0.8936990891004832, 0.8936990887276162, 0.8936990888326554, 0.8936990887159549, 0.8936990882300078, 0.8936990882381196, 0.8936990882243208, 0.8936990878766181, 0.8936990879849255, 0.8936990880940073, 0.8936990876730809, 0.8936990874553473, 0.893699087454616, 0.8936990875342945, 0.8936990873843279, 0.893699087614667, 0.8936990872071969, 0.8936990871371422, 0.8936990873784978, 0.8936990869067892, 0.8936990869092692, 0.8936990866218701, 0.8936990862648622, 0.8936990861904944, 0.8936990862332563, 0.8936990858110898, 0.8936990855762215, 0.8936990852695766, 0.8936990852571371, 0.8936990850334318, 0.8936990847148408, 0.8936990848632868, 0.8936990847736049, 0.8936990843226709, 0.893699084213907, 0.8936990842585325, 0.893699084039286, 0.8936990843551533, 0.8936990840791116, 0.8936990836036542, 0.8936990837244874, 0.8936990837139586, 0.8936990835889987, 0.8936990837338094, 0.8936990833377835, 0.8936990828700551, 0.8936990827348924, 0.893699082868413, 0.8936990829673352, 0.8936990828279928, 0.8936990824512637, 0.8936990822923585, 0.8936990822471568, 0.8936990820912893, 0.8936990819455455, 0.8936990821776204, 0.8936990821203236, 0.8936990816384075, 0.8936990814646297, 0.8936990815323956, 0.8936990814468874, 0.8936990816851754, 0.8936990815090414, 0.8936990815540992, 0.8936990816631281, 0.8936990811120575, 0.8936990808454198, 0.8936990808338775, 0.8936990811541218, 0.8936990804151271, 0.893699080128813, 0.8936990803651104, 0.893699080148395, 0.8936990799842758, 0.8936990799661608, 0.8936990799418689, 0.8936990799099018, 0.8936990802338112, 0.8936990798098897, 0.8936990795112368, 0.8936990795302381, 0.8936990797154921, 0.8936990794533416, 0.8936990795048639, 0.8936990789782424, 0.8936990790021723, 0.8936990789730375, 0.8936990789073382, 0.8936990788877862, 0.8936990788440773, 0.8936990789772544, 0.8936990785872563, 0.893699078470148, 0.8936990785490976, 0.8936990787729581, 0.8936990785863984, 0.8936990781732624, 0.8936990779609555, 0.8936990782259067, 0.8936990778901662, 0.8936990776765065, 0.8936990776693245, 0.8936990776366673, 0.8936990776070903, 0.8936990777409933, 0.8936990776142193, 0.8936990777815903, 0.8936990777880636, 0.8936990774905624, 0.8936990771499175, 0.8936990770200071, 0.8936990769752341, 0.8936990773510988, 0.8936990769603202, 0.893699076653184, 0.8936990764809075, 0.8936990764611594, 0.8936990764282019, 0.8936990768342694, 0.8936990764244565, 0.89369907637411, 0.8936990762176834, 0.8936990759462113, 0.8936990759952573, 0.8936990759899195, 0.8936990764046552, 0.8936990761550545, 0.8936990756413826, 0.8936990756206032, 0.8936990755994821, 0.8936990757019315, 0.8936990755929403, 0.8936990755815292, 0.8936990753338375, 0.8936990749917021, 0.8936990748514023, 0.8936990749329489, 0.893699074879886, 0.8936990749159643, 0.8936990747515459, 0.8936990748221392, 0.893699074698848, 0.8936990745187104, 0.893699074739449, 0.893699074533226, 0.8936990746096244, 0.8936990746864732, 0.8936990745487612, 0.8936990743989325, 0.893699074237162, 0.8936990742221108, 0.8936990742252415, 0.8936990742035706, 0.893699074164122, 0.8936990740915848, 0.8936990740381751, 0.8936990738538333, 0.8936990738125334, 0.8936990738110547, 0.8936990736881933, 0.893699073520306, 0.8936990733704874, 0.8936990733091354, 0.8936990732535319, 0.893699073210928, 0.8936990732349983, 0.8936990732156899, 0.8936990732576099, 0.8936990730478946, 0.8936990729126296, 0.8936990728144968, 0.8936990726995689, 0.8936990726198093, 0.8936990726008245, 0.893699072678848, 0.8936990726792188, 0.8936990726359287, 0.8936990724743946, 0.8936990724480534, 0.8936990724417515, 0.8936990722991442, 0.8936990722827824, 0.8936990722354469, 0.8936990722465937, 0.8936990722412212, 0.8936990720980733, 0.8936990720288835, 0.8936990719497262, 0.8936990719544801, 0.8936990719683393, 0.8936990719322727, 0.8936990719055936, 0.8936990717858354, 0.8936990716704067, 0.893699071709576, 0.8936990716710422, 0.8936990715632351, 0.8936990715642988, 0.8936990716225309, 0.8936990715491397, 0.8936990715182556, 0.8936990715186696, 0.8936990715018978, 0.8936990714248793, 0.8936990713592678, 0.8936990714915319, 0.8936990713177257, 0.8936990712109023, 0.8936990710987612, 0.8936990710416973, 0.8936990711082147, 0.8936990710945225, 0.8936990710330764, 0.8936990710358974, 0.8936990709292627, 0.8936990707853388, 0.8936990706622441, 0.8936990705399473, 0.8936990705186214, 0.8936990705244966, 0.8936990704899523, 0.8936990703987742, 0.8936990703155028, 0.8936990703273474, 0.893699070301236, 0.8936990703278662, 0.8936990702667118, 0.8936990701679363, 0.893699070149556, 0.8936990701218299, 0.8936990701473418, 0.8936990703064658, 0.8936990701016829, 0.8936990699910884, 0.8936990699038265, 0.8936990698586187, 0.8936990697922808, 0.8936990697258559, 0.8936990695937977, 0.8936990695853435, 0.8936990695806315, 0.8936990695548334, 0.8936990695037009, 0.8936990694953849, 0.8936990694722342, 0.8936990693245764, 0.8936990692074374, 0.8936990692144328, 0.8936990692316185, 0.8936990691012845, 0.8936990691173855, 0.8936990690907042, 0.8936990690841832, 0.8936990690747608, 0.8936990690064326, 0.8936990689147774, 0.8936990688989269, 0.8936990689092366, 0.8936990688146477, 0.893699068736774, 0.8936990686497482, 0.8936990686021287, 0.8936990684918366, 0.8936990684384387, 0.8936990685825953, 0.8936990684098253, 0.8936990684303234, 0.8936990684071141, 0.8936990683129663, 0.8936990683087386, 0.8936990683518463, 0.8936990682309617, 0.8936990681791898, 0.8936990682752239, 0.8936990681406919, 0.8936990680594212, 0.8936990680389123, 0.8936990680186101, 0.8936990680263057, 0.8936990680441612, 0.8936990679247726, 0.8936990679357665, 0.8936990679660322, 0.8936990678406135, 0.8936990678389132, 0.8936990678310426, 0.8936990678643157, 0.893699067801737, 0.8936990677581935, 0.8936990677908674, 0.893699067747681, 0.8936990678085178, 0.8936990676634259, 0.8936990675982232, 0.8936990676678211, 0.8936990675745828, 0.8936990674877259, 0.8936990674996768, 0.8936990674866312, 0.8936990674565397, 0.8936990674571987, 0.8936990674233116, 0.8936990674309455, 0.893699067473633, 0.893699067317411, 0.8936990673364258, 0.8936990673020878, 0.8936990672193434, 0.8936990671949346, 0.8936990672039244, 0.893699067207545, 0.8936990671233844, 0.8936990671723515, 0.8936990671166043, 0.8936990671567427, 0.8936990671743656, 0.8936990670316601, 0.8936990669758685, 0.8936990669597412, 0.8936990669893, 0.8936990669531876, 0.8936990669496344, 0.8936990669371777, 0.8936990669939954, 0.8936990667934511, 0.8936990666925553, 0.8936990666623529, 0.8936990666955182, 0.8936990666539942, 0.8936990666465716, 0.8936990666329417, 0.8936990665359882, 0.8936990664658919, 0.8936990663939504, 0.8936990663641208, 0.8936990663454654, 0.893699066273175, 0.8936990661791564, 0.8936990660826026, 0.8936990660014968, 0.8936990659488415, 0.8936990658834371, 0.8936990659541596, 0.8936990658781565, 0.893699065875719, 0.8936990659068953, 0.8936990658092521, 0.8936990658012526, 0.8936990658075263, 0.8936990658003626, 0.8936990657828818, 0.8936990659818239, 0.8936990657942341, 0.8936990656857007, 0.8936990656105347, 0.8936990656334804, 0.8936990656160204, 0.8936990655977775, 0.8936990656208493, 0.8936990656741185, 0.8936990656152028, 0.8936990655713732, 0.8936990656283444, 0.8936990655383037, 0.8936990655174754, 0.8936990654736474, 0.8936990654429863, 0.8936990653953943, 0.8936990653765713, 0.8936990654705014, 0.893699065370443, 0.8936990652912497, 0.8936990652600811, 0.8936990651888302, 0.8936990651413534, 0.8936990651330825, 0.8936990651602933, 0.8936990650816362, 0.8936990650077025, 0.8936990650455829, 0.8936990650153757, 0.8936990650314218, 0.8936990650044538, 0.8936990650060217, 0.8936990649698181, 0.8936990649662735, 0.8936990649730324, 0.8936990649480573, 0.8936990649646716, 0.8936990649967704, 0.8936990649196639, 0.8936990649542124, 0.8936990648952468, 0.8936990648314493, 0.8936990648220512, 0.8936990648557075, 0.8936990648266537, 0.8936990648164588, 0.8936990648307611, 0.8936990647929566, 0.8936990647730353, 0.8936990647176524, 0.893699064762633, 0.8936990646959374, 0.8936990647502161, 0.8936990646903007, 0.8936990646464301, 0.8936990646419453, 0.8936990646176268, 0.8936990646658778, 0.8936990645939712, 0.893699064619956, 0.8936990646165187, 0.8936990645880387, 0.8936990645504419, 0.8936990644920115, 0.8936990644765612, 0.8936990644085339, 0.8936990644372904, 0.8936990644147224, 0.8936990644140772, 0.8936990644391806, 0.893699064390006, 0.8936990644353225, 0.8936990643740441, 0.8936990643420524, 0.8936990644245213, 0.8936990643623315, 0.893699064332487, 0.893699064323412, 0.8936990643185763, 0.893699064361724, 0.8936990642482142, 0.8936990641738464, 0.8936990641456093, 0.8936990641514742, 0.8936990641475722, 0.8936990641965225, 0.8936990641639245, 0.8936990641921139, 0.8936990641630655, 0.8936990640806896, 0.8936990641254434, 0.8936990640799334, 0.8936990641127132, 0.8936990641043676, 0.8936990640330295, 0.8936990640206715, 0.893699064046562, 0.893699064103569, 0.893699064054605, 0.8936990639942302, 0.8936990640562401, 0.8936990639897587, 0.8936990639231956, 0.8936990639332836, 0.8936990639388259, 0.8936990639479474, 0.8936990639338978, 0.8936990639199421, 0.8936990639021901, 0.8936990638936537, 0.8936990639240153, 0.8936990638875579, 0.8936990638562705, 0.8936990638613036, 0.8936990638686862, 0.8936990638411038, 0.8936990638386183, 0.893699063833775, 0.8936990638337295, 0.8936990638494722, 0.8936990638225253, 0.8936990637981749, 0.8936990637944114, 0.8936990638166694, 0.893699063775965, 0.8936990637580621, 0.8936990637633118, 0.8936990637480181, 0.8936990637267987, 0.8936990637413389, 0.8936990637214198, 0.893699063718017, 0.8936990637383659, 0.8936990636856218, 0.8936990636791386, 0.8936990636755457, 0.8936990637009988, 0.8936990636865603, 0.893699063666909, 0.8936990636591705, 0.8936990636492959, 0.8936990636251326, 0.893699063626286, 0.8936990636276676, 0.8936990636466933, 0.8936990636232587, 0.8936990635903621, 0.893699063578213, 0.8936990635736186, 0.8936990635731089, 0.8936990635665556, 0.8936990635810633, 0.8936990635648845, 0.8936990635843246, 0.8936990635270312, 0.893699063515389, 0.8936990635156721, 0.8936990635078529, 0.8936990634899981, 0.8936990634688209, 0.893699063449699, 0.8936990634203283, 0.8936990633964973, 0.8936990633733995, 0.8936990633801865, 0.8936990633775214, 0.8936990633511952, 0.8936990633453489, 0.8936990633351727, 0.8936990633323363, 0.8936990633205093, 0.893699063310023, 0.8936990632960796, 0.8936990633140358, 0.8936990633066209, 0.8936990632793451, 0.8936990632818821, 0.8936990632734098, 0.8936990633012918, 0.8936990632747518, 0.8936990632573885, 0.8936990632586963, 0.8936990632517714, 0.8936990632315229, 0.893699063219792, 0.893699063244287, 0.8936990632356581, 0.8936990631952512, 0.8936990631767774, 0.8936990631571647, 0.8936990631645134, 0.893699063164779, 0.8936990631400831, 0.8936990631423903, 0.8936990631465307, 0.8936990631247204, 0.8936990631281186, 0.8936990631237439, 0.8936990631334178, 0.8936990631209568, 0.8936990631174676, 0.8936990631233387, 0.893699063111029, 0.893699063104305, 0.8936990630987094, 0.8936990631086524, 0.893699063102363, 0.8936990630854474, 0.8936990630781597, 0.8936990630688235, 0.8936990630576267, 0.8936990630517309, 0.8936990630428943, 0.893699063041277, 0.893699063048181, 0.8936990630268857, 0.8936990630161585, 0.8936990630075619, 0.8936990629998489, 0.8936990629953897, 0.8936990629896128, 0.8936990629774983, 0.8936990629685156, 0.8936990629618691, 0.8936990629574235, 0.8936990629585944, 0.8936990629557285, 0.8936990629554746, 0.8936990629457199, 0.8936990629551966, 0.8936990629438791, 0.8936990629483892, 0.8936990629445795, 0.8936990629285934, 0.8936990629254534, 0.8936990629215412, 0.893699062918581, 0.8936990629204306, 0.8936990629175001, 0.8936990629098657, 0.8936990628984806, 0.8936990628919377, 0.8936990628866585, 0.8936990628858216, 0.8936990628734316, 0.893699062861717, 0.8936990628497469, 0.8936990628383131, 0.8936990628276598, 0.8936990628222546, 0.8936990628250083, 0.8936990628235202, 0.8936990628131928, 0.8936990628063624, 0.8936990627981177, 0.8936990627947662, 0.8936990627954393, 0.8936990627924621, 0.8936990627867386, 0.8936990627869194, 0.893699062794802, 0.8936990627791925, 0.8936990627728465, 0.8936990627723304, 0.8936990627622707, 0.8936990627560256, 0.8936990627560601, 0.8936990627533177, 0.8936990627611248, 0.8936990627535242, 0.8936990627440616, 0.8936990627401237, 0.8936990627452934, 0.8936990627391035, 0.8936990627293323, 0.8936990627278047, 0.8936990627307178, 0.8936990627166468, 0.8936990627048842, 0.8936990626948212, 0.8936990626866596, 0.8936990626787493, 0.8936990626710131, 0.8936990626633323, 0.8936990626529061, 0.8936990626434898, 0.8936990626377136, 0.8936990626274306, 0.8936990626164976, 0.8936990626062068, 0.8936990625965577, 0.8936990625893796, 0.8936990625813501, 0.89369906258092, 0.8936990625809216, 0.893699062578914, 0.8936990625774033, 0.8936990625698173, 0.8936990625669607, 0.8936990625516111, 0.8936990625419362, 0.8936990625361726, 0.8936990625310415, 0.8936990625376071, 0.8936990625282162, 0.8936990625259098, 0.8936990625261245, 0.8936990625229784, 0.8936990625183557, 0.893699062522493, 0.8936990625186727, 0.8936990625076758, 0.8936990625077714, 0.893699062505878, 0.8936990624980798, 0.8936990624953353, 0.8936990624989428, 0.8936990624965608, 0.893699062498321, 0.8936990624940518, 0.8936990624836854, 0.8936990624803712, 0.8936990624707788, 0.8936990624636922, 0.8936990624665625, 0.8936990624621195, 0.8936990624546948, 0.8936990624513224, 0.8936990624446666, 0.8936990624474442, 0.8936990624437761, 0.8936990624373278, 0.893699062433852, 0.8936990624327615, 0.8936990624400275, 0.8936990624232906, 0.8936990624186437, 0.8936990624144132, 0.8936990624154315, 0.8936990624069284, 0.8936990624049065, 0.8936990624031663, 0.8936990623992516, 0.8936990624037735, 0.8936990623894415, 0.8936990623815338, 0.8936990623781408, 0.8936990623736831, 0.8936990623713934, 0.8936990623712542, 0.8936990623647931, 0.893699062354914, 0.8936990623465859, 0.8936990623396835, 0.8936990623338583, 0.8936990623295578, 0.8936990623309908, 0.893699062326037, 0.8936990623176111, 0.8936990623157192, 0.8936990623087647, 0.8936990623115675, 0.8936990623100342, 0.8936990623020831, 0.8936990623041958, 0.893699062303913, 0.8936990623043225, 0.8936990623045921, 0.8936990622962232, 0.8936990622924195, 0.8936990622884535, 0.8936990622878255, 0.8936990622888099, 0.8936990622785321, 0.8936990622766069, 0.8936990622729921, 0.8936990622654183, 0.8936990622587816, 0.8936990622557204, 0.8936990622558058, 0.8936990622553964, 0.8936990622528175, 0.8936990622562923, 0.8936990622519712, 0.8936990622445219, 0.8936990622415086, 0.8936990622503901, 0.893699062242626, 0.8936990622340176, 0.8936990622284199, 0.8936990622300687, 0.8936990622289525, 0.8936990622237051, 0.8936990622240479, 0.8936990622234062, 0.8936990622221072, 0.8936990622125056, 0.8936990622095798, 0.8936990622045888, 0.8936990621996653, 0.8936990621958806, 0.893699062198357, 0.8936990621948516, 0.8936990621955677, 0.8936990621961587, 0.8936990621964425, 0.8936990621996047, 0.8936990621876814, 0.8936990621834516, 0.8936990621829142, 0.8936990621817368, 0.8936990621840712, 0.8936990621826881, 0.8936990621782261, 0.8936990621847117, 0.8936990621810609, 0.8936990621708012, 0.8936990621688763, 0.8936990621682621, 0.8936990621645844, 0.8936990621633675, 0.8936990621604549, 0.8936990621524402, 0.8936990621567812, 0.893699062150782, 0.8936990621510543, 0.8936990621504207, 0.8936990621432581, 0.8936990621378977, 0.8936990621344256, 0.893699062134146, 0.893699062134109, 0.8936990621332033, 0.8936990621358244, 0.8936990621249862, 0.8936990621196884, 0.8936990621148155, 0.8936990621109322, 0.8936990621075727, 0.8936990621047014, 0.8936990621126739, 0.8936990621027727, 0.8936990620986153, 0.8936990620928004, 0.8936990620876182, 0.8936990620872152, 0.893699062089224, 0.8936990620787463, 0.8936990620743236, 0.8936990620732382, 0.893699062071074, 0.8936990620716584, 0.8936990620728965, 0.8936990620637091, 0.8936990620605206, 0.8936990620590907, 0.8936990620565368, 0.8936990620549221, 0.8936990620548202, 0.8936990620534857, 0.8936990620465146, 0.8936990620501094, 0.8936990620482715, 0.8936990620418062, 0.8936990620358856, 0.893699062039296, 0.8936990620355049, 0.8936990620352226, 0.8936990620344524, 0.8936990620295143, 0.8936990620303067, 0.8936990620324727, 0.8936990620262666, 0.8936990620261314, 0.8936990620265464, 0.8936990620274853, 0.8936990620253746, 0.89369906201731, 0.8936990620164218, 0.8936990620180288, 0.8936990620168824, 0.893699062017083, 0.8936990620151244, 0.8936990620196429, 0.8936990620100241, 0.8936990620098827, 0.893699062008365, 0.8936990620078183, 0.8936990620067824, 0.8936990620067441, 0.8936990620121718, 0.8936990620014791, 0.8936990619983458, 0.8936990619918371, 0.8936990619959252, 0.8936990619916071, 0.893699061991713, 0.8936990619916938, 0.8936990619919035, 0.8936990619916733, 0.8936990619887288, 0.8936990619828078, 0.8936990619861471, 0.893699061985564, 0.8936990619779005, 0.8936990619743334, 0.8936990619728837, 0.8936990619740984, 0.8936990619762415, 0.8936990619723668, 0.8936990619748971, 0.8936990619719238, 0.8936990619730378, 0.8936990619717953, 0.8936990619661612, 0.8936990619677506, 0.8936990619686442, 0.8936990619642752, 0.8936990619644205, 0.8936990619657074, 0.8936990619610206, 0.8936990619603442, 0.8936990619605427, 0.8936990619600454, 0.8936990619595553, 0.8936990619575454, 0.8936990619558006, 0.8936990619533562, 0.8936990619509371, 0.8936990619489515, 0.8936990619461082, 0.893699061943519, 0.8936990619412749, 0.8936990619396521, 0.8936990619398637, 0.8936990619395024, 0.8936990619396366, 0.8936990619385965, 0.8936990619362966, 0.8936990619334211, 0.8936990619321505, 0.8936990619304761, 0.8936990619281954, 0.8936990619279864, 0.8936990619294015, 0.8936990619259876, 0.8936990619243607, 0.8936990619245986, 0.8936990619214518, 0.8936990619201439, 0.8936990619182803, 0.893699061917425, 0.8936990619162385, 0.8936990619172465, 0.8936990619158998, 0.89369906191438, 0.893699061913004, 0.8936990619115203, 0.8936990619101732, 0.8936990619097723, 0.8936990619069336, 0.8936990619061941, 0.8936990619072298, 0.8936990619067338, 0.8936990619032602, 0.8936990619005384, 0.8936990618997692, 0.8936990618991202, 0.8936990618994072, 0.8936990618977536, 0.8936990618988432, 0.8936990618978926, 0.8936990618953751, 0.8936990618949286, 0.8936990618940154, 0.8936990618952547, 0.8936990618918754, 0.8936990618910796, 0.8936990618879217, 0.8936990618872813, 0.8936990618869631, 0.893699061886299, 0.8936990618851383, 0.8936990618838864, 0.8936990618810097, 0.893699061880884, 0.893699061880018, 0.8936990618793068, 0.8936990618804537, 0.8936990618793452, 0.8936990618762554, 0.893699061873986, 0.8936990618724758, 0.8936990618707072, 0.8936990618705287, 0.8936990618699633, 0.8936990618682642, 0.8936990618670345, 0.8936990618650702, 0.8936990618666237, 0.8936990618650468, 0.893699061862504, 0.8936990618609333, 0.8936990618612577, 0.8936990618609224, 0.8936990618603883, 0.893699061859578, 0.8936990618593418, 0.8936990618598372, 0.8936990618575705, 0.8936990618554822, 0.8936990618545849, 0.8936990618531411, 0.8936990618536593, 0.8936990618541263, 0.8936990618504053, 0.8936990618505104, 0.8936990618505276, 0.8936990618499201, 0.893699061849808, 0.893699061848176, 0.8936990618471838, 0.8936990618473807, 0.8936990618486521, 0.8936990618459926, 0.89369906184452, 0.8936990618424822, 0.8936990618407523, 0.8936990618407917, 0.893699061840644, 0.8936990618384077, 0.8936990618379164, 0.8936990618376397, 0.8936990618364413, 0.8936990618363158, 0.8936990618363457, 0.8936990618347398, 0.8936990618330773, 0.8936990618331978, 0.8936990618336594, 0.8936990618323558, 0.8936990618327486, 0.8936990618298396, 0.8936990618302294, 0.8936990618294528, 0.8936990618288811, 0.893699061828911, 0.8936990618275831, 0.8936990618268014, 0.8936990618266462, 0.8936990618279358, 0.893699061826673, 0.8936990618258621, 0.893699061823578, 0.8936990618219128, 0.8936990618214209, 0.893699061820611, 0.8936990618198323, 0.8936990618179727, 0.8936990618178906, 0.8936990618182056, 0.8936990618172423, 0.8936990618167089, 0.8936990618164181, 0.8936990618140964, 0.8936990618131904, 0.8936990618118813, 0.8936990618137132, 0.8936990618113156, 0.8936990618089661, 0.8936990618077036, 0.8936990618069377, 0.8936990618070232, 0.8936990618076056, 0.8936990618070724, 0.8936990618060665, 0.8936990618087095, 0.8936990618055493, 0.8936990618036389, 0.8936990618024573, 0.8936990618017472, 0.8936990618027055, 0.8936990618024929, 0.8936990618009469, 0.8936990618009603, 0.8936990617992324, 0.8936990617998427, 0.893699061799638, 0.8936990618015199, 0.8936990617992197, 0.8936990617973192, 0.893699061796193, 0.8936990617972859, 0.893699061796294, 0.8936990617952685, 0.8936990617936714, 0.8936990617918782, 0.8936990617922445, 0.8936990617919777, 0.8936990617917315, 0.8936990617916657, 0.8936990617896169, 0.893699061789009, 0.8936990617888428, 0.8936990617894648, 0.8936990617894892, 0.8936990617894561, 0.8936990617874888, 0.8936990617872461, 0.8936990617886174, 0.8936990617848093, 0.8936990617842265, 0.8936990617842895, 0.8936990617834107, 0.8936990617820808, 0.8936990617819263, 0.8936990617808976, 0.8936990617803452, 0.8936990617806894, 0.8936990617781203, 0.8936990617765767, 0.8936990617754308, 0.8936990617749755, 0.8936990617746843, 0.8936990617747904, 0.8936990617766414, 0.893699061775997, 0.8936990617725714, 0.8936990617721323, 0.8936990617722773, 0.8936990617710955, 0.8936990617718171, 0.8936990617722024, 0.8936990617695573, 0.8936990617679638, 0.893699061767825, 0.8936990617684348, 0.8936990617678405, 0.893699061768495, 0.8936990617664381, 0.8936990617651696, 0.893699061764833, 0.8936990617624095, 0.8936990617606787, 0.8936990617598395, 0.8936990617593523, 0.8936990617595021, 0.8936990617590203, 0.8936990617590539, 0.8936990617592648, 0.8936990617586706, 0.8936990617584328, 0.8936990617575357, 0.893699061755767, 0.8936990617555094, 0.8936990617560544, 0.8936990617555234, 0.8936990617545298, 0.8936990617551734, 0.8936990617552105, 0.8936990617542708, 0.8936990617529064, 0.8936990617552799, 0.8936990617524865, 0.8936990617514087, 0.8936990617510032, 0.8936990617500822, 0.8936990617502727, 0.8936990617502177, 0.8936990617501768, 0.8936990617502808, 0.8936990617484414, 0.8936990617478259, 0.8936990617472538, 0.8936990617472751, 0.8936990617458854, 0.8936990617463467, 0.8936990617462266, 0.8936990617446127, 0.893699061744986, 0.8936990617451437, 0.8936990617444677, 0.8936990617447201, 0.8936990617444387, 0.893699061744342, 0.8936990617440105, 0.8936990617450516, 0.8936990617418551, 0.8936990617404772, 0.8936990617396892, 0.8936990617393379, 0.8936990617384029, 0.893699061737767, 0.8936990617373566, 0.8936990617374884, 0.8936990617377618, 0.8936990617360021, 0.8936990617347523, 0.8936990617335064, 0.8936990617329623, 0.8936990617331367, 0.8936990617341602, 0.8936990617321899, 0.8936990617310445, 0.8936990617302732, 0.89369906172953, 0.8936990617294868, 0.8936990617293781, 0.8936990617295135, 0.8936990617302288, 0.8936990617287237, 0.8936990617276092, 0.8936990617266054, 0.8936990617264461, 0.8936990617274482, 0.8936990617248465, 0.8936990617236021, 0.8936990617232604, 0.8936990617234714, 0.8936990617238606, 0.8936990617241263, 0.8936990617221926, 0.8936990617226247, 0.8936990617226659, 0.89369906172122, 0.8936990617202629, 0.8936990617201186, 0.8936990617207691, 0.8936990617198541, 0.8936990617196899, 0.8936990617184547, 0.8936990617171456, 0.8936990617164983, 0.8936990617166025, 0.8936990617153577, 0.8936990617148619, 0.8936990617143398, 0.8936990617126799, 0.8936990617122549, 0.8936990617110889, 0.8936990617103651, 0.8936990617098168, 0.8936990617087341, 0.8936990617087056, 0.8936990617088881, 0.8936990617101943, 0.8936990617092002, 0.8936990617095195, 0.8936990617081069, 0.8936990617067081, 0.8936990617075086, 0.8936990617067329, 0.8936990617073195, 0.8936990617071842, 0.8936990617069913, 0.8936990617063655, 0.8936990617064403, 0.8936990617063189, 0.8936990617061596, 0.893699061705985, 0.8936990617060585, 0.8936990617059798, 0.8936990617056523, 0.8936990617052112, 0.8936990617049207, 0.893699061704948, 0.893699061705086, 0.8936990617047184, 0.8936990617048243, 0.8936990617048475, 0.8936990617043599, 0.8936990617042007, 0.8936990617039464, 0.8936990617036655, 0.8936990617032384, 0.8936990617031494, 0.8936990617032532, 0.8936990617027298, 0.8936990617029276, 0.8936990617026586, 0.8936990617022329, 0.8936990617020806, 0.8936990617018598, 0.8936990617017605, 0.8936990617012646, 0.8936990617008955, 0.8936990617007319, 0.8936990617010371, 0.8936990617009665, 0.8936990617002293, 0.8936990616998418, 0.8936990616997096, 0.8936990616997401, 0.8936990616995727, 0.8936990616995789, 0.8936990616995326, 0.8936990616993736, 0.8936990616989687, 0.8936990616989232, 0.8936990616986867, 0.8936990616982424, 0.8936990616978866, 0.8936990616975469, 0.8936990616975994, 0.8936990616975564, 0.8936990616976243, 0.8936990616977346, 0.8936990616973628, 0.8936990616974058, 0.8936990616971886, 0.8936990616966909, 0.8936990616965095, 0.8936990616966121, 0.8936990616966519, 0.8936990616960991, 0.893699061695954, 0.8936990616958554, 0.8936990616956573, 0.8936990616956163, 0.8936990616958368, 0.8936990616954237, 0.8936990616949692, 0.8936990616946637, 0.8936990616944903, 0.8936990616944823, 0.8936990616947093, 0.8936990616941637, 0.8936990616937853, 0.8936990616935663, 0.8936990616932808, 0.8936990616930856, 0.8936990616930359, 0.8936990616929826, 0.8936990616925099, 0.893699061692154, 0.8936990616918759, 0.8936990616918336, 0.8936990616919852, 0.8936990616913555, 0.8936990616910272, 0.8936990616910626, 0.893699061690853, 0.8936990616908799, 0.8936990616907962, 0.8936990616904384, 0.8936990616902327, 0.8936990616903189, 0.8936990616902267, 0.8936990616899637, 0.8936990616896664, 0.8936990616895606, 0.8936990616896542, 0.8936990616897644, 0.893699061688996, 0.8936990616887078, 0.8936990616883386, 0.8936990616882927, 0.8936990616883083, 0.8936990616880469, 0.8936990616880724, 0.8936990616880429, 0.893699061687785, 0.8936990616876056, 0.8936990616875642, 0.8936990616874866, 0.8936990616870676, 0.8936990616867535, 0.8936990616865594, 0.8936990616862136, 0.8936990616865826, 0.8936990616861321, 0.8936990616859647, 0.8936990616855676, 0.8936990616851911, 0.8936990616848571, 0.8936990616847764, 0.89369906168471, 0.8936990616845387, 0.893699061684286, 0.8936990616840854, 0.8936990616841158, 0.893699061684117, 0.8936990616835332, 0.893699061683063, 0.8936990616828091, 0.8936990616828286, 0.8936990616828261, 0.8936990616826047, 0.893699061682663, 0.8936990616827087, 0.893699061682903, 0.8936990616827633, 0.8936990616824338, 0.8936990616820489, 0.893699061681996, 0.893699061682228, 0.8936990616820046, 0.8936990616821061, 0.8936990616816588, 0.8936990616815186, 0.8936990616816175, 0.8936990616812329, 0.8936990616809337, 0.8936990616809803, 0.8936990616809948, 0.8936990616805922, 0.8936990616804004, 0.8936990616801637, 0.893699061679912, 0.8936990616799809, 0.8936990616799189, 0.8936990616795463, 0.8936990616792116, 0.893699061678897, 0.8936990616791797, 0.8936990616788991, 0.8936990616785735, 0.8936990616786169, 0.8936990616786802, 0.8936990616784168, 0.8936990616785853, 0.893699061678398, 0.8936990616781344, 0.8936990616781672, 0.8936990616783568, 0.8936990616778199, 0.8936990616778461, 0.8936990616778399, 0.8936990616778296, 0.8936990616778179, 0.8936990616776013, 0.8936990616776791, 0.8936990616775082, 0.8936990616774452, 0.8936990616775803, 0.8936990616771797, 0.893699061677058, 0.8936990616771852, 0.8936990616770566, 0.8936990616770633, 0.893699061677327, 0.8936990616770187, 0.8936990616772331, 0.8936990616765145, 0.893699061676305, 0.8936990616762909, 0.8936990616765041, 0.8936990616762152, 0.8936990616760572, 0.8936990616757337, 0.8936990616755608, 0.8936990616752519, 0.8936990616754564, 0.8936990616752861, 0.8936990616750796, 0.8936990616750471, 0.8936990616749092, 0.8936990616746032, 0.8936990616744334, 0.8936990616744006, 0.893699061674433, 0.8936990616746099, 0.8936990616745581, 0.8936990616741588, 0.8936990616738097, 0.8936990616738969, 0.8936990616738895, 0.8936990616738196, 0.8936990616738886, 0.8936990616737419, 0.8936990616735259, 0.8936990616734237, 0.8936990616734409, 0.8936990616733907, 0.8936990616732191, 0.893699061673347, 0.8936990616731243, 0.8936990616729812, 0.8936990616726634, 0.8936990616729389, 0.8936990616726035, 0.8936990616724442, 0.893699061672515, 0.8936990616725592, 0.893699061672579, 0.893699061672482, 0.8936990616720846, 0.893699061671992, 0.8936990616720567, 0.8936990616717427, 0.8936990616715367, 0.8936990616714472, 0.8936990616716465, 0.8936990616712027, 0.8936990616709689, 0.8936990616709519, 0.8936990616708932, 0.8936990616708198, 0.8936990616704371, 0.8936990616702174, 0.8936990616701597, 0.893699061670009, 0.893699061670218, 0.8936990616700521, 0.8936990616697221, 0.8936990616695027, 0.8936990616693558, 0.8936990616695417, 0.8936990616693636, 0.8936990616692134, 0.8936990616691649, 0.8936990616690924, 0.8936990616692817, 0.8936990616691467, 0.8936990616687587, 0.8936990616688336, 0.8936990616688354, 0.8936990616685476, 0.893699061668574, 0.8936990616685495, 0.8936990616684726, 0.8936990616683647, 0.8936990616681676, 0.8936990616680773, 0.8936990616680394, 0.8936990616679374, 0.893699061667841, 0.8936990616674916, 0.8936990616672731, 0.8936990616670197, 0.8936990616669808, 0.8936990616669681, 0.8936990616669077, 0.8936990616668625, 0.893699061666769, 0.8936990616665426, 0.8936990616662405, 0.8936990616662711, 0.893699061666332, 0.8936990616661912, 0.8936990616659588, 0.8936990616657591, 0.8936990616656558, 0.8936990616657304, 0.8936990616656474, 0.8936990616656149, 0.8936990616656763, 0.8936990616655903, 0.8936990616657562, 0.8936990616653058, 0.893699061665767, 0.89369906166531, 0.8936990616650278, 0.8936990616648464, 0.8936990616648436, 0.8936990616648398, 0.8936990616648441, 0.893699061664831, 0.8936990616648258, 0.8936990616648358, 0.8936990616645449, 0.8936990616643691, 0.8936990616643117, 0.8936990616641038, 0.893699061664146, 0.8936990616641366, 0.893699061664202, 0.8936990616642085, 0.8936990616638786, 0.8936990616640913, 0.8936990616637916, 0.8936990616639413, 0.89369906166383, 0.8936990616638081, 0.8936990616638874, 0.8936990616635753, 0.8936990616637498, 0.8936990616636598, 0.8936990616634657, 0.8936990616635229, 0.8936990616632078, 0.8936990616630272, 0.893699061662859, 0.8936990616626953, 0.8936990616626063, 0.8936990616627197, 0.893699061662634, 0.893699061662329, 0.8936990616622962, 0.8936990616623334, 0.8936990616623646, 0.8936990616622635, 0.8936990616621502, 0.8936990616620357, 0.8936990616624303, 0.8936990616619261, 0.893699061661854, 0.8936990616618435, 0.8936990616617698, 0.8936990616616501, 0.8936990616616284, 0.8936990616613947, 0.8936990616613247, 0.8936990616613474, 0.8936990616611235, 0.8936990616610374, 0.893699061660961, 0.8936990616611371, 0.8936990616609999, 0.8936990616608937, 0.893699061660899, 0.8936990616612779, 0.89369906166085, 0.8936990616605992, 0.8936990616605267, 0.893699061660706, 0.893699061660526, 0.8936990616604195, 0.8936990616602583, 0.893699061660164, 0.8936990616601902, 0.8936990616603024, 0.8936990616602285, 0.8936990616603775, 0.8936990616599749, 0.8936990616598596, 0.893699061659849, 0.8936990616597387, 0.8936990616597553, 0.8936990616595891, 0.8936990616597276, 0.8936990616596096, 0.893699061659495, 0.8936990616595616, 0.8936990616595856, 0.893699061659455, 0.8936990616594315, 0.8936990616593882, 0.8936990616595207, 0.8936990616596173, 0.8936990616593847, 0.893699061659192, 0.8936990616594095, 0.8936990616591862, 0.8936990616591095, 0.8936990616591556, 0.8936990616593183, 0.8936990616588238, 0.8936990616586727, 0.8936990616584981, 0.8936990616583723, 0.8936990616583986, 0.8936990616583681, 0.8936990616583347, 0.8936990616583419, 0.8936990616584489, 0.8936990616584033, 0.8936990616583418, 0.8936990616582979, 0.8936990616582464, 0.8936990616584044, 0.8936990616583446, 0.8936990616582365] 

Smallest VQE eingenvalue optimizer final message:
{   'aux_operators_evaluated': None,
    'cost_function_evals': 4166,
    'eigenvalue': 0.8936990616582365,
    'optimal_circuit': <qiskit.circuit.library.n_local.real_amplitudes.RealAmplitudes object at 0x00000135A2F48470>,
    'optimal_parameters': {   ParameterVectorElement([0]): -0.022169078754129927,
                              ParameterVectorElement([1]): -3.132343456183306,
                              ParameterVectorElement([2]): 1.16231247846478,
                              ParameterVectorElement([3]): 1.5706040343798686,
                              ParameterVectorElement([4]): -1.5707963149809838,
                              ParameterVectorElement([5]): -0.3702757673508755,
                              ParameterVectorElement([6]): 2.746643356985717,
                              ParameterVectorElement([7]): 2.0782898384230717,
                              ParameterVectorElement([8]): 1.5744585927887806,
                              ParameterVectorElement([9]): -1.570803800179243},
    'optimal_point': array([-0.02216908, -3.13234346,  1.16231248,  1.57060403, -1.57079631,
       -0.37027577,  2.74664336,  2.07828984,  1.57445859, -1.5708038 ]),
    'optimal_value': 0.8936990616582365,
    'optimizer_evals': None,
    'optimizer_result': <qiskit_algorithms.optimizers.optimizer.OptimizerResult object at 0x000001359F757C50>,
    'optimizer_time': 9.328814268112183}
                             
q_0:  Ry([0])  Ry([5]) 
                        
q_1:  Ry([1])  X  Ry([6]) 
                   
q_2:  Ry([2])  X  Ry([7]) 
                   
q_3:  Ry([3])  X  Ry([8]) 
                   
q_4:  Ry([4])  X  Ry([9]) 
                        
The number of ansatz parameters is: 
 10
Line for latex table
RA r1 rl & $1\mathrm{e}{-07}$ & 70/100 &3971 & $8.937\mathrm{e}{-01}$ & $2.0997\mathrm{e}{-03}$ & $8.937\mathrm{e}{-01}$ & $2.0998\mathrm{e}{-03}$ & - & 00h 23m 13s\\

