RA_r1_rl
09m40s__81
1e-02
0.026100000000000012
0.0030999999999994365
0.025900000000000034
0.005800000000000249
0.020600000000000396
0.005399999999999849
0.0008999999999996788
0.030600000000000627
0.0028000000000001357
0.015800000000000036
0.0054000000000002935
0.009900000000000464
0.0123000000000002
0.0013999999999998458
0.0015999999999998238
0.023800000000000043
0.0005999999999999339
0.09870000000000001
0.05770000000000097
0.006400000000000183
0.0013000000000000789
0.0051000000000001044
0.013700000000000045
0.0043999999999999595
0.009800000000000253
0.03190000000000026
0.012700000000000156
0.011600000000000055
0.002600000000000602
0.009100000000000108
0.0033000000000007468
0.008099999999999774
0.028400000000000425
0.0039000000000002366
0.0009000000000001229
0.00140000000000029
0.032399999999999984
0.0021999999999997577
0.0034000000000000696
0.0026999999999999247
0.010800000000000143
0.0049000000000001265
0.0034000000000000696
0.011200000000000099
0.015800000000000036
0.000300000000000189
0.008400000000000407
0.011600000000000055
0.0024000000000001798
0.04559999999999986
0.01849999999999996
0.0031000000000003247
0.028100000000000236
0.016900000000000137
0.03430000000000044
0.008399999999999963
0.048500000000000654
0.0047000000000001485
0.0026999999999999247
0.0030000000000005578
0.0021999999999997577
0.0032000000000000917
0.015500000000000291
0.0017999999999998018
0.0022999999999999687
0.006800000000000583
0.0016000000000002679
0.013000000000000345
0.023800000000000043
0.012900000000000134
0.01389999999999958
0.0033000000000003027
0.006999999999999673
0.0012999999999996348
0.0032999999999998586
0.0032999999999998586
0.003100000000000769
0.005199999999999871
0.0005999999999999339
0.005800000000000249
0.0051000000000001044
0.014700000000000824
0.0045000000000001705
0.005300000000000082
0.014500000000000401
0.0022999999999999687
0.005799999999999805
0.014500000000000401
0.0013999999999998458
0.011499999999999844
0.002300000000000413
0.0021999999999993136
0.00550000000000006
0.0009000000000001229
0.0024000000000001798
0.0030999999999998806
0.0045000000000001705
0.001200000000000312
0.028200000000000003
0.0037000000000002586
