0.026100000000000012 0.002402386521773711
0.0030999999999994365 0.0006853677844777875
0.025900000000000034 0.002529555889874741
0.005800000000000249 0.0012635996201328902
0.020600000000000396 0.0020112901332229476
0.005399999999999849 0.001174081768873034
0.0008999999999996788 0.0003872738049494026
0.030600000000000627 0.0022386165370603403
0.0028000000000001357 0.0007345937652879975
0.015800000000000036 0.0018117935864772191
0.0054000000000002935 0.0007728984409351621
0.009900000000000464 0.0014512267224662111
0.0123000000000002 0.0015636658850278658
0.0013999999999998458 0.000547514383372717
0.0015999999999998238 0.0005097097213120393
0.023800000000000043 0.002293018098489416
0.0005999999999999339 0.00039990498871606667
0.09870000000000001 0.004490935648614882
0.05770000000000097 0.0030599165021287784
0.006400000000000183 0.0009261079850643808
0.0013000000000000789 0.0005194660720393577
0.0051000000000001044 0.0011856664792427958
0.013700000000000045 0.0019201762939896928
0.0043999999999999595 0.001057860104172565
0.009800000000000253 0.0014256268796568046
0.03190000000000026 0.002676842729784472
0.012700000000000156 0.0013512901242886336
0.011600000000000055 0.0017208230588878094
0.002600000000000602 0.0008364281200438014
0.009100000000000108 0.0011167188545018825
0.0033000000000007468 0.0009429448552274999
0.008099999999999774 0.0014024845810204068
0.028400000000000425 0.0019377698521754352
0.0039000000000002366 0.0009639600614133393
0.0009000000000001229 0.0003605149095391022
0.00140000000000029 0.0006323574938276731
0.032399999999999984 0.002417275325650761
0.0021999999999997577 0.000582968266717832
0.0034000000000000696 0.0007870578123619615
0.0026999999999999247 0.0008421324123912825
0.010800000000000143 0.0017062684431237726
0.0049000000000001265 0.0009532937637475664
0.0034000000000000696 0.0009051320345673393
0.011200000000000099 0.0015348446175427748
0.015800000000000036 0.0014468158141242421
0.000300000000000189 0.0002999549966245008
0.008400000000000407 0.0012237074813859817
0.011600000000000055 0.0015528193713371795
0.0024000000000001798 0.0008482735407873935
0.04559999999999986 0.0027447389675522857
0.01849999999999996 0.0021682700477569632
0.0031000000000003247 0.0008771835611774823
0.028100000000000236 0.0025945429269911844
0.016900000000000137 0.002160167817554918
0.03430000000000044 0.002592530616984108
0.008399999999999963 0.0013843034349448173
0.048500000000000654 0.003074516384734357
0.0047000000000001485 0.0010432118672637934
0.0026999999999999247 0.0006555020976320324
0.0030000000000005578 0.0007742221903303936
0.0021999999999997577 0.0006163051192388299
0.0032000000000000917 0.0006925662423190986
0.015500000000000291 0.0015946708124249308
0.0017999999999998018 0.000616353794504401
0.0022999999999999687 0.0006706795061726329
0.006800000000000583 0.0013466120450968848
0.0016000000000002679 0.000692684632426626
0.013000000000000345 0.001195058157580624
0.023800000000000043 0.0025313727501101034
0.012900000000000134 0.0017729012944887811
0.01389999999999958 0.0017670141482172622
0.0033000000000003027 0.0006555265059476978
0.006999999999999673 0.0012076638605174818
0.0012999999999996348 0.0004999449969746576
0.0032999999999998586 0.0009833559884395865
0.0032999999999998586 0.0009731973078466651
0.003100000000000769 0.0008883664784310635
0.005199999999999871 0.0011725391251467881
0.0005999999999999339 0.00037410693658364877
0.005800000000000249 0.0012482451682261754
0.0051000000000001044 0.0011867067877112795
0.014700000000000824 0.0014231103260112996
0.0045000000000001705 0.0007677310727071006
0.005300000000000082 0.0011857778038064386
0.014500000000000401 0.002068479393177512
0.0022999999999999687 0.0007278468245448395
0.005799999999999805 0.0010852981157267224
0.014500000000000401 0.001965386221585975
0.0013999999999998458 0.0004689264334626451
0.011499999999999844 0.0016371111752107824
0.002300000000000413 0.0008541106485696197
0.0021999999999993136 0.0005288969653911722
0.00550000000000006 0.0012184715835833
0.0009000000000001229 0.0004999509975987296
0.0024000000000001798 0.0005998599836628558
0.0030999999999998806 0.0008304149565127124
0.0045000000000001705 0.0008883304565306787
0.001200000000000312 0.00046896908213653766
0.028200000000000003 0.0026928252821154255
0.0037000000000002586 0.0007139432750576037
