RA_r1_rl
05h39m14s__156
1e-07
8.369695414690725
18.248287122146596
7.9992373898234685
1.9243924303616489
7.032111832305241
8.09929537555742
16.694053881688323
7.802611969728261
3.9349970560808782
4.477354392257298
6.2278485701306625
9.405125361238163
5.064104461385804
7.219610564122144
9.757021528081893
6.1692821936508375
6.2367039278634575
6.210731801732594
36.347992179402496
8.981828863084456
8.256763180484443
5.285007107546789
7.514725628369247
4.54996767097891
8.73444029179698
6.5898945865188425
2.9164205801413345
4.900867145337213
8.476205453222018
7.159548279741966
7.308938362595495
4.707217211326646
3.6468949921307345
11.06410047154024
7.104239301699559
4.985559578734067
29.364747695210525
8.744331442151667
2.5429971847308295
2.9792772293142558
9.489165738014641
5.976241084507052
6.633817756039247
2.3030813886422155
4.325211125334587
1.945362372121398
4.1292437294385005
11.926249409018231
7.7542607652383255
4.4941952918068715
2.566506058353426
5.326412988797676
10.465318574309165
8.452902510402696
14.286130560956215
18.370668502381303
6.153375286774246
7.840456968674201
6.055917587453418
2.8120755547568965
6.425024705382518
7.672937543766529
6.4223726189416785
6.798688880094285
3.2691537388697256
11.13636311368345
7.451361636220114
16.681607725353683
3.0819181104359146
4.993808468612292
3.0974224764069462
20.157840143970876
13.30891307564517
5.890451734846761
13.251297579362062
3.9584881535432843
1.5254644180219268
7.409883733149398
6.488117760684102
15.149625994382463
7.968791485040661
8.713872211245613
3.7088475276087376
9.919306174223932
13.389575864687913
12.334599625626696
2.992431440101434
11.323950123745764
5.329231679723173
4.783670255459447
14.714149563060262
7.11335893722792
16.46040822138132
19.125847337105334
11.915029227000616
9.250768295886513
2.458399339261863
13.468244817132263
2.2385008380367815
13.220859815307776
