8.369695414690725 0.7668223751802486
18.248287122146596 0.9121269150402076
7.9992373898234685 0.7365181495398461
1.9243924303616489 0.7702930158797872
7.032111832305241 0.8638119222691851
8.09929537555742 0.8408983586953711
16.694053881688323 0.8617103070083287
7.802611969728261 0.8038522780588404
3.9349970560808782 0.7792570792456629
4.477354392257298 0.6254898418685166
6.2278485701306625 0.7563659788007849
9.405125361238163 0.8285631775320018
5.064104461385804 0.7755942271549521
7.219610564122144 0.6881484611585413
9.757021528081893 0.7986789789341792
6.1692821936508375 0.7544655852021455
6.2367039278634575 0.6979221076915187
6.210731801732594 0.8097274250970469
36.347992179402496 0.9089554434756597
8.981828863084456 0.8126740698907037
8.256763180484443 0.7875303530987319
5.285007107546789 0.8190832637510171
7.514725628369247 0.7909662872472485
4.54996767097891 0.8208531226558895
8.73444029179698 0.7946378366500123
6.5898945865188425 0.8137126356506408
2.9164205801413345 0.7400123031511319
4.900867145337213 0.6550713377454189
8.476205453222018 0.8805301072085966
7.159548279741966 0.7358643014417767
7.308938362595495 0.7708324422243892
4.707217211326646 0.8431805896596575
3.6468949921307345 0.7271596858239444
11.06410047154024 0.8737799267674744
7.104239301699559 0.8378961367104313
4.985559578734067 0.6862517015994095
29.364747695210525 0.8984259291236468
8.744331442151667 0.7972400069376512
2.5429971847308295 0.7484460915417579
2.9792772293142558 0.7862668653840343
9.489165738014641 0.7737639925430576
5.976241084507052 0.7977460305210253
6.633817756039247 0.8281791153407271
2.3030813886422155 0.7028837568932426
4.325211125334587 0.8505685228274528
1.945362372121398 0.7763435508162624
4.1292437294385005 0.7203373761104076
11.926249409018231 0.7266807481953391
7.7542607652383255 0.860329366008123
4.4941952918068715 0.7850027312110486
2.566506058353426 0.8161939941755243
5.326412988797676 0.7784516308482193
10.465318574309165 0.829905915885273
8.452902510402696 0.7624468668944367
14.286130560956215 0.9152164351096064
18.370668502381303 0.9357946208216212
6.153375286774246 0.7949785424080784
7.840456968674201 0.8342583999638686
6.055917587453418 0.6294002792173365
2.8120755547568965 0.8437755928739423
6.425024705382518 0.797750886763703
7.672937543766529 0.8684986349821229
6.4223726189416785 0.697846021980696
6.798688880094285 0.7846524290249168
3.2691537388697256 0.7489473202016474
11.13636311368345 0.8250648549699651
7.451361636220114 0.8301616987900077
16.681607725353683 0.8086251055567022
3.0819181104359146 0.6603802875182577
4.993808468612292 0.6342074356747255
3.0974224764069462 0.7827466289187412
20.157840143970876 0.9244539731113975
13.30891307564517 0.883891700344361
5.890451734846761 0.6804781095452608
13.251297579362062 0.8149765256440374
3.9584881535432843 0.707541730951798
1.5254644180219268 0.7392772026395616
7.409883733149398 0.7553897994983925
6.488117760684102 0.7643504251688158
15.149625994382463 0.8968193516919267
7.968791485040661 0.79903212485779
8.713872211245613 0.8523276746956904
3.7088475276087376 0.7038981758044804
9.919306174223932 0.8052636512803422
13.389575864687913 0.8501600370725791
12.334599625626696 0.9321016019901393
2.992431440101434 0.742889943933764
11.323950123745764 0.7921698948283639
5.329231679723173 0.8227265023128701
4.783670255459447 0.8012227207469046
14.714149563060262 0.9033428524445439
7.11335893722792 0.6396619291355924
16.46040822138132 0.9123471232673901
19.125847337105334 0.8935861461420789
11.915029227000616 0.8160299418681762
9.250768295886513 0.8108502505917956
2.458399339261863 0.688305833166829
13.468244817132263 0.8674388096922401
2.2385008380367815 0.8346675978023458
13.220859815307776 0.8166322497705707
