With Shot Noise
03/11/2024 23:54:54 

VQEr_100_shots_10000_COBYLA_maxIter_10000_tol_1e-07_RA_r1_rl 

Reference value: 8.9159936233e-01 

Number of pauli strings:  136
Qubits:  5
VQE runs:  100
Optimizer:  COBYLA
Max iterations:  10000
Optimizers's tolerance:  1e-07
Ansatz:  RA_r1_rl 

All run converged!!!
Number of iterations for each converged VQE run:
[164, 159, 146, 159, 160, 146, 152, 168, 177, 148, 155, 173, 158, 160, 159, 163, 146, 153, 160, 159, 156, 153, 146, 143, 158, 157, 153, 147, 147, 156, 151, 148, 159, 152, 163, 147, 153, 156, 157, 157, 152, 151, 163, 176, 153, 150, 172, 153, 148, 149, 161, 165, 163, 157, 148, 151, 167, 155, 150, 165, 149, 142, 146, 143, 171, 150, 149, 167, 153, 153, 150, 158, 161, 147, 140, 153, 162, 156, 161, 138, 170, 171, 160, 163, 152, 157, 151, 149, 154, 160, 151, 141, 159, 148, 164, 147, 154, 149, 152, 178] 

Average iterations of converged run:
156 

VQE eigenvalues:
[8.369695414690725, 18.248287122146596, 7.9992373898234685, 1.9243924303616489, 7.032111832305241, 8.09929537555742, 16.694053881688323, 7.802611969728261, 3.9349970560808782, 4.477354392257298, 6.2278485701306625, 9.405125361238163, 5.064104461385804, 7.219610564122144, 9.757021528081893, 6.1692821936508375, 6.2367039278634575, 6.210731801732594, 36.347992179402496, 8.981828863084456, 8.256763180484443, 5.285007107546789, 7.514725628369247, 4.54996767097891, 8.73444029179698, 6.5898945865188425, 2.9164205801413345, 4.900867145337213, 8.476205453222018, 7.159548279741966, 7.308938362595495, 4.707217211326646, 3.6468949921307345, 11.06410047154024, 7.104239301699559, 4.985559578734067, 29.364747695210525, 8.744331442151667, 2.5429971847308295, 2.9792772293142558, 9.489165738014641, 5.976241084507052, 6.633817756039247, 2.3030813886422155, 4.325211125334587, 1.945362372121398, 4.1292437294385005, 11.926249409018231, 7.7542607652383255, 4.4941952918068715, 2.566506058353426, 5.326412988797676, 10.465318574309165, 8.452902510402696, 14.286130560956215, 18.370668502381303, 6.153375286774246, 7.840456968674201, 6.055917587453418, 2.8120755547568965, 6.425024705382518, 7.672937543766529, 6.4223726189416785, 6.798688880094285, 3.2691537388697256, 11.13636311368345, 7.451361636220114, 16.681607725353683, 3.0819181104359146, 4.993808468612292, 3.0974224764069462, 20.157840143970876, 13.30891307564517, 5.890451734846761, 13.251297579362062, 3.9584881535432843, 1.5254644180219268, 7.409883733149398, 6.488117760684102, 15.149625994382463, 7.968791485040661, 8.713872211245613, 3.7088475276087376, 9.919306174223932, 13.389575864687913, 12.334599625626696, 2.992431440101434, 11.323950123745764, 5.329231679723173, 4.783670255459447, 14.714149563060262, 7.11335893722792, 16.46040822138132, 19.125847337105334, 11.915029227000616, 9.250768295886513, 2.458399339261863, 13.468244817132263, 2.2385008380367815, 13.220859815307776] 

VQE eigenvalues standard deviation:
[0.7668223751802486, 0.9121269150402076, 0.7365181495398461, 0.7702930158797872, 0.8638119222691851, 0.8408983586953711, 0.8617103070083287, 0.8038522780588404, 0.7792570792456629, 0.6254898418685166, 0.7563659788007849, 0.8285631775320018, 0.7755942271549521, 0.6881484611585413, 0.7986789789341792, 0.7544655852021455, 0.6979221076915187, 0.8097274250970469, 0.9089554434756597, 0.8126740698907037, 0.7875303530987319, 0.8190832637510171, 0.7909662872472485, 0.8208531226558895, 0.7946378366500123, 0.8137126356506408, 0.7400123031511319, 0.6550713377454189, 0.8805301072085966, 0.7358643014417767, 0.7708324422243892, 0.8431805896596575, 0.7271596858239444, 0.8737799267674744, 0.8378961367104313, 0.6862517015994095, 0.8984259291236468, 0.7972400069376512, 0.7484460915417579, 0.7862668653840343, 0.7737639925430576, 0.7977460305210253, 0.8281791153407271, 0.7028837568932426, 0.8505685228274528, 0.7763435508162624, 0.7203373761104076, 0.7266807481953391, 0.860329366008123, 0.7850027312110486, 0.8161939941755243, 0.7784516308482193, 0.829905915885273, 0.7624468668944367, 0.9152164351096064, 0.9357946208216212, 0.7949785424080784, 0.8342583999638686, 0.6294002792173365, 0.8437755928739423, 0.797750886763703, 0.8684986349821229, 0.697846021980696, 0.7846524290249168, 0.7489473202016474, 0.8250648549699651, 0.8301616987900077, 0.8086251055567022, 0.6603802875182577, 0.6342074356747255, 0.7827466289187412, 0.9244539731113975, 0.883891700344361, 0.6804781095452608, 0.8149765256440374, 0.707541730951798, 0.7392772026395616, 0.7553897994983925, 0.7643504251688158, 0.8968193516919267, 0.79903212485779, 0.8523276746956904, 0.7038981758044804, 0.8052636512803422, 0.8501600370725791, 0.9321016019901393, 0.742889943933764, 0.7921698948283639, 0.8227265023128701, 0.8012227207469046, 0.9033428524445439, 0.6396619291355924, 0.9123471232673901, 0.8935861461420789, 0.8160299418681762, 0.8108502505917956, 0.688305833166829, 0.8674388096922401, 0.8346675978023458, 0.8166322497705707] 

Median VQE eigenvalues:
7.136453608484943 

Min eigenvalue after 100 VQE steps on Aer qasm simulator: 1.52546e+00
Delta from reference energy value is 6.33865e-01 

Optimizer history of the smallest VQE eigenvalue:
[67.83247187698468, 82.50584139857821, 46.64587622945832, 94.69224862752682, 47.47610173532663, 45.64506450922469, 57.44269607188755, 52.05535152107069, 39.329457865941556, 24.27471354272121, 24.193049380292095, 15.587586250458635, 40.81803753825381, 20.7421433119877, 8.74340253263702, 10.902053341920789, 14.803526963852551, 12.139964124137906, 17.312606068711293, 5.013725742928331, 12.564116112364308, 3.901387369449704, 4.383819202469278, 13.561947772595381, 4.876265913649411, 3.1691342837331766, 2.239093716005997, 2.057689162550732, 3.3367345287199908, 0.9834019535872325, 5.164189304459667, 2.7026098715430695, 2.7030247426625045, 3.145158464389787, 3.052569076312309, 2.318892658327055, 4.032821243020446, 1.9099485023885312, 5.0288683781139865, 2.8763398117271506, 1.8487413835922983, 2.766392454474937, 2.1402201742042424, 2.8460967723331203, 3.2329691423884026, 1.4129797215173747, 3.0689437846426326, 1.21713791401898, 0.9885494836474613, 1.8421064526694406, 1.1579043135027405, 2.499548831502207, 2.3490938827790506, 0.9382012605584517, 0.8576092586124595, 1.565672853097744, 2.235139730458429, 0.4460276607688168, 2.50783432963645, 1.2674586180293086, 3.595104222850742, 2.3372319014313203, 2.2475146865764852, 2.922776124563947, 1.851303206771459, 2.7404648877618687, 2.370232246971665, 2.423649946245235, 2.8426941720213463, 2.2627608729038693, 2.3892590211617586, 3.117181575227375, 2.7339643839681824, 1.4997546677470457, 1.763686042300544, 1.878967944770673, 2.557515613852538, 1.6738241974346066, 2.6572128122629866, 2.447314260685007, 2.794055064596946, 2.4577864112226826, 3.1973134989932994, 2.0619266954662216, 2.4910314042259287, 1.4572335449579263, 1.7687508206086817, 3.204722639658269, 1.6483883449743855, 2.9895038203054543, 3.795811327396513, 2.54189018723128, 2.8424863518584518, 3.0790614798067297, 3.3224613778942897, 2.2267681070037915, 2.5241769982604487, 2.734937856225413, 2.258917520418387, 1.9739712293878333, 2.573623150906319, 3.6016791983909315, 0.6149615684320602, 1.0955820006038894, 1.8607344777779524, 2.70015611104368, 2.9511676619622262, 3.2167727410679348, 1.4397156746247168, 2.5757695687777846, 2.5571399369216867, 1.6308311326842657, 1.5218830230760791, 2.0027040072746893, 2.527283418388335, 1.8250046196122591, 2.1857407107539903, 1.9351875639887415, 3.082340708521592, 2.2048324166812443, 2.1370763215597854, 2.561421348433265, 2.7237221106090352, 2.5538563925356708, 2.5903553291562793, 2.7857407183099054, 1.0854713883566303, 0.882849991233141, 1.3411317049391491, 2.157396408338066, 1.5368185737862041, 2.6101819370647124, 2.5621438910693253, 2.1615872023958866, 3.779480360487819, 1.9107062182828636, 1.7778857908272954, 2.4051118811396845, 2.3379345743756232, 2.890669556722775, 1.9564475458204251, 2.7342741350588566, 2.416464368583951, 2.353886010183299, 1.1762231484683823, 3.1625726124578257, 2.727425032845471, 3.008326976512018, 3.3200844623275523, 2.6667855751636327, 2.246467245432978, 2.190700113390754, 3.0455571101614796, 2.7617701358369935, 2.5329763532595284, 1.3493974672811466, 3.5132588186825875, 2.5539442981271243, 2.8014683433628584, 3.0768313788729165, 2.071591316047447, 1.5254644180219268] 

Optimizer history of the smallest VQE eigenvalue standard deviation:
[0.9373767133223108, 0.9204423205965115, 0.8840592138859663, 0.8878669279348281, 0.9311076274722179, 0.862095567257629, 0.8284494661182197, 0.89689569112098, 0.8653414964166084, 0.9262201537778288, 0.9259989224412837, 0.8864728779367749, 0.9273684248679518, 0.9096061113208374, 0.7778054554267975, 0.7191607944732187, 0.7812873924427277, 0.8785166580239294, 0.8535945146590651, 0.7659001400332034, 0.8593362081537177, 0.7334500249099817, 0.7314650462480274, 0.8649482201165496, 0.7574904128110775, 0.7657716199869078, 0.7286926424741751, 0.7429451621057971, 0.775189618674623, 0.7415684000412516, 0.8066187512297308, 0.7389231791540006, 0.7167423674744104, 0.7390345602243544, 0.7484338305000803, 0.7491308732001944, 0.7754983010844761, 0.7074265356089079, 0.743530777591685, 0.7330102516546015, 0.7483987184355296, 0.7535909492051391, 0.7339878596802581, 0.7476157104745693, 0.7429150285081609, 0.7470534637860644, 0.7431330282177758, 0.7300655263919232, 0.7402053715044254, 0.7388916019777642, 0.7428071753258261, 0.7404474204459253, 0.7400063975674404, 0.7411217457552375, 0.7400710964742908, 0.741121267752894, 0.741812474201191, 0.7421624557152516, 0.7382136006474199, 0.7379349587819567, 0.741948572868184, 0.7424160431727298, 0.7412139530761144, 0.7390060730934438, 0.741602329441744, 0.7400657919462595, 0.7447438860823379, 0.7402211531956551, 0.7398140862707137, 0.7401045356787566, 0.7420318780858253, 0.7404059830024539, 0.7405009626124747, 0.7438647875661489, 0.7432782820539493, 0.7413066253614918, 0.7438861966711529, 0.7394302111812676, 0.7397890740413094, 0.7416708706543697, 0.7410158933651187, 0.7422437985129644, 0.7411350520918489, 0.7417417294900406, 0.7394217378215062, 0.7403904317201, 0.7421439795491657, 0.7436807029081419, 0.741186943721623, 0.7448424910575959, 0.7438138254809723, 0.7435926529085124, 0.7439471520302168, 0.7434284433448428, 0.7422891651568642, 0.7429438242278117, 0.7422610475887571, 0.7400457593661364, 0.741640676923705, 0.7416229220718733, 0.7426238550919407, 0.7433790849742214, 0.7410643002341701, 0.7398407432438323, 0.7407724756252106, 0.7429152417506731, 0.7422239365183796, 0.740436146164627, 0.7419985515952187, 0.7392462466216771, 0.7416128046237738, 0.7425163614045, 0.7406979760664335, 0.7429152371270891, 0.7426383392995642, 0.7425774709393058, 0.7407749341973036, 0.7397780561755389, 0.7443298306045227, 0.7408002285686243, 0.7398012311139237, 0.7407455183271432, 0.7414763623063959, 0.7430182744707106, 0.7415815826101854, 0.7408404766696056, 0.7427230896337922, 0.7408910592314389, 0.7391222428191276, 0.7379682210658485, 0.7432155157552419, 0.7406738001590416, 0.7413134125997244, 0.7397007021249388, 0.7431057296883175, 0.7405045393340528, 0.7423200467038901, 0.7442799354106019, 0.7427598892956978, 0.7404761208253305, 0.7420939851934387, 0.7438476290219294, 0.7411098070552403, 0.7408038165309331, 0.7427922543366113, 0.7425532574285804, 0.7410478971221242, 0.7441063817864191, 0.7447093073730929, 0.7412500908052061, 0.7439406701733414, 0.7402734928781831, 0.7450086843362811, 0.7412191450889786, 0.7423645280267873, 0.7396019407464343, 0.7413427842985808, 0.7409153394911814, 0.7394792832699262, 0.742015942924477, 0.7396987806334134, 0.7392772026395616] 

Smallest VQE eingenvalue optimizer final message:
{   'aux_operators_evaluated': None,
    'cost_function_evals': 162,
    'eigenvalue': 1.5254644180219268,
    'optimal_circuit': <qiskit.circuit.library.n_local.real_amplitudes.RealAmplitudes object at 0x000002759EC50E30>,
    'optimal_parameters': {   ParameterVectorElement(θ[1]): -0.09406177612591735,
                              ParameterVectorElement(θ[0]): 0.2627508090338457,
                              ParameterVectorElement(θ[2]): 0.4706348546502554,
                              ParameterVectorElement(θ[3]): 1.8127627419493797,
                              ParameterVectorElement(θ[4]): -1.5657800035501603,
                              ParameterVectorElement(θ[5]): -0.3638236165989972,
                              ParameterVectorElement(θ[6]): -1.0442982480763985,
                              ParameterVectorElement(θ[7]): 0.4814162620859031,
                              ParameterVectorElement(θ[8]): 2.008997443931958,
                              ParameterVectorElement(θ[9]): -0.6957850296551172},
    'optimal_point': array([ 0.26275081, -0.09406178,  0.47063485,  1.81276274, -1.56578   ,
       -0.36382362, -1.04429825,  0.48141626,  2.00899744, -0.69578503]),
    'optimal_value': 1.5254644180219268,
    'optimizer_evals': None,
    'optimizer_result': <qiskit_algorithms.optimizers.optimizer.OptimizerResult object at 0x00000275A22E4B30>,
    'optimizer_time': 226.78295469284058}
     ┌──────────┐ ░                      ░ ┌──────────┐
q_0: ┤ Ry(θ[0]) ├─░──────────────────■───░─┤ Ry(θ[5]) ├
     ├──────────┤ ░                ┌─┴─┐ ░ ├──────────┤
q_1: ┤ Ry(θ[1]) ├─░─────────────■──┤ X ├─░─┤ Ry(θ[6]) ├
     ├──────────┤ ░           ┌─┴─┐└───┘ ░ ├──────────┤
q_2: ┤ Ry(θ[2]) ├─░────────■──┤ X ├──────░─┤ Ry(θ[7]) ├
     ├──────────┤ ░      ┌─┴─┐└───┘      ░ ├──────────┤
q_3: ┤ Ry(θ[3]) ├─░───■──┤ X ├───────────░─┤ Ry(θ[8]) ├
     ├──────────┤ ░ ┌─┴─┐└───┘           ░ ├──────────┤
q_4: ┤ Ry(θ[4]) ├─░─┤ X ├────────────────░─┤ Ry(θ[9]) ├
     └──────────┘ ░ └───┘                ░ └──────────┘
The number of ansatz parameters is: 
 10
Line for latex table
RA r1 rl & $1\mathrm{e}{-07}$ & 10000 & 100/100 &156 & $1.5255\mathrm{e}{+00}$ & $7.3928\mathrm{e}{-01}$ & $6.3387\mathrm{e}{-01}$ & $7.1365\mathrm{e}{+00}$ & $6.2449\mathrm{e}{+00}$ & - & 05h 39m 14s\\

