RA_r1_rl
34m39s__8257
1e-05
0.017290895196898748
0.01733531644327757
0.017108976199129877
0.017256690580724543
0.017260316278935317
0.017257704914132477
0.01725882297923309
0.017254064170872718
0.017256871050092437
0.017098529839806753
0.01725372857016283
0.01842747613669804
0.01726092622776121
0.015461733305882852
0.017260224437705585
0.017256584442300826
0.01735911079782837
0.017254977172578068
0.01710007452546425
0.01726064903518998
0.017293426960165226
0.037617617920344126
0.017252866079317197
0.015356463148554655
0.017272806423689002
0.017174797803944153
0.017257037129270958
0.017253550391513106
0.017251857891058764
0.017255369550233657
0.01727368594552714
1.74419710743963
0.01725325347139184
0.017080869395167952
0.017260391972916733
