-0.05069226735493948
-0.11348705345549892
0.031113970469467067
-0.06500413834943675
0.08453756476351082
0.1558159975563443
0.8411143152281099
-0.10146839151945186
-0.07240042619578868
0.13405838418495003
1.6531798401874869
0.45249715462164086
0.08094089048428077
0.4534712432843173
-0.12530512138911454
-0.07145017367774764
-0.07859821707191728
-0.11539070957506303
-0.0686257053223489
0.056936221087373506
0.6443482332545996
-0.11338657224764592
0.01228291042651175
0.23779930771291907
0.05120187655436803
0.6810067963925448
0.01906118333652229
-0.1071175675831626
0.57380400219434
-0.012846919118291278
0.054394368164895124
0.1532157159753168
-0.054552447756695654
0.7009002863096762
-0.12084285132177874
-0.11768711390036413
-0.03253900691841993
0.1148435986484867
0.24180264692699954
0.13038378816995416
0.10192683384852202
0.16755672375254538
-0.0766912243629635
0.02466539428855885
0.7359713537205691
0.7639190820864048
-0.0794828815737656
0.013335644579050565
0.1524941612607731
2.273789747333962
0.45816646976634084
-0.11438640225582963
-0.13970022258484205
0.0803901050779618
-0.1197026635096542
0.6481273701055812
0.30176106544143755
0.05239113365446324
0.9627564901920638
-0.11067019745371343
0.23427390410872517
-0.004381440061086206
0.4782609306304107
0.10815105122365498
0.7322075368865207
1.4985900705348565
0.28707863581866944
-0.09259745262946983
0.004108171531582494
-0.03161864030724859
-0.06987695996822152
0.6693579757202567
1.3391071372658807
0.1771136272912061
0.2715173534318279
0.5981570329066934
0.7005390866224341
2.0030447442093178
0.4886509425347413
0.0013511781719506288
-0.006772639656385082
0.15126299204043103
0.37677879897509114
0.5169541581775937
0.008951768472547195
-0.09965309446510162
-0.06630440516566194
0.414231363780644
-0.020988101031553796
0.38572259393567515
-0.11229867793643666
0.010615352191840621
0.04221687576543398
0.2030760135983105
-0.10626876152790588
-0.11752418645823726
0.6013880722991708
-0.003657802251614939
0.20675716537088512
-0.09401392484433102
