RA_r1_rl
12m07s__49
1e-02
0.643994792426498
0.7257323429044334
0.5738307524841231
0.7443071083513271
-0.07826428809404717
0.8059321937424164
0.9784976369227405
0.033148998720975875
2.4356938871443288
1.2165240211104762
0.06023412026117292
-0.019346833838079114
0.2616186318398839
1.2180982479022253
0.6830032232920878
0.8447996309077708
0.026598045038345397
-0.0332950252491635
0.49441915946329207
0.5730319037088929
-0.050637218640124715
1.4410898028542567
0.6836024532043401
0.021871777265855208
1.1051482682764098
-0.09826125260244911
0.055916113563522885
0.4709799252566178
1.0089984683228703
0.06949208100586812
0.2116358186037166
0.8140303345926011
0.21288836743805728
0.04486120913486413
0.09951511806111935
0.3998610145882866
0.08416166460344732
-0.09962137452203024
-0.015026476739572914
0.5776806965294026
0.5405785431029289
0.14925857870757664
0.7085740475338739
0.18149415629062204
0.6584355769832845
0.6903506435198471
0.6197832653281106
2.344859695622496
0.2278873228533862
0.04529788283984271
0.5974931412996309
-0.1002129802760745
1.6084058242363426
0.020791963586411555
0.745677202387495
1.1819017123157893
0.26710720618309747
1.4114655793587456
0.8012296242308419
0.07050271610540282
0.8194604784771381
0.09213083316045712
0.0963836905636759
0.3912056480249424
1.1100377851616114
0.27168147709246604
0.507864349084397
0.8570310201208589
0.8373956536776546
1.8297911583542774
0.41110789431704653
2.3996365796244614
0.8608495985737907
1.1629229972071258
0.2545782200454676
0.5704471768862389
0.45377242217478075
0.247842968237852
1.070316752271519
0.2107974926461651
0.7284093928585174
0.5949931397999269
0.025545559396594975
0.07475262566314456
0.4663099915715514
0.03289168261932751
0.04638409887254813
0.8363697489731953
0.6326789763940992
0.8148222673672656
0.17727578235731212
1.0889231658415568
0.1795472670678402
1.3876295500382914
0.35285026132149344
-0.06401257914644631
0.683842838917861
0.8005147575742706
0.2079329289571641
-0.07043551363190659
