0.643994792426498 0.06005556694404577
0.7257323429044334 0.06474448640942886
0.5738307524841231 0.06945041179007001
0.7443071083513271 0.07422093324030012
-0.07826428809404717 0.06995001222494818
0.8059321937424164 0.06066503092686456
0.9784976369227405 0.06313892829675263
0.033148998720975875 0.07262293542707501
2.4356938871443288 0.06864543025405366
1.2165240211104762 0.06922949179082985
0.06023412026117292 0.07294658509479043
-0.019346833838079114 0.07213611840973057
0.2616186318398839 0.07457403013845965
1.2180982479022253 0.07845790705905184
0.6830032232920878 0.060494353171881544
0.8447996309077708 0.06103892609358525
0.026598045038345397 0.07225140277784663
-0.0332950252491635 0.07101622396139247
0.49441915946329207 0.07547654352573566
0.5730319037088929 0.07337921343810576
-0.050637218640124715 0.07102214101621271
1.4410898028542567 0.07872374293968337
0.6836024532043401 0.07189942002058608
0.021871777265855208 0.06947296020294244
1.1051482682764098 0.06462373328983702
-0.09826125260244911 0.07069871860362154
0.055916113563522885 0.07242494964683747
0.4709799252566178 0.07540421218492864
1.0089984683228703 0.06399792000413612
0.06949208100586812 0.07008948742388874
0.2116358186037166 0.07352370688962322
0.8140303345926011 0.06017522213975914
0.21288836743805728 0.07375774855809274
0.04486120913486413 0.07323897446832645
0.09951511806111935 0.07174130522165895
0.3998610145882866 0.06810501307666963
0.08416166460344732 0.07298430810824198
-0.09962137452203024 0.07083675135460234
-0.015026476739572914 0.07070824764024401
0.5776806965294026 0.06670788393715685
0.5405785431029289 0.07751078650702398
0.14925857870757664 0.07278630804993413
0.7085740475338739 0.0684826865711048
0.18149415629062204 0.07453157278214269
0.6584355769832845 0.060264232967515055
0.6903506435198471 0.06057778225934283
0.6197832653281106 0.07607230178332049
2.344859695622496 0.07591053071094842
0.2278873228533862 0.07327710750212874
0.04529788283984271 0.07207044318343361
0.5974931412996309 0.06519475165520705
-0.1002129802760745 0.06874955005916217
1.6084058242363426 0.06852152512285077
0.020791963586411555 0.07296845739076878
0.745677202387495 0.05983363355477653
1.1819017123157893 0.07439208361336076
0.26710720618309747 0.074635485242287
1.4114655793587456 0.06602565041394041
0.8012296242308419 0.06416543172865669
0.07050271610540282 0.07303678921110972
0.8194604784771381 0.06149374896657188
0.09213083316045712 0.07339766477608778
0.0963836905636759 0.07218987447640124
0.3912056480249424 0.07297666058365461
1.1100377851616114 0.07789480511098386
0.27168147709246604 0.07320891712415005
0.507864349084397 0.06886524548014825
0.8570310201208589 0.07777078522785408
0.8373956536776546 0.061099121381019396
1.8297911583542774 0.08082356095158251
0.41110789431704653 0.06840453777048677
2.3996365796244614 0.06761177826608983
0.8608495985737907 0.06232126844795857
1.1629229972071258 0.07623848206773669
0.2545782200454676 0.07578653205201291
0.5704471768862389 0.07121416535413527
0.45377242217478075 0.07063289287623352
0.247842968237852 0.07138434905311579
1.070316752271519 0.07461425365167933
0.2107974926461651 0.07532424234758128
0.7284093928585174 0.06233930378006244
0.5949931397999269 0.07304144920766856
0.025545559396594975 0.07142579471755746
0.07475262566314456 0.06995638468310099
0.4663099915715514 0.07452518018879163
0.03289168261932751 0.07273531330498557
0.04638409887254813 0.07288805472052144
0.8363697489731953 0.06119008386544324
0.6326789763940992 0.06349242819235537
0.8148222673672656 0.07273702257183372
0.17727578235731212 0.07277561453530798
1.0889231658415568 0.0769432991925343
0.1795472670678402 0.07467716198191708
1.3876295500382914 0.07772297364334055
0.35285026132149344 0.07499405952812403
-0.06401257914644631 0.07100790122698439
0.683842838917861 0.05869624360070377
0.8005147575742706 0.0752867997591062
0.2079329289571641 0.07247893474271969
-0.07043551363190659 0.06747102875926274
