1.0289499335902619e-07
4.1777080739269223e-08
3.8857143153103735e-07
3.830627282042087e-08
1.14662651984343e-07
4.1246801507632824e-07
1.1774251673646319e-07
1.1273614086704242e-07
3.108318968880752e-08
2.9651931077179228e-08
4.1141162199220815e-08
2.2237446550832374e-08
9.606511014448316e-08
1.652896564063866e-08
4.465575448309167e-08
4.670752190572003e-08
2.2511129627034165e-08
7.351141834144315e-08
8.741253213484512e-07
3.613635313204355e-08
2.5695764183097936e-08
1.0705015907053195e-07
3.135456388969615e-08
1.6643037059616006e-08
2.6838575195586856e-08
1.1087629830985879e-05
1.284749829300047e-07
9.305159498484983e-08
5.6840445461503464e-08
2.0614178752875745e-07
3.1877870065866176e-08
9.494247477093154e-08
8.002396206796547e-08
2.3398247644967896e-07
3.881592874899198e-08
7.429008622772404e-06
1.303632042370939e-06
1.9083322549962034e-07
4.7293196858699815e-08
4.951624946181177e-07
2.1758108370573126e-08
2.491416467576002e-08
3.2724845944187564e-08
1.2905276308705638e-07
1.200515776789146e-07
6.418636117055954e-08
8.659621270057372e-08
6.368536664691504e-08
6.586451188561604e-06
5.651765048741986e-07
2.759217698766747e-08
5.907881100997159e-08
5.749856945014287e-07
2.0972036479660616e-07
3.2841322289423047e-07
9.116590994728835e-06
4.652751134370803e-08
4.644525991581716e-08
6.138600339711253e-07
3.119019464925543e-08
5.9059659662796804e-08
2.6347573034435356e-07
1.878031203328412e-07
4.594329694462829e-08
4.745160745112109e-06
1.476245314879776e-07
3.5357982108852326e-07
2.267514787046565e-07
2.0431229097450654e-08
5.042961870316276e-08
7.121196582415834e-08
4.101106032550206e-08
8.34406715943814e-09
6.039179600847433e-08
8.736257340158371e-06
2.6971122024654903e-07
2.854814834529762e-08
6.162427979017338e-08
6.62521105188052e-06
1.9608879153754089e-07
2.4366286810462157e-06
3.4944713955820106e-08
1.4672712822516587e-08
5.200080771983195e-06
5.502591193806694e-08
1.7627558079880146e-08
1.6431186977694523e-07
2.7993692697236838e-08
8.346247905022253e-06
3.569779188916655e-08
3.399240228185718e-08
2.4695791689399726e-08
5.2970065000934596e-08
1.3803783005528203e-08
3.9255024952833395e-08
9.788012550471237e-08
3.641635275553057e-07
1.1385066278624123e-08
4.0487678942824346e-07
2.4591385816563616e-08
