No Shot Noise
31/10/2024 16:30:42 

VQEr_100_COBYLA_maxIter_10000_tol_1e-04_RA_r1_rl 

Reference value: 0.0000000000e+00 

Qubits:  5
VQE runs:  100
Optimizer:  COBYLA
Max iterations:  10000
Optimizers's tolerance:  1e-04
Ansatz:  RA_r1_rl 

All run converged!!!
Number of iterations for each converged VQE run:
[395, 290, 527, 297, 303, 333, 296, 342, 270, 298, 291, 356, 247, 251, 401, 360, 233, 322, 749, 300, 336, 378, 265, 417, 296, 795, 539, 330, 283, 806, 302, 295, 297, 390, 750, 1439, 991, 457, 219, 743, 275, 343, 366, 397, 377, 386, 405, 266, 2354, 969, 267, 356, 1197, 401, 873, 1104, 344, 306, 938, 260, 304, 504, 657, 247, 2211, 504, 778, 538, 242, 197, 420, 262, 316, 300, 936, 506, 306, 267, 529, 437, 1286, 839, 204, 535, 299, 391, 406, 269, 1375, 375, 205, 321, 287, 210, 357, 264, 698, 278, 403, 236] 

Average iterations of converged run:
491 

VQE eigenvalues:
[1.0289499335902619e-07, 4.1777080739269223e-08, 3.8857143153103735e-07, 3.830627282042087e-08, 1.14662651984343e-07, 4.1246801507632824e-07, 1.1774251673646319e-07, 1.1273614086704242e-07, 3.108318968880752e-08, 2.9651931077179228e-08, 4.1141162199220815e-08, 2.2237446550832374e-08, 9.606511014448316e-08, 1.652896564063866e-08, 4.465575448309167e-08, 4.670752190572003e-08, 2.2511129627034165e-08, 7.351141834144315e-08, 8.741253213484512e-07, 3.613635313204355e-08, 2.5695764183097936e-08, 1.0705015907053195e-07, 3.135456388969615e-08, 1.6643037059616006e-08, 2.6838575195586856e-08, 1.1087629830985879e-05, 1.284749829300047e-07, 9.305159498484983e-08, 5.6840445461503464e-08, 2.0614178752875745e-07, 3.1877870065866176e-08, 9.494247477093154e-08, 8.002396206796547e-08, 2.3398247644967896e-07, 3.881592874899198e-08, 7.429008622772404e-06, 1.303632042370939e-06, 1.9083322549962034e-07, 4.7293196858699815e-08, 4.951624946181177e-07, 2.1758108370573126e-08, 2.491416467576002e-08, 3.2724845944187564e-08, 1.2905276308705638e-07, 1.200515776789146e-07, 6.418636117055954e-08, 8.659621270057372e-08, 6.368536664691504e-08, 6.586451188561604e-06, 5.651765048741986e-07, 2.759217698766747e-08, 5.907881100997159e-08, 5.749856945014287e-07, 2.0972036479660616e-07, 3.2841322289423047e-07, 9.116590994728835e-06, 4.652751134370803e-08, 4.644525991581716e-08, 6.138600339711253e-07, 3.119019464925543e-08, 5.9059659662796804e-08, 2.6347573034435356e-07, 1.878031203328412e-07, 4.594329694462829e-08, 4.745160745112109e-06, 1.476245314879776e-07, 3.5357982108852326e-07, 2.267514787046565e-07, 2.0431229097450654e-08, 5.042961870316276e-08, 7.121196582415834e-08, 4.101106032550206e-08, 8.34406715943814e-09, 6.039179600847433e-08, 8.736257340158371e-06, 2.6971122024654903e-07, 2.854814834529762e-08, 6.162427979017338e-08, 6.62521105188052e-06, 1.9608879153754089e-07, 2.4366286810462157e-06, 3.4944713955820106e-08, 1.4672712822516587e-08, 5.200080771983195e-06, 5.502591193806694e-08, 1.7627558079880146e-08, 1.6431186977694523e-07, 2.7993692697236838e-08, 8.346247905022253e-06, 3.569779188916655e-08, 3.399240228185718e-08, 2.4695791689399726e-08, 5.2970065000934596e-08, 1.3803783005528203e-08, 3.9255024952833395e-08, 9.788012550471237e-08, 3.641635275553057e-07, 1.1385066278624123e-08, 4.0487678942824346e-07, 2.4591385816563616e-08] 

Median VQE eigenvalues:
6.393586390873729e-08 

Min eigenvalue after 100 VQE steps on Aer qasm simulator: 8.34407e-09
Delta from reference energy value is 8.34407e-09 

Optimizer history of the smallest VQE eigenvalue:
[6.382398266681311, 6.2114942776474225, 6.498609166142978, 5.5871430065380885, 7.82886506667356, 6.406735553686669, 6.346654480343967, 5.675400991763727, 6.299821980607394, 4.199382584616715, 4.344187069683996, 4.14897340965181, 4.958961956250818, 4.296244467243492, 4.302590429410381, 4.149275370748822, 4.237706281429514, 4.588560111107733, 3.9742452573539158, 4.012879115051994, 3.4215301510777802, 3.150002041101837, 3.4081884674333107, 3.160474030629086, 3.8292937553644566, 3.3299257866631216, 3.074392756734219, 3.1343850484901266, 3.1867142358494482, 2.831314344973402, 2.1124150588532147, 1.868678925122484, 2.258843700160876, 2.1861972097678066, 1.793808660854265, 1.775142585396634, 1.8141627730978644, 1.6051859538636721, 1.4895427895630688, 1.4049567573130277, 1.6555491965045186, 1.0286701027057024, 0.9592687554843357, 0.9565074174893871, 0.6418076072952825, 0.9282786813323114, 0.726288210135725, 0.8819981947292934, 0.5469561899045281, 0.7192935702487515, 0.4312726030040733, 0.4775070036003212, 0.6535405106475983, 0.6440964244073308, 0.5309978019384292, 0.701901936137994, 0.5183726252561223, 0.3112032619861526, 0.21681258916292068, 0.23057157020219843, 0.2164763551367302, 0.2106668777957733, 0.17767374164143446, 0.19788005203237607, 0.1332523020649936, 0.1945205543028885, 0.18173607826515809, 0.2245795716057989, 0.08654820700242805, 0.1323732359654895, 0.09721791223225984, 0.13853611164890894, 0.10443291570125607, 0.09391354107114985, 0.05901478796126741, 0.06300501765341898, 0.08434381323518697, 0.06537431730275756, 0.05429936971878174, 0.06118638767447848, 0.034257532471916874, 0.05384265250479464, 0.036655652824534424, 0.023760843548598087, 0.030665792012143978, 0.02436937268845979, 0.06287915385171589, 0.018991823478816006, 0.01914046164676636, 0.028619244161930568, 0.01705021556844477, 0.02254672311998629, 0.018014259489436968, 0.02142102981335725, 0.018026665197414582, 0.023100169530270165, 0.02191491169592119, 0.011904115755847822, 0.013333005234977935, 0.013468360150138359, 0.01509091541852653, 0.009992890139387811, 0.009748345174875495, 0.009141361122985081, 0.010090406860314538, 0.010039206307792148, 0.010689873414739481, 0.009180917473386563, 0.010127828086280488, 0.010389497039187623, 0.006536190764079686, 0.007764197612464108, 0.006846122770931218, 0.005459613435838839, 0.0060088382456043865, 0.006211723148101367, 0.004939965993740192, 0.00548990418465134, 0.004033751784224493, 0.004841669089397149, 0.004580128692980134, 0.005691917424084869, 0.0034595882592860505, 0.0043954840515677, 0.0032693822849327314, 0.003998152678916178, 0.004030034759229806, 0.0036090913126851087, 0.003139868239600496, 0.0030743234444539635, 0.0031324883478038856, 0.003255545365996093, 0.0032867628369211976, 0.0030098071529773285, 0.0023240415201093434, 0.00236341117701222, 0.00245944786999458, 0.0022114174630776806, 0.002148939671481498, 0.002137179832572833, 0.0020918199473175525, 0.0018894562558094408, 0.0017554810235366758, 0.0018814748084723942, 0.001497084699030593, 0.0012963746910709117, 0.0012454626978041783, 0.0013128563025721074, 0.001379875125262997, 0.0012921519088626154, 0.0011810861855953703, 0.0012650564987005675, 0.0012496021203917684, 0.001150431357206383, 0.001183193354053258, 0.000891802850435941, 0.0008418405691467123, 0.0007944014465743887, 0.0008131035850204027, 0.0007808994731304808, 0.000917794826356455, 0.0006041222186432549, 0.000449830324802003, 0.0004699830497412738, 0.0004285344543643044, 0.000376967837395048, 0.0003793692013579486, 0.0003903673609629843, 0.00036412638620503257, 0.0005423757933120665, 0.0003914071036107414, 0.0003175936631144016, 0.0003362858191917062, 0.0004507872073318264, 0.0003454724315028468, 0.00034644728529920066, 0.00030236249712189966, 0.0003127507993490597, 0.00030376068213383567, 0.00035503603755221436, 0.0002621430197416452, 0.0002095794967651443, 0.00018848234067703196, 0.00022610903997943854, 0.0001691464362624795, 0.00017757715581173672, 0.00015629273589767845, 0.00014602854468043214, 9.91563710381893e-05, 0.00014447859998695245, 0.0001060992476891176, 9.71739347153111e-05, 8.790940535136071e-05, 0.00010239409102491548, 8.955119920794896e-05, 8.090755226647373e-05, 7.113365099015168e-05, 8.567873131409831e-05, 7.154577020129782e-05, 7.212482141200072e-05, 8.206166418411875e-05, 0.00010810633762570188, 5.625031149530946e-05, 6.474419473645465e-05, 5.786967198939674e-05, 5.152803228264391e-05, 5.41169432381472e-05, 5.2375966539786045e-05, 5.106771265667165e-05, 4.090103176862536e-05, 4.236968718757117e-05, 4.5198006409008507e-05, 3.9518691219153634e-05, 4.1688730112954264e-05, 3.316903427164064e-05, 3.59782332859937e-05, 3.643560528332479e-05, 3.068762040392414e-05, 3.653020406174656e-05, 3.4372177992680886e-05, 3.5823840488613534e-05, 2.324008600990135e-05, 1.6807661419704356e-05, 1.608457592994217e-05, 1.8228899845040836e-05, 1.7266950614103216e-05, 1.5086989199220024e-05, 1.3164630866591143e-05, 1.1446948104676391e-05, 9.976397356947775e-06, 8.380013068132186e-06, 5.1678230584828455e-06, 1.024152553358304e-05, 6.493113870298384e-06, 1.371546931183687e-05, 4.596897361319741e-06, 4.702622281138602e-06, 4.964468956092372e-06, 1.0939684395361304e-05, 3.884274980547886e-06, 9.299202910317828e-06, 5.341971851979821e-06, 6.575256457919121e-06, 6.4864830943145435e-06, 4.197203025968488e-06, 5.55289436715567e-06, 3.7265733113800437e-06, 5.032902238133463e-06, 3.4775351972493596e-06, 4.039553666401741e-06, 4.095174029883353e-06, 2.7369889060158137e-06, 3.1763560389141965e-06, 2.6853254299075147e-06, 4.454054400748753e-06, 4.761642802220134e-06, 2.401172148225328e-06, 3.0226772250729894e-06, 1.8131614127891993e-06, 2.1178201828897514e-06, 1.8112870852626806e-06, 2.1235504013006334e-06, 1.8331327693021926e-06, 2.2984532440095684e-06, 1.7227371040262618e-06, 1.1755361676857312e-06, 1.2250427156024202e-06, 1.1587916853295077e-06, 2.0288367640897143e-06, 1.303244913708479e-06, 1.1767011002250527e-06, 1.165360619614919e-06, 9.0154919935026e-07, 8.243220760983938e-07, 7.186255902569272e-07, 8.256694778996376e-07, 7.396096936562735e-07, 8.79504554851529e-07, 8.559300538890646e-07, 4.770275853216432e-07, 3.5452591268247957e-07, 3.3151716544166376e-07, 3.209846712870501e-07, 3.566745565009022e-07, 3.1154368379526787e-07, 2.1963542629066524e-07, 1.8964897796625024e-07, 1.963251005099309e-07, 2.5623339544589285e-07, 1.9863040895407025e-07, 2.343771178248133e-07, 2.24129238779458e-07, 1.0833498964579746e-07, 1.0491176472005037e-07, 1.26539293765493e-07, 9.523378835529783e-08, 1.0447327997153977e-07, 2.1444203651688198e-07, 6.228549626063895e-08, 4.7633311628381136e-08, 6.518446349357276e-08, 8.084703828625805e-08, 7.183342243255453e-08, 1.1472111993704459e-07, 3.329850023492398e-08, 4.010583326552464e-08, 3.678782944938064e-08, 3.55608981705835e-08, 4.079713705751331e-08, 5.080970311155397e-08, 3.715054891495484e-08, 5.4011835726175406e-08, 1.280738104458834e-08, 1.5230631311702325e-08, 1.173246610974843e-08, 8.34406715943814e-09] 

Smallest VQE eingenvalue optimizer final message:
{   'aux_operators_evaluated': None,
    'cost_function_evals': 316,
    'eigenvalue': 8.34406715943814e-09,
    'optimal_circuit': <qiskit.circuit.library.n_local.real_amplitudes.RealAmplitudes object at 0x00000164EBEF7E90>,
    'optimal_parameters': {   ParameterVectorElement(θ[0]): 4.30199323384361e-05,
                              ParameterVectorElement(θ[1]): -7.923054194775998e-07,
                              ParameterVectorElement(θ[2]): 9.121650738302126e-06,
                              ParameterVectorElement(θ[3]): -3.1415514323120286,
                              ParameterVectorElement(θ[4]): -2.8190317555012623,
                              ParameterVectorElement(θ[5]): -4.3161458415557476e-05,
                              ParameterVectorElement(θ[6]): -4.233830246730316e-05,
                              ParameterVectorElement(θ[7]): 2.5454762559226817e-05,
                              ParameterVectorElement(θ[8]): 3.1416139634320674,
                              ParameterVectorElement(θ[9]): -2.81896480349122},
    'optimal_point': array([ 4.30199323e-05, -7.92305419e-07,  9.12165074e-06, -3.14155143e+00,
       -2.81903176e+00, -4.31614584e-05, -4.23383025e-05,  2.54547626e-05,
        3.14161396e+00, -2.81896480e+00]),
    'optimal_value': 8.34406715943814e-09,
    'optimizer_evals': None,
    'optimizer_result': <qiskit_algorithms.optimizers.optimizer.OptimizerResult object at 0x00000164EBF6AB10>,
    'optimizer_time': 0.9459617137908936}
     ┌──────────┐ ░                      ░ ┌──────────┐
q_0: ┤ Ry(θ[0]) ├─░──────────────────■───░─┤ Ry(θ[5]) ├
     ├──────────┤ ░                ┌─┴─┐ ░ ├──────────┤
q_1: ┤ Ry(θ[1]) ├─░─────────────■──┤ X ├─░─┤ Ry(θ[6]) ├
     ├──────────┤ ░           ┌─┴─┐└───┘ ░ ├──────────┤
q_2: ┤ Ry(θ[2]) ├─░────────■──┤ X ├──────░─┤ Ry(θ[7]) ├
     ├──────────┤ ░      ┌─┴─┐└───┘      ░ ├──────────┤
q_3: ┤ Ry(θ[3]) ├─░───■──┤ X ├───────────░─┤ Ry(θ[8]) ├
     ├──────────┤ ░ ┌─┴─┐└───┘           ░ ├──────────┤
q_4: ┤ Ry(θ[4]) ├─░─┤ X ├────────────────░─┤ Ry(θ[9]) ├
     └──────────┘ ░ └───┘                ░ └──────────┘
The number of ansatz parameters is: 
 10
Line for latex table
RA r1 rl & $1\mathrm{e}{-04}$ & 100/100 &491 & $8.3441\mathrm{e}{-09}$ & $8.3441\mathrm{e}{-09}$ & $6.3936\mathrm{e}{-08}$ & $6.3936\mathrm{e}{-08}$ & - & 00h 02m 34s\\

