RA_r1_rl
14m04s__164
1e-07
0.002000000000000668
0.008600000000000385
0.012399999999999967
0.00019999999999997797
0.010200000000000209
0.01890000000000036
0.008599999999999941
0.019199999999999662
0.008000000000000007
0.008999999999999897
0.0013999999999998458
0.03440000000000021
0.0027000000000003688
0.0023999999999997357
0.0030999999999994365
0.004100000000000215
0.009000000000000341
0.006600000000000161
0.008000000000000007
0.0051000000000001044
0.014199999999999768
0.0045000000000001705
0.0010999999999996568
0.002200000000000202
0.2258
0.014799999999999702
0.03869999999999996
0.0039000000000002366
0.0030000000000001137
0.0041999999999999815
0.0032000000000000917
0.021199999999999886
0.006899999999999906
0.0019999999999997797
0.0011999999999998678
0.006400000000000627
0.0013999999999998458
0.0026000000000001577
0.006099999999999994
0.0007999999999999119
0.0038000000000000256
0.010800000000000143
0.026200000000000223
0.014300000000000868
0.002200000000000202
0.02120000000000033
0.00019999999999997797
0.013500000000000068
0.0042999999999997485
0.012700000000000156
0.016199999999999992
0.0036000000000000476
0.02800000000000047
0.005299999999999638
0.004999999999999449
0.0016000000000002679
0.0015999999999998238
0.006200000000000205
0.00019999999999997797
0.020000000000000018
0.0013999999999998458
0.005199999999999871
0.009700000000000042
0.00020000000000042206
0.006700000000000816
0.0027000000000003688
0.00019999999999997797
0.02970000000000006
0.009300000000000086
0.000500000000000167
0.0045999999999999375
0.007600000000000495
0.0017000000000000348
0.013300000000000534
0.02010000000000023
0.0022999999999999687
0.004500000000000615
0.00039999999999951186
0.010199999999999765
0.0034999999999998366
0.0048000000000003595
0.0036000000000004917
0.008699999999999708
0.00790000000000024
0.022699999999999942
0.0036000000000000476
0.02869999999999928
0.0037000000000002586
0.010800000000000143
0.015000000000000124
0.00690000000000035
0.005999999999999783
0.000700000000000145
0.010099999999999998
0.012499999999999734
0.0011999999999998678
0.006100000000000438
0.001700000000000479
0.016199999999999548
0.021300000000000097
