0.002000000000000668 0.0004686917963864967
0.008600000000000385 0.0013473381164355116
0.012399999999999967 0.0013693896450609
0.00019999999999997797 0.000244924478156005
0.010200000000000209 0.001264030062933639
0.01890000000000036 0.001660345445984054
0.008599999999999941 0.0015560835453149663
0.019199999999999662 0.002369298630396765
0.008000000000000007 0.0011298424668952805
0.008999999999999897 0.001310218302421391
0.0013999999999998458 0.000692678857768886
0.03440000000000021 0.003115308652445209
0.0027000000000003688 0.0008060341183845804
0.0023999999999997357 0.000787060353467239
0.0030999999999994365 0.0006077524166961346
0.004100000000000215 0.001043126550328394
0.009000000000000341 0.0014616921700549613
0.006600000000000161 0.0013400074626657807
0.008000000000000007 0.001362201159887917
0.0051000000000001044 0.0011698311844022733
0.014199999999999768 0.0017979577303151415
0.0045000000000001705 0.0007271169094444141
0.0010999999999996568 0.00043584286159118125
0.002200000000000202 0.0006781268317947734
0.2258 0.00723698086221043
0.014799999999999702 0.001772973773071666
0.03869999999999996 0.002066944846869406
0.0039000000000002366 0.0010144845982073974
0.0030000000000001137 0.0007612778730529318
0.0041999999999999815 0.0009051629687520431
0.0032000000000000917 0.0009049419870908688
0.021199999999999886 0.0018348787425876364
0.006899999999999906 0.0011080726510477434
0.0019999999999997797 0.0005654838636070847
0.0011999999999998678 0.0005476641306494064
0.006400000000000627 0.0012157943905118282
0.0013999999999998458 0.0005656217817587758
0.0026000000000001577 0.0008360023923410726
0.006099999999999994 0.0011262979179595426
0.0007999999999999119 0.00034634087255186886
0.0038000000000000256 0.0006628272776523343
0.010800000000000143 0.0015271869564660375
0.026200000000000223 0.002436757681838717
0.014300000000000868 0.0019177838772917088
0.002200000000000202 0.000678082590839771
0.02120000000000033 0.002300765959414392
0.00019999999999997797 0.00014140721339449809
0.013500000000000068 0.0016381339994029878
0.0042999999999997485 0.0008541469428617137
0.012700000000000156 0.001167381257344828
0.016199999999999992 0.0014458450816045231
0.0036000000000000476 0.0008823264701911623
0.02800000000000047 0.002130698477025787
0.005299999999999638 0.0009532990087060689
0.004999999999999449 0.0011641769624932442
0.0016000000000002679 0.0004897958758503283
0.0015999999999998238 0.0004241603470387065
0.006200000000000205 0.0010382543041085929
0.00019999999999997797 0.00014140721339449809
0.020000000000000018 0.0020921290591165765
0.0013999999999998458 0.000582933958523603
0.005199999999999871 0.0009689458189186696
0.009700000000000042 0.0016738401954786532
0.00020000000000042206 0.00019998999974998175
0.006700000000000816 0.0011260714897376716
0.0027000000000003688 0.0007934903906160474
0.00019999999999997797 0.00014140721339449809
0.02970000000000006 0.002897634725081823
0.009300000000000086 0.0010618931207988845
0.000500000000000167 0.00036053432568895684
0.0045999999999999375 0.0010758159693925232
0.007600000000000495 0.001466308289548967
0.0017000000000000348 0.0006707137988740103
0.013300000000000534 0.0017330796288687884
0.02010000000000023 0.002043435098064044
0.0022999999999999687 0.0006706899432673568
0.004500000000000615 0.0010719360988417123
0.00039999999999951186 0.0003741443571671103
0.010199999999999765 0.0016464713784332835
0.0034999999999998366 0.0007277561404756238
0.0048000000000003595 0.001048362532714721
0.0036000000000004917 0.0007208800177560551
0.008699999999999708 0.0012108786066323922
0.00790000000000024 0.0012197971142776107
0.022699999999999942 0.0019336729299444582
0.0036000000000000476 0.0006776016528905462
0.02869999999999928 0.0022281263429168407
0.0037000000000002586 0.0008885308098203538
0.010800000000000143 0.0014528496136902793
0.015000000000000124 0.001993313823761828
0.00690000000000035 0.0011083045610300513
0.005999999999999783 0.0009263822105373022
0.000700000000000145 0.0003872738049494026
0.010099999999999998 0.0010895444001967041
0.012499999999999734 0.0016621465037715518
0.0011999999999998678 0.0005996398919351483
0.006100000000000438 0.001014265744270214
0.001700000000000479 0.00043562713414111023
0.016199999999999548 0.0014936813582554988
0.021300000000000097 0.00199918858540159
