With Shot Noise
01/11/2024 18:53:48 

VQEr_100_shots_10000_COBYLA_maxIter_10000_tol_1e-07_RA_r1_rl 

Reference value: 0.0000000000e+00 

Number of pauli strings:  8
Qubits:  4
VQE runs:  100
Optimizer:  COBYLA
Max iterations:  10000
Optimizers's tolerance:  1e-07
Ansatz:  RA_r1_rl 

All run converged!!!
Number of iterations for each converged VQE run:
[139, 208, 158, 172, 146, 188, 177, 167, 184, 171, 142, 330, 159, 195, 192, 213, 165, 176, 160, 147, 146, 224, 162, 169, 260, 144, 132, 152, 156, 174, 166, 161, 125, 162, 163, 143, 159, 155, 153, 196, 148, 148, 138, 173, 146, 150, 154, 140, 157, 154, 152, 148, 133, 149, 158, 199, 156, 150, 163, 146, 173, 153, 165, 184, 150, 164, 165, 157, 182, 159, 156, 165, 138, 145, 150, 171, 156, 155, 167, 172, 146, 175, 161, 127, 166, 157, 153, 159, 162, 156, 160, 160, 161, 165, 135, 161, 170, 167, 176, 159] 

Average iterations of converged run:
164 

VQE eigenvalues:
[0.002000000000000668, 0.008600000000000385, 0.012399999999999967, 0.00019999999999997797, 0.010200000000000209, 0.01890000000000036, 0.008599999999999941, 0.019199999999999662, 0.008000000000000007, 0.008999999999999897, 0.0013999999999998458, 0.03440000000000021, 0.0027000000000003688, 0.0023999999999997357, 0.0030999999999994365, 0.004100000000000215, 0.009000000000000341, 0.006600000000000161, 0.008000000000000007, 0.0051000000000001044, 0.014199999999999768, 0.0045000000000001705, 0.0010999999999996568, 0.002200000000000202, 0.2258, 0.014799999999999702, 0.03869999999999996, 0.0039000000000002366, 0.0030000000000001137, 0.0041999999999999815, 0.0032000000000000917, 0.021199999999999886, 0.006899999999999906, 0.0019999999999997797, 0.0011999999999998678, 0.006400000000000627, 0.0013999999999998458, 0.0026000000000001577, 0.006099999999999994, 0.0007999999999999119, 0.0038000000000000256, 0.010800000000000143, 0.026200000000000223, 0.014300000000000868, 0.002200000000000202, 0.02120000000000033, 0.00019999999999997797, 0.013500000000000068, 0.0042999999999997485, 0.012700000000000156, 0.016199999999999992, 0.0036000000000000476, 0.02800000000000047, 0.005299999999999638, 0.004999999999999449, 0.0016000000000002679, 0.0015999999999998238, 0.006200000000000205, 0.00019999999999997797, 0.020000000000000018, 0.0013999999999998458, 0.005199999999999871, 0.009700000000000042, 0.00020000000000042206, 0.006700000000000816, 0.0027000000000003688, 0.00019999999999997797, 0.02970000000000006, 0.009300000000000086, 0.000500000000000167, 0.0045999999999999375, 0.007600000000000495, 0.0017000000000000348, 0.013300000000000534, 0.02010000000000023, 0.0022999999999999687, 0.004500000000000615, 0.00039999999999951186, 0.010199999999999765, 0.0034999999999998366, 0.0048000000000003595, 0.0036000000000004917, 0.008699999999999708, 0.00790000000000024, 0.022699999999999942, 0.0036000000000000476, 0.02869999999999928, 0.0037000000000002586, 0.010800000000000143, 0.015000000000000124, 0.00690000000000035, 0.005999999999999783, 0.000700000000000145, 0.010099999999999998, 0.012499999999999734, 0.0011999999999998678, 0.006100000000000438, 0.001700000000000479, 0.016199999999999548, 0.021300000000000097] 

VQE eigenvalues standard deviation:
[0.0004686917963864967, 0.0013473381164355116, 0.0013693896450609, 0.000244924478156005, 0.001264030062933639, 0.001660345445984054, 0.0015560835453149663, 0.002369298630396765, 0.0011298424668952805, 0.001310218302421391, 0.000692678857768886, 0.003115308652445209, 0.0008060341183845804, 0.000787060353467239, 0.0006077524166961346, 0.001043126550328394, 0.0014616921700549613, 0.0013400074626657807, 0.001362201159887917, 0.0011698311844022733, 0.0017979577303151415, 0.0007271169094444141, 0.00043584286159118125, 0.0006781268317947734, 0.00723698086221043, 0.001772973773071666, 0.002066944846869406, 0.0010144845982073974, 0.0007612778730529318, 0.0009051629687520431, 0.0009049419870908688, 0.0018348787425876364, 0.0011080726510477434, 0.0005654838636070847, 0.0005476641306494064, 0.0012157943905118282, 0.0005656217817587758, 0.0008360023923410726, 0.0011262979179595426, 0.00034634087255186886, 0.0006628272776523343, 0.0015271869564660375, 0.002436757681838717, 0.0019177838772917088, 0.000678082590839771, 0.002300765959414392, 0.00014140721339449809, 0.0016381339994029878, 0.0008541469428617137, 0.001167381257344828, 0.0014458450816045231, 0.0008823264701911623, 0.002130698477025787, 0.0009532990087060689, 0.0011641769624932442, 0.0004897958758503283, 0.0004241603470387065, 0.0010382543041085929, 0.00014140721339449809, 0.0020921290591165765, 0.000582933958523603, 0.0009689458189186696, 0.0016738401954786532, 0.00019998999974998175, 0.0011260714897376716, 0.0007934903906160474, 0.00014140721339449809, 0.002897634725081823, 0.0010618931207988845, 0.00036053432568895684, 0.0010758159693925232, 0.001466308289548967, 0.0006707137988740103, 0.0017330796288687884, 0.002043435098064044, 0.0006706899432673568, 0.0010719360988417123, 0.0003741443571671103, 0.0016464713784332835, 0.0007277561404756238, 0.001048362532714721, 0.0007208800177560551, 0.0012108786066323922, 0.0012197971142776107, 0.0019336729299444582, 0.0006776016528905462, 0.0022281263429168407, 0.0008885308098203538, 0.0014528496136902793, 0.001993313823761828, 0.0011083045610300513, 0.0009263822105373022, 0.0003872738049494026, 0.0010895444001967041, 0.0016621465037715518, 0.0005996398919351483, 0.001014265744270214, 0.00043562713414111023, 0.0014936813582554988, 0.00199918858540159] 

Median VQE eigenvalues:
0.006049999999999889 

Min eigenvalue after 100 VQE steps on Aer qasm simulator: 2.00000e-04
Delta from reference energy value is 2.00000e-04 

Optimizer history of the smallest VQE eigenvalue:
[2.2653999999999996, 1.6671999999999998, 2.6994000000000002, 1.9539, 1.5967, 1.9185000000000003, 2.4263, 2.664, 1.1172, 0.7359, 1.0270000000000001, 1.3331, 1.0121000000000002, 0.4088000000000003, 0.46360000000000046, 0.9308999999999998, 0.3197000000000001, 0.4489000000000001, 1.1263000000000005, 0.6055999999999999, 0.3594000000000004, 0.3113000000000006, 0.48910000000000053, 0.3298000000000001, 0.35199999999999987, 0.15659999999999963, 0.1358999999999999, 0.19650000000000034, 0.18509999999999982, 0.28259999999999996, 0.13000000000000078, 0.13519999999999976, 0.03929999999999989, 0.10920000000000041, 0.059399999999999675, 0.037799999999999834, 0.06240000000000023, 0.07240000000000002, 0.041300000000000114, 0.0923999999999996, 0.04679999999999973, 0.05510000000000037, 0.02450000000000019, 0.03249999999999975, 0.019500000000000295, 0.020500000000000185, 0.012399999999999967, 0.027000000000000135, 0.014800000000000146, 0.011499999999999844, 0.007100000000000328, 0.006600000000000161, 0.010799999999999699, 0.017199999999999438, 0.0027000000000003688, 0.006599999999999717, 0.006799999999999695, 0.01330000000000009, 0.007000000000000117, 0.0026999999999999247, 0.0029000000000003467, 0.006699999999999928, 0.0052000000000003155, 0.002500000000000391, 0.0020999999999999908, 0.0011999999999998678, 0.0019999999999997797, 0.0013999999999998458, 0.001100000000000101, 0.001000000000000334, 0.0024999999999999467, 0.001100000000000545, 0.0038000000000000256, 0.0018999999999995687, 0.0007999999999999119, 0.000500000000000167, 0.0002999999999993008, 0.0005999999999994898, 0.0012999999999996348, 0.001100000000000545, 0.000700000000000145, 0.00019999999999997797, 0.000300000000000189, 9.999999999976694e-05, 0.001200000000000312, 9.999999999976694e-05, 0.0011999999999994237, 0.00039999999999995595, 0.0018000000000002458, 0.001100000000000545, 0.0008999999999996788, 0.000500000000000167, 0.0018000000000002458, 0.00039999999999995595, 0.00039999999999995595, 0.000700000000000145, 0.0007999999999999119, 0.001000000000000334, 9.999999999976694e-05, 0.0019999999999997797, 0.0017000000000000348, 0.0007999999999999119, 0.000500000000000167, 0.001000000000000334, 0.000700000000000145, 9.999999999976694e-05, 0.0007999999999994678, 0.0017000000000000348, 9.999999999976694e-05, 0.000500000000000167, 0.0, 0.00140000000000029, 9.999999999976694e-05, 0.0008999999999996788, 0.0018000000000002458, 0.001200000000000312, 0.0013999999999998458, 0.0009000000000001229, 0.0009999999999998899, 0.00019999999999997797, 0.0005999999999994898, 0.001500000000000501, 0.000700000000000145, 0.0008999999999996788, 0.001000000000000334, 0.0015999999999998238, 0.0004999999999997229, 0.0013999999999998458, 0.000500000000000167, 0.00019999999999997797, 0.0009999999999998899, 0.0007999999999999119, 9.999999999976694e-05, 0.0005999999999994898, 0.0009000000000001229, 0.00019999999999997797, 0.001500000000000501, 0.0008999999999996788, 0.0017999999999998018, 9.999999999976694e-05, 0.00019999999999997797, 0.0007999999999999119, 9.999999999976694e-05, 0.0009999999999994458, 0.0010999999999996568, 0.0005999999999999339, 0.0005999999999994898, 0.00140000000000029, 0.000500000000000167, 0.00019999999999997797, 0.001000000000000334, 0.0013000000000000789, 0.0011999999999998678, 0.000500000000000167, 0.0006999999999997009, 9.999999999976694e-05, 0.000800000000000356, 0.0011999999999998678, 0.0005999999999994898, 0.00039999999999995595, 0.0007999999999999119, 0.0009000000000001229, 0.0010999999999996568, 0.00039999999999995595, 0.0013999999999998458, 0.0005999999999994898, 0.002200000000000202, 0.000300000000000189, 0.0009000000000001229, 0.0005999999999994898, 0.00039999999999995595, 0.00019999999999997797] 

Optimizer history of the smallest VQE eigenvalue standard deviation:
[0.016310627578361294, 0.015985359927133326, 0.016704266041942698, 0.01546188504031769, 0.013528800648985852, 0.013741383008998766, 0.014316332246773263, 0.018585214445897575, 0.013416247016211351, 0.012820762106832808, 0.012346949582791693, 0.016322683817313867, 0.014275881724082755, 0.009371244100971865, 0.009597068510748478, 0.01408780476156594, 0.007144601948324343, 0.0077294889223026905, 0.01493317344036424, 0.010693877126655234, 0.007512177047966855, 0.008496137534197526, 0.010404060120933558, 0.008933741433464482, 0.008990956122682393, 0.0054183868448090715, 0.005738572557701089, 0.006660827200881286, 0.006766601732036547, 0.007476323160484704, 0.0058303481885733045, 0.005912091000652816, 0.0031552925379431875, 0.005228695439591027, 0.0037029609773801286, 0.002861222116508962, 0.0034770107851428964, 0.004291189578659975, 0.0029843010907078414, 0.004311420647536032, 0.003043434244402203, 0.003432330549349818, 0.001980824828196576, 0.0023935398471719715, 0.001853269273473225, 0.0017338734094506413, 0.001453982118184409, 0.0025704163086939773, 0.0014741031171529426, 0.001551021921186163, 0.0012360319575156738, 0.0012874486397522768, 0.0016231364699248229, 0.002155133406543545, 0.0007934374581527986, 0.0012076688287771717, 0.0013846328033092436, 0.0019077853652861411, 0.0012483060522163654, 0.000830294526056856, 0.0008303089786338426, 0.001373800931721919, 0.0012402338489172046, 0.000767917313257109, 0.0006854057192641266, 0.0005290633232421195, 0.0006321392251711643, 0.0005656217817587758, 0.0005743770538591985, 0.0004898367074852594, 0.0006243532653874689, 0.000499938996278545, 0.0009162423260251602, 0.0006402069977749131, 0.00031618981640780093, 0.0002999683316618515, 0.0001731964202863277, 0.0003999749992186854, 0.0005567162652554421, 0.0005195584663923527, 0.00026455056227494737, 0.000244924478156005, 0.00026455056227494737, 0.0001731964202863277, 0.0004689946694792952, 0.0001731964202863277, 0.0005830128643520458, 0.00034634087255188886, 0.0007346863276256109, 0.000591510777585643, 0.000458210650247232, 0.0002999683316618515, 0.0006479629619044673, 0.0003463928405726554, 0.0003463928405726554, 0.0003872738049494026, 0.0004242310691120929, 0.0004471733444649752, 0.0001731964202863277, 0.0007481711034248807, 0.0005915327547989042, 0.00034636397041261347, 0.0002999683316618515, 0.00042422635467400445, 0.0003872738049494026, 0.0001731964202863277, 0.0004241603470387065, 0.0006706511760967681, 0.0001731964202863277, 0.0002999683316618515, 0.0, 0.0006479629619044673, 0.0001731964202863277, 0.000387232488306439, 0.0006926817451037758, 0.0005098313446621298, 0.000547620306416766, 0.0005195642404938684, 0.0005476531749200135, 0.000244924478156005, 0.00042422635467400445, 0.0006243820945542668, 0.00045820192055468097, 0.000458210650247232, 0.0004898326244749255, 0.0005999066594062524, 0.0003872014979309842, 0.00059990332554502, 0.0002999683316618515, 0.000244924478156005, 0.0005476531749200135, 0.0004242310691120929, 0.0001731964202863277, 0.00042422635467400445, 0.0005195584663923527, 0.000244924478156005, 0.0006556424330380156, 0.000458210650247232, 0.00059990332554502, 0.0001731964202863277, 0.000244924478156005, 0.0004242310691120929, 0.0001731964202863277, 0.0005475910883131591, 0.000458210650247232, 0.000244924478156005, 0.00042422635467400445, 0.0004898407904615486, 0.0003872738049494026, 0.000244924478156005, 0.0004898326244749255, 0.0005195353693445659, 0.0005476568268541689, 0.0002999683316618515, 0.0004795132949147459, 0.0001731964202863277, 0.0003999749992186854, 0.0005656147098511212, 0.00042422635467400445, 0.0003463928405726554, 0.0004242310691120929, 0.0005195584663923527, 0.0005384579835047213, 0.00024493264380232136, 0.00059990332554502, 0.00042422635467400445, 0.0007346727162485425, 0.0002999549966245008, 0.0005195642404938684, 0.00042422635467400445, 0.0003463928405726554, 0.000244924478156005] 

Smallest VQE eingenvalue optimizer final message:
{   'aux_operators_evaluated': None,
    'cost_function_evals': 172,
    'eigenvalue': 0.00019999999999997797,
    'optimal_circuit': <qiskit.circuit.library.n_local.real_amplitudes.RealAmplitudes object at 0x00000290D59D9D90>,
    'optimal_parameters': {   ParameterVectorElement(θ[0]): 5.183352513788444,
                              ParameterVectorElement(θ[1]): 1.5559393017526806,
                              ParameterVectorElement(θ[2]): -1.5778160028809332,
                              ParameterVectorElement(θ[3]): 1.5677781952803465,
                              ParameterVectorElement(θ[4]): -1.0712430816719303,
                              ParameterVectorElement(θ[5]): 1.5658759519962338,
                              ParameterVectorElement(θ[6]): 1.5889254929585621,
                              ParameterVectorElement(θ[7]): 1.5671619050144934},
    'optimal_point': array([ 5.18335251,  1.5559393 , -1.577816  ,  1.5677782 , -1.07124308,
        1.56587595,  1.58892549,  1.56716191]),
    'optimal_value': 0.00019999999999997797,
    'optimizer_evals': None,
    'optimizer_result': <qiskit_algorithms.optimizers.optimizer.OptimizerResult object at 0x00000290D59DBC50>,
    'optimizer_time': 10.336525917053223}
     ┌──────────┐ ░                 ░ ┌──────────┐
q_0: ┤ Ry(θ[0]) ├─░─────────────■───░─┤ Ry(θ[4]) ├
     ├──────────┤ ░           ┌─┴─┐ ░ ├──────────┤
q_1: ┤ Ry(θ[1]) ├─░────────■──┤ X ├─░─┤ Ry(θ[5]) ├
     ├──────────┤ ░      ┌─┴─┐└───┘ ░ ├──────────┤
q_2: ┤ Ry(θ[2]) ├─░───■──┤ X ├──────░─┤ Ry(θ[6]) ├
     ├──────────┤ ░ ┌─┴─┐└───┘      ░ ├──────────┤
q_3: ┤ Ry(θ[3]) ├─░─┤ X ├───────────░─┤ Ry(θ[7]) ├
     └──────────┘ ░ └───┘           ░ └──────────┘
The number of ansatz parameters is: 
 8
Line for latex table
RA r1 rl & $1\mathrm{e}{-07}$ & 10000 & 100/100 &164 & $2\mathrm{e}{-04}$ & $2.4492\mathrm{e}{-04}$ & $2\mathrm{e}{-04}$ & $6.05\mathrm{e}{-03}$ & $6.05\mathrm{e}{-03}$ & - & 00h 14m 04s\\

