RA_r1_rl
01h06m24s__142
1e-08
2.214101498561023
10.955718767329902
11.223741097426434
9.769035036238115
4.540673167490418
7.989330538473098
12.157660803285694
10.767315043753122
8.347711020850511
3.1392632136421508
3.7227411385246247
7.079869526266762
8.706048365999
4.085594768883139
21.3255220700802
14.141305210215439
11.243812433794925
7.564884999349094
10.701315376344674
12.1475448027483
5.755538362389139
7.728895501680384
4.84359182094116
9.745534238386023
8.764413532566472
2.0949492461642922
7.068138296320196
3.2248515860861566
13.037479311034216
9.894049940216775
3.216074364272928
9.47628930533249
7.2809717403298855
12.746687523558272
6.582202504855836
11.061324008486034
4.953224196909691
8.053088164031896
23.890268131731958
25.939311396509915
8.78879262528406
11.398465367197536
36.08098454448594
4.137332612164128
11.74318272453558
20.739518704311635
5.683467695387176
3.6349815778696257
1.8022170842463119
8.735130253999646
35.48192394693481
0.23906096487623785
12.009040666596151
3.4614741910544717
20.562196317717458
3.187726379195688
6.656513879315121
2.441485602209493
15.0461620948229
25.347491758987687
2.920030339175331
21.121166659575337
12.246420238360368
4.708721781431961
7.099396935008511
12.369468646265133
17.220579949184444
8.604798629311249
9.752087350651031
15.464573639475574
3.780409922136691
20.111447908439427
9.1838542405304
1.0730273266956383
6.567729136379568
34.90049892947103
11.284969778801216
4.257531617498419
8.636702545187603
10.075401345477783
2.866890938428474
7.8858060460449355
4.302755132359378
3.010978215075113
6.3725875518864585
3.7408229389434586
2.1422133554429124
1.620700797377383
14.388654880381232
1.607585161369422
25.01191843909263
1.9662346180768537
2.0200751836937645
5.821218361801243
2.6020256784403806
5.0433763122082915
9.007611925380484
3.589406403081359
18.497708784668788
12.475350441009562
