2.214101498561023 1.3184273879879036
10.955718767329902 1.4211574644484282
11.223741097426434 1.495492545075871
9.769035036238115 1.3338860951609557
4.540673167490418 1.1309652801711976
7.989330538473098 1.291623160150424
12.157660803285694 1.283676102039765
10.767315043753122 1.3679933759045435
8.347711020850511 1.3382853696120374
3.1392632136421508 1.326314660560764
3.7227411385246247 1.1793955054348784
7.079869526266762 1.1530438245194932
8.706048365999 1.3269058129188345
4.085594768883139 1.20790280264949
21.3255220700802 1.4613057942453356
14.141305210215439 1.505486974171982
11.243812433794925 1.5276250052951768
7.564884999349094 1.4389041943901544
10.701315376344674 1.1057021519608112
12.1475448027483 1.5115407583215714
5.755538362389139 1.4056602728956158
7.728895501680384 1.48872032906875
4.84359182094116 1.4267042633925342
9.745534238386023 1.498254086479779
8.764413532566472 1.476842985068316
2.0949492461642922 1.2474592844975705
7.068138296320196 1.3710440609832366
3.2248515860861566 1.4355358021808586
13.037479311034216 1.4135528099860852
9.894049940216775 1.3265438934590263
3.216074364272928 1.1018430261737582
9.47628930533249 1.3150535045283744
7.2809717403298855 1.4372553293994015
12.746687523558272 1.4089000256853355
6.582202504855836 1.0829521882846225
11.061324008486034 1.2712938180152331
4.953224196909691 1.3183731866208763
8.053088164031896 1.1740198448590984
23.890268131731958 1.4439838523202244
25.939311396509915 1.4489416271670466
8.78879262528406 1.4726840180617997
11.398465367197536 1.4272693401817071
36.08098454448594 1.420300976949825
4.137332612164128 1.4176510347515945
11.74318272453558 1.3479085295196787
20.739518704311635 1.3271435129457454
5.683467695387176 1.129372203850795
3.6349815778696257 1.3727764302347831
1.8022170842463119 1.2376648621012847
8.735130253999646 1.4830940500923862
35.48192394693481 1.2949627250264901
0.23906096487623785 1.2780103569691639
12.009040666596151 1.4119034746848373
3.4614741910544717 1.130136704348327
20.562196317717458 1.4070652115917601
3.187726379195688 1.1509214392826799
6.656513879315121 1.3808444169121015
2.441485602209493 1.3639441346392447
15.0461620948229 1.319665579322628
25.347491758987687 1.3183443017916594
2.920030339175331 1.2793887290929946
21.121166659575337 1.4111990962386498
12.246420238360368 1.4487343847524523
4.708721781431961 1.2289610985926405
7.099396935008511 1.1669449328944952
12.369468646265133 1.389488688382819
17.220579949184444 1.3176616078099603
8.604798629311249 1.3849013256928504
9.752087350651031 1.3017162679557186
15.464573639475574 1.4448227778058265
3.780409922136691 1.2220410669430142
20.111447908439427 1.510962840039305
9.1838542405304 1.309441127900113
1.0730273266956383 1.1868326580069313
6.567729136379568 1.4774910037335018
34.90049892947103 1.4451242192972218
11.284969778801216 1.1525136802241762
4.257531617498419 1.0918008347248105
8.636702545187603 1.3385562528084878
10.075401345477783 1.119108960880362
2.866890938428474 1.1975743185288128
7.8858060460449355 1.430710026331646
4.302755132359378 1.1883338565236061
3.010978215075113 1.1502017503842452
6.3725875518864585 1.3344569688363908
3.7408229389434586 1.236826630144047
2.1422133554429124 1.27191339756877
1.620700797377383 1.3865954424231055
14.388654880381232 1.2106410677885848
1.607585161369422 1.123535986517887
25.01191843909263 1.4457546027294157
1.9662346180768537 1.3975664749971606
2.0200751836937645 1.3428421513954434
5.821218361801243 1.21130225634809
2.6020256784403806 1.3773265491956168
5.0433763122082915 1.4627794930517957
9.007611925380484 1.2224011452564139
3.589406403081359 1.3718717369247218
18.497708784668788 1.499249627622967
12.475350441009562 1.3893798727415452
