With Shot Noise
02/11/2024 06:42:02 

VQEr_100_shots_10000_COBYLA_maxIter_10000_tol_1e-08_RA_r1_rl 

Reference value: 3.2010110009e-02 

Number of pauli strings:  34
Qubits:  4
VQE runs:  100
Optimizer:  COBYLA
Max iterations:  10000
Optimizers's tolerance:  1e-08
Ansatz:  RA_r1_rl 

All run converged!!!
Number of iterations for each converged VQE run:
[153, 132, 145, 151, 143, 130, 144, 145, 151, 138, 139, 152, 152, 153, 147, 147, 155, 136, 148, 129, 142, 143, 137, 162, 133, 132, 134, 144, 144, 137, 150, 126, 141, 156, 145, 141, 153, 128, 137, 136, 119, 150, 127, 131, 126, 131, 143, 137, 149, 152, 130, 158, 140, 154, 152, 148, 131, 127, 152, 130, 140, 124, 139, 153, 139, 143, 143, 142, 154, 142, 154, 139, 137, 135, 136, 138, 157, 157, 152, 149, 136, 142, 127, 163, 144, 151, 139, 140, 146, 149, 140, 152, 142, 139, 145, 161, 133, 134, 142, 137] 

Average iterations of converged run:
142 

VQE eigenvalues:
[2.214101498561023, 10.955718767329902, 11.223741097426434, 9.769035036238115, 4.540673167490418, 7.989330538473098, 12.157660803285694, 10.767315043753122, 8.347711020850511, 3.1392632136421508, 3.7227411385246247, 7.079869526266762, 8.706048365999, 4.085594768883139, 21.3255220700802, 14.141305210215439, 11.243812433794925, 7.564884999349094, 10.701315376344674, 12.1475448027483, 5.755538362389139, 7.728895501680384, 4.84359182094116, 9.745534238386023, 8.764413532566472, 2.0949492461642922, 7.068138296320196, 3.2248515860861566, 13.037479311034216, 9.894049940216775, 3.216074364272928, 9.47628930533249, 7.2809717403298855, 12.746687523558272, 6.582202504855836, 11.061324008486034, 4.953224196909691, 8.053088164031896, 23.890268131731958, 25.939311396509915, 8.78879262528406, 11.398465367197536, 36.08098454448594, 4.137332612164128, 11.74318272453558, 20.739518704311635, 5.683467695387176, 3.6349815778696257, 1.8022170842463119, 8.735130253999646, 35.48192394693481, 0.23906096487623785, 12.009040666596151, 3.4614741910544717, 20.562196317717458, 3.187726379195688, 6.656513879315121, 2.441485602209493, 15.0461620948229, 25.347491758987687, 2.920030339175331, 21.121166659575337, 12.246420238360368, 4.708721781431961, 7.099396935008511, 12.369468646265133, 17.220579949184444, 8.604798629311249, 9.752087350651031, 15.464573639475574, 3.780409922136691, 20.111447908439427, 9.1838542405304, 1.0730273266956383, 6.567729136379568, 34.90049892947103, 11.284969778801216, 4.257531617498419, 8.636702545187603, 10.075401345477783, 2.866890938428474, 7.8858060460449355, 4.302755132359378, 3.010978215075113, 6.3725875518864585, 3.7408229389434586, 2.1422133554429124, 1.620700797377383, 14.388654880381232, 1.607585161369422, 25.01191843909263, 1.9662346180768537, 2.0200751836937645, 5.821218361801243, 2.6020256784403806, 5.0433763122082915, 9.007611925380484, 3.589406403081359, 18.497708784668788, 12.475350441009562] 

VQE eigenvalues standard deviation:
[1.3184273879879036, 1.4211574644484282, 1.495492545075871, 1.3338860951609557, 1.1309652801711976, 1.291623160150424, 1.283676102039765, 1.3679933759045435, 1.3382853696120374, 1.326314660560764, 1.1793955054348784, 1.1530438245194932, 1.3269058129188345, 1.20790280264949, 1.4613057942453356, 1.505486974171982, 1.5276250052951768, 1.4389041943901544, 1.1057021519608112, 1.5115407583215714, 1.4056602728956158, 1.48872032906875, 1.4267042633925342, 1.498254086479779, 1.476842985068316, 1.2474592844975705, 1.3710440609832366, 1.4355358021808586, 1.4135528099860852, 1.3265438934590263, 1.1018430261737582, 1.3150535045283744, 1.4372553293994015, 1.4089000256853355, 1.0829521882846225, 1.2712938180152331, 1.3183731866208763, 1.1740198448590984, 1.4439838523202244, 1.4489416271670466, 1.4726840180617997, 1.4272693401817071, 1.420300976949825, 1.4176510347515945, 1.3479085295196787, 1.3271435129457454, 1.129372203850795, 1.3727764302347831, 1.2376648621012847, 1.4830940500923862, 1.2949627250264901, 1.2780103569691639, 1.4119034746848373, 1.130136704348327, 1.4070652115917601, 1.1509214392826799, 1.3808444169121015, 1.3639441346392447, 1.319665579322628, 1.3183443017916594, 1.2793887290929946, 1.4111990962386498, 1.4487343847524523, 1.2289610985926405, 1.1669449328944952, 1.389488688382819, 1.3176616078099603, 1.3849013256928504, 1.3017162679557186, 1.4448227778058265, 1.2220410669430142, 1.510962840039305, 1.309441127900113, 1.1868326580069313, 1.4774910037335018, 1.4451242192972218, 1.1525136802241762, 1.0918008347248105, 1.3385562528084878, 1.119108960880362, 1.1975743185288128, 1.430710026331646, 1.1883338565236061, 1.1502017503842452, 1.3344569688363908, 1.236826630144047, 1.27191339756877, 1.3865954424231055, 1.2106410677885848, 1.123535986517887, 1.4457546027294157, 1.3975664749971606, 1.3428421513954434, 1.21130225634809, 1.3773265491956168, 1.4627794930517957, 1.2224011452564139, 1.3718717369247218, 1.499249627622967, 1.3893798727415452] 

Median VQE eigenvalues:
8.200399592441205 

Min eigenvalue after 100 VQE steps on Aer qasm simulator: 2.39061e-01
Delta from reference energy value is 2.07051e-01 

Optimizer history of the smallest VQE eigenvalue:
[48.618134882696225, 125.87959733267341, 85.35335273252501, 47.188173452320235, 40.331554209437925, 39.69834489971244, 24.99707144577625, 7.439235594593813, 6.488384845248529, 29.797690823578574, 20.27719933022879, 49.97748323313412, 4.514268196402083, 14.207368435549874, 5.152690328590802, 12.384468471451806, 9.686605178166097, 5.849594118222882, 4.307551179104165, 4.028194134754894, 10.41491362989962, 4.563740674573429, 7.575908736863267, 8.163464948805814, 4.397717824579134, 5.056030517554394, 2.2409883571944356, 1.696043742581388, 1.8989063486893922, 3.8286856670453338, 2.4354554488971853, 1.6475991624849833, 1.6871967119606666, 3.4899035834131764, 2.9195712728377297, 2.5391355073480435, 3.18291129974442, 1.419917587980125, 2.0402067545903453, 2.7159211534443495, 1.7891797081153262, 3.7678652887410826, 3.8018472422168137, 3.791689342626502, 1.450815303121587, 1.9674182525830313, 0.8854390655483293, 3.733197696578724, 3.610330995586188, -0.34927612400224994, 1.4798884458580046, 2.825957778973777, 1.5118209879790125, 2.9579265965961206, 3.3421115771129735, 2.485584732090226, 1.853445642432348, 3.198784074799633, 1.1949833834838115, 1.93878662581906, 1.424214507279066, 1.7976642066527484, 3.9682801509458976, 2.819745747121482, 2.5001452551447025, 2.036219890738886, 2.461494198418542, 2.6781093243779335, 3.42431458413352, -0.6773463179178174, 4.446427102047845, 2.469421005520081, 4.559259138076497, 2.3379474499842576, 3.649774548932327, 2.3390604073903054, 2.5036328991744847, 2.646595162264, 3.2890836707453834, 3.1832163006610514, 1.6057290930742623, 3.3957173801792075, -0.8355110204664324, 1.185900245845378, 3.066563602414816, 2.5983184215945254, 2.4758891404560304, 1.7576896345998554, 2.920596718460984, 0.7456153940305947, 2.9713321852198336, 0.38045959087474923, 0.8021604237156845, 5.251710155547888, 0.020336959986189562, 4.793890022227198, 0.29273625743163567, 1.6896909708198198, 4.036821100034761, -0.440860758907208, 5.692990757299617, 2.7386091023976293, 3.427407701942845, 2.1935512748383337, 0.5558332457615442, 2.3760619261015714, 3.6210391096940757, 3.4908337426024847, 1.9066927926060124, 0.12317977073508768, 2.152475839851869, 1.2062779751243093, 3.7660096413787096, 3.8204246281775243, 2.3758315827346337, -0.0078077330249328725, 1.1714553375119898, 0.7477242851631081, 1.7997098405027758, 3.7433837803771723, 3.758029445931487, 0.020905813554597863, 1.241216173444589, 1.9715603084750386, 1.1543568667894393, 3.121745097843375, -0.9175401929677536, 1.4384086350010277, 1.3079862794143358, 2.9562920259780734, 0.7458516649847455, -1.7939893064211132, 1.619832600636677, 4.0147714527832035, 1.0062202075176412, 2.8190850146061903, 1.3583725782371214, 2.7330425566039214, 2.1221445337662246, 1.698478689660127, 2.003598396107342, 1.5377257822778434, 1.728509998248934, -0.19243200720407305, 2.510852521593984, 0.8746404472100302, 2.8011046880426314, 3.372505386301847, 1.4569370299175972, 1.3849551127476092, 1.7881636437415693, 3.333443435170774, 0.9036535503084497, 1.7706219466188067, 4.211610394840512, 3.366094833489764, 2.3333785649218637, 0.23906096487623785] 

Optimizer history of the smallest VQE eigenvalue standard deviation:
[1.3883359640077315, 1.5270662130583954, 1.504590852213064, 1.448793506068938, 1.2972267129985844, 1.2841580189958446, 1.2695216840232744, 0.9803624706643149, 0.9730486068794028, 1.1809421778874896, 0.8955296482766828, 1.4725612777900654, 1.038875667718034, 0.938863759389109, 1.1543676436225838, 1.3052766990489504, 0.9866669479621812, 0.9418934594624686, 1.3254830665529032, 1.334296569018778, 1.411388663133452, 1.2784000340171935, 1.37388202659402, 1.349510174974335, 1.3152827442956572, 1.3289236882503246, 1.2866004343416106, 1.3227464283314687, 1.3592569281220659, 1.3675466123410225, 1.250958400882143, 1.2943380730934708, 1.3037465923269613, 1.2463579649016343, 1.2957216024719924, 1.316365934470942, 1.2973906575680485, 1.2713068768398628, 1.2675570469515602, 1.280596252446397, 1.2348883544118228, 1.2734300711167665, 1.2480896859420978, 1.2661407901446715, 1.276377448298525, 1.2660468122119748, 1.2778980378242724, 1.281829848138246, 1.288613967859417, 1.278698474098282, 1.269299978515788, 1.279533340126536, 1.2767756950366733, 1.2792783668261265, 1.2765196971881578, 1.2835423310491783, 1.269838111134578, 1.2875523205135475, 1.2655904877290076, 1.2838463908517084, 1.27569930457463, 1.2815862601428185, 1.2732649286271742, 1.2780598603088107, 1.2792554824677478, 1.2767152639842727, 1.2792697205810306, 1.2823395187733322, 1.283339242178413, 1.2755737460600898, 1.2773245065599779, 1.2775855568322203, 1.280314389692168, 1.2768253373683203, 1.2832329061397503, 1.288920932059523, 1.2787371963142393, 1.2828237720554951, 1.2840322580046857, 1.2741024827237486, 1.2766602084881653, 1.2801142785442134, 1.2769567501222632, 1.280875540602364, 1.281304651702965, 1.2820645150035925, 1.2751432865998258, 1.2811349079890015, 1.2777752877575363, 1.2809493075585725, 1.2788610969262246, 1.2797737517563113, 1.2788704510847058, 1.2746729305930926, 1.2769695687938205, 1.279834940011827, 1.2805824557065117, 1.2803061761985175, 1.2762670010615096, 1.2776271322421358, 1.280947216623541, 1.2755839316174844, 1.2777859262483575, 1.2836470937980917, 1.2750196822445876, 1.275920149211531, 1.2853053422482068, 1.2811363744762694, 1.2816827163764428, 1.28155277373381, 1.2792034949076228, 1.2812314982979598, 1.2782613810470003, 1.2852357779465524, 1.2768415164382165, 1.2734162545342673, 1.279877845150362, 1.2823757077855078, 1.272658081941764, 1.2854697438815423, 1.280333420254038, 1.2762557123853124, 1.2788773984947863, 1.274706994284394, 1.272379054874649, 1.2825856704447125, 1.280845532827007, 1.2771472155819774, 1.2742424359487865, 1.2781910826913867, 1.2774400937670038, 1.2802349526335863, 1.274385246947958, 1.2843418700324667, 1.2726356857395091, 1.2701538802960355, 1.2770597752949535, 1.2824130646268606, 1.278313232426267, 1.2706857987533933, 1.2718750088703246, 1.2807762512316108, 1.285711505590918, 1.276017829711818, 1.2782921140517156, 1.2783507426776024, 1.2775957549466037, 1.2814116522053776, 1.277888988786948, 1.279117369682799, 1.276689759762527, 1.2854393460834777, 1.2746937433819492, 1.2740323891119285, 1.282126709158728, 1.2772814050370829, 1.2776924822516547, 1.2780103569691639] 

Smallest VQE eingenvalue optimizer final message:
{   'aux_operators_evaluated': None,
    'cost_function_evals': 158,
    'eigenvalue': 0.23906096487623785,
    'optimal_circuit': <qiskit.circuit.library.n_local.real_amplitudes.RealAmplitudes object at 0x0000020BA25B6C00>,
    'optimal_parameters': {   ParameterVectorElement(θ[3]): -1.6892758255518923,
                              ParameterVectorElement(θ[4]): -0.9330027516686583,
                              ParameterVectorElement(θ[5]): 2.042374804433996,
                              ParameterVectorElement(θ[6]): -1.4238454278519759,
                              ParameterVectorElement(θ[7]): 2.5541838460109942,
                              ParameterVectorElement(θ[0]): -0.10738209503279775,
                              ParameterVectorElement(θ[1]): -2.5695601389735923,
                              ParameterVectorElement(θ[2]): -1.6603532742937956},
    'optimal_point': array([-0.1073821 , -2.56956014, -1.66035327, -1.68927583, -0.93300275,
        2.0423748 , -1.42384543,  2.55418385]),
    'optimal_value': 0.23906096487623785,
    'optimizer_evals': None,
    'optimizer_result': <qiskit_algorithms.optimizers.optimizer.OptimizerResult object at 0x0000020B9D0F60F0>,
    'optimizer_time': 43.82167649269104}
     ┌──────────┐ ░                 ░ ┌──────────┐
q_0: ┤ Ry(θ[0]) ├─░─────────────■───░─┤ Ry(θ[4]) ├
     ├──────────┤ ░           ┌─┴─┐ ░ ├──────────┤
q_1: ┤ Ry(θ[1]) ├─░────────■──┤ X ├─░─┤ Ry(θ[5]) ├
     ├──────────┤ ░      ┌─┴─┐└───┘ ░ ├──────────┤
q_2: ┤ Ry(θ[2]) ├─░───■──┤ X ├──────░─┤ Ry(θ[6]) ├
     ├──────────┤ ░ ┌─┴─┐└───┘      ░ ├──────────┤
q_3: ┤ Ry(θ[3]) ├─░─┤ X ├───────────░─┤ Ry(θ[7]) ├
     └──────────┘ ░ └───┘           ░ └──────────┘
The number of ansatz parameters is: 
 8
Line for latex table
RA r1 rl & $1\mathrm{e}{-08}$ & 10000 & 100/100 &142 & $2.3906\mathrm{e}{-01}$ & $1.278\mathrm{e}{+00}$ & $2.0705\mathrm{e}{-01}$ & $8.2004\mathrm{e}{+00}$ & $8.1684\mathrm{e}{+00}$ & - & 01h 06m 24s\\

