0.03201011001217624
0.03201011001549103
0.032010110024094596
0.03201011002111809
0.03201011003328047
0.03201011001567511
0.032010110019246474
0.032010110014044746
0.03201011001766618
0.0320101100145983
0.0320101100189355
0.03201011001540621
0.03201011001506848
0.03201011001154119
0.03201011001500853
0.03201011002251608
0.0320101100424246
0.03201011001361487
0.03201011001615661
0.032010110016313265
0.03201011001449461
0.03201011001558918
0.032010110017248516
0.032010110013275694
0.032010110013829585
0.032010110017601456
0.03201011001543075
0.032010110013247384
0.032010110020408766
0.0320101100156327
0.03201011001529297
0.03201011001713805
0.032010110019463967
0.032010110018376836
0.03201011001172671
0.03201011001729204
0.03201011001305387
0.032010110014087045
0.032010110012015924
0.03201011002135745
0.0320101100135608
0.03201011001284593
0.03201011001249321
0.03201011001505716
0.03201011002320864
0.03201011001787024
0.03201011001504972
0.03201011001334075
0.03201011001575016
0.03201011001564025
0.0320101100214234
