No Shot Noise
01/11/2024 02:12:42 

VQEr_100_COBYLA_maxIter_10000_tol_1e-08_RA_r1_rl 

Reference value: 3.2010110009e-02 

Qubits:  4
VQE runs:  100
Optimizer:  COBYLA
Max iterations:  10000
Optimizers's tolerance:  1e-08
Ansatz:  RA_r1_rl 

Only 51 runs out of 100 converged
Number of iterations for each converged VQE run:
[2562, 3533, 7028, 3379, 6499, 4405, 4051, 3166, 5553, 5242, 2960, 3442, 3119, 2464, 2755, 3579, 6916, 2797, 5058, 3399, 3275, 3920, 7332, 2154, 3125, 3738, 4724, 2767, 3357, 4139, 4096, 3350, 4510, 7214, 1916, 3259, 3207, 5654, 2327, 3000, 4084, 2226, 2051, 3246, 5083, 4041, 3603, 5938, 2922, 3211, 3444] 

Average iterations of converged run:
3898 

VQE eigenvalues:
[0.03201011001217624, 0.03201011001549103, 0.032010110024094596, 0.03201011002111809, 0.03201011003328047, 0.03201011001567511, 0.032010110019246474, 0.032010110014044746, 0.03201011001766618, 0.0320101100145983, 0.0320101100189355, 0.03201011001540621, 0.03201011001506848, 0.03201011001154119, 0.03201011001500853, 0.03201011002251608, 0.0320101100424246, 0.03201011001361487, 0.03201011001615661, 0.032010110016313265, 0.03201011001449461, 0.03201011001558918, 0.032010110017248516, 0.032010110013275694, 0.032010110013829585, 0.032010110017601456, 0.03201011001543075, 0.032010110013247384, 0.032010110020408766, 0.0320101100156327, 0.03201011001529297, 0.03201011001713805, 0.032010110019463967, 0.032010110018376836, 0.03201011001172671, 0.03201011001729204, 0.03201011001305387, 0.032010110014087045, 0.032010110012015924, 0.03201011002135745, 0.0320101100135608, 0.03201011001284593, 0.03201011001249321, 0.03201011001505716, 0.03201011002320864, 0.03201011001787024, 0.03201011001504972, 0.03201011001334075, 0.03201011001575016, 0.03201011001564025, 0.0320101100214234] 

Median VQE eigenvalues:
0.03201011001558918 

Min eigenvalue after 100 VQE steps on Aer qasm simulator: 3.20101e-02
Delta from reference energy value is 2.23849e-12 

Optimizer history of the smallest VQE eigenvalue:
[138.14655653874314, 133.12487219070704, 72.54624085685838, 46.194569727781165, 65.95567922214039, 62.93117607219028, 61.41177740794611, 66.48548823311921, 49.959183530610204, 80.27687125074736, 44.598277407005995, 42.80311146230608, 46.760603473005794, 49.802052908039926, 52.735431970637286, 37.87368196110777, 39.347338093801206, 37.015005446652935, 39.444132910169635, 40.471138459208774, 37.28538648426189, 36.195418990241315, 34.18881741373068, 37.61818228746178, 38.78358614705259, 30.210376852238237, 29.097522122026287, 28.024884522872, 27.37313706946185, 27.142100262303682, 27.96049169586527, 26.98700848956154, 28.25835204491692, 30.88668462096785, 25.706633483349165, 28.99659336722798, 27.726338029501836, 25.81230250431096, 24.001234735899786, 22.805855585561922, 23.120408052974955, 22.701313995637214, 22.58723092323106, 22.389612942287673, 20.579115746460214, 19.88803284353843, 19.4546876761597, 17.77995094326098, 17.18623577732705, 14.806757148217576, 13.793938847425386, 12.679556839494532, 11.295566735891237, 11.231607529124348, 11.070737987835034, 10.604961466194926, 11.03805291282388, 9.913174436476066, 8.703934967220473, 11.991026972801391, 9.051912112375147, 7.418717762895583, 6.512127981738652, 5.8722570533439615, 6.072263247005918, 5.813241733579966, 7.120439937461846, 6.245313613985314, 6.025399840310064, 6.865921571927913, 5.160178506694504, 6.911347494481671, 5.0421051323018204, 4.751159168268325, 5.3282961528322526, 4.414316802750637, 4.868259513969908, 4.579559159607398, 4.155606457011184, 4.052836413722661, 4.099239998956989, 4.439296598096395, 4.045258895205483, 3.9994909558962135, 4.031775673274628, 4.082428982915589, 4.142993029526817, 4.098610509275951, 3.9799210992442746, 3.977944760699563, 3.9712236933631706, 4.062869879378727, 4.03587925618301, 3.889898176035699, 3.895578311529116, 3.8838927777337964, 3.877158819439358, 3.8533772576900134, 3.804074019147399, 3.7952953179035727, 3.787809635728842, 3.813817304116316, 3.794061601133552, 3.787216559335924, 3.761928845443909, 3.722161495206814, 3.704932868922144, 3.7426664244676275, 3.713250700270797, 3.7159001336715716, 3.722541144198662, 3.7675794744835254, 3.675636320290807, 3.6641579084050226, 3.700276120843944, 3.7142792184212956, 3.6380171202938554, 3.6248653879740607, 3.6274547365961145, 3.6353375610974443, 3.6208957849041576, 3.6457160600305345, 3.613602054720509, 3.5964304976300903, 3.593067543849628, 3.6078171243391353, 3.5655326058689143, 3.5596308259183544, 3.556270760067308, 3.5570612032213993, 3.5589361873739724, 3.554333431912092, 3.579356099870585, 3.5495226465088754, 3.5299591802273684, 3.5576150070681174, 3.530131804248996, 3.527564351176494, 3.5160075266482, 3.503716599931082, 3.4943790744910497, 3.4867648005342664, 3.4824340937446188, 3.484243466638311, 3.470517819514219, 3.458429431832539, 3.4468846913473374, 3.4373062653404842, 3.423839969378701, 3.4098330247072957, 3.3962921371057835, 3.38331434973997, 3.3697107702803124, 3.356547759228829, 3.3431055597105717, 3.329719976253048, 3.3159849474701653, 3.302153027554419, 3.288260506799835, 3.274387451477542, 3.260426930023409, 3.2466414543657995, 3.232522729593215, 3.2180848566012217, 3.2037076454726687, 3.189192035852993, 3.1746477427392215, 3.1600644914688076, 3.1454298640376708, 3.130735720019815, 3.11597465557402, 3.1011409170642583, 3.086230800155492, 3.0712428318855123, 3.056177812835414, 3.0410385538339417, 3.025829487193905, 3.0105561616205514, 2.9952247469780984, 2.979841589073308, 2.9644128673452417, 2.948944356628959, 2.933441290914478, 2.917908304382604, 2.9023494312315656, 2.8867681396320655, 2.8711673872907126, 2.8555496824019553, 2.839917148104034, 2.824271578175151, 2.8086144940600186, 2.792947181763032, 2.777270747431351, 2.761586113435539, 2.7458941300605533, 2.730195385381421, 2.7144907966650456, 2.6987799704484283, 2.6830663223015856, 2.6673403164136373, 2.6516381321297233, 2.6358266968941786, 2.620476519370223, 2.603680323221939, 2.598782254066264, 2.5914453876416426, 2.58519592618859, 2.5878681961854366, 2.5817968618552216, 2.5846065717678726, 2.5659537025394776, 2.5551403694016575, 2.549623801572323, 2.531862063709164, 2.5191527650547973, 2.5029732409177585, 2.4934313211282935, 2.485951243776911, 2.477145688067756, 2.4602025340985123, 2.4422934973277344, 2.4237446070684108, 2.4048520006673146, 2.386309920395966, 2.3673935487975544, 2.3484791526407305, 2.3295976626380472, 2.310607250306309, 2.291607779700705, 2.272603819743134, 2.2535971011880087, 2.23458926264767, 2.215581098156484, 2.196573708466096, 2.1775677842710235, 2.1585644467717815, 2.1395654463108347, 2.1206419613057212, 2.1016432246717147, 2.0826471990063697, 2.063654352668932, 2.0446666148649024, 2.026103537546129, 2.007394980732043, 1.987928473796035, 1.9688217962380077, 1.9493736994827882, 1.9299848336299115, 1.910628513607943, 1.8917743309548953, 1.8727393142643063, 1.853463873248062, 1.8342218465880609, 1.8150645062072601, 1.7962560324021333, 1.7775649283599702, 1.7584421777952894, 1.739402975880796, 1.722530058202555, 1.7044887421933863, 1.6859200028035477, 1.6672079797505441, 1.6482561546911945, 1.6292643907249365, 1.6109825698948275, 1.592125047415265, 1.5749851368430052, 1.5573637684417228, 1.5387881962232963, 1.5208630731431123, 1.5031025727277072, 1.4868841864245659, 1.4718785592721046, 1.4554945255813445, 1.448013309776481, 1.4288853774542245, 1.410378528192582, 1.3937480767400627, 1.3766661235366662, 1.360520678332303, 1.3443786575782446, 1.330953712274955, 1.3141956934675847, 1.2988685566876852, 1.2833241138057576, 1.2655701193779698, 1.2493634949874464, 1.234407497719582, 1.220065225251321, 1.207690576405129, 1.1939701262794173, 1.1822360624746437, 1.1654173410543218, 1.1490962961267752, 1.1362288866393186, 1.1254295507243528, 1.1112439906411935, 1.0958352147132502, 1.083503859996214, 1.076065743894382, 1.060856919791698, 1.0457884680002227, 1.0316198474892442, 1.0205429150250258, 1.0055643514020107, 0.9913491529877613, 0.9784803378305946, 0.9659435367645741, 0.9558605173046948, 0.9485189706648242, 0.9511446749018815, 0.948810770338442, 0.9320614176156344, 0.9158968417497464, 0.9031805237140293, 0.8873605167895667, 0.8746772761188251, 0.8599612432557581, 0.8442748024379096, 0.8288053686308183, 0.8150194341810368, 0.8025107348418692, 0.7919379358672612, 0.7833173621677901, 0.7726880679367982, 0.7582683011732186, 0.7445404119142709, 0.7302289184643563, 0.71613774660847, 0.7033120865846699, 0.6906063093232423, 0.6808344811128294, 0.6721864181794968, 0.6648679497491432, 0.6545355862267518, 0.6404073839842948, 0.6272266430658142, 0.6140272080765017, 0.6017076681087803, 0.5894352058236783, 0.5775052814069034, 0.5701420195552384, 0.5631738415944839, 0.557487930042834, 0.5476380329284491, 0.5349656950550399, 0.5227727843103129, 0.5118584866518252, 0.5001252696470269, 0.4890733349507258, 0.47944774472730156, 0.4702922755696991, 0.46976697863101446, 0.4709265671858054, 0.459422158467757, 0.44754862197679046, 0.4383704139472381, 0.42741529795552724, 0.41764494270676666, 0.4099072055486431, 0.4034682525318938, 0.400519833143404, 0.4063342653422687, 0.4009315203022863, 0.3895304723077254, 0.38512183777820963, 0.3753773771022898, 0.36692207308243563, 0.36116507867033654, 0.35704095849577056, 0.34723181230799116, 0.3457377508793147, 0.346643084873682, 0.33593787702756095, 0.3270540793904657, 0.3193667584421861, 0.3113535593384844, 0.30751092284889725, 0.3048081824800245, 0.29481853300514715, 0.2868552006407461, 0.2783301388804149, 0.2720977875026853, 0.26459025983844886, 0.2592065275053007, 0.25408976469908917, 0.2458638398927373, 0.23891031886817837, 0.23285799143728847, 0.22752982002291955, 0.22309986041478336, 0.21641332894923448, 0.20933551336093248, 0.2034730144459418, 0.2018518958517984, 0.19429461793386338, 0.18820427433516862, 0.1843656817584145, 0.17953932259148953, 0.17760575691263913, 0.17175793182885624, 0.1667102887653582, 0.16436067316758285, 0.15814366786649425, 0.15545004259173256, 0.1497392004176774, 0.14766473795998314, 0.14347917840062951, 0.14318222705361727, 0.14273890762060326, 0.13730218000718308, 0.132403353939459, 0.12936976154266333, 0.13317426151465805, 0.13029358790470558, 0.12420387804172084, 0.1216275683092849, 0.121277117068191, 0.12197905921734509, 0.1189231477731012, 0.1181993270349021, 0.11547116913265787, 0.11243919483273779, 0.11484887970782076, 0.11216046556035508, 0.10733481601781714, 0.10625125593123719, 0.1053476586772415, 0.1027717144813628, 0.10221157775123657, 0.10088966686429113, 0.09648922073600874, 0.09376541631815138, 0.09115812517530542, 0.08733024774433307, 0.08414791110394315, 0.08106288638883519, 0.08181926612339008, 0.08216896402945217, 0.07937047580502965, 0.07780035718147915, 0.07509115493965612, 0.07491535452855214, 0.07492873781512444, 0.07318896492525451, 0.07284711517553333, 0.07500655071518303, 0.06923387971545503, 0.06802616911261605, 0.06738362285819743, 0.06803597916329329, 0.06481523630767116, 0.06303563772262011, 0.061748316193352304, 0.06329847307309822, 0.06174798477069332, 0.06336731053356703, 0.06167224356197243, 0.06202986104487784, 0.061352656737184486, 0.05862033078780626, 0.05838757280130191, 0.05787572494833915, 0.057240114853203905, 0.058589275594027046, 0.057614725263183675, 0.0561010487535446, 0.0556346579086332, 0.055033029319594085, 0.05420651805349164, 0.054847715988144974, 0.054596275630365954, 0.05324235095504837, 0.0533138696033828, 0.05335645216914431, 0.052511195787397935, 0.052908788337513, 0.05244770895746276, 0.05216107861608299, 0.051264611300290586, 0.05101191219123502, 0.050459338166569, 0.04987187800238424, 0.04990664250807253, 0.05006357901746472, 0.049141388051048285, 0.04859653797683672, 0.0477493997114955, 0.04717615024465116, 0.04670749920418382, 0.04644281077123036, 0.04629721248676644, 0.04648771084893155, 0.045940513630100877, 0.04548208640491025, 0.04633416455503281, 0.04526379688659965, 0.04463594320794584, 0.0446612828645081, 0.044714167823767026, 0.044662513513468616, 0.04459936379292162, 0.044578904236610484, 0.0442745303699259, 0.04432450716827152, 0.044256751885250356, 0.04393636282274116, 0.043754606865738954, 0.043704917072699634, 0.04361155487436419, 0.04363166012983699, 0.04345330901713984, 0.043389872973876975, 0.04325033391416799, 0.04324284940422074, 0.043109657541987145, 0.04272974383758166, 0.042450094924697646, 0.042340178009833584, 0.04205871807596162, 0.04191177415767178, 0.04169651397841967, 0.04166164981955234, 0.041610017630231866, 0.04150778591342097, 0.041538659546272894, 0.04125460506205936, 0.04102938663438749, 0.04096502340778985, 0.04113301424350224, 0.040952168287617385, 0.04060994745810986, 0.040475991063262495, 0.04039064370491863, 0.04042233740501444, 0.04025123926036378, 0.040195725144543726, 0.04010884160113137, 0.04014493601795155, 0.04053586268400966, 0.04007694052754718, 0.03977403959165848, 0.03953649010460025, 0.03940365855553141, 0.039360248754249594, 0.03929613656997688, 0.039312744108948694, 0.039360223880118506, 0.03926079795681747, 0.03926646953388202, 0.03903171515472681, 0.03893341860500121, 0.038961778909075706, 0.03908304581930888, 0.03877994363472703, 0.03865399720055562, 0.03851268527708929, 0.03851604089935945, 0.03854166688363403, 0.038402212763472776, 0.03869360394453014, 0.038470735078881546, 0.03817855830588757, 0.03816668766846498, 0.03817579283605799, 0.038141333297113555, 0.03825230331378593, 0.037905051495226605, 0.03777537923711405, 0.03776910491020913, 0.03786986428292516, 0.037574701664733645, 0.037420351023996545, 0.03734235377222328, 0.0372357365261734, 0.0370762644780841, 0.037042680201581746, 0.037143037669397194, 0.03688753989646143, 0.03681003163666219, 0.03679566151105729, 0.036727062636030317, 0.036765881909363696, 0.03685591816174061, 0.036573510734957626, 0.036429700923768626, 0.03652522794742652, 0.03640684990791665, 0.03642076257728877, 0.03638180478275754, 0.03630191590043175, 0.03622308660119222, 0.03620854117109529, 0.036197814843486054, 0.03634772009630094, 0.03599377360205591, 0.03585645871617882, 0.03573523201250328, 0.03581567591054091, 0.035675670855839225, 0.035627420110006414, 0.03569199128224165, 0.03571523018987832, 0.03567480657756661, 0.03550150032716104, 0.03552599154243319, 0.035579823129779364, 0.03548334831518096, 0.03552791095860197, 0.035364009968017696, 0.0352518132327837, 0.03529074742661997, 0.035265467784514115, 0.03518076883063248, 0.035194650915971515, 0.03526262811213099, 0.03505357059005354, 0.035061943133563034, 0.0350901794599362, 0.035007385644449385, 0.035031195643561386, 0.03499781567830251, 0.0349385640006209, 0.03488847631937386, 0.034988697683279946, 0.0348350996557254, 0.03483591412066778, 0.03491255326412945, 0.03486060011639225, 0.03478588029314966, 0.034660393440453685, 0.034578654960637834, 0.034485413119732966, 0.03453662281116898, 0.034525278651571956, 0.03449641843895579, 0.03452633543067407, 0.03442641270136282, 0.034346989410843354, 0.03437647492951701, 0.03435575215771669, 0.034423593442654554, 0.03429694726734955, 0.03418852261252592, 0.03424580969644442, 0.034209984757798684, 0.034135148329515475, 0.03422234115828782, 0.034176865960817926, 0.034064234913384506, 0.0341390647796741, 0.03408982037380315, 0.034025633820886525, 0.034028948398423076, 0.03396933596670937, 0.03405234963676962, 0.03397255976505509, 0.033967838826187036, 0.033958007275534774, 0.03393965433238322, 0.033937721090936845, 0.03396533762532705, 0.0338528867715131, 0.03380098287503486, 0.03380943763573474, 0.03381747522907608, 0.03378229542523037, 0.03378304120304976, 0.03384336357711393, 0.033788462836787936, 0.0337220067999946, 0.033699790302051835, 0.0337001046556169, 0.03370899428537932, 0.0336683078840182, 0.03364703517738954, 0.0336538822321909, 0.03365021994444928, 0.033633540920435134, 0.03363675150594547, 0.03361023494113169, 0.033640747588876474, 0.0336613373844058, 0.033548450450460066, 0.03351211887203742, 0.0335101931533317, 0.033521109231514745, 0.03350402965578514, 0.03350493491910178, 0.0334347520198961, 0.033424948477985605, 0.03342273178087718, 0.033386412399326715, 0.03339298656643186, 0.03338993116780131, 0.03338024159278741, 0.033385087555169446, 0.03346041849326431, 0.03332832208918057, 0.033292232040426195, 0.033281611257041877, 0.03334311496487863, 0.03329739541459231, 0.03328083239476942, 0.03330587474438085, 0.03323319257849344, 0.03322300145260615, 0.0332078374104674, 0.033204847604109244, 0.0331810722183461, 0.03313877245333363, 0.03311513420309731, 0.03309880805781784, 0.03306262002232585, 0.03305938569299316, 0.03306347638588225, 0.03306024599616908, 0.03303002337457084, 0.03299752173928694, 0.03298348767523185, 0.03299694160682776, 0.03298631221976389, 0.03302350606903259, 0.032966828011596894, 0.03297976535693614, 0.03295297016313248, 0.032928525959687094, 0.032962289810995804, 0.032912282200804666, 0.03292042701263376, 0.03290867020425403, 0.03290002856023333, 0.03289596158327157, 0.03289812785657964, 0.032898784167402106, 0.03288737429635191, 0.03286991462863054, 0.03286058992879404, 0.03285147432685653, 0.03284605905674243, 0.03284952367776717, 0.032858531515788436, 0.03283309886288199, 0.03282832344298203, 0.03282349871752133, 0.03280652260131112, 0.032809912561523547, 0.032808580896412254, 0.03279403232441591, 0.032790647026822106, 0.03280107071026439, 0.03278258360542319, 0.0327711779190637, 0.03275720172568486, 0.032743539075132055, 0.03273088330918039, 0.032725580692508305, 0.03273060196155653, 0.03272982915004541, 0.0327116212202635, 0.03272104501670414, 0.03271111733157972, 0.03269982516168579, 0.03268887129037368, 0.03268987868930118, 0.032697530002750774, 0.032686365665103634, 0.032688997916559326, 0.03267054098464317, 0.03265624246740306, 0.03265139026382602, 0.03264003639869373, 0.032637383950011145, 0.03262173866205831, 0.032623630570556506, 0.032627940446925185, 0.03262407309604676, 0.03262017286828156, 0.032603491867773005, 0.032593660003894076, 0.032592737762877744, 0.032600618023591155, 0.0325774303778954, 0.032567998429600564, 0.032560272846506644, 0.0325483571621793, 0.0325415644453384, 0.03253427973033751, 0.03252753154256083, 0.03252835082238004, 0.03252497806842214, 0.03251561929427804, 0.03252203695169298, 0.03252465474175781, 0.0324998161458423, 0.03249981954150316, 0.03249794306532128, 0.032498513188565226, 0.03250187449504072, 0.03249241193636809, 0.03249639487183997, 0.03248178640449495, 0.032475756812971324, 0.03246504583139931, 0.03245659155762948, 0.03244731758832575, 0.032444902088753835, 0.0324478367209774, 0.03245351964433296, 0.03242493071923058, 0.032415131648434126, 0.032417325624106264, 0.03241127625548057, 0.03241275650493691, 0.032413571705910416, 0.032411334047296236, 0.03240698459552138, 0.032402851694597445, 0.03239064485718224, 0.03238391225850634, 0.03237954799570275, 0.032367143584648206, 0.03236127314196291, 0.03235824097908735, 0.032360513456596296, 0.03235776383736355, 0.032358705417917855, 0.03235141533590924, 0.03237958884833436, 0.03235428266942686, 0.03233436367090203, 0.03233163090446067, 0.03233193231450049, 0.032326213311654084, 0.03232826884223605, 0.032325325135072025, 0.0323304022667078, 0.03232011722360206, 0.032315162857277424, 0.03231729184278531, 0.03231364575344231, 0.03230849815726089, 0.03231987816437942, 0.03231662140899738, 0.03230521953799781, 0.032301653704357336, 0.032300230592645085, 0.03229134475382933, 0.03229066936662206, 0.032296792339209346, 0.032277439344660985, 0.0322662235956821, 0.03225721746209098, 0.032249819450774875, 0.032252006978957914, 0.032250471787413026, 0.032250534630181016, 0.03225015668542186, 0.03224937282273699, 0.03224775780681699, 0.032237138803873466, 0.03223101374058357, 0.032224581268547214, 0.03222365903932156, 0.03222774977780285, 0.032214140470267716, 0.032206733198579474, 0.03219871561258425, 0.03219209749254681, 0.032190088150411134, 0.03219630651149785, 0.03218565966677822, 0.03218832996184062, 0.03218206491972231, 0.032176608542575424, 0.03217845576274003, 0.032172375052282653, 0.032174231592018265, 0.032171381325405646, 0.032166688991699055, 0.032171685649925896, 0.03216521160384489, 0.032158605015434216, 0.03215663106730482, 0.03215561800861211, 0.032158137909928386, 0.03215318538385148, 0.032146466078981306, 0.032140268695632024, 0.032135769501533185, 0.032131963777507044, 0.032132483902371556, 0.032131453484026795, 0.03213645454418157, 0.03213726935847283, 0.032127392024828394, 0.03212565051236205, 0.032124136472421516, 0.03212113376107173, 0.03212669585486794, 0.032119457208904745, 0.032118439572771273, 0.032119736735813365, 0.03212540711454026, 0.03211830540357219, 0.03211386433850305, 0.032109001884251365, 0.03210850036347146, 0.032108463053555636, 0.032113208590477726, 0.032106155477242826, 0.03211090910996761, 0.03210214557681701, 0.032101144360077716, 0.03210085914360161, 0.03210108066152184, 0.03209782975298825, 0.03209656458754928, 0.0320953705179684, 0.03209298173921471, 0.03209232213148927, 0.0320920000045366, 0.03208971243889103, 0.03209071293163779, 0.03208824250447828, 0.032086194766353326, 0.032087817230965876, 0.03208658754841942, 0.0320862181543734, 0.03208676909265196, 0.03208636602685522, 0.03208680383667084, 0.03208486457648141, 0.03208402044192604, 0.03208367255557398, 0.03208307779581343, 0.032082518173281116, 0.03208137030302416, 0.03208048248951245, 0.03208048797589569, 0.03207934467815621, 0.032078218717711215, 0.03207767150563667, 0.03207926355231827, 0.032077802488213014, 0.032076938064880545, 0.03207580067183968, 0.03207549392596465, 0.03207559796094739, 0.032075356335893423, 0.0320761321319909, 0.0320739236337908, 0.03207308786037111, 0.03207335113683385, 0.03207307517059643, 0.0320721334442593, 0.03207175374476667, 0.03207042378189873, 0.03206930130227814, 0.03206824222252236, 0.03206742211165181, 0.03206711199177581, 0.032067174350156824, 0.03206611536432635, 0.03206532649754512, 0.032066229878097374, 0.03206513015123447, 0.03206400517186658, 0.03206375470715217, 0.0320633960166844, 0.03206354129822819, 0.03206314739778804, 0.032063401064293506, 0.03206203106173633, 0.032062023153978325, 0.032061971641373366, 0.032060374787791335, 0.03205955487933254, 0.032058639984566706, 0.03205838897153557, 0.03205753772007136, 0.03205652777296952, 0.03205560574949484, 0.032054987280940916, 0.03205448451661308, 0.032053748843273056, 0.03205284965237609, 0.03205345344016286, 0.0320531070661344, 0.03205254309929095, 0.03205274669573499, 0.03205142330140609, 0.03205080153153517, 0.03205041871582626, 0.032051120750964945, 0.03205053325826224, 0.03205066835242221, 0.03205016291894769, 0.03204945243177637, 0.03204890540338501, 0.032048643131050936, 0.03204805798343846, 0.03204735932956382, 0.032047900086123904, 0.032047142289258534, 0.03204657411393197, 0.03204583708219133, 0.03204550905644532, 0.03204551911101461, 0.032045415435975944, 0.03204592279025276, 0.032045922425998685, 0.03204444895444325, 0.03204395162740936, 0.03204361950365775, 0.032043528489338335, 0.032043079638876426, 0.03204228065489745, 0.03204151491817275, 0.032041483348379196, 0.03204175670811038, 0.03204068610699862, 0.03204062918362749, 0.032040133372251534, 0.0320402645350355, 0.0320399931920482, 0.032039115671320006, 0.03203883516017403, 0.0320386507930942, 0.0320384314813531, 0.032038392309865715, 0.032037965304531624, 0.03203708031613328, 0.032037233508750096, 0.03203686869039046, 0.03203632066344353, 0.03203589235543014, 0.032036185026866226, 0.0320357234432207, 0.0320366496501443, 0.032035656585632566, 0.03203490096254746, 0.03203425616963418, 0.032033790316588706, 0.03203393263960119, 0.03203350690331508, 0.03203315631961723, 0.0320330465204246, 0.03203284478451651, 0.03203235700516993, 0.03203189823663677, 0.032031692584396754, 0.03203235969974316, 0.032032045074754545, 0.03203104662502787, 0.03203150209323269, 0.03203129465963195, 0.03203068513909468, 0.032030255351732095, 0.032030659438339604, 0.03203008352235892, 0.03202951372546292, 0.03202934227418408, 0.03202944225232929, 0.03202955379657091, 0.032029281306623636, 0.03202947738603201, 0.03202982991407666, 0.032028664602160695, 0.03202889944724985, 0.03202873168521625, 0.032028556259775964, 0.03202869609484704, 0.03202837314748419, 0.03202803301924573, 0.03202777922059841, 0.03202775178176609, 0.03202777725061279, 0.03202740035036644, 0.03202712450487499, 0.03202699049558699, 0.032027083877436024, 0.03202698004212734, 0.03202664975496039, 0.03202635607143378, 0.03202608110518623, 0.03202583681693927, 0.032025710906911864, 0.0320253873365568, 0.03202510848223905, 0.03202482477577173, 0.032024563785585713, 0.032024376637729945, 0.032024050243505076, 0.032023773074401296, 0.032023508802377254, 0.032023352579073294, 0.03202332527076612, 0.03202331290867799, 0.03202332611901382, 0.03202331950647397, 0.03202316405936312, 0.032022835547607986, 0.032022583536410965, 0.03202242522979337, 0.0320222978352217, 0.03202220615686513, 0.03202213116717412, 0.03202202576523405, 0.0320222232864763, 0.03202197133979778, 0.03202180196035331, 0.03202156967485381, 0.03202174554615611, 0.032021635240930935, 0.03202153401964525, 0.032021597512604916, 0.03202131103007411, 0.032021112955290754, 0.032021114782107785, 0.032021069273570624, 0.03202098357443639, 0.032020710241417616, 0.03202050953340663, 0.03202033742378485, 0.03202022185271536, 0.03202012857932324, 0.03202007088551506, 0.032019752148053304, 0.032019627272524276, 0.0320194663897343, 0.032019307926282936, 0.032019287177528555, 0.03201923355173941, 0.03201940486774901, 0.03201915620852347, 0.03201934431016318, 0.0320191144093106, 0.032018858442746434, 0.03201880476196828, 0.0320189201177975, 0.032018747495246136, 0.0320185539951684, 0.03201847118448442, 0.0320185001939115, 0.032018457973594705, 0.03201843820307504, 0.03201858955832948, 0.03201817242612992, 0.03201807100479126, 0.032018126882869535, 0.0320180334944864, 0.03201795333511104, 0.03201774295962101, 0.03201758334272986, 0.03201739078467847, 0.0320173462365011, 0.03201718330400238, 0.032016991852243715, 0.032016813092181295, 0.03201664100418422, 0.032016661448521555, 0.032016602265476535, 0.03201651890402757, 0.03201633668275661, 0.032016190685289714, 0.03201607152744457, 0.03201612912608054, 0.03201600374907654, 0.032015907977745006, 0.03201585493079129, 0.0320158283574099, 0.03201599116178111, 0.03201561431480715, 0.03201566121230859, 0.03201570861291725, 0.032015528994695286, 0.03201548689805711, 0.032015459179073, 0.03201562361477417, 0.032015435849727214, 0.03201523866661338, 0.03201516659938408, 0.03201515076359618, 0.03201520599552721, 0.03201492526789207, 0.03201483363772317, 0.032014880835584014, 0.032014809006706946, 0.032014705395156384, 0.032014605993424206, 0.032014497645447615, 0.03201440998553273, 0.03201460034192749, 0.032014362904683735, 0.03201424431724065, 0.03201411960715406, 0.03201409445365733, 0.03201395514412653, 0.03201391088513672, 0.03201381071048859, 0.032013799784763486, 0.03201373962592191, 0.032013700179253424, 0.03201366691690899, 0.03201358425682965, 0.03201348134309889, 0.03201333590550637, 0.03201338710559154, 0.03201332921517763, 0.0320132413176385, 0.032013184167756226, 0.03201339614965515, 0.03201320284822018, 0.03201306854988417, 0.032013246754641345, 0.03201313404341288, 0.03201294496494522, 0.032012938805948465, 0.03201292656866506, 0.032012757605968445, 0.03201277080754683, 0.032012801076767516, 0.03201278703931232, 0.03201279016432346, 0.032012656372361836, 0.03201269427362463, 0.032012632184792444, 0.032012627108465974, 0.03201266651511414, 0.03201253708913132, 0.03201260434414277, 0.032012585231058543, 0.03201248862135042, 0.032012560039050175, 0.032012385750829764, 0.03201238707045018, 0.032012377587520846, 0.032012550142692, 0.032012425632576, 0.03201232156324074, 0.03201226558356285, 0.03201228468609707, 0.03201227302727472, 0.03201217037840487, 0.0320121150847017, 0.03201209025713969, 0.032012071049531854, 0.03201212412415144, 0.03201207315033727, 0.03201196769477577, 0.032012020001466523, 0.032012041707342065, 0.03201186755982588, 0.03201185087637948, 0.032011891741373866, 0.03201198342142508, 0.03201182898040167, 0.032011916438643095, 0.03201187412137241, 0.03201179659761699, 0.03201179924525077, 0.032011748734216416, 0.03201162929960977, 0.032011618971390376, 0.03201158288109174, 0.032011575676783255, 0.032011564885002564, 0.03201154951571494, 0.03201162147869874, 0.032011723097424505, 0.032011585058260406, 0.032011424317630044, 0.03201143389762817, 0.03201148434057011, 0.03201138612932153, 0.03201130308033884, 0.032011286025162566, 0.03201130132430896, 0.0320112377969094, 0.03201121905009652, 0.03201120390763923, 0.03201117062908365, 0.03201126884045058, 0.03201120822090453, 0.032011133589717855, 0.03201118878581821, 0.03201108625932236, 0.03201105212569055, 0.0320110356302411, 0.032011145180266154, 0.03201107610199583, 0.03201104841077029, 0.03201102415370749, 0.032011017335383474, 0.03201105744136579, 0.032011014847767694, 0.03201102001265643, 0.03201102884208895, 0.03201096409424853, 0.032010943038462414, 0.03201096024873884, 0.03201093462412574, 0.032010901819138016, 0.032010903809728264, 0.032010907726732096, 0.032010892284909276, 0.03201089457716777, 0.03201087818080017, 0.032010908249798686, 0.03201086950024401, 0.032010866164099316, 0.0320109020054109, 0.03201082587839421, 0.0320108114450004, 0.032010834728405047, 0.03201080681089319, 0.03201079833535525, 0.0320107958986946, 0.03201085035022955, 0.03201079442596666, 0.032010759810490286, 0.032010758138067974, 0.03201074123856029, 0.03201072403131433, 0.032010699733031056, 0.032010687586383035, 0.03201070511353388, 0.03201069932582723, 0.03201069202998097, 0.03201068048395772, 0.032010660352425835, 0.03201063845840213, 0.032010640172709826, 0.03201065320181751, 0.03201061792172566, 0.03201064520436636, 0.032010624346252126, 0.032010592961483786, 0.03201062803816945, 0.03201059089345348, 0.03201060989585003, 0.032010590714205756, 0.03201059168632281, 0.0320105806327835, 0.032010585452620255, 0.03201058236466803, 0.03201057310269484, 0.03201058396648171, 0.03201056997644258, 0.03201055635681305, 0.03201055307904155, 0.03201055367197214, 0.03201054887763832, 0.03201054638773504, 0.032010547779127596, 0.032010533249682394, 0.03201053759808581, 0.032010530416156535, 0.03201051947468336, 0.03201052546473604, 0.03201051893165441, 0.032010524876680435, 0.03201052061861054, 0.03201052190242726, 0.03201051413967293, 0.032010521829576866, 0.032010507400385024, 0.032010498034279466, 0.032010494574323256, 0.032010497464389664, 0.03201049401486644, 0.032010494448313054, 0.032010478903955364, 0.03201048046718602, 0.03201048291905406, 0.03201046987731171, 0.03201046464066959, 0.03201046960989051, 0.03201046007832686, 0.03201045489402188, 0.032010455705197116, 0.03201044863265945, 0.03201044415780796, 0.03201046254036355, 0.032010442668268135, 0.03201043682728222, 0.03201042577064939, 0.03201042142203725, 0.032010428491992204, 0.032010421977633485, 0.03201042860719139, 0.03201041734116328, 0.03201040640704378, 0.03201040408509681, 0.0320104044046563, 0.03201040147256562, 0.03201039466122413, 0.032010383514617824, 0.032010390369076935, 0.03201038510845722, 0.032010375728171, 0.0320103757266329, 0.03201037370302917, 0.03201037673778229, 0.03201037371771365, 0.03201037076378921, 0.03201037898519232, 0.03201035885552661, 0.032010351452979036, 0.032010347995194866, 0.0320103518095497, 0.03201034945927106, 0.03201034825567761, 0.032010339697285284, 0.032010338670920735, 0.03201033988378743, 0.03201033880442539, 0.03201033953624921, 0.03201034603648145, 0.03201033455017177, 0.03201032786352964, 0.032010335830473746, 0.032010331737580944, 0.032010327289004215, 0.0320103221187128, 0.03201031977528446, 0.03201032062296805, 0.03201031860300363, 0.03201031664023557, 0.032010311511879275, 0.03201030983330022, 0.03201030580112996, 0.032010301586103185, 0.03201030102967417, 0.03201030026553264, 0.03201029754309559, 0.03201029515164122, 0.0320102969055337, 0.03201029430703195, 0.0320102901973045, 0.03201028801418904, 0.03201028586178356, 0.032010281783442784, 0.032010278410628645, 0.032010275184732984, 0.03201027307961879, 0.03201027112959609, 0.03201027278844337, 0.03201027076700824, 0.03201026670060425, 0.032010265247702785, 0.03201026337907131, 0.0320102600006944, 0.032010258885295406, 0.032010261041310106, 0.032010259190142776, 0.032010254932857585, 0.03201025340678876, 0.03201024932808394, 0.032010248520856766, 0.032010248487083004, 0.03201024839604982, 0.03201024556445875, 0.03201024317053125, 0.03201024102849326, 0.03201023865230379, 0.03201023765968636, 0.03201024178540679, 0.03201023749690057, 0.03201023458709262, 0.03201023524890634, 0.03201023356899835, 0.03201022983978308, 0.03201022886021043, 0.03201022963767686, 0.03201022842593393, 0.03201022540476184, 0.03201022527896158, 0.03201022622210925, 0.03201022586109592, 0.03201022417921029, 0.03201022178476176, 0.032010219282564756, 0.03201021988569541, 0.032010218159457704, 0.03201021681452587, 0.032010214725518016, 0.032010213318771186, 0.0320102106905239, 0.03201020936205168, 0.032010209345015306, 0.03201021106718738, 0.0320102059909293, 0.03201020361980933, 0.03201020216038608, 0.03201020165037172, 0.03201020263555232, 0.03201020132638255, 0.03201020132915233, 0.03201020072703298, 0.03201019821566342, 0.03201019534390659, 0.0320101938006897, 0.032010193207827387, 0.03201019370265379, 0.03201019257531068, 0.032010190683881445, 0.032010187547090174, 0.032010185934383095, 0.032010185397416624, 0.0320101854282695, 0.03201018437193348, 0.032010181239159885, 0.03201017935527917, 0.03201017836734055, 0.03201018081022722, 0.03201017862782096, 0.03201017634037029, 0.032010175333224256, 0.032010176099464105, 0.03201017543352924, 0.03201017767211067, 0.03201017652517235, 0.03201017305494602, 0.03201017054299593, 0.03201016989216898, 0.032010169707850866, 0.03201016903474563, 0.03201016657893452, 0.032010164362799576, 0.03201016302435078, 0.03201016326523143, 0.03201016354288366, 0.032010162150723054, 0.032010161752526356, 0.03201016322188499, 0.03201016236938525, 0.032010159854945375, 0.032010159243114344, 0.03201016116432798, 0.03201016036997306, 0.03201015836300736, 0.03201015882318203, 0.032010158254193066, 0.03201015589953271, 0.03201015545490482, 0.032010155815068275, 0.032010154503547605, 0.03201015334246893, 0.032010156799057055, 0.03201015422318099, 0.03201015192809653, 0.032010151033907586, 0.032010150748442934, 0.03201015087184167, 0.03201014988362072, 0.03201015029903764, 0.03201015013307573, 0.03201014817700598, 0.03201015080027225, 0.032010148688468854, 0.032010146212212987, 0.03201014536398428, 0.032010144812421704, 0.032010143469238694, 0.032010143120459356, 0.032010143295628124, 0.03201014433931881, 0.032010144294346565, 0.032010142428514854, 0.03201014200391039, 0.032010144361309556, 0.0320101415031101, 0.03201014162430604, 0.032010140480592586, 0.03201013896490479, 0.032010138541926136, 0.03201013854355783, 0.03201013973730915, 0.032010137766368185, 0.03201013672427955, 0.03201013635235905, 0.0320101367776614, 0.032010135863514755, 0.03201013858544344, 0.03201013527085017, 0.032010134874196905, 0.032010135654918614, 0.03201013493315974, 0.03201013671658692, 0.03201013480572279, 0.03201013500483629, 0.03201013394255281, 0.03201013358801341, 0.03201013367118577, 0.03201013374639072, 0.03201013283189169, 0.032010132456147034, 0.03201013218976079, 0.032010132229315036, 0.03201013271747577, 0.03201013153120036, 0.03201013133852759, 0.032010131469981884, 0.032010130892125566, 0.032010130700692696, 0.03201013167375666, 0.03201013050341439, 0.03201012985538121, 0.032010130015158955, 0.03201012991247276, 0.03201012938566061, 0.03201012907974732, 0.03201012925724789, 0.03201012859466745, 0.03201012834054673, 0.03201012943163761, 0.03201012821540006, 0.03201012756642585, 0.03201012727660779, 0.032010127478846684, 0.032010127157606205, 0.03201012705474293, 0.03201012735222353, 0.032010126423595575, 0.032010126034302755, 0.032010126197501765, 0.03201012595304742, 0.03201012558908578, 0.03201012499856748, 0.03201012456557939, 0.032010124256927286, 0.032010123908310706, 0.032010123510537114, 0.03201012347542631, 0.03201012369118472, 0.032010123350666664, 0.03201012379812074, 0.03201012318458585, 0.03201012280367921, 0.03201012358627575, 0.032010122875775204, 0.03201012273190562, 0.032010122337184255, 0.032010122100891714, 0.03201012186616947, 0.03201012168745665, 0.032010121734158514, 0.0320101216006593, 0.03201012142735382, 0.032010121466526376, 0.03201012146066706, 0.03201012124873759, 0.03201012103652556, 0.032010120839221834, 0.032010120755484484, 0.03201012064703068, 0.03201012040224349, 0.03201012020027649, 0.032010120004856146, 0.03201011980742763, 0.03201011963210354, 0.03201011947524357, 0.03201011933288633, 0.03201011918123342, 0.03201011915487506, 0.03201011932566544, 0.03201011883425553, 0.03201011874706461, 0.03201011873959625, 0.03201011850619673, 0.032010118388763886, 0.032010118198960935, 0.03201011802354836, 0.03201011788891195, 0.03201011794500175, 0.032010117995736165, 0.03201011771523976, 0.03201011757496974, 0.03201011750990679, 0.03201011750215921, 0.03201011743640614, 0.03201011732289716, 0.03201011721951208, 0.03201011698280298, 0.032010116965110136, 0.03201011699847389, 0.032010116908374076, 0.03201011688715627, 0.03201011692357436, 0.03201011722522329, 0.03201011693370903, 0.03201011667050413, 0.03201011643389007, 0.03201011626218597, 0.0320101161822377, 0.03201011611720894, 0.03201011610710869, 0.03201011628388928, 0.032010116144731926, 0.03201011607611681, 0.03201011607824844, 0.03201011590624947, 0.032010115983850174, 0.032010115969682174, 0.0320101157460736, 0.03201011577377433, 0.03201011576129498, 0.032010115769798286, 0.03201011573679735, 0.03201011563069989, 0.032010115501508785, 0.03201011547314936, 0.032010115558744445, 0.03201011538513954, 0.03201011542682641, 0.03201011549814625, 0.032010115441595044, 0.03201011535600462, 0.03201011526745334, 0.03201011528791664, 0.03201011522246955, 0.03201011504481255, 0.03201011523881159, 0.03201011501564344, 0.03201011486686389, 0.032010114683099666, 0.03201011452210134, 0.03201011445778956, 0.032010114381945676, 0.03201011427615086, 0.03201011418357136, 0.03201011408609311, 0.03201011395468101, 0.03201011397689146, 0.032010113899624715, 0.032010113750643, 0.0320101136159292, 0.032010113508260774, 0.03201011334765713, 0.03201011324388503, 0.032010113134451235, 0.032010113071939905, 0.03201011304569368, 0.03201011306399104, 0.032010113069064317, 0.03201011301948209, 0.032010113029132925, 0.03201011296992451, 0.03201011286087163, 0.03201011288603306, 0.03201011287585798, 0.03201011285369493, 0.032010112872137175, 0.032010112795008205, 0.032010112765518794, 0.03201011276165788, 0.032010112731182816, 0.03201011270878462, 0.03201011270354748, 0.032010112709663696, 0.03201011262759357, 0.03201011260376441, 0.03201011260613318, 0.032010112541078106, 0.032010112530090784, 0.032010112451433925, 0.032010112382017564, 0.032010112318272, 0.032010112258642365, 0.032010112230010046, 0.03201011220773198, 0.03201011220752992, 0.03201011220689831, 0.032010112219083675, 0.03201011220673666, 0.03201011220566041, 0.03201011213769811, 0.032010112076791164, 0.032010112029955295, 0.032010111985586454, 0.03201011195687453, 0.03201011191805847, 0.03201011193865233, 0.032010111933952645, 0.03201011187777347, 0.032010111841852096, 0.03201011182717595, 0.032010111828522314, 0.03201011178666402, 0.03201011180739277, 0.03201011181378366, 0.032010111734078306, 0.03201011170096357, 0.032010111669783625, 0.03201011167858314, 0.03201011167127055, 0.03201011166074719, 0.032010111676209596, 0.03201011164242362, 0.03201011160871592, 0.032010111591779355, 0.032010111577340794, 0.032010111611272096, 0.03201011161785172, 0.03201011151576294, 0.03201011151225963, 0.03201011151588384, 0.03201011151581401, 0.03201011150488664, 0.032010111521408535, 0.0320101114948802, 0.032010111447023704, 0.03201011142223675, 0.032010111412229536, 0.03201011135593501, 0.03201011134274656, 0.032010111327835156, 0.03201011133113496, 0.032010111329557556, 0.03201011131262599, 0.03201011129309961, 0.03201011134086729, 0.03201011132196685, 0.03201011125098663, 0.03201011122194497, 0.03201011121055308, 0.032010111222039894, 0.03201011118747188, 0.03201011117104502, 0.032010111137624975, 0.0320101111215938, 0.03201011116414065, 0.032010111140905795, 0.03201011109783236, 0.03201011108150953, 0.03201011109434382, 0.03201011105639806, 0.032010111065092994, 0.032010111093371596, 0.03201011105483853, 0.03201011101846962, 0.032010110984191265, 0.03201011099816253, 0.032010110986621765, 0.03201011096944162, 0.03201011093899897, 0.03201011094510753, 0.03201011094022921, 0.032010110947735315, 0.03201011094101047, 0.03201011094246575, 0.03201011093721995, 0.032010110950348114, 0.03201011091786976, 0.032010110915486, 0.03201011091950223, 0.03201011090071393, 0.03201011089034733, 0.03201011088203232, 0.03201011089640282, 0.0320101108740235, 0.032010110867565, 0.0320101108526748, 0.03201011085247607, 0.03201011085412986, 0.03201011083320349, 0.032010110821142024, 0.032010110810942516, 0.032010110827492166, 0.032010110808780357, 0.032010110792814794, 0.03201011078505922, 0.032010110777788925, 0.03201011078653093, 0.03201011077556304, 0.03201011076065874, 0.03201011074600979, 0.03201011074456306, 0.03201011074979632, 0.03201011072770388, 0.032010110723281304, 0.032010110707498374, 0.03201011070236437, 0.032010110699773775, 0.03201011069662074, 0.03201011068480619, 0.03201011068030646, 0.03201011066176174, 0.032010110651169654, 0.03201011065130266, 0.03201011065000414, 0.03201011063893888, 0.032010110637650246, 0.03201011063616155, 0.03201011063163883, 0.03201011063631365, 0.03201011062215553, 0.032010110618566734, 0.0320101106198305, 0.03201011063204218, 0.03201011059989056, 0.03201011058929215, 0.03201011059299541, 0.032010110588896024, 0.0320101105848235, 0.03201011058837844, 0.032010110575037665, 0.032010110567408434, 0.032010110577418205, 0.03201011056673608, 0.032010110552031845, 0.03201011054582914, 0.03201011053914948, 0.032010110537058045, 0.03201011053605851, 0.03201011053657832, 0.03201011053580116, 0.032010110522120105, 0.03201011051753522, 0.03201011051624447, 0.03201011052101399, 0.0320101105132623, 0.03201011051097036, 0.032010110524006596, 0.03201011049382596, 0.03201011049186908, 0.03201011049229896, 0.03201011047932434, 0.032010110476084486, 0.032010110471200726, 0.03201011046465885, 0.03201011045302371, 0.032010110455026664, 0.03201011045353841, 0.032010110448699836, 0.032010110452063256, 0.0320101104480478, 0.03201011043458413, 0.03201011042776347, 0.03201011043249402, 0.03201011043336677, 0.03201011041502688, 0.032010110410366166, 0.03201011040773416, 0.0320101104112972, 0.032010110406404224, 0.03201011040392965, 0.03201011039791957, 0.032010110391491375, 0.03201011037994117, 0.03201011037222945, 0.03201011036602852, 0.0320101103780398, 0.032010110368880906, 0.03201011036245771, 0.032010110360883415, 0.03201011036699297, 0.03201011036236556, 0.032010110350347176, 0.032010110356943344, 0.032010110344105946, 0.032010110355172094, 0.032010110343667186, 0.03201011033961454, 0.032010110328559827, 0.03201011033018364, 0.03201011032793999, 0.03201011032729273, 0.03201011032443968, 0.032010110314595774, 0.032010110324755314, 0.03201011031420975, 0.032010110308938966, 0.03201011030413148, 0.03201011029725209, 0.032010110295006, 0.03201011029431422, 0.03201011030916234, 0.03201011029121825, 0.03201011027987066, 0.032010110269760084, 0.03201011026911582, 0.03201011026897593, 0.032010110271372794, 0.03201011027285905, 0.03201011026018019, 0.032010110256596835, 0.03201011026258771, 0.032010110254511615, 0.03201011025649736, 0.032010110252482904, 0.03201011024925027, 0.03201011025025147, 0.032010110253549384, 0.032010110249524826, 0.032010110245156764, 0.03201011024462941, 0.03201011024217326, 0.03201011023842526, 0.03201011023615119, 0.03201011023185063, 0.032010110229332756, 0.03201011022740996, 0.032010110224656496, 0.03201011022291955, 0.03201011021734823, 0.03201011021521594, 0.0320101102111513, 0.03201011020947053, 0.0320101102070941, 0.0320101102081648, 0.03201011020727529, 0.0320101102063457, 0.0320101102089535, 0.03201011020183209, 0.03201011019957489, 0.03201011020206446, 0.03201011019925959, 0.03201011019611433, 0.03201011019267164, 0.03201011019058231, 0.03201011018832689, 0.032010110188316676, 0.032010110189917285, 0.03201011018266098, 0.03201011018075417, 0.03201011017752198, 0.03201011017665356, 0.032010110176646345, 0.032010110174660156, 0.032010110178374185, 0.032010110173284145, 0.03201011017248834, 0.03201011017185662, 0.032010110167291606, 0.032010110164935046, 0.032010110161362015, 0.03201011015920485, 0.032010110159476524, 0.03201011015884836, 0.03201011015829558, 0.03201011015734512, 0.032010110155095584, 0.032010110151252436, 0.03201011015082966, 0.03201011015171118, 0.032010110147039805, 0.03201011014495414, 0.03201011014267119, 0.03201011014214761, 0.03201011014281585, 0.03201011013916122, 0.032010110137635106, 0.0320101101387511, 0.032010110138640635, 0.032010110137396186, 0.032010110134711, 0.032010110137166925, 0.032010110133889214, 0.03201011013388677, 0.032010110133782854, 0.03201011013155064, 0.032010110128635416, 0.03201011012596433, 0.032010110124866986, 0.03201011012352262, 0.03201011011960708, 0.03201011011748889, 0.032010110117339896, 0.0320101101170821, 0.032010110115770485, 0.032010110113306345, 0.03201011011290933, 0.0320101101124719, 0.03201011011691368, 0.032010110112785095, 0.03201011010841481, 0.03201011010603272, 0.03201011010655486, 0.032010110105570866, 0.03201011010476662, 0.032010110104926826, 0.03201011010650223, 0.03201011010465227, 0.032010110104010225, 0.03201011010242405, 0.032010110099908395, 0.03201011009739385, 0.03201011009516508, 0.032010110095929134, 0.032010110094942035, 0.03201011009483179, 0.03201011009509036, 0.03201011009546739, 0.032010110093196875, 0.032010110090704536, 0.03201011009136823, 0.032010110091418964, 0.032010110091168054, 0.03201011009073951, 0.032010110091105104, 0.03201011008954635, 0.03201011008995491, 0.032010110089335075, 0.03201011008848065, 0.03201011008767385, 0.03201011008655241, 0.03201011008579924, 0.03201011008477406, 0.032010110084265575, 0.03201011008278998, 0.03201011008197896, 0.03201011008139065, 0.032010110080127, 0.032010110079009446, 0.032010110077836496, 0.03201011007723664, 0.032010110076394316, 0.032010110076768794, 0.032010110076417964, 0.03201011007505805, 0.03201011007437882, 0.032010110073344755, 0.03201011007234078, 0.03201011007122356, 0.0320101100701945, 0.032010110069971676, 0.03201011007011623, 0.03201011006948673, 0.03201011006835708, 0.032010110067729136, 0.03201011006670962, 0.032010110067182684, 0.03201011006674159, 0.032010110065421093, 0.03201011006479737, 0.032010110064448205, 0.032010110064445096, 0.032010110064513375, 0.032010110063809605, 0.03201011006372012, 0.03201011006468002, 0.03201011006257504, 0.03201011006115706, 0.032010110060833874, 0.032010110061309605, 0.03201011006076282, 0.03201011006094767, 0.032010110060688546, 0.03201011005957877, 0.03201011005906995, 0.032010110059170205, 0.032010110059232266, 0.03201011005807375, 0.03201011005770693, 0.03201011005851928, 0.03201011005751242, 0.03201011005706644, 0.032010110057014596, 0.03201011005623178, 0.03201011005714993, 0.032010110056396424, 0.03201011005571097, 0.03201011005469545, 0.03201011005494481, 0.03201011005466392, 0.032010110054287444, 0.03201011005329568, 0.03201011005254317, 0.03201011005177257, 0.03201011005142029, 0.03201011005108623, 0.03201011005000742, 0.03201011004923271, 0.032010110048695584, 0.032010110048174556, 0.03201011004872223, 0.032010110047862916, 0.032010110047438145, 0.032010110047298035, 0.03201011004773202, 0.03201011004625176, 0.03201011004593057, 0.03201011004568788, 0.032010110044821904, 0.032010110044832674, 0.032010110044862206, 0.03201011004441079, 0.03201011004350485, 0.03201011004285326, 0.03201011004263932, 0.03201011004344001, 0.03201011004258447, 0.032010110042165696, 0.032010110041498785, 0.03201011004197418, 0.032010110041431616, 0.032010110040915585, 0.03201011004131271, 0.03201011004062537, 0.032010110039952466, 0.03201011003984655, 0.03201011003978538, 0.03201011003974219, 0.032010110039456086, 0.03201011003909027, 0.032010110039086825, 0.03201011003871701, 0.032010110037782424, 0.03201011003746501, 0.03201011003650833, 0.03201011003623577, 0.032010110036714945, 0.03201011003636334, 0.032010110036417405, 0.03201011003635679, 0.032010110035742945, 0.032010110035052386, 0.03201011003451104, 0.03201011003428489, 0.03201011003350307, 0.032010110033614536, 0.032010110033432015, 0.03201011003297982, 0.032010110033110384, 0.03201011003290577, 0.03201011003224774, 0.032010110032190675, 0.03201011003243104, 0.03201011003160259, 0.03201011003156684, 0.0320101100317467, 0.03201011003108023, 0.0320101100303839, 0.03201011003029386, 0.03201011003029641, 0.032010110029837224, 0.032010110030232575, 0.032010110029549566, 0.03201011002893828, 0.03201011002881837, 0.032010110029163985, 0.032010110028349636, 0.03201011002848908, 0.03201011002827259, 0.032010110028324656, 0.032010110028035776, 0.032010110027707595, 0.03201011002796994, 0.032010110027617444, 0.03201011002740817, 0.03201011002793552, 0.03201011002753329, 0.0320101100266631, 0.03201011002672394, 0.03201011002663112, 0.03201011002668974, 0.03201011002658194, 0.03201011002626997, 0.0320101100262109, 0.032010110026227445, 0.03201011002641596, 0.03201011002622123, 0.03201011002587195, 0.03201011002560106, 0.032010110025395444, 0.032010110025334826, 0.03201011002524501, 0.03201011002506271, 0.03201011002494203, 0.03201011002466392, 0.032010110024767724, 0.03201011002459797, 0.032010110024240146, 0.032010110024016325, 0.032010110023938054, 0.03201011002399601, 0.032010110024187854, 0.03201011002400844, 0.03201011002379528, 0.03201011002366805, 0.032010110023614646, 0.03201011002343834, 0.03201011002330767, 0.032010110023046545, 0.032010110023026894, 0.032010110023060756, 0.03201011002283316, 0.03201011002276122, 0.0320101100227016, 0.03201011002292142, 0.03201011002263998, 0.03201011002238385, 0.03201011002206411, 0.03201011002188059, 0.03201011002172949, 0.03201011002151066, 0.032010110021352345, 0.032010110021338356, 0.03201011002143761, 0.03201011002137866, 0.03201011002133902, 0.03201011002111176, 0.03201011002123044, 0.03201011002112564, 0.032010110021124305, 0.032010110021191696, 0.03201011002088039, 0.03201011002085419, 0.0320101100208271, 0.03201011002069132, 0.03201011002059462, 0.03201011002039711, 0.03201011002036913, 0.03201011002052734, 0.03201011002009435, 0.03201011001979015, 0.032010110019597304, 0.032010110019386584, 0.03201011001929177, 0.03201011001907739, 0.03201011001886289, 0.03201011001863019, 0.032010110018581894, 0.03201011001838561, 0.032010110018238946, 0.03201011001811749, 0.03201011001799148, 0.03201011001801102, 0.03201011001806564, 0.03201011001791143, 0.03201011001774279, 0.03201011001767018, 0.032010110018002025, 0.03201011001768128, 0.03201011001753917, 0.03201011001744958, 0.03201011001752474, 0.03201011001733434, 0.032010110017389626, 0.03201011001738929, 0.03201011001711196, 0.032010110016956084, 0.03201011001687282, 0.032010110017099636, 0.03201011001686416, 0.032010110016691296, 0.032010110016643, 0.03201011001666498, 0.03201011001659648, 0.03201011001647902, 0.032010110016353455, 0.03201011001614096, 0.03201011001603005, 0.032010110015969984, 0.032010110015817994, 0.03201011001559373, 0.032010110015465165, 0.03201011001542353, 0.032010110015333715, 0.03201011001547216, 0.032010110015308735, 0.032010110015164295, 0.03201011001507559, 0.03201011001519194, 0.03201011001504139, 0.03201011001500076, 0.032010110014809134, 0.03201011001468612, 0.03201011001472098, 0.03201011001463194, 0.03201011001455567, 0.03201011001445775, 0.03201011001451426, 0.03201011001444254, 0.03201011001445586, 0.03201011001434384, 0.03201011001424603, 0.03201011001434728, 0.032010110014220605, 0.0320101100141571, 0.032010110014085935, 0.032010110014020654, 0.03201011001394294, 0.03201011001396692, 0.03201011001387577, 0.03201011001369991, 0.03201011001355469, 0.0320101100135084, 0.03201011001338128, 0.03201011001345144, 0.03201011001337639, 0.03201011001332332, 0.032010110013357074, 0.032010110013329096, 0.032010110013258375, 0.032010110013169224, 0.03201011001305398, 0.032010110013098836, 0.032010110013060755, 0.0320101100129595, 0.0320101100129252, 0.03201011001290355, 0.03201011001282983, 0.032010110012966386, 0.03201011001281662, 0.03201011001277443, 0.03201011001279597, 0.03201011001278864, 0.03201011001267895, 0.03201011001297738, 0.03201011001264764, 0.03201011001256682, 0.03201011001267118, 0.032010110012614335, 0.032010110012699045, 0.032010110012596016, 0.0320101100125183, 0.032010110012405724, 0.032010110012289705, 0.0320101100122242, 0.032010110012221316, 0.032010110012202886, 0.03201011001219445, 0.03201011001218379, 0.03201011001217091, 0.03201011001233678, 0.03201011001198817, 0.032010110011909454, 0.032010110011954085, 0.032010110011829074, 0.03201011001184262, 0.0320101100118253, 0.032010110011708615, 0.03201011001170562, 0.032010110011708615, 0.03201011001159326, 0.032010110011636006, 0.032010110011609805, 0.03201011001159382, 0.032010110011687964, 0.03201011001163312, 0.032010110011734816, 0.03201011001165155, 0.0320101100115977, 0.03201011001153575, 0.03201011001157228, 0.03201011001156495, 0.03201011001156562, 0.03201011001154064, 0.0320101100115352, 0.03201011001157583, 0.032010110011519655, 0.032010110011555626, 0.03201011001154164, 0.032010110011557624, 0.03201011001154552, 0.03201011001153098, 0.03201011001159659, 0.03201011001154386, 0.03201011001155596, 0.03201011001154119] 

Smallest VQE eingenvalue optimizer final message:
{   'aux_operators_evaluated': None,
    'cost_function_evals': 2464,
    'eigenvalue': 0.03201011001154119,
    'optimal_circuit': <qiskit.circuit.library.n_local.real_amplitudes.RealAmplitudes object at 0x000002041888F680>,
    'optimal_parameters': {   ParameterVectorElement([3]): -1.5707963434644407,
                              ParameterVectorElement([2]): -1.5433871932219403,
                              ParameterVectorElement([1]): -5.442211610285329,
                              ParameterVectorElement([0]): 9.200021523199959e-08,
                              ParameterVectorElement([4]): -5.459944441175345e-07,
                              ParameterVectorElement([5]): -1.272172215495515,
                              ParameterVectorElement([6]): -1.4901953489187436,
                              ParameterVectorElement([7]): -1.5707941647964543},
    'optimal_point': array([ 9.20002152e-08, -5.44221161e+00, -1.54338719e+00, -1.57079634e+00,
       -5.45994444e-07, -1.27217222e+00, -1.49019535e+00, -1.57079416e+00]),
    'optimal_value': 0.03201011001154119,
    'optimizer_evals': None,
    'optimizer_result': <qiskit_algorithms.optimizers.optimizer.OptimizerResult object at 0x000002041230FDD0>,
    'optimizer_time': 5.650943040847778}
                        
q_0:  Ry([0])  Ry([4]) 
                   
q_1:  Ry([1])  X  Ry([5]) 
              
q_2:  Ry([2])  X  Ry([6]) 
              
q_3:  Ry([3])  X  Ry([7]) 
                   
The number of ansatz parameters is: 
 8
Line for latex table
RA r1 rl & $1\mathrm{e}{-08}$ & 51/100 &3898 & $3.201\mathrm{e}{-02}$ & $2.2385\mathrm{e}{-12}$ & $3.201\mathrm{e}{-02}$ & $6.2865\mathrm{e}{-12}$ & - & 00h 26m 20s\\

