RA_r1_rl
05m51s__57
1e-05
0.0
0.0
0.0
0.00019999999999997797
0.0
0.0
0.0005000000000000004
0.00019999999999997797
0.0016999999999999793
0.0
0.0005999999999999894
0.00030000000000002247
0.0
0.0
0.0010000000000000009
0.00019999999999997797
0.0
0.00019999999999997797
0.0
0.0
0.0
0.0
0.00030000000000002247
0.006799999999999973
9.999999999998899e-05
0.0
0.0
0.0
0.0005999999999999894
0.0
0.0
0.0
9.999999999998899e-05
0.00019999999999997797
0.00019999999999997797
0.0005000000000000004
0.0
0.00030000000000002247
0.0
0.0014000000000000123
0.0005999999999999894
0.0025000000000000022
0.0
0.0
0.00030000000000002247
0.00019999999999997797
0.00030000000000002247
0.0009000000000000119
0.0
0.0
0.0
0.00019999999999997797
0.0
0.00030000000000002247
0.0
0.00030000000000002247
0.00019999999999997797
0.0
0.00019999999999997797
0.00019999999999997797
0.0010000000000000009
9.999999999998899e-05
0.00040000000000001146
0.00019999999999997797
0.0
0.0
0.0
0.0
0.0031999999999999806
0.0
0.0005000000000000004
0.0024000000000000132
0.0005000000000000004
0.0
0.0009000000000000119
0.00030000000000002247
9.999999999998899e-05
9.999999999998899e-05
9.999999999998899e-05
0.00040000000000001146
0.0011999999999999789
0.0
9.999999999998899e-05
0.0
0.00019999999999997797
0.0
0.0031999999999999806
0.0
0.00019999999999997797
0.005300000000000027
0.0010999999999999899
9.999999999998899e-05
0.0
0.0010999999999999899
0.00019999999999997797
0.0005000000000000004
0.0009000000000000119
0.00019999999999997797
0.0009000000000000119
0.0024000000000000132
