With Shot Noise
01/11/2024 17:53:15 

VQEr_100_shots_10000_COBYLA_maxIter_10000_tol_1e-05_RA_r1_rl 

Reference value: 0.0000000000e+00 

Number of pauli strings:  2
Qubits:  2
VQE runs:  100
Optimizer:  COBYLA
Max iterations:  10000
Optimizers's tolerance:  1e-05
Ansatz:  RA_r1_rl 

All run converged!!!
Number of iterations for each converged VQE run:
[59, 57, 57, 58, 55, 57, 61, 58, 61, 43, 63, 57, 66, 42, 59, 52, 50, 59, 61, 57, 42, 53, 67, 56, 63, 49, 43, 56, 64, 52, 56, 55, 54, 53, 54, 57, 68, 57, 51, 58, 63, 64, 48, 47, 58, 59, 62, 46, 55, 39, 53, 60, 50, 55, 44, 53, 54, 67, 66, 64, 55, 58, 54, 59, 51, 48, 66, 61, 60, 55, 64, 61, 66, 73, 64, 59, 54, 61, 57, 60, 52, 51, 70, 51, 58, 65, 69, 58, 66, 60, 65, 55, 56, 55, 58, 52, 66, 59, 56, 59] 

Average iterations of converged run:
57 

VQE eigenvalues:
[0.0, 0.0, 0.0, 0.00019999999999997797, 0.0, 0.0, 0.0005000000000000004, 0.00019999999999997797, 0.0016999999999999793, 0.0, 0.0005999999999999894, 0.00030000000000002247, 0.0, 0.0, 0.0010000000000000009, 0.00019999999999997797, 0.0, 0.00019999999999997797, 0.0, 0.0, 0.0, 0.0, 0.00030000000000002247, 0.006799999999999973, 9.999999999998899e-05, 0.0, 0.0, 0.0, 0.0005999999999999894, 0.0, 0.0, 0.0, 9.999999999998899e-05, 0.00019999999999997797, 0.00019999999999997797, 0.0005000000000000004, 0.0, 0.00030000000000002247, 0.0, 0.0014000000000000123, 0.0005999999999999894, 0.0025000000000000022, 0.0, 0.0, 0.00030000000000002247, 0.00019999999999997797, 0.00030000000000002247, 0.0009000000000000119, 0.0, 0.0, 0.0, 0.00019999999999997797, 0.0, 0.00030000000000002247, 0.0, 0.00030000000000002247, 0.00019999999999997797, 0.0, 0.00019999999999997797, 0.00019999999999997797, 0.0010000000000000009, 9.999999999998899e-05, 0.00040000000000001146, 0.00019999999999997797, 0.0, 0.0, 0.0, 0.0, 0.0031999999999999806, 0.0, 0.0005000000000000004, 0.0024000000000000132, 0.0005000000000000004, 0.0, 0.0009000000000000119, 0.00030000000000002247, 9.999999999998899e-05, 9.999999999998899e-05, 9.999999999998899e-05, 0.00040000000000001146, 0.0011999999999999789, 0.0, 9.999999999998899e-05, 0.0, 0.00019999999999997797, 0.0, 0.0031999999999999806, 0.0, 0.00019999999999997797, 0.005300000000000027, 0.0010999999999999899, 9.999999999998899e-05, 0.0, 0.0010999999999999899, 0.00019999999999997797, 0.0005000000000000004, 0.0009000000000000119, 0.00019999999999997797, 0.0009000000000000119, 0.0024000000000000132] 

VQE eigenvalues standard deviation:
[0.0, 0.0, 0.0, 0.0001414072133944981, 0.0, 0.0, 0.00022355088906108006, 0.0001414072133944981, 0.00041195994950965487, 0.0, 0.0002448754785600193, 0.00017317909804592886, 0.0, 0.0, 0.0003160696125855821, 0.0001414072133944981, 0.0, 0.0001414072133944981, 0.0, 0.0, 0.0, 0.0, 0.00017317909804592886, 0.0008218126307133499, 9.999499987499087e-05, 0.0, 0.0, 0.0, 0.0002448754785600193, 0.0, 0.0, 0.0, 9.999499987499087e-05, 0.0001414072133944981, 0.0001414072133944981, 0.00022355088906108006, 0.0, 0.00017317909804592886, 0.0, 0.0003739037309254906, 0.0002448754785600193, 0.0004993746088859534, 0.0, 0.0, 0.00017317909804592886, 0.0001414072133944981, 0.00017317909804592886, 0.0002998649696113272, 0.0, 0.0, 0.0, 0.0001414072133944981, 0.0, 0.00017317909804592886, 0.0, 0.00017317909804592886, 0.0001414072133944981, 0.0, 0.0001414072133944981, 0.0001414072133944981, 0.0003160696125855821, 9.999499987499087e-05, 0.00019995999599920291, 0.0001414072133944981, 0.0, 0.0, 0.0, 0.0, 0.000564779603031128, 0.0, 0.00022355088906108006, 0.0004893097178679389, 0.00022355088906108006, 0.0, 0.0002998649696113272, 0.00017317909804592886, 9.999499987499087e-05, 9.999499987499087e-05, 9.999499987499087e-05, 0.00019995999599920291, 0.0003462022530255959, 0.0, 9.999499987499087e-05, 0.0, 0.0001414072133944981, 0.0, 0.000564779603031128, 0.0, 0.0001414072133944981, 0.0007260791967822807, 0.00033148001448050956, 9.999499987499087e-05, 0.0, 0.00033148001448050956, 0.0001414072133944981, 0.00022355088906108006, 0.0002998649696113272, 0.0001414072133944981, 0.0002998649696113272, 0.0004893097178679389] 

Median VQE eigenvalues:
0.00019999999999997797 

Min eigenvalue after 100 VQE steps on Aer qasm simulator: 0.00000e+00
Delta from reference energy value is 0.00000e+00 

Optimizer history of the smallest VQE eigenvalue:
[0.9681, 0.9821, 0.6115, 0.5983, 0.198, 0.15810000000000002, 0.1074, 0.11730000000000002, 0.09920000000000001, 0.18819999999999998, 0.0021999999999999797, 0.128, 0.00990000000000002, 0.0006999999999999784, 0.0010000000000000009, 0.018000000000000016, 0.009000000000000008, 0.005400000000000016, 0.00019999999999997797, 0.0, 0.0006999999999999784, 9.999999999998899e-05, 0.0005999999999999894, 0.00019999999999997797, 0.00019999999999997797, 0.00019999999999997797, 0.00019999999999997797, 0.00030000000000002247, 9.999999999998899e-05, 0.00019999999999997797, 0.0, 0.0, 0.0, 0.00019999999999997797, 0.0, 9.999999999998899e-05, 9.999999999998899e-05, 0.0, 9.999999999998899e-05, 9.999999999998899e-05, 9.999999999998899e-05, 0.0, 0.0, 0.00030000000000002247, 0.00019999999999997797, 0.0, 0.0, 9.999999999998899e-05, 0.0, 9.999999999998899e-05, 0.00019999999999997797, 9.999999999998899e-05, 0.00019999999999997797, 9.999999999998899e-05, 9.999999999998899e-05, 0.0, 9.999999999998899e-05, 0.0, 0.0] 

Optimizer history of the smallest VQE eigenvalue standard deviation:
[0.0017573386127892365, 0.0013258804621835271, 0.00487409222317346, 0.004902418892750802, 0.003984921580156879, 0.0036483474341131496, 0.003096211233104098, 0.0032177742307377627, 0.0029893035978301036, 0.003908717948381541, 0.0004685253461660291, 0.003340898082851376, 0.000990049998737438, 0.00026448251359966813, 0.0003160696125855821, 0.0013295111883696214, 0.0009444045743218322, 0.0007328601503697698, 0.0001414072133944981, 0.0, 0.00026448251359966813, 9.999499987499087e-05, 0.0002448754785600193, 0.0001414072133944981, 0.0001414072133944981, 0.0001414072133944981, 0.0001414072133944981, 0.00017317909804592886, 9.999499987499087e-05, 0.0001414072133944981, 0.0, 0.0, 0.0, 0.0001414072133944981, 0.0, 9.999499987499087e-05, 9.999499987499087e-05, 0.0, 9.999499987499087e-05, 9.999499987499087e-05, 9.999499987499087e-05, 0.0, 0.0, 0.00017317909804592886, 0.0001414072133944981, 0.0, 0.0, 9.999499987499087e-05, 0.0, 9.999499987499087e-05, 0.0001414072133944981, 9.999499987499087e-05, 0.0001414072133944981, 9.999499987499087e-05, 9.999499987499087e-05, 0.0, 9.999499987499087e-05, 0.0, 0.0] 

Smallest VQE eingenvalue optimizer final message:
{   'aux_operators_evaluated': None,
    'cost_function_evals': 59,
    'eigenvalue': 0.0,
    'optimal_circuit': <qiskit.circuit.library.n_local.real_amplitudes.RealAmplitudes object at 0x000001B504D34320>,
    'optimal_parameters': {   ParameterVectorElement(θ[0]): 0.013832227713358463,
                              ParameterVectorElement(θ[1]): -0.12208464622402991,
                              ParameterVectorElement(θ[2]): 0.0926098801306666,
                              ParameterVectorElement(θ[3]): 3.2783548424437803},
    'optimal_point': array([ 0.01383223, -0.12208465,  0.09260988,  3.27835484]),
    'optimal_value': 0.0,
    'optimizer_evals': None,
    'optimizer_result': <qiskit_algorithms.optimizers.optimizer.OptimizerResult object at 0x000001B504D34140>,
    'optimizer_time': 3.612989664077759}
     ┌──────────┐ ░       ░ ┌──────────┐
q_0: ┤ Ry(θ[0]) ├─░───■───░─┤ Ry(θ[2]) ├
     ├──────────┤ ░ ┌─┴─┐ ░ ├──────────┤
q_1: ┤ Ry(θ[1]) ├─░─┤ X ├─░─┤ Ry(θ[3]) ├
     └──────────┘ ░ └───┘ ░ └──────────┘
The number of ansatz parameters is: 
 4
Line for latex table
RA r1 rl & $1\mathrm{e}{-05}$ & 10000 & 100/100 &57 & $0\mathrm{e}{+00}$ & $0\mathrm{e}{+00}$ & $0\mathrm{e}{+00}$ & $2\mathrm{e}{-04}$ & $2\mathrm{e}{-04}$ & - & 00h 05m 51s\\

