RA_r1_rl
06h42m51s__172
1e-08
5.634024318547192
2.099335018765714
3.9755445566565757
7.343196118635401
11.107503875031528
8.481357754051661
5.731021020193833
5.715497627801214
2.769343217490431
5.115673112447247
5.710302580965024
4.342553704836865
3.32580767198265
12.034887612893653
16.266523608032795
8.434571594108295
6.459069358763964
11.34700347884278
8.121924635285097
7.262390895007
16.403261091604957
5.004606094577043
11.646483421634247
6.413658098597951
3.2270497466356547
15.261275340668156
6.730446873789519
8.953684234047595
9.519053362654981
6.649121596258643
9.955523729604945
4.454501393328033
5.227613131960401
5.763212557515664
9.713295600989646
12.308624910806033
12.976456843264884
9.30983974826589
4.180548745444488
3.5522216082769456
3.2514533197848814
5.752293629005022
10.392694762694598
11.483012846223433
4.9649873229404555
6.3647891093736
8.996787425568945
12.091502239166836
5.877095026003698
6.394784253894867
6.846445200513525
3.5026623838211
3.623174990080198
7.37147726766046
8.294538887211617
13.712146453284479
13.544093405714722
2.3319025628552765
10.205664204257612
15.127464206754254
7.222147445587134
1.3338560917753768
5.145309092184405
5.427781270351912
7.986746618992179
16.76853642833539
9.851082934726762
5.079174430010475
7.857958334091581
5.076192677088548
3.6404634676013456
4.5453095529727445
10.697360796524363
7.3883468671458985
11.456720651116207
14.798900751970855
9.81974257707044
3.609864158700557
9.545937710131723
7.117137267861898
28.99140318029646
10.644718347633525
4.294561821592015
3.47712449802973
3.3054990704951477
12.001022681518483
15.094020419551454
15.474970690008837
7.659550718317738
9.267786761103467
12.433680593203956
3.6558112624036907
5.829030573637738
7.451543710786047
7.977422244229989
5.422929162657804
3.9929506213716257
4.2076782734105596
6.909001846116488
7.996856983914926
