5.634024318547192 0.8025895669301916
2.099335018765714 0.7725274649903735
3.9755445566565757 0.7860131238204011
7.343196118635401 0.796223651110154
11.107503875031528 0.9112415179940251
8.481357754051661 0.8499520605083218
5.731021020193833 0.8451682303972471
5.715497627801214 0.8286013382591758
2.769343217490431 0.8196081385071177
5.115673112447247 0.8311755213830475
5.710302580965024 0.7527333155748688
4.342553704836865 0.8481308768345237
3.32580767198265 0.8120085985844133
12.034887612893653 0.8541488823319945
16.266523608032795 0.9543978534980654
8.434571594108295 0.8408346782015669
6.459069358763964 0.8318658319584278
11.34700347884278 0.7852208933184794
8.121924635285097 0.7266367066406724
7.262390895007 0.7748168375915846
16.403261091604957 0.8335822512896705
5.004606094577043 0.7290966169580898
11.646483421634247 0.8990817157002757
6.413658098597951 0.7374036738325351
3.2270497466356547 0.771771680705302
15.261275340668156 0.8732524396382786
6.730446873789519 0.714294659558336
8.953684234047595 0.8976009066171269
9.519053362654981 0.823316261670911
6.649121596258643 0.8458364050420458
9.955523729604945 0.7887688926044036
4.454501393328033 0.8467503009455336
5.227613131960401 0.8176258978576421
5.763212557515664 0.8327562248455294
9.713295600989646 0.8431556755019382
12.308624910806033 0.8639577584004416
12.976456843264884 0.9094874666826033
9.30983974826589 0.8141356506386663
4.180548745444488 0.6100374288403256
3.5522216082769456 0.8179165536216039
3.2514533197848814 0.7298112162687596
5.752293629005022 0.8075702072119011
10.392694762694598 0.8797864671599965
11.483012846223433 0.8512664778344481
4.9649873229404555 0.7939814061129459
6.3647891093736 0.7692527942631535
8.996787425568945 0.8100358723281754
12.091502239166836 0.8234651877717989
5.877095026003698 0.8319755854342215
6.394784253894867 0.8317718495911298
6.846445200513525 0.8053732045285146
3.5026623838211 0.737393185081602
3.623174990080198 0.8494523473980827
7.37147726766046 0.877609080117741
8.294538887211617 0.842576477587561
13.712146453284479 0.8999828591672125
13.544093405714722 0.789947920168981
2.3319025628552765 0.8239566606253206
10.205664204257612 0.7576174718398845
15.127464206754254 0.8596695135997142
7.222147445587134 0.8299033728163758
1.3338560917753768 0.8067325077032638
5.145309092184405 0.7467058366900067
5.427781270351912 0.6688570672513778
7.986746618992179 0.86051337700236
16.76853642833539 0.89386624152769
9.851082934726762 0.9493746853392979
5.079174430010475 0.8700134660047061
7.857958334091581 0.8514200008931442
5.076192677088548 0.6658958859937445
3.6404634676013456 0.84073266354565
4.5453095529727445 0.8216550443601427
10.697360796524363 0.8657210691590009
7.3883468671458985 0.8397296975397783
11.456720651116207 0.8692317617798835
14.798900751970855 0.9464788052925646
9.81974257707044 0.862504668357004
3.609864158700557 0.6305064744254306
9.545937710131723 0.8545876853162664
7.117137267861898 0.8039894187597012
28.99140318029646 0.943151584255842
10.644718347633525 0.8415005413569003
4.294561821592015 0.8102763029531873
3.47712449802973 0.7270895292558722
3.3054990704951477 0.8303671237458308
12.001022681518483 0.781583748218523
15.094020419551454 0.8499929970032912
15.474970690008837 0.9094226188525082
7.659550718317738 0.7865578476516254
9.267786761103467 0.8216323366365895
12.433680593203956 0.8235324496936663
3.6558112624036907 0.6840270080740319
5.829030573637738 0.831501440872103
7.451543710786047 0.7917890656682707
7.977422244229989 0.7502001315024633
5.422929162657804 0.8291555220863621
3.9929506213716257 0.7852392623618893
4.2076782734105596 0.7087635717876146
6.909001846116488 0.8655542441530348
7.996856983914926 0.6842439987774369
