With Shot Noise
04/11/2024 06:37:51 

VQEr_100_shots_10000_COBYLA_maxIter_10000_tol_1e-08_RA_r1_rl 

Reference value: 8.9159936233e-01 

Number of pauli strings:  136
Qubits:  5
VQE runs:  100
Optimizer:  COBYLA
Max iterations:  10000
Optimizers's tolerance:  1e-08
Ansatz:  RA_r1_rl 

All run converged!!!
Number of iterations for each converged VQE run:
[197, 179, 175, 167, 179, 181, 171, 153, 183, 175, 171, 180, 163, 165, 169, 169, 171, 164, 161, 169, 157, 169, 175, 176, 180, 179, 177, 179, 172, 181, 164, 170, 171, 163, 162, 190, 159, 158, 169, 161, 174, 171, 169, 174, 169, 170, 167, 176, 181, 176, 177, 189, 181, 172, 181, 169, 169, 166, 180, 174, 185, 184, 167, 161, 155, 166, 175, 170, 163, 155, 197, 197, 164, 161, 174, 174, 172, 180, 178, 173, 166, 193, 174, 159, 184, 173, 161, 177, 159, 169, 170, 170, 168, 150, 154, 173, 158, 179, 175, 175] 

Average iterations of converged run:
172 

VQE eigenvalues:
[5.634024318547192, 2.099335018765714, 3.9755445566565757, 7.343196118635401, 11.107503875031528, 8.481357754051661, 5.731021020193833, 5.715497627801214, 2.769343217490431, 5.115673112447247, 5.710302580965024, 4.342553704836865, 3.32580767198265, 12.034887612893653, 16.266523608032795, 8.434571594108295, 6.459069358763964, 11.34700347884278, 8.121924635285097, 7.262390895007, 16.403261091604957, 5.004606094577043, 11.646483421634247, 6.413658098597951, 3.2270497466356547, 15.261275340668156, 6.730446873789519, 8.953684234047595, 9.519053362654981, 6.649121596258643, 9.955523729604945, 4.454501393328033, 5.227613131960401, 5.763212557515664, 9.713295600989646, 12.308624910806033, 12.976456843264884, 9.30983974826589, 4.180548745444488, 3.5522216082769456, 3.2514533197848814, 5.752293629005022, 10.392694762694598, 11.483012846223433, 4.9649873229404555, 6.3647891093736, 8.996787425568945, 12.091502239166836, 5.877095026003698, 6.394784253894867, 6.846445200513525, 3.5026623838211, 3.623174990080198, 7.37147726766046, 8.294538887211617, 13.712146453284479, 13.544093405714722, 2.3319025628552765, 10.205664204257612, 15.127464206754254, 7.222147445587134, 1.3338560917753768, 5.145309092184405, 5.427781270351912, 7.986746618992179, 16.76853642833539, 9.851082934726762, 5.079174430010475, 7.857958334091581, 5.076192677088548, 3.6404634676013456, 4.5453095529727445, 10.697360796524363, 7.3883468671458985, 11.456720651116207, 14.798900751970855, 9.81974257707044, 3.609864158700557, 9.545937710131723, 7.117137267861898, 28.99140318029646, 10.644718347633525, 4.294561821592015, 3.47712449802973, 3.3054990704951477, 12.001022681518483, 15.094020419551454, 15.474970690008837, 7.659550718317738, 9.267786761103467, 12.433680593203956, 3.6558112624036907, 5.829030573637738, 7.451543710786047, 7.977422244229989, 5.422929162657804, 3.9929506213716257, 4.2076782734105596, 6.909001846116488, 7.996856983914926] 

VQE eigenvalues standard deviation:
[0.8025895669301916, 0.7725274649903735, 0.7860131238204011, 0.796223651110154, 0.9112415179940251, 0.8499520605083218, 0.8451682303972471, 0.8286013382591758, 0.8196081385071177, 0.8311755213830475, 0.7527333155748688, 0.8481308768345237, 0.8120085985844133, 0.8541488823319945, 0.9543978534980654, 0.8408346782015669, 0.8318658319584278, 0.7852208933184794, 0.7266367066406724, 0.7748168375915846, 0.8335822512896705, 0.7290966169580898, 0.8990817157002757, 0.7374036738325351, 0.771771680705302, 0.8732524396382786, 0.714294659558336, 0.8976009066171269, 0.823316261670911, 0.8458364050420458, 0.7887688926044036, 0.8467503009455336, 0.8176258978576421, 0.8327562248455294, 0.8431556755019382, 0.8639577584004416, 0.9094874666826033, 0.8141356506386663, 0.6100374288403256, 0.8179165536216039, 0.7298112162687596, 0.8075702072119011, 0.8797864671599965, 0.8512664778344481, 0.7939814061129459, 0.7692527942631535, 0.8100358723281754, 0.8234651877717989, 0.8319755854342215, 0.8317718495911298, 0.8053732045285146, 0.737393185081602, 0.8494523473980827, 0.877609080117741, 0.842576477587561, 0.8999828591672125, 0.789947920168981, 0.8239566606253206, 0.7576174718398845, 0.8596695135997142, 0.8299033728163758, 0.8067325077032638, 0.7467058366900067, 0.6688570672513778, 0.86051337700236, 0.89386624152769, 0.9493746853392979, 0.8700134660047061, 0.8514200008931442, 0.6658958859937445, 0.84073266354565, 0.8216550443601427, 0.8657210691590009, 0.8397296975397783, 0.8692317617798835, 0.9464788052925646, 0.862504668357004, 0.6305064744254306, 0.8545876853162664, 0.8039894187597012, 0.943151584255842, 0.8415005413569003, 0.8102763029531873, 0.7270895292558722, 0.8303671237458308, 0.781583748218523, 0.8499929970032912, 0.9094226188525082, 0.7865578476516254, 0.8216323366365895, 0.8235324496936663, 0.6840270080740319, 0.831501440872103, 0.7917890656682707, 0.7502001315024633, 0.8291555220863621, 0.7852392623618893, 0.7087635717876146, 0.8655542441530348, 0.6842439987774369] 

Median VQE eigenvalues:
7.242269170297067 

Min eigenvalue after 100 VQE steps on Aer qasm simulator: 1.33386e+00
Delta from reference energy value is 4.42257e-01 

Optimizer history of the smallest VQE eigenvalue:
[76.29558694672426, 53.522027612887406, 54.668341259842535, 73.06570051998804, 83.43591379085099, 48.50443780688764, 34.10790785523656, 35.3763786112423, 42.85872805966998, 51.8711121100281, 33.81702210600233, 19.472366975401354, 18.86876776496015, 17.40721959545365, 29.940632846519065, 24.954667219253146, 14.237486524123604, 13.28401413287529, 18.70819174339959, 13.076887054004345, 14.189225111324415, 12.76308627122095, 28.637718124661674, 10.226443316491183, 18.22745875437823, 14.738958441419875, 12.339483531457423, 9.45570111195373, 9.984728100026478, 8.02245757343052, 7.97662796696963, 3.0216379826126727, 1.6802822161798283, 5.766002670822371, 2.2456492420729455, 3.456059258768018, 3.1307332446946887, 2.053187542832144, 2.8546360379522517, 2.9351864079122523, 1.7289762675291176, 4.619456297103722, 3.028859774349953, 1.50944374660319, 1.6003984119246182, 2.4675953052801645, 2.4043975559785085, 3.838256470087752, 1.80853044884923, 2.3217516856964706, 2.508925877719792, 3.587469301968965, 2.36571360645489, 1.5913444025162407, 1.6536059619110344, 1.0321391682032066, 0.7364341587322357, 2.6912767023213395, 2.4089711385091928, 2.1350952507064505, 0.09699878790830817, 3.06666449861156, 1.6445809384755636, 1.1479791291517312, 0.8543374137922319, 2.497779521216507, 1.2400923861499342, 1.7514671476452037, 2.076893316447216, 2.7379205373242854, 1.4939233421224012, 2.1761237954033414, 3.389843501948106, 1.2723694616778802, 1.716350222006292, 1.3395813335082463, 0.6307127416097112, 0.5276713846880379, -0.18352408395683953, 2.415857973787221, 0.31349812779726227, 1.1159851763901787, 1.510498571312289, 1.7877593467773196, 1.9880959910627427, 1.5499976031929705, 1.094963924779521, 2.1324739820376104, 2.0047419856345514, 0.48584797523232076, 0.5034176354212245, 1.9576834847276499, 0.2221032939814246, 1.1076106729977173, 1.1961341442793625, 2.443617909411445, 2.708957005404948, 3.3236136475093527, 1.1281412699701163, 0.05287947410292046, 1.3732411137617433, 1.5520267842072941, 1.7768206630584644, 1.4728064700572978, 2.862343705198566, 2.0910445014407513, 3.1518984491566875, -0.04557135329918589, 1.0712800744619742, 0.9937989357168471, 2.019966451936474, 0.6387898426584748, 2.5824777490779383, 2.4735422609315774, 3.3521734979350097, 0.4793707841865671, 0.22220972798371347, 1.2523849401828213, 0.3420446452690771, 3.459128082093047, 1.0513288503128615, 2.4682133851105585, 2.644267684621229, 1.1251773225888835, 2.5606847264174513, 1.1640647080258812, 0.803075446587603, 1.3397756166334296, 0.588643434845623, 0.46771901991552717, 1.7030449585512288, 0.24462827701116704, 1.9065991440083616, 2.953412361977453, 2.9602227798159046, 1.5287101962698049, 1.3728027605230517, 0.4592690948091989, 2.227449680472284, 1.4521968939099348, 2.8854771777665156, 2.9701688175013294, 1.4366555102474476, 0.6840952128360082, 1.8204057100428874, 2.4309695617489337, 2.8297515789900602, 2.5792243591162367, 1.5958131260873856, 2.9089353318497975, 2.2225988738399898, 3.0471998973902754, 0.15755387305213214, 2.775243768844884, 3.0611252011579575, 2.2070609021099274, 1.8733741632329892, 1.383130376939398, 3.6127753872611907, 2.486242698847617, 2.174552955460378, 1.8114823325826621, 1.2427142950674752, 0.5624104292492835, 1.6356312373075115, 2.9251020390253637, 1.9179271506780766, 1.8374820747692753, 2.1834100455079453, 1.5432706403021341, 0.11187273046351406, 1.9335678675462926, 2.565284280234791, 1.848149519447855, 1.615227488552982, 1.79600260072436, 1.6172608201445746, 2.1917364632748617, 1.4040410495144453, 2.0166635345928143, 1.9714115439227415, 2.1503219336906536, 2.9198263401538855, 1.3338560917753768] 

Optimizer history of the smallest VQE eigenvalue standard deviation:
[0.897885084620319, 0.9155640507058642, 0.9637334459024376, 0.8480732892723186, 0.8232458004587824, 0.9355637727577633, 0.9087189424844386, 0.9485080626775959, 0.9245529326100654, 0.8579098348576795, 0.9081647958722372, 0.8538642968324839, 0.8842311789490894, 0.8564643555884375, 0.838356718773869, 0.86073696595763, 0.9223183921997, 0.9299468625536705, 0.9375038794965026, 0.924950189900095, 0.9300522738501116, 0.9277057790871639, 0.931608183319082, 0.8848203299225249, 0.8553297626808889, 0.8868225741954403, 0.8976095797514748, 0.8336151651290745, 0.8367379130083847, 0.8482188599543693, 0.8486464459787276, 0.8278939370645797, 0.8151679564941482, 0.8320569705659018, 0.8128375367495554, 0.8267992932834577, 0.786627202169247, 0.8280241714404525, 0.8167071892257335, 0.8060125797753352, 0.8008248052972217, 0.8380256117390527, 0.8204349092375174, 0.8082190990640855, 0.8190530285019477, 0.8131473705487785, 0.8072223012602749, 0.8118585613976479, 0.8049240224944167, 0.806143026992068, 0.8056298672949018, 0.8130695112381887, 0.8046878340519977, 0.8036979800194491, 0.8103239831226755, 0.8068441390685664, 0.80537104347518, 0.809801944049217, 0.8042983422564348, 0.8083248072008242, 0.8043884533786106, 0.8050216300082315, 0.8039153024593473, 0.8092025627545794, 0.8051685910763274, 0.8069131148421854, 0.8044173934302511, 0.8060813713948943, 0.8075583716842181, 0.8069044136929049, 0.8055561708030156, 0.8058492259263299, 0.8056952117879855, 0.8051444630183155, 0.8054618961243599, 0.8039918846450061, 0.8049501952739666, 0.8067058797909247, 0.8047993731517862, 0.8053515465039545, 0.8074941242961333, 0.8051379272591307, 0.805315861792296, 0.8054501608758858, 0.8069443251097067, 0.8031286324332817, 0.8049612839000183, 0.805412927809716, 0.8054979264767838, 0.8057885558585742, 0.8058932491622448, 0.8042383265571804, 0.8058809208385667, 0.8054299217710821, 0.806598511825405, 0.8068564991551402, 0.8061841928631008, 0.8062251877538312, 0.8058331341916172, 0.8045871314755451, 0.8053137686755965, 0.8048376082200358, 0.8067803628040485, 0.8066123538457098, 0.8055459617374997, 0.8057399641857417, 0.8061896914159964, 0.8054890982013678, 0.8059001481431829, 0.8053640317344033, 0.8050505499939947, 0.8055126383682206, 0.8057077757145934, 0.8047761333420421, 0.8062053476154776, 0.8054979099486929, 0.8044549368280023, 0.804546094663604, 0.8042899098699445, 0.8063640501557707, 0.8054716355003491, 0.8045431487836961, 0.8069323244724947, 0.8050283402336353, 0.8065344152712299, 0.8050333886528239, 0.8062720160728297, 0.805210851085773, 0.8041757656346835, 0.8043330555222773, 0.8055181125316064, 0.8051605315791365, 0.80661807559697, 0.8059958571828119, 0.806329706977421, 0.8053683466054388, 0.8063716662721184, 0.8050942298818016, 0.8082081056715708, 0.8068039314524778, 0.8072067590843583, 0.8053201716073671, 0.8052625815718945, 0.8052882713338756, 0.8047829043377936, 0.8054403397095001, 0.8064809216905988, 0.8072473239683433, 0.8055536317798541, 0.806174153916061, 0.8050500839078104, 0.8062720317620276, 0.8044626566236456, 0.8054092941051795, 0.8051776776369493, 0.8074818306520575, 0.8064012372151466, 0.8061665365778544, 0.8068561396766868, 0.8061826999524111, 0.8058106846706359, 0.8050574364972873, 0.805083012982719, 0.8065791381267973, 0.8076284967504352, 0.8057553330690799, 0.8052443660935588, 0.8050719706333496, 0.8058616073765761, 0.8054488193779522, 0.8041451918514706, 0.8066767527706566, 0.8056433598809188, 0.8045984717291309, 0.8052191413916655, 0.8071543323301407, 0.8050775166940917, 0.806168318648175, 0.8050365257657085, 0.8061798051517026, 0.8048625603892878, 0.8050417437481198, 0.8061690336179254, 0.8067325077032638] 

Smallest VQE eingenvalue optimizer final message:
{   'aux_operators_evaluated': None,
    'cost_function_evals': 184,
    'eigenvalue': 1.3338560917753768,
    'optimal_circuit': <qiskit.circuit.library.n_local.real_amplitudes.RealAmplitudes object at 0x0000027584B1D940>,
    'optimal_parameters': {   ParameterVectorElement(θ[1]): 3.0324638513833824,
                              ParameterVectorElement(θ[0]): 3.673075880045411,
                              ParameterVectorElement(θ[2]): -0.03409875185211352,
                              ParameterVectorElement(θ[3]): -0.01941165520973531,
                              ParameterVectorElement(θ[4]): 1.9531837979433269,
                              ParameterVectorElement(θ[5]): 1.3638004062849256,
                              ParameterVectorElement(θ[6]): -0.35216531316190036,
                              ParameterVectorElement(θ[7]): -3.0871687311108778,
                              ParameterVectorElement(θ[8]): 0.03194872909017319,
                              ParameterVectorElement(θ[9]): 4.677994517365042},
    'optimal_point': array([ 3.67307588,  3.03246385, -0.03409875, -0.01941166,  1.9531838 ,
        1.36380041, -0.35216531, -3.08716873,  0.03194873,  4.67799452]),
    'optimal_value': 1.3338560917753768,
    'optimizer_evals': None,
    'optimizer_result': <qiskit_algorithms.optimizers.optimizer.OptimizerResult object at 0x000002759F812840>,
    'optimizer_time': 256.6289174556732}
     ┌──────────┐ ░                      ░ ┌──────────┐
q_0: ┤ Ry(θ[0]) ├─░──────────────────■───░─┤ Ry(θ[5]) ├
     ├──────────┤ ░                ┌─┴─┐ ░ ├──────────┤
q_1: ┤ Ry(θ[1]) ├─░─────────────■──┤ X ├─░─┤ Ry(θ[6]) ├
     ├──────────┤ ░           ┌─┴─┐└───┘ ░ ├──────────┤
q_2: ┤ Ry(θ[2]) ├─░────────■──┤ X ├──────░─┤ Ry(θ[7]) ├
     ├──────────┤ ░      ┌─┴─┐└───┘      ░ ├──────────┤
q_3: ┤ Ry(θ[3]) ├─░───■──┤ X ├───────────░─┤ Ry(θ[8]) ├
     ├──────────┤ ░ ┌─┴─┐└───┘           ░ ├──────────┤
q_4: ┤ Ry(θ[4]) ├─░─┤ X ├────────────────░─┤ Ry(θ[9]) ├
     └──────────┘ ░ └───┘                ░ └──────────┘
The number of ansatz parameters is: 
 10
Line for latex table
RA r1 rl & $1\mathrm{e}{-08}$ & 10000 & 100/100 &172 & $1.3339\mathrm{e}{+00}$ & $8.0673\mathrm{e}{-01}$ & $4.4226\mathrm{e}{-01}$ & $7.2423\mathrm{e}{+00}$ & $6.3507\mathrm{e}{+00}$ & - & 06h 42m 51s\\

