RA_r1_rl
11m32s__70
1e-05
0.3620651321510233
0.3578522858491735
0.397518155097514
0.3601162468798522
0.3692717338688212
0.39714271502550913
0.36247310112934494
0.35833218483649576
0.36773619996288875
0.36351244095756474
0.3600911206140054
0.38479626841610237
0.3606375672234119
0.3683140174221937
0.3638074157043958
0.37446433122835177
0.35961710907698774
0.3590949265362928
0.3763761061289608
0.36590482911299027
0.3655734582630916
0.372878187656978
0.37853123598418303
0.3590443168708517
0.41075339314416404
0.3694566581093133
0.3718173182810929
0.3573866004242243
0.36737970284714283
0.35808365669907216
0.37378493730441775
0.35918071297391974
0.3573158897461055
0.3592271595833265
0.38533001665330113
0.36255716317270137
0.3603041148454964
0.36005472451093756
0.39453007792776473
0.3759221956046206
0.3575866004242243
0.372790824754722
0.35973548569539515
0.358722134330157
0.4050154205764671
0.35734517906798713
0.3739034618524666
0.35999492653629295
0.35887152466471606
0.3606295982450902
0.36194589333548066
0.3584685809395638
0.36559807946555045
0.3585271595833266
0.3686093493027711
0.35788868195224155
0.3653257923228028
0.3607224914639038
0.35746944313669893
0.35751086449293634
0.35756944313669914
0.3590614741583771
0.36127310112934463
0.35793721008966517
0.3595271595833265
0.3574987324585803
0.36606082116534755
0.37188788102957027
0.5286819279501598
0.35770583923976673
0.3581008139865973
0.3573158897461055
0.36201366028844717
0.35852715958332637
0.35746944313669893
0.35734517906798713
0.3889730144741672
0.3591242158581742
0.36166477501727634
0.3576694431366989
0.3583836566990719
0.35874431687085195
0.37010798204224793
0.3695398579555347
0.3815979315359086
0.3585786314459025
0.3965266291392242
0.35843721008966534
0.3572330470336311
0.37816676989011566
0.36216391282014104
0.36187726418537913
0.35829076348025857
0.3810761061289609
0.35986269348925903
0.37621473168968733
0.3586392916176824
0.3731695044111627
0.3615166040135993
0.3572330470336311
