0.3620651321510233 0.0017885516486811333
0.3578522858491735 0.000452705754326143
0.397518155097514 0.0050058094250580495
0.3601162468798522 0.0012767417514908796
0.3692717338688212 0.002510052389891494
0.39714271502550913 0.004533579160001509
0.36247310112934494 0.0017380099251730458
0.35833218483649576 0.000777141878938464
0.36773619996288875 0.0023252141836828722
0.36351244095756474 0.001750071998518916
0.3600911206140054 0.0014337771793413384
0.38479626841610237 0.004261456851828961
0.3606375672234119 0.0014547238569570537
0.3683140174221937 0.002259196870571485
0.3638074157043958 0.0017714326123225799
0.37446433122835177 0.0034584435805720486
0.35961710907698774 0.001043125112342723
0.3590949265362928 0.0010781180362093913
0.3763761061289608 0.003399761609289684
0.36590482911299027 0.00220732915533683
0.3655734582630916 0.0021532891120330305
0.372878187656978 0.003298843661042456
0.37853123598418303 0.003671636419908704
0.3590443168708517 0.0008825797414398368
0.41075339314416404 0.0056377572668570965
0.3694566581093133 0.002561549823837126
0.3718173182810929 0.002677600978488019
0.3573866004242243 0.00029152958683467006
0.36737970284714283 0.0023407907851835026
0.35808365669907216 0.0006515470052114437
0.37378493730441775 0.0032078753092974156
0.35918071297391974 0.0009815159193818461
0.3573158897461055 0.00024492447815600507
0.3592271595833265 0.0008240655313747898
0.38533001665330113 0.003796886487636941
0.36255716317270137 0.0019193846670222203
0.3603041148454964 0.0013022288585344745
0.36005472451093756 0.0013977805621770546
0.39453007792776473 0.004679080518648938
0.3759221956046206 0.003153849711067413
0.3575866004242243 0.0002549382278121433
0.372790824754722 0.0030995380300941613
0.35973548569539515 0.0013231337800842305
0.358722134330157 0.0009453176714734527
0.4050154205764671 0.005448942374442952
0.35734517906798713 0.00023450906165859955
0.3739034618524666 0.002901838296666443
0.35999492653629295 0.0011324263772978763
0.35887152466471606 0.0006081134762525764
0.3606295982450902 0.0015619948783526778
0.36194589333548066 0.0017434318168485959
0.3584685809395638 0.0008880748842299359
0.36559807946555045 0.0024024365756456488
0.3585271595833266 0.0008477375773197631
0.3686093493027711 0.0025968293166860235
0.35788868195224155 0.0006081093651638713
0.3653257923228028 0.0020049385277359465
0.3607224914639038 0.0015346380680798942
0.35746944313669893 0.00038073809896042914
0.35751086449293634 0.0004182565002483515
0.35756944313669914 0.0004061409853733158
0.3590614741583771 0.0008241626053152307
0.36127310112934463 0.0016651890283087994
0.35793721008966517 0.0007135355632342317
0.3595271595833265 0.000859806373551629
0.3574987324585803 0.0003741269837902465
0.36606082116534755 0.0024874978391950424
0.37188788102957027 0.0030923227515898153
0.5286819279501598 0.008559512895019201
0.35770583923976673 0.0005383734763154541
0.3581008139865973 0.0006668511827986739
0.3573158897461055 0.00024492447815600507
0.36201366028844717 0.0018366376888216101
0.35852715958332637 0.0008825797414398257
0.35746944313669893 0.00038073809896042914
0.35734517906798713 0.00023450906165859955
0.3889730144741672 0.003971465535542264
0.3591242158581742 0.0010758884700562668
0.36166477501727634 0.0014378673443680326
0.3576694431366989 0.00035351591194739373
0.3583836566990719 0.0006961799336378481
0.35874431687085195 0.0008118866916017278
0.37010798204224793 0.002991239208087512
0.3695398579555347 0.0027058447849054473
0.3815979315359086 0.00332911835175621
0.3585786314459025 0.0008119162518388169
0.3965266291392242 0.004726863071847967
0.35843721008966534 0.0007806394814509403
0.3572330470336311 0.0
0.37816676989011566 0.003698131825665495
0.36216391282014104 0.0016155652261669903
0.36187726418537913 0.0018032965646282396
0.35829076348025857 0.0007576664833553099
0.3810761061289609 0.003538806013332746
0.35986269348925903 0.001259198554637034
0.37621473168968733 0.0030532706234462715
0.3586392916176824 0.0009131514113223446
0.3731695044111627 0.0030651102753408424
0.3615166040135993 0.0017380373989071658
0.3572330470336311 0.0
