With Shot Noise
02/11/2024 17:52:09 

VQEr_100_shots_10000_COBYLA_maxIter_10000_tol_1e-05_RA_r1_rl 

Reference value: 3.5723304703e-01 

Number of pauli strings:  4
Qubits:  2
VQE runs:  100
Optimizer:  COBYLA
Max iterations:  10000
Optimizers's tolerance:  1e-05
Ansatz:  RA_r1_rl 

All run converged!!!
Number of iterations for each converged VQE run:
[62, 70, 91, 67, 83, 83, 88, 62, 63, 88, 77, 50, 88, 67, 57, 65, 56, 68, 71, 92, 78, 84, 74, 65, 55, 72, 75, 76, 74, 60, 65, 64, 75, 69, 68, 70, 60, 69, 74, 60, 64, 86, 80, 76, 62, 85, 52, 64, 70, 60, 65, 64, 101, 70, 67, 63, 59, 68, 65, 70, 67, 78, 68, 65, 63, 62, 76, 62, 105, 59, 58, 68, 83, 82, 66, 65, 71, 71, 56, 55, 66, 64, 85, 69, 57, 83, 52, 70, 84, 84, 57, 79, 58, 69, 75, 71, 112, 71, 77, 45] 

Average iterations of converged run:
70 

VQE eigenvalues:
[0.3620651321510233, 0.3578522858491735, 0.397518155097514, 0.3601162468798522, 0.3692717338688212, 0.39714271502550913, 0.36247310112934494, 0.35833218483649576, 0.36773619996288875, 0.36351244095756474, 0.3600911206140054, 0.38479626841610237, 0.3606375672234119, 0.3683140174221937, 0.3638074157043958, 0.37446433122835177, 0.35961710907698774, 0.3590949265362928, 0.3763761061289608, 0.36590482911299027, 0.3655734582630916, 0.372878187656978, 0.37853123598418303, 0.3590443168708517, 0.41075339314416404, 0.3694566581093133, 0.3718173182810929, 0.3573866004242243, 0.36737970284714283, 0.35808365669907216, 0.37378493730441775, 0.35918071297391974, 0.3573158897461055, 0.3592271595833265, 0.38533001665330113, 0.36255716317270137, 0.3603041148454964, 0.36005472451093756, 0.39453007792776473, 0.3759221956046206, 0.3575866004242243, 0.372790824754722, 0.35973548569539515, 0.358722134330157, 0.4050154205764671, 0.35734517906798713, 0.3739034618524666, 0.35999492653629295, 0.35887152466471606, 0.3606295982450902, 0.36194589333548066, 0.3584685809395638, 0.36559807946555045, 0.3585271595833266, 0.3686093493027711, 0.35788868195224155, 0.3653257923228028, 0.3607224914639038, 0.35746944313669893, 0.35751086449293634, 0.35756944313669914, 0.3590614741583771, 0.36127310112934463, 0.35793721008966517, 0.3595271595833265, 0.3574987324585803, 0.36606082116534755, 0.37188788102957027, 0.5286819279501598, 0.35770583923976673, 0.3581008139865973, 0.3573158897461055, 0.36201366028844717, 0.35852715958332637, 0.35746944313669893, 0.35734517906798713, 0.3889730144741672, 0.3591242158581742, 0.36166477501727634, 0.3576694431366989, 0.3583836566990719, 0.35874431687085195, 0.37010798204224793, 0.3695398579555347, 0.3815979315359086, 0.3585786314459025, 0.3965266291392242, 0.35843721008966534, 0.3572330470336311, 0.37816676989011566, 0.36216391282014104, 0.36187726418537913, 0.35829076348025857, 0.3810761061289609, 0.35986269348925903, 0.37621473168968733, 0.3586392916176824, 0.3731695044111627, 0.3615166040135993, 0.3572330470336311] 

VQE eigenvalues standard deviation:
[0.0017885516486811333, 0.000452705754326143, 0.0050058094250580495, 0.0012767417514908796, 0.002510052389891494, 0.004533579160001509, 0.0017380099251730458, 0.000777141878938464, 0.0023252141836828722, 0.001750071998518916, 0.0014337771793413384, 0.004261456851828961, 0.0014547238569570537, 0.002259196870571485, 0.0017714326123225799, 0.0034584435805720486, 0.001043125112342723, 0.0010781180362093913, 0.003399761609289684, 0.00220732915533683, 0.0021532891120330305, 0.003298843661042456, 0.003671636419908704, 0.0008825797414398368, 0.0056377572668570965, 0.002561549823837126, 0.002677600978488019, 0.00029152958683467006, 0.0023407907851835026, 0.0006515470052114437, 0.0032078753092974156, 0.0009815159193818461, 0.00024492447815600507, 0.0008240655313747898, 0.003796886487636941, 0.0019193846670222203, 0.0013022288585344745, 0.0013977805621770546, 0.004679080518648938, 0.003153849711067413, 0.0002549382278121433, 0.0030995380300941613, 0.0013231337800842305, 0.0009453176714734527, 0.005448942374442952, 0.00023450906165859955, 0.002901838296666443, 0.0011324263772978763, 0.0006081134762525764, 0.0015619948783526778, 0.0017434318168485959, 0.0008880748842299359, 0.0024024365756456488, 0.0008477375773197631, 0.0025968293166860235, 0.0006081093651638713, 0.0020049385277359465, 0.0015346380680798942, 0.00038073809896042914, 0.0004182565002483515, 0.0004061409853733158, 0.0008241626053152307, 0.0016651890283087994, 0.0007135355632342317, 0.000859806373551629, 0.0003741269837902465, 0.0024874978391950424, 0.0030923227515898153, 0.008559512895019201, 0.0005383734763154541, 0.0006668511827986739, 0.00024492447815600507, 0.0018366376888216101, 0.0008825797414398257, 0.00038073809896042914, 0.00023450906165859955, 0.003971465535542264, 0.0010758884700562668, 0.0014378673443680326, 0.00035351591194739373, 0.0006961799336378481, 0.0008118866916017278, 0.002991239208087512, 0.0027058447849054473, 0.00332911835175621, 0.0008119162518388169, 0.004726863071847967, 0.0007806394814509403, 0.0, 0.003698131825665495, 0.0016155652261669903, 0.0018032965646282396, 0.0007576664833553099, 0.003538806013332746, 0.001259198554637034, 0.0030532706234462715, 0.0009131514113223446, 0.0030651102753408424, 0.0017380373989071658, 0.0] 

Median VQE eigenvalues:
0.3609977962966242 

Min eigenvalue after 100 VQE steps on Aer qasm simulator: 3.57233e-01
Delta from reference energy value is 4.44089e-16 

Optimizer history of the smallest VQE eigenvalue:
[1.7258457174742352, 1.1296022548383726, 1.081389679015092, 0.7884169629510981, 0.7594510937027574, 0.8628641238279984, 0.7432285540283156, 0.7665349211612947, 0.7499766891382431, 0.7116119271848929, 0.6797625263372976, 0.5650898715477672, 0.5760726170920285, 0.5938938000189824, 0.7070856936240554, 0.6090574651903784, 0.5389939120548741, 0.5307438941079992, 0.5113141863779072, 0.5000144822371901, 0.5023823971197983, 0.5184713977611464, 0.4654359758911053, 0.434952148432568, 0.41806228559408454, 0.3979519646091765, 0.4011160735694972, 0.3932169357666324, 0.37619570207825026, 0.3710138694925522, 0.3677947786066511, 0.37734488320870385, 0.37794402101156876, 0.3625334041673778, 0.3595100022958011, 0.3618292411113435, 0.36246685654529354, 0.3648973651980567, 0.35991502754897065, 0.3594150275489705, 0.3582715246647159, 0.35756944313669914, 0.3584836566990719, 0.3580179712741227, 0.3574987324585803, 0.3574280217804615, 0.3572744683898683, 0.3575866004242243, 0.3575866004242243, 0.3575866004242243, 0.3580229965272923, 0.3577108644929363, 0.35734517906798713, 0.3579401538148175, 0.3576280217804615, 0.3579401538148175, 0.3572330470336311, 0.3572330470336311, 0.3579815751710549, 0.3575866004242243, 0.3573866004242243, 0.3579401538148175, 0.3572330470336311, 0.3572330470336311, 0.35734517906798713, 0.3572744683898683, 0.3576280217804615, 0.3572330470336311, 0.3580522858491735, 0.3576694431366989, 0.3579401538148175, 0.3573573111023429, 0.3572330470336311, 0.3572330470336311, 0.3576280217804615, 0.3573158897461055, 0.35734517906798713, 0.3572330470336311, 0.3576280217804615, 0.3575866004242243, 0.3572744683898683, 0.3572330470336311, 0.3572330470336311, 0.3572330470336311] 

Optimizer history of the smallest VQE eigenvalue standard deviation:
[0.012285449544074487, 0.01292003241095006, 0.01263495146409356, 0.005181060605706133, 0.007158710393639346, 0.010388470267561054, 0.006511797178966802, 0.005053434475680871, 0.009886940730074192, 0.007600204602509067, 0.009409196511923854, 0.009051491810745896, 0.009695806387299616, 0.009267643794406429, 0.010483379846213722, 0.009356288446814796, 0.008722968474091835, 0.008545681628752619, 0.00829243558913785, 0.008154099643737499, 0.008242970338415638, 0.008423481851348644, 0.007409830767298267, 0.00667648938439956, 0.006036963019598514, 0.005105987367786959, 0.005030754764446386, 0.004851958161402469, 0.003491722211173165, 0.002861616850663276, 0.0021628876531156202, 0.00276823888058816, 0.002758272285326453, 0.0011628200634664022, 0.0009159847160296953, 0.0009186411159968925, 0.0014942111631225377, 0.0017413542143975213, 0.0007774744368787894, 0.000862624773583517, 0.0006555470997571405, 0.0004061409853733158, 0.0006668774250190188, 0.0006202664749927991, 0.0003741269837902465, 0.00033908479765391007, 0.00017319642028632774, 0.0002549382278121433, 0.0002549382278121433, 0.0002549382278121433, 0.0004358279477041218, 0.000393642604401507, 0.00023450906165859955, 0.0003605190702306625, 0.000308198799478504, 0.0003605190702306625, 0.0, 0.0, 0.0003999537473258494, 0.0002549382278121433, 0.00029152958683467006, 0.0003605190702306625, 0.0, 0.0, 0.00023450906165859955, 0.00017319642028632774, 0.000308198799478504, 0.0, 0.0004300587169213062, 0.00035351591194739373, 0.0003605190702306625, 0.0002999549966245008, 0.0, 0.0, 0.000308198799478504, 0.00024492447815600507, 0.00023450906165859955, 0.0, 0.000308198799478504, 0.0002549382278121433, 0.00017319642028632774, 0.0, 0.0, 0.0] 

Smallest VQE eingenvalue optimizer final message:
{   'aux_operators_evaluated': None,
    'cost_function_evals': 84,
    'eigenvalue': 0.3572330470336311,
    'optimal_circuit': <qiskit.circuit.library.n_local.real_amplitudes.RealAmplitudes object at 0x000001D347DFE0F0>,
    'optimal_parameters': {   ParameterVectorElement(θ[0]): 3.147686691408467,
                              ParameterVectorElement(θ[1]): -3.085603574159236,
                              ParameterVectorElement(θ[2]): 1.5838080361360367,
                              ParameterVectorElement(θ[3]): 0.07187924853154566},
    'optimal_point': array([ 3.14768669, -3.08560357,  1.58380804,  0.07187925]),
    'optimal_value': 0.3572330470336311,
    'optimizer_evals': None,
    'optimizer_result': <qiskit_algorithms.optimizers.optimizer.OptimizerResult object at 0x000001D343C1F740>,
    'optimizer_time': 8.244839906692505}
     ┌──────────┐ ░       ░ ┌──────────┐
q_0: ┤ Ry(θ[0]) ├─░───■───░─┤ Ry(θ[2]) ├
     ├──────────┤ ░ ┌─┴─┐ ░ ├──────────┤
q_1: ┤ Ry(θ[1]) ├─░─┤ X ├─░─┤ Ry(θ[3]) ├
     └──────────┘ ░ └───┘ ░ └──────────┘
The number of ansatz parameters is: 
 4
Line for latex table
RA r1 rl & $1\mathrm{e}{-05}$ & 10000 & 100/100 &70 & $3.5723\mathrm{e}{-01}$ & $0\mathrm{e}{+00}$ & $4.4409\mathrm{e}{-16}$ & $3.61\mathrm{e}{-01}$ & $3.7647\mathrm{e}{-03}$ & - & 00h 11m 32s\\

