1.12099345521825
1.1312701839753039
1.0049709043368464
2.440161030515502
1.0390852117730596
1.0846131240591785
0.9165881076842947
0.9434188574178958
1.3418486789525643
1.2051067384242546
4.751993037745497
3.7452872248794797
1.0250452454977623
1.113997132454899
1.1997829344626323
0.9898549020438291
1.077522138176645
1.113736015206134
0.9614729532914685
1.0377248377856259
1.15970381625144
3.018592310553662
1.292411101491539
0.9488514348027431
1.1128868592156202
1.5564134564384304
1.1276396685059449
1.2662116241024624
0.9438839294879257
1.1398393792645696
0.9622141761212438
0.9749845802784647
1.0862106185002447
0.9549755101860458
0.9879380892198287
3.0647377931884088
0.9545478937803733
0.9753872391037234
0.9662284572471389
1.19478535986424
1.0349729565549632
1.3723780971502468
1.0936017659782316
1.3450802529228472
0.9475305140042397
1.027587063592473
3.293564747452315
1.0792212265926993
0.9968050698940474
1.2325353619257442
4.962341102367885
2.5069923593863526
1.1018658387563751
1.1306761762696347
1.1121548468065034
1.0802324140044324
4.930696811778619
1.0144454291855058
1.1526870286470468
1.007385799714373
1.4251737666140152
1.1577276735997168
1.0517265548661197
0.9676059382917354
1.1394050456921956
1.0099095970335705
0.9217925415919231
0.9976375686616619
1.0209183788878362
1.2846960497359365
1.0233494128426817
1.1956944722616518
1.0967222653042783
0.9672268027114153
0.9585705069843993
0.9988407294356157
1.102416249666981
0.9202364622035739
1.0165393804950262
1.0771736583755451
1.0705828164521456
1.1079089060381928
1.2170370296600983
1.0729584015930047
3.1135945324780545
1.103070007549938
0.9844943182536161
1.1352259106657638
1.2390930322391494
1.1170132055589412
0.9686614651756061
0.9520095634847878
1.1529843271383446
1.1148889467850376
0.930570591997697
0.954504743417872
1.2408342666616456
0.9950830758531595
1.1457204713365428
1.0414287160450462
