No Shot Noise
31/10/2024 20:25:07 

VQEr_100_COBYLA_maxIter_10000_tol_1e-02_RA_r1_rl 

Reference value: 8.9163237056e-01 

Qubits:  6
VQE runs:  100
Optimizer:  COBYLA
Max iterations:  10000
Optimizers's tolerance:  1e-02
Ansatz:  RA_r1_rl 

All run converged!!!
Number of iterations for each converged VQE run:
[605, 442, 433, 396, 293, 706, 394, 794, 507, 485, 238, 403, 254, 593, 468, 494, 712, 553, 521, 334, 298, 217, 1028, 344, 447, 1011, 547, 772, 447, 751, 222, 355, 421, 331, 548, 215, 583, 294, 285, 737, 518, 648, 429, 1270, 317, 374, 183, 300, 242, 493, 310, 389, 328, 385, 227, 360, 851, 448, 278, 312, 521, 681, 844, 702, 468, 299, 263, 585, 421, 240, 862, 337, 393, 490, 378, 539, 617, 271, 514, 476, 675, 299, 636, 490, 322, 471, 306, 297, 668, 280, 447, 723, 486, 322, 309, 345, 396, 368, 485, 491] 

Average iterations of converged run:
469 

VQE eigenvalues:
[1.12099345521825, 1.1312701839753039, 1.0049709043368464, 2.440161030515502, 1.0390852117730596, 1.0846131240591785, 0.9165881076842947, 0.9434188574178958, 1.3418486789525643, 1.2051067384242546, 4.751993037745497, 3.7452872248794797, 1.0250452454977623, 1.113997132454899, 1.1997829344626323, 0.9898549020438291, 1.077522138176645, 1.113736015206134, 0.9614729532914685, 1.0377248377856259, 1.15970381625144, 3.018592310553662, 1.292411101491539, 0.9488514348027431, 1.1128868592156202, 1.5564134564384304, 1.1276396685059449, 1.2662116241024624, 0.9438839294879257, 1.1398393792645696, 0.9622141761212438, 0.9749845802784647, 1.0862106185002447, 0.9549755101860458, 0.9879380892198287, 3.0647377931884088, 0.9545478937803733, 0.9753872391037234, 0.9662284572471389, 1.19478535986424, 1.0349729565549632, 1.3723780971502468, 1.0936017659782316, 1.3450802529228472, 0.9475305140042397, 1.027587063592473, 3.293564747452315, 1.0792212265926993, 0.9968050698940474, 1.2325353619257442, 4.962341102367885, 2.5069923593863526, 1.1018658387563751, 1.1306761762696347, 1.1121548468065034, 1.0802324140044324, 4.930696811778619, 1.0144454291855058, 1.1526870286470468, 1.007385799714373, 1.4251737666140152, 1.1577276735997168, 1.0517265548661197, 0.9676059382917354, 1.1394050456921956, 1.0099095970335705, 0.9217925415919231, 0.9976375686616619, 1.0209183788878362, 1.2846960497359365, 1.0233494128426817, 1.1956944722616518, 1.0967222653042783, 0.9672268027114153, 0.9585705069843993, 0.9988407294356157, 1.102416249666981, 0.9202364622035739, 1.0165393804950262, 1.0771736583755451, 1.0705828164521456, 1.1079089060381928, 1.2170370296600983, 1.0729584015930047, 3.1135945324780545, 1.103070007549938, 0.9844943182536161, 1.1352259106657638, 1.2390930322391494, 1.1170132055589412, 0.9686614651756061, 0.9520095634847878, 1.1529843271383446, 1.1148889467850376, 0.930570591997697, 0.954504743417872, 1.2408342666616456, 0.9950830758531595, 1.1457204713365428, 1.0414287160450462] 

Median VQE eigenvalues:
1.0899061922392381 

Min eigenvalue after 100 VQE steps on Aer qasm simulator: 9.16588e-01
Delta from reference energy value is 2.49557e-02 

Optimizer history of the smallest VQE eigenvalue:
[510.8232347565951, 489.4628264555514, 527.9003606280269, 449.40841152477986, 441.0436385977747, 462.2222133878395, 310.614806075563, 317.0060874907412, 318.28887881879274, 293.32516738891354, 300.0655858616457, 271.4798685623342, 271.0882864562547, 266.626832022077, 259.1862080016706, 216.03322646117843, 243.62741427921446, 159.27876223482485, 127.44415329385784, 126.68005362730591, 145.6940901544699, 114.41578679472497, 104.53801150534358, 67.57150040048732, 70.56617828754358, 72.56249220711094, 98.49818437022844, 54.3345466508688, 44.90611866327333, 55.25824987950662, 38.33988531270976, 36.13408614861364, 61.133278189327605, 22.46202105451572, 41.91666741309457, 52.54590450064523, 27.776672923627853, 20.5054453891623, 18.367412381967497, 22.051498684359682, 27.304985110100287, 20.222247043009975, 37.94279831242123, 36.423420485800854, 12.612332354821579, 14.435956311129795, 11.791154421139819, 19.80636615188383, 10.39226401392322, 11.621419711657124, 8.904953752661589, 8.743388279817838, 19.00675906104197, 8.962533744291084, 15.73074678903385, 10.685669735073363, 6.699459082408397, 6.201099878327689, 8.351329215568386, 6.104621120999805, 12.133144630990365, 8.643949493390032, 8.664795065049178, 7.43666613439213, 5.507438354542236, 7.5388935452283174, 5.761782786325629, 5.679521515869156, 5.298821113984924, 5.383921026588066, 5.555814526266099, 7.454491902003203, 5.295623924467969, 5.782116246421388, 5.029417648982655, 7.365962066652361, 5.350698079270233, 5.059076185876331, 5.23488567236044, 5.258411897367474, 5.641915239188368, 4.782653903784234, 5.112293272139411, 4.771528406792056, 4.7672854377644285, 4.620400791241211, 4.842079496455997, 4.601715533154226, 4.596495047259935, 4.806484138419908, 4.381116707312547, 4.795430225146685, 4.371222173370992, 4.229472009281857, 4.378423131964488, 4.5970553363605795, 4.170634201695832, 3.7922571374955734, 4.213739508889512, 3.7952090418387856, 3.955645708981637, 3.914621976132082, 4.162843360536975, 3.8685482183064996, 3.7951953982846223, 4.117639937542629, 3.837525370756227, 3.6412572835133354, 3.594336238177442, 3.5682382133994324, 3.5766370820893996, 3.6281644418648344, 3.513987374186589, 3.5233943179607143, 3.480126230292978, 3.505965192959429, 3.51442249791751, 3.33867773797852, 3.3856722268077215, 3.3536483970899416, 3.355918603126139, 3.334137535000856, 3.2987515729734427, 3.384293829539999, 3.436280180555444, 3.364750691687655, 3.2765474004930204, 3.266688887945971, 3.1481844850814453, 3.2135649307077725, 3.205725374412335, 2.97546132539099, 2.8668146462448214, 2.888607990488266, 2.9873935315444213, 2.8099979136397257, 2.837801168944333, 2.830376622134915, 2.7587736655354895, 2.7712755073702833, 2.8428043914174284, 2.85186413931893, 2.736215275758788, 2.775292974599291, 2.555140353757376, 2.574410673732226, 2.679971853600848, 2.4210780979046027, 2.354848516320711, 2.4518167993709223, 2.416653186417125, 2.322483898023537, 2.3308393647170753, 2.3353424655675696, 2.22998271333081, 2.1692383985688326, 2.242346569107691, 2.169511030395825, 2.1753869299868165, 2.072007914789127, 2.182547791801038, 2.128726392346617, 2.0172913579641545, 2.046337164127049, 1.9811046022474204, 2.0895786726709025, 1.978329430393552, 2.079838549392214, 2.0004798446954584, 1.904232809916342, 2.0246318097878313, 2.0216478059429948, 2.1745916459478685, 1.9354338600194516, 1.7686426276071194, 1.7918871843697548, 1.7882590239193585, 1.7904422705836596, 1.741893315865478, 1.8459014872506352, 1.7035135096777438, 1.7067775221053005, 1.7157840891312466, 1.7539481984706398, 1.6980627852927157, 1.6683662341220236, 1.6686835648012968, 1.6960882057918578, 1.6720607105095728, 1.6320668717926543, 1.6171752058349365, 1.6020115577684872, 1.589881674249128, 1.6018212559110996, 1.602813381078954, 1.590506230435902, 1.6003534251426872, 1.6005982681744748, 1.6311093388785136, 1.5422215901842775, 1.527267344033189, 1.556986803467497, 1.5226262409881917, 1.526444144902859, 1.561033549435964, 1.5404974193885252, 1.4785378227360857, 1.462024995684718, 1.4961036860098813, 1.4349832637442779, 1.436795952665746, 1.4466080948028652, 1.4471146533604344, 1.4508962844694193, 1.4464045402792818, 1.3939982972618017, 1.3983546699008162, 1.3937783696863701, 1.4066141685535252, 1.4147917179494836, 1.364772791243887, 1.3508999939923816, 1.3646800243456416, 1.339459205346212, 1.344426958740406, 1.3451897647597442, 1.296776825410751, 1.324819439339879, 1.299568302089203, 1.3543888198254854, 1.2994886150641487, 1.2584991415428575, 1.2738319573172148, 1.2667576949679686, 1.2527699515673782, 1.2668811130373014, 1.2537684606747195, 1.2416152692097389, 1.2397261799827968, 1.2474159044589237, 1.234093941065262, 1.22217641198727, 1.2116821843527468, 1.214196057594695, 1.2220899694505787, 1.2012431607257619, 1.2061050707042966, 1.2041478198325941, 1.2009789615174151, 1.2018863392062291, 1.1780359564730287, 1.1777829800441284, 1.1798791897449699, 1.1748971395168928, 1.17586651848764, 1.189706652409697, 1.1849804274801332, 1.1511481048066505, 1.1503709297246345, 1.146910113442983, 1.1342561897699028, 1.1283884910975548, 1.133163233315323, 1.1239243397440453, 1.1059350181943963, 1.1059675654901917, 1.102233949106361, 1.0904181345646762, 1.0892255934443726, 1.0897950604232258, 1.073123129495578, 1.0637913731504218, 1.0568504486599817, 1.0529184146322657, 1.0502513228519836, 1.0432375156028826, 1.0555666930289302, 1.0448478439050481, 1.034625176692815, 1.0299964264671462, 1.028198398239278, 1.0353581853910352, 1.0269704407063482, 1.023251066129489, 1.0300516032456464, 1.0240545868193311, 1.0203585050030275, 1.0191162339844977, 1.0118631597195966, 1.0179410553580033, 1.0128552996198679, 1.0396039087277722, 1.013093277669168, 0.9960610491557128, 0.9956414169943363, 1.0010559525439675, 0.9984339312713418, 0.9974758115868517, 1.007458649478011, 0.9976651401769556, 0.9860914560132424, 0.9888845271043768, 0.989386752981655, 0.9868468147417105, 0.9897095797255118, 0.993669724055486, 0.9883723444459052, 0.9805453941188067, 0.9757451274994726, 0.9700873518704675, 0.9661548940908173, 0.9682708644000856, 0.9703901037318388, 0.9674530789782946, 0.9644469380081285, 0.9650263112792765, 0.9618879755459779, 0.958002412985735, 0.9598386294088297, 0.9577190853508933, 0.9787439747515579, 0.9612087304098572, 0.9538819867171638, 0.9492715720744868, 0.9564678602112655, 0.944043071653428, 0.9441378832310365, 0.9457956386526923, 0.9389594846538821, 0.9411745208031991, 0.942437321386319, 0.9393004754963196, 0.9439204813181183, 0.9435208787006379, 0.9428384553258323, 0.946547288727889, 0.9420823633343027, 0.9360407684834962, 0.9380038730604671, 0.9372290078537535, 0.9434657915340864, 0.9333586812716268, 0.9364341088030875, 0.9335961102135585, 0.9397564408752334, 0.935163978520443, 0.9377931593811252, 0.9343369747710616, 0.9306540754589526, 0.9306439586821826, 0.9360970046524414, 0.9300560207129439, 0.9266939502311854, 0.9268524198595374, 0.9272023067062395, 0.929937837760492, 0.9256953675295748, 0.9248567937073385, 0.924742478386635, 0.9305324570444845, 0.9241067125142585, 0.9299995893906209, 0.9208256105156187, 0.9210959896642764, 0.9205698708537423, 0.9202503474713262, 0.9198645772255327, 0.9179067402278487, 0.9236273915778176, 0.9176993432044701, 0.9168415258221668, 0.9176122614533971, 0.9176439419435782, 0.9167947314564087, 0.9170126045246266, 0.9190840061973236, 0.9190006438647155, 0.9166726559983187, 0.9162035403293277, 0.9162929065721631, 0.9133364146821636, 0.9157065376819826, 0.9128484200364521, 0.9155361406077375, 0.9140239459468233, 0.9129345321391258, 0.9127215083988207, 0.9118316702143417, 0.9126528362165026, 0.9146420678723346, 0.9127695960435305, 0.9132268383086788, 0.9122755986382851, 0.9165881076842947] 

Smallest VQE eingenvalue optimizer final message:
{   'aux_operators_evaluated': None,
    'cost_function_evals': 394,
    'eigenvalue': 0.9165881076842947,
    'optimal_circuit': <qiskit.circuit.library.n_local.real_amplitudes.RealAmplitudes object at 0x00000210553F3EF0>,
    'optimal_parameters': {   ParameterVectorElement(θ[4]): 0.9780286688453323,
                              ParameterVectorElement(θ[11]): 4.65466092227965,
                              ParameterVectorElement(θ[8]): 6.30421810594923,
                              ParameterVectorElement(θ[6]): 2.718204632294625,
                              ParameterVectorElement(θ[5]): 4.712104037299934,
                              ParameterVectorElement(θ[7]): -0.35329996830419885,
                              ParameterVectorElement(θ[10]): 0.9676511624355204,
                              ParameterVectorElement(θ[9]): -3.1697863894518328,
                              ParameterVectorElement(θ[3]): 0.0022807663222942274,
                              ParameterVectorElement(θ[1]): 3.1039724432748512,
                              ParameterVectorElement(θ[0]): -3.0889853463628043,
                              ParameterVectorElement(θ[2]): -3.1440420630667387},
    'optimal_point': array([-3.08898535e+00,  3.10397244e+00, -3.14404206e+00,  2.28076632e-03,
        9.78028669e-01,  4.71210404e+00,  2.71820463e+00, -3.53299968e-01,
        6.30421811e+00, -3.16978639e+00,  9.67651162e-01,  4.65466092e+00]),
    'optimal_value': 0.9165881076842947,
    'optimizer_evals': None,
    'optimizer_result': <qiskit_algorithms.optimizers.optimizer.OptimizerResult object at 0x0000021053503EF0>,
    'optimizer_time': 1.3376479148864746}
     ┌──────────┐ ░                           ░  ┌──────────┐
q_0: ┤ Ry(θ[0]) ├─░───────────────────────■───░──┤ Ry(θ[6]) ├
     ├──────────┤ ░                     ┌─┴─┐ ░  ├──────────┤
q_1: ┤ Ry(θ[1]) ├─░──────────────────■──┤ X ├─░──┤ Ry(θ[7]) ├
     ├──────────┤ ░                ┌─┴─┐└───┘ ░  ├──────────┤
q_2: ┤ Ry(θ[2]) ├─░─────────────■──┤ X ├──────░──┤ Ry(θ[8]) ├
     ├──────────┤ ░           ┌─┴─┐└───┘      ░  ├──────────┤
q_3: ┤ Ry(θ[3]) ├─░────────■──┤ X ├───────────░──┤ Ry(θ[9]) ├
     ├──────────┤ ░      ┌─┴─┐└───┘           ░ ┌┴──────────┤
q_4: ┤ Ry(θ[4]) ├─░───■──┤ X ├────────────────░─┤ Ry(θ[10]) ├
     ├──────────┤ ░ ┌─┴─┐└───┘                ░ ├───────────┤
q_5: ┤ Ry(θ[5]) ├─░─┤ X ├─────────────────────░─┤ Ry(θ[11]) ├
     └──────────┘ ░ └───┘                     ░ └───────────┘
The number of ansatz parameters is: 
 12
Line for latex table
RA r1 rl & $1\mathrm{e}{-02}$ & 100/100 &469 & $9.1659\mathrm{e}{-01}$ & $2.4956\mathrm{e}{-02}$ & $1.0899\mathrm{e}{+00}$ & $1.9827\mathrm{e}{-01}$ & - & 00h 02m 56s\\

