1.5154544286133387e-13
5.861977570020827e-14
7.487344078072056e-13
1.6764367671839864e-14
6.661338147750939e-15
4.446443213623752e-14
7.571721027943568e-14
7.382983113757291e-15
1.3655743202889425e-14
2.5091040356528538e-14
4.318767565791859e-14
1.2434497875801753e-14
4.39648317751562e-14
1.0325074129013956e-14
1.2545520178264269e-14
1.8707257964933888e-14
4.385380947269368e-15
9.96869253810928e-13
2.298161660974074e-14
1.3711254354120683e-14
3.774758283725532e-15
1.4377388168895777e-14
6.8833827526759706e-15
7.455147610357926e-14
8.93729534823251e-15
2.5979218776228663e-14
6.766809335090329e-14
1.3655743202889425e-14
7.074341112911497e-13
1.504352198367087e-13
2.942091015256665e-14
1.4876988529977098e-14
6.938893903907228e-15
7.815970093361102e-14
1.0547118733938987e-14
1.2045919817182948e-14
9.625633623500107e-14
2.8699265186560297e-14
5.88418203051333e-15
5.384581669432009e-15
3.447242491461111e-14
7.438494264988549e-15
6.80566714095221e-14
1.2934098236883074e-14
2.864375403532904e-14
3.269606807521086e-14
7.327471962526033e-15
1.0380585280245214e-14
2.4980018054066022e-14
1.1263212584822213e-13
5.800915303666443e-14
2.6145752229922437e-14
1.0047518372857667e-14
2.2537527399890678e-14
1.765254609153999e-14
8.659739592076221e-15
5.4067861299245124e-14
1.7896795156957523e-13
4.773959005888173e-15
1.226796442210798e-14
4.052314039881821e-15
8.93729534823251e-15
9.342526752220692e-14
1.5462631175466868e-12
4.674038933671909e-14
1.1712852909795402e-14
9.048317650695026e-15
8.104628079763643e-15
1.2045919817182948e-14
5.484501741648273e-14
6.106226635438361e-15
2.781108676686017e-14
1.9761969838327786e-14
6.494804694057166e-15
8.271161533457416e-15
2.098321516541546e-14
1.1318723736053471e-13
4.989342272665453e-13
1.1712852909795402e-14
4.829470157119431e-15
3.980149543281186e-14
4.829470157119431e-15
1.3711254354120683e-14
7.605027718682322e-15
2.942091015256665e-15
2.6867397195928788e-14
1.4432899320127035e-14
1.0158540675320182e-14
1.532107773982716e-13
9.325873406851315e-15
1.3100631690576847e-14
7.271960811294775e-15
4.218847493575595e-15
3.1030733538273125e-14
2.653433028854124e-14
1.226796442210798e-14
9.159339953157541e-15
6.5503158452884236e-15
