No Shot Noise
31/10/2024 16:37:15 

VQEr_100_COBYLA_maxIter_10000_tol_1e-07_RA_r1_rl 

Reference value: 0.0000000000e+00 

Qubits:  4
VQE runs:  100
Optimizer:  COBYLA
Max iterations:  10000
Optimizers's tolerance:  1e-07
Ansatz:  RA_r1_rl 

Only 98 runs out of 100 converged
Number of iterations for each converged VQE run:
[845, 518, 3295, 573, 388, 735, 1055, 266, 308, 338, 337, 267, 340, 327, 300, 263, 281, 2628, 422, 284, 254, 287, 256, 472, 291, 658, 628, 291, 1546, 1082, 497, 274, 296, 465, 265, 256, 847, 382, 263, 278, 364, 279, 398, 253, 497, 469, 252, 289, 431, 1242, 626, 444, 259, 278, 260, 258, 596, 1035, 299, 282, 252, 238, 753, 4154, 420, 274, 282, 315, 290, 774, 276, 332, 332, 268, 308, 282, 1281, 1454, 286, 277, 294, 281, 273, 256, 282, 329, 461, 261, 1489, 282, 236, 253, 278, 387, 572, 275, 291, 246] 

Average iterations of converged run:
528 

VQE eigenvalues:
[1.5154544286133387e-13, 5.861977570020827e-14, 7.487344078072056e-13, 1.6764367671839864e-14, 6.661338147750939e-15, 4.446443213623752e-14, 7.571721027943568e-14, 7.382983113757291e-15, 1.3655743202889425e-14, 2.5091040356528538e-14, 4.318767565791859e-14, 1.2434497875801753e-14, 4.39648317751562e-14, 1.0325074129013956e-14, 1.2545520178264269e-14, 1.8707257964933888e-14, 4.385380947269368e-15, 9.96869253810928e-13, 2.298161660974074e-14, 1.3711254354120683e-14, 3.774758283725532e-15, 1.4377388168895777e-14, 6.8833827526759706e-15, 7.455147610357926e-14, 8.93729534823251e-15, 2.5979218776228663e-14, 6.766809335090329e-14, 1.3655743202889425e-14, 7.074341112911497e-13, 1.504352198367087e-13, 2.942091015256665e-14, 1.4876988529977098e-14, 6.938893903907228e-15, 7.815970093361102e-14, 1.0547118733938987e-14, 1.2045919817182948e-14, 9.625633623500107e-14, 2.8699265186560297e-14, 5.88418203051333e-15, 5.384581669432009e-15, 3.447242491461111e-14, 7.438494264988549e-15, 6.80566714095221e-14, 1.2934098236883074e-14, 2.864375403532904e-14, 3.269606807521086e-14, 7.327471962526033e-15, 1.0380585280245214e-14, 2.4980018054066022e-14, 1.1263212584822213e-13, 5.800915303666443e-14, 2.6145752229922437e-14, 1.0047518372857667e-14, 2.2537527399890678e-14, 1.765254609153999e-14, 8.659739592076221e-15, 5.4067861299245124e-14, 1.7896795156957523e-13, 4.773959005888173e-15, 1.226796442210798e-14, 4.052314039881821e-15, 8.93729534823251e-15, 9.342526752220692e-14, 1.5462631175466868e-12, 4.674038933671909e-14, 1.1712852909795402e-14, 9.048317650695026e-15, 8.104628079763643e-15, 1.2045919817182948e-14, 5.484501741648273e-14, 6.106226635438361e-15, 2.781108676686017e-14, 1.9761969838327786e-14, 6.494804694057166e-15, 8.271161533457416e-15, 2.098321516541546e-14, 1.1318723736053471e-13, 4.989342272665453e-13, 1.1712852909795402e-14, 4.829470157119431e-15, 3.980149543281186e-14, 4.829470157119431e-15, 1.3711254354120683e-14, 7.605027718682322e-15, 2.942091015256665e-15, 2.6867397195928788e-14, 1.4432899320127035e-14, 1.0158540675320182e-14, 1.532107773982716e-13, 9.325873406851315e-15, 1.3100631690576847e-14, 7.271960811294775e-15, 4.218847493575595e-15, 3.1030733538273125e-14, 2.653433028854124e-14, 1.226796442210798e-14, 9.159339953157541e-15, 6.5503158452884236e-15] 

Median VQE eigenvalues:
1.4405143744511406e-14 

Min eigenvalue after 100 VQE steps on Aer qasm simulator: 2.94209e-15
Delta from reference energy value is 2.94209e-15 

Optimizer history of the smallest VQE eigenvalue:
[4.260291320020758, 3.9716507728339168, 3.7264809299393056, 4.384055405148013, 3.1183204810998677, 3.19575775814993, 3.347095293846868, 1.8406699566916722, 1.615280428362819, 1.2855151177865973, 1.479896693227865, 0.9794457681810759, 1.6950309348795625, 1.1850422830050957, 1.3345763010715714, 1.1533201160903113, 1.2369369842286333, 0.9774134412990643, 1.0283050435166623, 1.3917672693635135, 0.7769183916941547, 0.7210882994871048, 0.562551066247704, 0.34826274095143334, 0.22919195584694396, 0.38955211609097745, 0.15682934926759856, 0.2450979855717419, 0.1943081238645532, 0.40165732359996803, 0.33592999094635123, 0.10773597257918904, 0.09047599113059818, 0.06757923586116393, 0.11504426787747662, 0.059934835788980845, 0.05021327613234644, 0.05166550088868038, 0.062369318685461694, 0.095564345118761, 0.024863803350264446, 0.0816007216040654, 0.03862875156429968, 0.03170943133167009, 0.0317216728730636, 0.02373032608349729, 0.02648610723145217, 0.03318523149587166, 0.049285344295643574, 0.02124592611867593, 0.010663775886507576, 0.012056939038295578, 0.01632795401375081, 0.008609407480898001, 0.019386452983497227, 0.013498656389613728, 0.009644750782097922, 0.013619945445605353, 0.006354126964180584, 0.0063024376078291144, 0.010465191858460454, 0.006646852125617053, 0.007422995687999978, 0.0033790749239378526, 0.004449039899608542, 0.0029060593480396135, 0.004801512309565492, 0.0028663483878916818, 0.003439389830009909, 0.0032694224766099955, 0.0037811725729376966, 0.0032158080324770633, 0.003185332955754183, 0.0019626638028171772, 0.0009839013578964995, 0.0006898608911148352, 0.0007489998769089623, 0.00031002188375328643, 0.0006250795909095719, 0.00045636803405846305, 0.0007969056830638976, 0.00032867448191092885, 0.0009685803709938434, 0.0008599866177137483, 0.0002972597614781525, 0.00022053455480181006, 0.00031955424770768737, 0.00029544517666457715, 0.00026331658597544827, 0.00029081585740348137, 0.0003136828361913202, 0.00027211476729882556, 0.00017198581636240773, 0.00012227430136707573, 0.00013057065341276486, 0.00012729898128605033, 0.00011963084408922464, 9.254412919706967e-05, 9.571295671095825e-05, 0.00012098410502647816, 0.0001017709235566211, 0.0001303453950595168, 8.954292813517784e-05, 0.00010899078530851591, 7.715840939775953e-05, 5.457741180880937e-05, 3.0757390831470666e-05, 4.286148162935266e-05, 2.678031984859608e-05, 2.2326228625357825e-05, 2.679196691240948e-05, 1.488013304001834e-05, 9.730057160040051e-06, 1.9449498591617154e-05, 1.619951184195223e-05, 1.9322918432151948e-05, 3.7379640280277293e-06, 1.583084253481415e-05, 7.573150853479316e-06, 6.093806929396983e-06, 8.137313329215079e-06, 1.494173375266028e-05, 6.8766819796284295e-06, 4.840828592755919e-06, 2.1829293857522636e-06, 3.829733460858353e-06, 3.9155361182818815e-06, 2.9417519206154097e-06, 1.273453939187874e-06, 3.0561160906938944e-06, 1.167262837609151e-06, 6.799660008938169e-07, 1.6496238293695065e-06, 8.174952702000304e-07, 9.085717011525496e-07, 1.2504321624251524e-06, 7.151061832688654e-07, 3.539944091190961e-07, 4.2948313178081676e-07, 3.8518735451242847e-07, 6.120683277988093e-07, 5.984550061066685e-07, 1.9956771662998918e-07, 1.8389308348298883e-07, 2.1569950331423726e-07, 2.749346062480562e-07, 1.4226374006609532e-07, 1.0458982757644009e-07, 3.007365917406801e-07, 1.344009895043463e-07, 1.574670884241236e-07, 5.6966203143549166e-08, 6.908510058467598e-08, 7.672133611746901e-08, 7.784554018064327e-08, 5.812231812507562e-08, 1.1862490489900068e-07, 2.810546773091005e-08, 5.06144911538442e-08, 4.4077646199625065e-08, 4.901642547405771e-08, 2.959325495766052e-08, 3.253092695221227e-08, 3.536100023904254e-08, 2.7080278408586622e-08, 2.62647251725312e-08, 2.1215094514470678e-08, 2.1517256920677852e-08, 2.0729562288934744e-08, 1.577731401081195e-08, 9.803244771511288e-09, 1.5396210750751038e-08, 1.1069454908252396e-08, 4.742973902516212e-09, 6.250993944689753e-09, 5.798293845060698e-09, 3.817046956289261e-09, 3.1936987499037173e-09, 4.2635270314228535e-09, 4.671509290510301e-09, 3.1711705483772334e-09, 3.0414372131915e-09, 3.631816236637775e-09, 4.332394665240713e-09, 3.949604920894245e-09, 1.3019182953932784e-09, 5.08741937466084e-10, 6.496270188449671e-10, 4.895575056451662e-10, 4.789701968377358e-10, 7.552573011437858e-10, 6.033468169519551e-10, 2.6690843979437773e-10, 3.845074814101679e-10, 1.2451127906487613e-09, 4.2283371248785784e-10, 3.6789538082615536e-10, 4.312458168342914e-10, 1.8977691640387206e-10, 1.9170293130699179e-10, 1.6164714011779324e-10, 3.5877656401339664e-10, 1.2272649563271898e-10, 1.8116774747056752e-10, 1.2931578030617175e-10, 1.5630757799200978e-10, 1.3567219570020939e-10, 9.056555505537744e-11, 1.201697630293097e-10, 6.452754996999488e-11, 6.751610381883211e-11, 5.754530185697604e-11, 4.702094269504187e-11, 5.873640462894514e-11, 3.1645686071613e-11, 3.234085221848204e-11, 1.4676093673671176e-11, 1.782912706360662e-11, 1.5276835352295848e-11, 1.1955325618373536e-11, 2.351424610580466e-11, 8.237410753508811e-12, 1.0154266316675375e-11, 1.082439693433912e-11, 6.708300581692583e-12, 2.1681378914450988e-11, 9.092393504772645e-12, 6.940614749595397e-12, 5.281552972746795e-12, 6.5623617651056065e-12, 1.013505945834936e-11, 8.111733507121244e-12, 5.307310146918098e-12, 3.224365219267611e-12, 3.15725223742902e-12, 3.1958324875347444e-12, 1.8264834089620763e-12, 1.4486190025309043e-12, 1.819322470453244e-12, 6.681322162194192e-13, 1.375344282905644e-12, 6.57973675544099e-13, 5.788147738883254e-13, 1.1129430710354882e-12, 1.0043632592271479e-12, 9.34641253280688e-13, 1.2296275109235921e-12, 3.13693515607838e-13, 4.2388315080188477e-13, 3.3795188869589765e-13, 3.819722316222851e-13, 2.815525590449397e-13, 3.08530978543331e-13, 1.607047828144914e-13, 2.491895578771164e-13, 1.109667913112844e-13, 2.2709611968707577e-13, 9.592326932761353e-14, 2.715605518233133e-13, 1.0119682869458302e-13, 3.5477176751896877e-13, 1.0297318553398327e-13, 7.482903185973555e-14, 5.3013149425851225e-14, 6.356026815979021e-14, 2.8199664825478976e-14, 8.382183835919932e-14, 7.588374373312945e-14, 2.881028748902281e-14, 4.1522341120980855e-14, 2.2426505097428162e-14, 2.781108676686017e-14, 1.709743457922741e-14, 1.3378187446733136e-14, 7.993605777301127e-15, 3.83026943495679e-15, 2.3869795029440866e-15, 1.8540724511240114e-14, 3.83026943495679e-15, 4.6629367034256575e-15, 5.717648576819556e-15, 2.942091015256665e-15] 

Smallest VQE eingenvalue optimizer final message:
{   'aux_operators_evaluated': None,
    'cost_function_evals': 282,
    'eigenvalue': 2.942091015256665e-15,
    'optimal_circuit': <qiskit.circuit.library.n_local.real_amplitudes.RealAmplitudes object at 0x00000241C4D9BE90>,
    'optimal_parameters': {   ParameterVectorElement(θ[0]): 1.0639980669692302,
                              ParameterVectorElement(θ[1]): 1.5707963360250399,
                              ParameterVectorElement(θ[2]): -1.5707963506107074,
                              ParameterVectorElement(θ[3]): -1.570796314101955,
                              ParameterVectorElement(θ[4]): -1.063998078474779,
                              ParameterVectorElement(θ[5]): -1.570796347820443,
                              ParameterVectorElement(θ[6]): -1.5707963760844263,
                              ParameterVectorElement(θ[7]): -1.5707963381564891},
    'optimal_point': array([ 1.06399807,  1.57079634, -1.57079635, -1.57079631, -1.06399808,
       -1.57079635, -1.57079638, -1.57079634]),
    'optimal_value': 2.942091015256665e-15,
    'optimizer_evals': None,
    'optimizer_result': <qiskit_algorithms.optimizers.optimizer.OptimizerResult object at 0x00000241BFDBFF80>,
    'optimizer_time': 0.7554383277893066}
     ┌──────────┐ ░                 ░ ┌──────────┐
q_0: ┤ Ry(θ[0]) ├─░─────────────■───░─┤ Ry(θ[4]) ├
     ├──────────┤ ░           ┌─┴─┐ ░ ├──────────┤
q_1: ┤ Ry(θ[1]) ├─░────────■──┤ X ├─░─┤ Ry(θ[5]) ├
     ├──────────┤ ░      ┌─┴─┐└───┘ ░ ├──────────┤
q_2: ┤ Ry(θ[2]) ├─░───■──┤ X ├──────░─┤ Ry(θ[6]) ├
     ├──────────┤ ░ ┌─┴─┐└───┘      ░ ├──────────┤
q_3: ┤ Ry(θ[3]) ├─░─┤ X ├───────────░─┤ Ry(θ[7]) ├
     └──────────┘ ░ └───┘           ░ └──────────┘
The number of ansatz parameters is: 
 8
Line for latex table
RA r1 rl & $1\mathrm{e}{-07}$ & 98/100 &528 & $2.9421\mathrm{e}{-15}$ & $2.9421\mathrm{e}{-15}$ & $1.4405\mathrm{e}{-14}$ & $1.4405\mathrm{e}{-14}$ & - & 00h 03m 31s\\

