RA_r1_rl
03h58m47s__85
1e-03
17.303859575312682
7.146635774771078
5.351036001388431
5.870032085911967
16.588709531261358
10.287329703335029
5.21218239129498
3.588406235171986
4.455733341506949
4.6420327085200235
8.273368390940611
13.91487088456856
7.489086378563372
14.190409466255206
5.462665597242906
6.531018429356439
8.18528720719129
5.960543717742266
4.304163901001472
8.98894417073436
15.751243673091805
3.488373925341852
9.324017600682788
6.799554022722829
6.848404715368906
14.23784319600839
7.890860120569022
17.561892894705686
4.655084105154281
11.090118757788312
16.76098152515931
15.40504958737867
9.371025405154183
3.3495429671034427
5.77170608729792
8.110745301104567
13.351656112056673
22.734182179855974
3.0780494996944836
6.355064723713831
23.778644128529443
16.122990038643618
10.529870713435628
3.0483952703951864
2.890223220974603
4.484904908210235
3.9261371269574035
8.422279521616343
2.8125750123280797
8.717572659631223
8.184869893825065
13.871733331531457
6.282075509614373
2.380627142948557
3.2180685379563516
11.684799299419069
11.703396161147257
4.508300422193683
2.7961313394184724
2.3609898495814696
9.66289279028851
5.483561833734394
5.01697579042485
7.468477825887705
2.590346850283612
9.100896601356864
7.959956052200501
4.666914420975638
4.256321634271899
6.692805595243414
5.235462285765839
10.836139746241269
5.833960402633385
3.2723451653777396
10.45578560235492
13.248521902759286
8.523739587956383
6.067123194488914
7.062923896927664
3.8968781836674165
4.119192053428859
5.179803395862364
2.4638177588444083
12.975196704319002
12.73168187179119
1.8134807434956306
1.8225033039081824
3.8493616297513373
4.545663877528411
8.74998658251154
11.14550473979816
4.699908823044598
2.6785725483741016
1.1282563743146072
3.6730957237779704
2.677060160726561
11.92409108468101
7.150445762407016
8.648993721673294
10.616838905333822
