17.303859575312682 0.8464342300511768
7.146635774771078 0.8257119081019371
5.351036001388431 0.6139137059474044
5.870032085911967 0.8650013199989183
16.588709531261358 0.8637562179291958
10.287329703335029 0.8224697705788051
5.21218239129498 0.7819456567296297
3.588406235171986 0.7065615787920907
4.455733341506949 0.6824410833316635
4.6420327085200235 0.7522048531311711
8.273368390940611 0.8179293714173672
13.91487088456856 0.8659686151449777
7.489086378563372 0.8902549916961674
14.190409466255206 0.8301749292242657
5.462665597242906 0.8465706752901168
6.531018429356439 0.8434733953760946
8.18528720719129 0.9127484643316369
5.960543717742266 0.8056298654995415
4.304163901001472 0.8512819163340001
8.98894417073436 0.8376589449700392
15.751243673091805 0.8746003676727706
3.488373925341852 0.7576499722380752
9.324017600682788 0.6651499861837403
6.799554022722829 0.7721855949547425
6.848404715368906 0.6767253872877277
14.23784319600839 0.8748809582682086
7.890860120569022 0.8513923699216702
17.561892894705686 0.9219410195848676
4.655084105154281 0.8175912209707075
11.090118757788312 0.8306714383791794
16.76098152515931 0.8525038654430257
15.40504958737867 0.7485318035282138
9.371025405154183 0.8282798260190387
3.3495429671034427 0.7152441214618303
5.77170608729792 0.8034450463036016
8.110745301104567 0.8915180975213217
13.351656112056673 0.940481596710462
22.734182179855974 0.8055792119573606
3.0780494996944836 0.8184389595395225
6.355064723713831 0.7196960866549311
23.778644128529443 0.8933356591995393
16.122990038643618 0.8725883934275217
10.529870713435628 0.8761505308361595
3.0483952703951864 0.6737769993912659
2.890223220974603 0.7751837664732084
4.484904908210235 0.753278100024144
3.9261371269574035 0.6692440581950594
8.422279521616343 0.6899112774870982
2.8125750123280797 0.82842409405843
8.717572659631223 0.6772916318357374
8.184869893825065 0.7996793338921789
13.871733331531457 0.7455930377103138
6.282075509614373 0.8335112432949282
2.380627142948557 0.8238570289705051
3.2180685379563516 0.8249116324833496
11.684799299419069 0.9105991965772038
11.703396161147257 0.8182853341669857
4.508300422193683 0.7949022770590269
2.7961313394184724 0.7608609903638359
2.3609898495814696 0.8259636277388609
9.66289279028851 0.7926945074880973
5.483561833734394 0.7860449172613552
5.01697579042485 0.6767426890534344
7.468477825887705 0.7976808223190219
2.590346850283612 0.6156858703346689
9.100896601356864 0.7708263190675029
7.959956052200501 0.8726458223448891
4.666914420975638 0.7871784283990487
4.256321634271899 0.7410677175004216
6.692805595243414 0.8077239374198745
5.235462285765839 0.7473495052299316
10.836139746241269 0.8338004178485683
5.833960402633385 0.7777280987034685
3.2723451653777396 0.7755615069571563
10.45578560235492 0.8444852885642523
13.248521902759286 0.8610998389894805
8.523739587956383 0.7952185876683268
6.067123194488914 0.8113287177612379
7.062923896927664 0.8484186929037395
3.8968781836674165 0.7982021150091656
4.119192053428859 0.7787302282692083
5.179803395862364 0.6890073635810696
2.4638177588444083 0.8446692914767666
12.975196704319002 0.814306500580663
12.73168187179119 0.924792419658288
1.8134807434956306 0.7833197142273789
1.8225033039081824 0.8141720421393374
3.8493616297513373 0.7013770164089956
4.545663877528411 0.8166708354575192
8.74998658251154 0.8172781224167047
11.14550473979816 0.8277066193685184
4.699908823044598 0.8183073736368695
2.6785725483741016 0.814401751488191
1.1282563743146072 0.749658923246609
3.6730957237779704 0.8193491923389518
2.677060160726561 0.8531011071811105
11.92409108468101 0.7409738131133904
7.150445762407016 0.8172814777937785
8.648993721673294 0.8787385332563561
10.616838905333822 0.8772959006354489
