RA_r1_rl
01m29s__325
1e-05
0.3572330470649199
0.35723304708207404
0.35723304711332016
0.35723305104265335
0.3572330472819143
0.35723304742658635
0.35723304930587985
0.35723304730031125
0.3572330472406996
0.3572330473680656
0.3572330489128843
0.35723304785132903
0.357233047407136
0.3572330475247062
0.3572330471225603
0.3572330471335192
0.3572330480384779
0.35723304707939274
0.3572330521942769
0.35723304735646977
0.3572330480308188
0.35723305358912727
0.35723304724850447
0.35723304705607395
0.357233047226706
0.3572330473969111
0.3572330495878966
0.3572330474227494
0.35723304708421666
0.357233047567281
0.35723304712984605
0.35723304748324847
0.3572330485958014
0.35723304766166475
0.3572330470818724
0.35723304755610974
0.3572330483474637
0.3572330471720915
0.35723304710300985
0.35723304881751394
0.3572330475232385
0.3572330478699004
0.35723305292919905
0.3572330472097277
0.3572330473819444
0.3572330480985899
0.3572330471431312
0.3572330470439884
0.35723304743948225
0.3572330474895874
0.35723304747345164
0.35723305021726337
0.3572330471198226
0.35723304803605005
0.3572332350366021
0.3572330472213112
0.35723304823758006
0.3572330474808305
0.35723311568301963
0.3572330483956071
0.35723304836933834
0.35723304707625114
0.3572330482694861
0.35723305691663754
0.3572330483808489
0.35723305179587916
0.35723304715573256
0.3572330476413649
0.3572330470516326
0.35723304795236444
0.35723304706226733
0.35723304734879
0.35723304709786496
0.35723304809846246
0.3572330471554792
0.35723304723188376
0.35723304712254933
0.357233049858238
0.3572330481726741
0.3572330487237232
0.35723304901439124
0.3572330484835413
0.35723304710888115
0.357233049055375
0.3572330472975611
0.35723305164158226
0.3572330473349937
0.3572330471452818
0.3572330659466324
0.357233047641595
0.3572330477177549
0.35723304767692265
0.35723304704400216
0.3572330476818021
0.3572330473656665
0.35723304718534665
0.35723304793696664
0.3572330572571534
0.3572330471080317
0.3572330479161543
