RA_r1_rl
06h32m24s__137
1e-05
1383.686949786139
206.71201712941888
51.83385803997916
66.63995405605647
2830.512957844084
53.07069175691936
959.1861279980046
146.36788996116735
544.4173093260599
363.3541025791027
427.539227190414
652.8295180902096
462.6299478806252
984.6889575935045
401.8581967936725
228.64236633908465
274.3126284510855
1084.4934765647122
7.4272029419947785
351.70233039111537
499.1296685818595
837.0211502761097
888.7398148145671
196.15029977220865
433.8970768314997
373.1078203569151
149.78196794993386
714.3819100516856
471.4134798579796
551.871890824785
253.0063414050992
2508.115564604
618.3166916329108
533.2389245781342
44.335201841033694
819.42895649851
292.3812435344877
669.8762574303146
546.9665562343959
819.8007891771836
1471.9106951026604
525.6685183905911
553.1338510005284
77.69328977902143
350.7806898460946
79.91803504995148
533.5964527626818
93.80301016848148
1358.4657695998953
2143.641624416836
-2.698136244124214
198.62766049681858
258.51244055144855
168.3079752104558
732.0452861639251
203.41884823461908
973.7326746692638
1137.9875649637388
147.696734699602
669.8977387032222
1346.7633339432462
247.030047470709
283.6083120079615
862.3971868559242
153.2915200394541
272.2851532508429
263.1695395975235
130.43209156720627
755.5832993263258
193.3198217043244
425.3943425000079
863.3689740347799
523.7392419570184
616.1358572848599
312.8890732134749
343.43606491872276
696.0956741445518
403.6972507589793
269.7517993405074
1287.9780409842547
283.92888548218116
326.5712658713244
551.2579118160737
1020.6948988456629
226.41608280528925
264.86914804694896
1605.0264874301442
1134.238173555128
251.50016067857814
535.6534253695011
322.2546179400692
881.8895664512975
261.1173294263317
686.2868982512404
361.528405799035
1006.1444996562021
230.36642948128843
315.695843118266
328.9246161512424
525.3039648860249
