1383.686949786139 155.61304410011658
206.71201712941888 150.1801185975722
51.83385803997916 140.2055542540727
66.63995405605647 141.18104891687696
2830.512957844084 165.49270196660856
53.07069175691936 149.8312439723825
959.1861279980046 149.27148268154494
146.36788996116735 130.00016910855024
544.4173093260599 155.07862164227444
363.3541025791027 142.42125262695947
427.539227190414 142.8159530724575
652.8295180902096 149.60704295503103
462.6299478806252 144.84360781048696
984.6889575935045 153.41959740225371
401.8581967936725 154.71765726011031
228.64236633908465 145.2762598114497
274.3126284510855 156.67600149686763
1084.4934765647122 160.20748136334086
7.4272029419947785 140.99645134413544
351.70233039111537 117.82095704240986
499.1296685818595 141.58293626464427
837.0211502761097 154.7354516599228
888.7398148145671 127.12408282450734
196.15029977220865 145.46911920042996
433.8970768314997 146.02690142049363
373.1078203569151 153.0907313101494
149.78196794993386 151.5439867214416
714.3819100516856 153.37932971680365
471.4134798579796 153.77129807382224
551.871890824785 125.789070974941
253.0063414050992 154.5824341209501
2508.115564604 154.9639088731506
618.3166916329108 152.06191916134247
533.2389245781342 142.68752036452184
44.335201841033694 145.66172384077205
819.42895649851 158.08434123208357
292.3812435344877 141.0475526418525
669.8762574303146 149.42585480591984
546.9665562343959 146.71322683323697
819.8007891771836 143.55447940338988
1471.9106951026604 170.27032779713986
525.6685183905911 157.65907988718132
553.1338510005284 159.2216919387915
77.69328977902143 126.96585108597188
350.7806898460946 158.4170330824676
79.91803504995148 144.83974588943764
533.5964527626818 161.5063327895612
93.80301016848148 150.63211626256341
1358.4657695998953 159.80064762326342
2143.641624416836 171.86590883411355
-2.698136244124214 124.07611434507686
198.62766049681858 135.5044544161447
258.51244055144855 148.59140805423334
168.3079752104558 147.3908378502027
732.0452861639251 149.585428066099
203.41884823461908 143.54885357197978
973.7326746692638 159.75833183155538
1137.9875649637388 155.1904239765229
147.696734699602 145.37032788035572
669.8977387032222 146.81458604251677
1346.7633339432462 170.2196615408017
247.030047470709 147.7076404762437
283.6083120079615 133.58081604385302
862.3971868559242 156.08618527829168
153.2915200394541 139.20887562042105
272.2851532508429 141.28855493842016
263.1695395975235 152.2090999744534
130.43209156720627 107.2967177786359
755.5832993263258 165.02683706590435
193.3198217043244 128.09470502492528
425.3943425000079 138.0343431450078
863.3689740347799 143.30021849410448
523.7392419570184 139.04890601570793
616.1358572848599 146.02726295463694
312.8890732134749 121.26742033939392
343.43606491872276 111.11061199587668
696.0956741445518 158.89772128982068
403.6972507589793 149.51486542326217
269.7517993405074 154.6890469033885
1287.9780409842547 149.53754931433008
283.92888548218116 158.85328712406266
326.5712658713244 153.72567022482946
551.2579118160737 152.8453081482381
1020.6948988456629 162.5973427906672
226.41608280528925 135.97646730520694
264.86914804694896 134.07568441744945
1605.0264874301442 154.71989720853693
1134.238173555128 168.55788779563585
251.50016067857814 133.06316468272368
535.6534253695011 147.7719654008377
322.2546179400692 157.3720562037255
881.8895664512975 160.10911080537045
261.1173294263317 156.69473644004472
686.2868982512404 159.05050309075753
361.528405799035 147.1076668815835
1006.1444996562021 155.25701881045237
230.36642948128843 147.9554426143078
315.695843118266 149.7312170544231
328.9246161512424 139.86075389423596
525.3039648860249 131.92586531311625
