With Shot Noise
02/11/2024 22:24:07 

VQEr_100_shots_10000_COBYLA_maxIter_10000_tol_1e-05_RA_r1_rl 

Reference value: 6.1822393761e-06 

Number of pauli strings:  270
Qubits:  6
VQE runs:  100
Optimizer:  COBYLA
Max iterations:  10000
Optimizers's tolerance:  1e-05
Ansatz:  RA_r1_rl 

All run converged!!!
Number of iterations for each converged VQE run:
[133, 129, 141, 128, 126, 139, 122, 143, 113, 128, 131, 125, 144, 139, 139, 141, 128, 116, 142, 134, 138, 152, 141, 141, 138, 135, 153, 135, 128, 143, 134, 121, 149, 120, 153, 154, 147, 139, 128, 137, 127, 122, 154, 145, 164, 142, 138, 128, 120, 128, 162, 138, 148, 149, 142, 138, 113, 122, 138, 129, 143, 135, 144, 143, 132, 131, 157, 133, 142, 119, 136, 120, 138, 132, 152, 158, 132, 137, 144, 139, 143, 129, 122, 135, 146, 136, 148, 126, 125, 122, 135, 130, 150, 128, 138, 143, 153, 125, 142, 136] 

Average iterations of converged run:
137 

VQE eigenvalues:
[1383.686949786139, 206.71201712941888, 51.83385803997916, 66.63995405605647, 2830.512957844084, 53.07069175691936, 959.1861279980046, 146.36788996116735, 544.4173093260599, 363.3541025791027, 427.539227190414, 652.8295180902096, 462.6299478806252, 984.6889575935045, 401.8581967936725, 228.64236633908465, 274.3126284510855, 1084.4934765647122, 7.4272029419947785, 351.70233039111537, 499.1296685818595, 837.0211502761097, 888.7398148145671, 196.15029977220865, 433.8970768314997, 373.1078203569151, 149.78196794993386, 714.3819100516856, 471.4134798579796, 551.871890824785, 253.0063414050992, 2508.115564604, 618.3166916329108, 533.2389245781342, 44.335201841033694, 819.42895649851, 292.3812435344877, 669.8762574303146, 546.9665562343959, 819.8007891771836, 1471.9106951026604, 525.6685183905911, 553.1338510005284, 77.69328977902143, 350.7806898460946, 79.91803504995148, 533.5964527626818, 93.80301016848148, 1358.4657695998953, 2143.641624416836, -2.698136244124214, 198.62766049681858, 258.51244055144855, 168.3079752104558, 732.0452861639251, 203.41884823461908, 973.7326746692638, 1137.9875649637388, 147.696734699602, 669.8977387032222, 1346.7633339432462, 247.030047470709, 283.6083120079615, 862.3971868559242, 153.2915200394541, 272.2851532508429, 263.1695395975235, 130.43209156720627, 755.5832993263258, 193.3198217043244, 425.3943425000079, 863.3689740347799, 523.7392419570184, 616.1358572848599, 312.8890732134749, 343.43606491872276, 696.0956741445518, 403.6972507589793, 269.7517993405074, 1287.9780409842547, 283.92888548218116, 326.5712658713244, 551.2579118160737, 1020.6948988456629, 226.41608280528925, 264.86914804694896, 1605.0264874301442, 1134.238173555128, 251.50016067857814, 535.6534253695011, 322.2546179400692, 881.8895664512975, 261.1173294263317, 686.2868982512404, 361.528405799035, 1006.1444996562021, 230.36642948128843, 315.695843118266, 328.9246161512424, 525.3039648860249] 

VQE eigenvalues standard deviation:
[155.61304410011658, 150.1801185975722, 140.2055542540727, 141.18104891687696, 165.49270196660856, 149.8312439723825, 149.27148268154494, 130.00016910855024, 155.07862164227444, 142.42125262695947, 142.8159530724575, 149.60704295503103, 144.84360781048696, 153.41959740225371, 154.71765726011031, 145.2762598114497, 156.67600149686763, 160.20748136334086, 140.99645134413544, 117.82095704240986, 141.58293626464427, 154.7354516599228, 127.12408282450734, 145.46911920042996, 146.02690142049363, 153.0907313101494, 151.5439867214416, 153.37932971680365, 153.77129807382224, 125.789070974941, 154.5824341209501, 154.9639088731506, 152.06191916134247, 142.68752036452184, 145.66172384077205, 158.08434123208357, 141.0475526418525, 149.42585480591984, 146.71322683323697, 143.55447940338988, 170.27032779713986, 157.65907988718132, 159.2216919387915, 126.96585108597188, 158.4170330824676, 144.83974588943764, 161.5063327895612, 150.63211626256341, 159.80064762326342, 171.86590883411355, 124.07611434507686, 135.5044544161447, 148.59140805423334, 147.3908378502027, 149.585428066099, 143.54885357197978, 159.75833183155538, 155.1904239765229, 145.37032788035572, 146.81458604251677, 170.2196615408017, 147.7076404762437, 133.58081604385302, 156.08618527829168, 139.20887562042105, 141.28855493842016, 152.2090999744534, 107.2967177786359, 165.02683706590435, 128.09470502492528, 138.0343431450078, 143.30021849410448, 139.04890601570793, 146.02726295463694, 121.26742033939392, 111.11061199587668, 158.89772128982068, 149.51486542326217, 154.6890469033885, 149.53754931433008, 158.85328712406266, 153.72567022482946, 152.8453081482381, 162.5973427906672, 135.97646730520694, 134.07568441744945, 154.71989720853693, 168.55788779563585, 133.06316468272368, 147.7719654008377, 157.3720562037255, 160.10911080537045, 156.69473644004472, 159.05050309075753, 147.1076668815835, 155.25701881045237, 147.9554426143078, 149.7312170544231, 139.86075389423596, 131.92586531311625] 

Median VQE eigenvalues:
426.46678484521095 

Min eigenvalue after 100 VQE steps on Aer qasm simulator: -2.69814e+00
Delta from reference energy value is -2.69814e+00 

Optimizer history of the smallest VQE eigenvalue:
[20321.813596510765, 17431.772569084635, 16016.570114307824, 12445.33251726575, 7988.309636933083, 10089.140038601126, 11584.445405678838, 7670.378819780128, 5506.02174557685, 6061.065634746466, 5816.296273792481, 10041.647489823874, 5778.881782249156, 2291.9306283206074, 2622.5108473073174, 3596.7080417467623, 1532.6495873146937, 833.1208216429711, 1090.4332815446587, 979.0444821422843, 1863.0299202730407, 569.9257764956793, 314.366467903594, 224.50491908491625, 345.12828929362456, 308.40961943700063, 504.697076338657, 709.2825872064022, 995.613504960554, 732.2452551434178, 369.1877500670748, 203.75924413971552, 217.62775655654133, 228.64331741651915, 266.97075848607835, 136.7706145734877, 202.3273350983721, 124.68695759899583, 57.523486880977, 793.8914321501125, 186.29278689487847, 317.89654483986794, -29.736009428111004, 59.701817934303165, 41.28787899673222, 287.7402336998186, 156.56645945924618, -3.1506951307305258, 159.57886819947024, -14.48661292912655, 158.09976773774505, 141.11013528044515, 105.96122829773495, 116.60342868864038, 182.54923208307034, 77.64578205672345, 118.87541452130694, 144.21648131214306, -90.27576984173336, 199.01608745373153, 156.28084030596838, 207.8880126940976, 78.44062148613844, 176.49116450768562, 50.12321932012492, 97.77121939301358, 3.1730487771634728, 236.39237730066395, 5.410387133268188, 129.27437573079027, 247.81691527155567, -0.30856827675376053, 52.439286967392235, 51.78636930449528, -35.18259559377782, 102.67720455301921, 136.27706213202333, 189.610487901817, 157.95762974391027, 264.0728608331267, 236.5696847647597, 61.081569987605434, -90.30238097966512, 143.36375053932485, 1.840402314357675, 183.77795112274882, 239.68812604331694, 361.6935699363369, 238.0617798706424, 76.33573772133693, 64.56061775852345, -101.55083025538053, 81.9717100597268, 106.17027532097472, 21.272790125080093, 178.7247573821905, 68.51230436705526, 38.491685716269956, -44.369218330872485, 98.93326139617844, 38.68582574043444, -28.07917446452865, 175.32081545065307, 170.28875663670576, 29.759191313246305, 54.66793921434606, 151.00402215785783, 19.00992726438497, 164.39137242584079, 77.6615411531682, 226.89570943473424, 30.683627852682577, 221.89683478314058, 152.37389802026638, 79.84894450313692, -132.03479662440802, -62.55762089625972, 121.10266486067675, 28.179743510064014, 62.75126807110311, 234.43280625599778, -17.017297593666427, -26.145441810865833, 11.926786231124026, 33.87639873852282, 79.5964529618999, 159.9805802713304, 182.1250422784426, 109.60089888141087, -95.47878123691072, -31.51392593738359, 112.7257426371844, 162.4320586599083, 7.509497857398202, 56.46439921982051, -57.86731166720887, 296.8503143573274, -41.418394842507524, 203.18176185512215, -6.328526296986098, 197.4883762141305, 188.9774888139505, 72.92953533000207, -53.07591838284904, 180.87683295064792, 177.1244700334071, 60.25402223825776, 82.84484864876723, 34.47792124930149, 213.95978829496508, 108.789780870411, 184.01878562674023, 153.50411677836607, 186.22475515618535, 200.0717932663393, 100.03149617848305, 80.87915588125682, 6.072912090061692, 156.0818407289783, 56.20668716313858, 25.198039140471423, -2.698136244124214] 

Optimizer history of the smallest VQE eigenvalue standard deviation:
[169.31966206519104, 167.71958548227997, 172.5805982071031, 173.13748164614773, 174.72053277032967, 173.0026235818281, 167.61357845190267, 174.7634524250577, 172.42051184073566, 173.09673743331672, 172.48350946705904, 163.38698290912725, 172.2803940880914, 156.3281075389509, 164.0678980539597, 162.4272671252811, 151.63104082334812, 143.5902845203949, 154.0276900759935, 144.10058836938563, 153.03030113465837, 129.88328003051737, 115.8501944261745, 121.45382104343552, 116.50033234562642, 122.98176428024681, 126.97075541322137, 137.30519104283962, 136.15135785034616, 135.91469569247252, 122.14677493238499, 127.87177129417475, 126.59412956314844, 125.42089815273845, 130.4056305921516, 124.03746768789989, 123.23516381544796, 125.0109860660691, 125.96932553360824, 142.46322704067575, 127.74605287953719, 128.64015674808525, 124.11088803889821, 129.93506326665982, 124.54462517204021, 121.76101453930933, 123.09867013364916, 125.12125150811767, 127.72617069407522, 123.41438077349801, 122.78396043287127, 124.16960867124291, 128.35820879189276, 124.0988504149929, 124.25257968692527, 123.43112564734568, 124.9417592281486, 124.75032768563237, 123.946665430411, 124.74533469702635, 123.3986949314283, 123.88117411106107, 124.32015596303499, 124.05856048064315, 123.73030305883044, 123.83722495278047, 124.05953907796012, 123.86418957851876, 124.12858132290653, 124.01934689863707, 123.08257359200267, 124.3918772580284, 123.55954874571489, 123.31656167821204, 123.82732202704274, 123.57512780733371, 123.80440109735628, 123.83139286134053, 124.38962940698043, 124.31843366931176, 123.6137857362131, 124.17931383722315, 123.61689345634329, 123.83210534299863, 123.59547249261983, 123.80389533681992, 123.97566103374794, 123.90770426447602, 124.11648362892682, 123.9737531391337, 123.73677307577414, 123.88763966270498, 123.77955313941203, 123.68405733606981, 123.59886327647389, 123.54568898090075, 123.81235347129899, 123.84779803762359, 123.39738467871321, 124.1001657261109, 123.56861409869093, 123.79853714160933, 123.7808897683814, 123.98001839651724, 123.56148599347846, 124.03112807375815, 123.65578747603176, 123.79547586039506, 124.08427505047959, 123.59222284867485, 123.74140876029516, 123.67074824884432, 123.85254098932546, 123.78633787891202, 123.85870968105303, 124.08710657638882, 123.77186613919962, 123.67827066238551, 123.70114196691961, 123.6262645455186, 124.0265558465616, 123.75049140962616, 123.5467080681353, 123.94767597946085, 123.59458751050768, 123.94869306541449, 124.0420170266024, 123.46817774464262, 123.67670423286918, 123.76052346186346, 123.68429912173792, 123.9054948704388, 123.66295972496206, 124.017906046931, 123.49024108321262, 123.47713386271754, 124.0112947482097, 123.7576828473161, 123.78203608153851, 123.8221799310588, 123.9081992087058, 123.86671556422002, 123.51985567605857, 123.79364638662419, 123.88932663779853, 123.91858669242241, 124.18221991397988, 123.71249578012151, 123.87951280025425, 123.69525628688176, 123.87725667762658, 123.97547836596064, 123.95859783597435, 124.02332241926612, 123.86019046783537, 124.07626804591366, 124.04598790419215, 123.830847204326, 123.75949360003746, 123.39952607013237, 123.90244053806033, 124.07611434507686] 

Smallest VQE eingenvalue optimizer final message:
{   'aux_operators_evaluated': None,
    'cost_function_evals': 162,
    'eigenvalue': -2.698136244124214,
    'optimal_circuit': <qiskit.circuit.library.n_local.real_amplitudes.RealAmplitudes object at 0x00000122097ECEC0>,
    'optimal_parameters': {   ParameterVectorElement(θ[8]): -3.882402635771229,
                              ParameterVectorElement(θ[9]): 2.7308522740169225,
                              ParameterVectorElement(θ[5]): 1.646422049015916,
                              ParameterVectorElement(θ[10]): 1.7310948368600652,
                              ParameterVectorElement(θ[4]): -1.565172090039356,
                              ParameterVectorElement(θ[11]): -1.268515536008558,
                              ParameterVectorElement(θ[1]): -0.24688754429931364,
                              ParameterVectorElement(θ[2]): 1.9184066526964187,
                              ParameterVectorElement(θ[3]): 0.8508930155618896,
                              ParameterVectorElement(θ[0]): 3.120106664631649,
                              ParameterVectorElement(θ[6]): -1.1852536412099952,
                              ParameterVectorElement(θ[7]): 1.8434566243560624},
    'optimal_point': array([ 3.12010666, -0.24688754,  1.91840665,  0.85089302, -1.56517209,
        1.64642205, -1.18525364,  1.84345662, -3.88240264,  2.73085227,
        1.73109484, -1.26851554]),
    'optimal_value': -2.698136244124214,
    'optimizer_evals': None,
    'optimizer_result': <qiskit_algorithms.optimizers.optimizer.OptimizerResult object at 0x00000121D54E6D80>,
    'optimizer_time': 294.3806965351105}
     ┌──────────┐ ░                           ░  ┌──────────┐
q_0: ┤ Ry(θ[0]) ├─░───────────────────────■───░──┤ Ry(θ[6]) ├
     ├──────────┤ ░                     ┌─┴─┐ ░  ├──────────┤
q_1: ┤ Ry(θ[1]) ├─░──────────────────■──┤ X ├─░──┤ Ry(θ[7]) ├
     ├──────────┤ ░                ┌─┴─┐└───┘ ░  ├──────────┤
q_2: ┤ Ry(θ[2]) ├─░─────────────■──┤ X ├──────░──┤ Ry(θ[8]) ├
     ├──────────┤ ░           ┌─┴─┐└───┘      ░  ├──────────┤
q_3: ┤ Ry(θ[3]) ├─░────────■──┤ X ├───────────░──┤ Ry(θ[9]) ├
     ├──────────┤ ░      ┌─┴─┐└───┘           ░ ┌┴──────────┤
q_4: ┤ Ry(θ[4]) ├─░───■──┤ X ├────────────────░─┤ Ry(θ[10]) ├
     ├──────────┤ ░ ┌─┴─┐└───┘                ░ ├───────────┤
q_5: ┤ Ry(θ[5]) ├─░─┤ X ├─────────────────────░─┤ Ry(θ[11]) ├
     └──────────┘ ░ └───┘                     ░ └───────────┘
The number of ansatz parameters is: 
 12
Line for latex table
RA r1 rl & $1\mathrm{e}{-05}$ & 10000 & 100/100 &137 & $-2.6981\mathrm{e}{+00}$ & $1.2408\mathrm{e}{+02}$ & $-2.6981\mathrm{e}{+00}$ & $4.2647\mathrm{e}{+02}$ & $4.2647\mathrm{e}{+02}$ & - & 06h 32m 24s\\

