RA_r1_rl
18m05s__82
1e-05
0.03611680024496611
0.7007607579517428
0.4944411656266663
0.614773837407416
0.1914584212419035
-0.06213855284312064
-0.18269568728167496
0.30909941269107577
1.307896497378768
1.4045943495386788
1.130484174378193
0.24621193278612097
0.018024287676405848
0.38937571310360664
0.43814197687359613
-0.01843680747758114
0.7084356053139448
1.2026175500289868
1.4357746906314979
0.6566447222997498
0.04089084303522128
0.8916200410517829
0.17683759528742193
0.23099148352793009
0.07872626388234005
0.35783656484907933
1.5616255869466227
0.7293842186916348
0.20682162349802358
-0.048069330280948286
-0.12583590136857925
0.7711275312056208
0.49508728351318654
1.4815059549727874
1.3706293493642274
1.1919304794355656
1.0205938977824385
-0.15711867350517927
0.7500819519357007
0.4008359266498309
-0.019062825091435975
0.856759205705545
0.37205341461045105
2.466727315576
0.21229508409510256
0.9641057312087731
0.37663652290549
0.27951230554540496
0.3111085926497905
-0.06509689436819333
-0.016949214513066302
0.1825157228625507
-0.010059161686117868
0.403168466117819
0.6768146747663335
0.6854868054372937
0.26368122489510926
0.3927496269348296
0.7862546733891395
2.434165248233699
1.5832243871378715
0.06781676400643999
0.3440922422134314
1.5654505386842237
0.08904299846104724
2.095768283173557
0.770616386740099
-0.12272500908832296
1.3615500516979857
1.2840176708866926
0.8769545513607189
0.6753351088856656
0.34243808649945695
0.6877834255229924
0.44765118845382723
0.6835291951636181
1.0090200152824051
0.22941862481324105
0.05304119453537748
0.30290502736573677
-0.045532744106788314
1.4977143441778793
-0.03421647490417534
0.4464279672941678
0.953210644481473
-0.07707455642161332
-0.05519872166354478
0.9121838522814771
0.7310044511187891
-0.0063506752981199455
-0.11441284844695954
0.492610067382923
0.5770404541150381
0.6755632337162981
0.5036195626145203
1.6093099319108513
-0.04489393332103209
0.3124684792207346
0.3588863375354392
0.6842747222113422
