0.03611680024496611 0.07116009421513014
0.7007607579517428 0.059435389091949044
0.4944411656266663 0.06575732904867197
0.614773837407416 0.06371864285876931
0.1914584212419035 0.0713423346360167
-0.06213855284312064 0.07126254213799905
-0.18269568728167496 0.06788623952166209
0.30909941269107577 0.07403776132740067
1.307896497378768 0.08061514472768691
1.4045943495386788 0.0729360933831149
1.130484174378193 0.07304707539214936
0.24621193278612097 0.0736370721791894
0.018024287676405848 0.07169505163015596
0.38937571310360664 0.07664947604075392
0.43814197687359613 0.07637831145700982
-0.01843680747758114 0.07072191622530428
0.7084356053139448 0.06770692399844953
1.2026175500289868 0.0755300014320552
1.4357746906314979 0.07378828964243347
0.6566447222997498 0.07688348145487811
0.04089084303522128 0.07245963254908822
0.8916200410517829 0.07606183807344288
0.17683759528742193 0.07185371772979303
0.23099148352793009 0.07372274221715439
0.07872626388234005 0.07280310132473013
0.35783656484907933 0.07532979656269206
1.5616255869466227 0.07165882554286544
0.7293842186916348 0.05963487138249898
0.20682162349802358 0.07266272884558345
-0.048069330280948286 0.06866337664830052
-0.12583590136857925 0.06803259975535433
0.7711275312056208 0.06008679081217594
0.49508728351318654 0.07332157263859433
1.4815059549727874 0.07488315247686665
1.3706293493642274 0.07635215623605643
1.1919304794355656 0.07657457440042294
1.0205938977824385 0.07611214863934072
-0.15711867350517927 0.07017477034874338
0.7500819519357007 0.07636658145521914
0.4008359266498309 0.07228445497382796
-0.019062825091435975 0.07031362703762459
0.856759205705545 0.06297675273429161
0.37205341461045105 0.07367939130127961
2.466727315576 0.06031034494362526
0.21229508409510256 0.07538568820160291
0.9641057312087731 0.06282765840024636
0.37663652290549 0.06910533078385499
0.27951230554540496 0.07429557215167265
0.3111085926497905 0.07507036728812656
-0.06509689436819333 0.07095560737899935
-0.016949214513066302 0.07204803441076171
0.1825157228625507 0.07304665516818237
-0.010059161686117868 0.07339018321455426
0.403168466117819 0.07537116340531357
0.6768146747663335 0.06130996049195621
0.6854868054372937 0.05897349152059944
0.26368122489510926 0.07188210635827104
0.3927496269348296 0.07206004975556876
0.7862546733891395 0.0663183986410331
2.434165248233699 0.06125911554085249
1.5832243871378715 0.07114577200677057
0.06781676400643999 0.07100370753107306
0.3440922422134314 0.07374824799567674
1.5654505386842237 0.07752842215068394
0.08904299846104724 0.07313500600748155
2.095768283173557 0.0755967312884113
0.770616386740099 0.0773181108187987
-0.12272500908832296 0.07129904818725458
1.3615500516979857 0.07521513148360293
1.2840176708866926 0.07181953685676923
0.8769545513607189 0.06262712938814245
0.6753351088856656 0.06077621912078447
0.34243808649945695 0.07485102691385799
0.6877834255229924 0.0613067743207543
0.44765118845382723 0.07463697219578945
0.6835291951636181 0.058593004449343324
1.0090200152824051 0.07892046032145628
0.22941862481324105 0.07554743379650201
0.05304119453537748 0.07382222092295398
0.30290502736573677 0.07325382969830395
-0.045532744106788314 0.07051454588994799
1.4977143441778793 0.07477653869446768
-0.03421647490417534 0.07162863561956695
0.4464279672941678 0.07251378198415266
0.953210644481473 0.07688181793053576
-0.07707455642161332 0.07131677037735218
-0.05519872166354478 0.06960029551181014
0.9121838522814771 0.08068832431223832
0.7310044511187891 0.05996633421886619
-0.0063506752981199455 0.07137877118238826
-0.11441284844695954 0.0715147295650716
0.492610067382923 0.07002496565646994
0.5770404541150381 0.0640553509093334
0.6755632337162981 0.0589561459108123
0.5036195626145203 0.0707035423000028
1.6093099319108513 0.07283458256440774
-0.04489393332103209 0.06942668618951317
0.3124684792207346 0.07218760067638239
0.3588863375354392 0.07134212886194356
0.6842747222113422 0.06061665469324959
