With Shot Noise
02/11/2024 09:48:17 

VQEr_100_shots_10000_COBYLA_maxIter_10000_tol_1e-05_RA_r1_rl 

Reference value: -1.6478526069e-01 

Number of pauli strings:  10
Qubits:  3
VQE runs:  100
Optimizer:  COBYLA
Max iterations:  10000
Optimizers's tolerance:  1e-05
Ansatz:  RA_r1_rl 

All run converged!!!
Number of iterations for each converged VQE run:
[82, 86, 79, 89, 79, 87, 76, 103, 95, 103, 73, 78, 76, 96, 79, 89, 71, 77, 90, 74, 85, 74, 79, 87, 80, 84, 81, 81, 83, 86, 75, 87, 89, 93, 78, 75, 70, 79, 80, 70, 79, 108, 88, 77, 91, 92, 82, 76, 70, 70, 84, 83, 80, 87, 83, 80, 89, 80, 71, 71, 79, 93, 90, 77, 81, 99, 77, 83, 93, 92, 78, 81, 80, 67, 76, 91, 86, 77, 79, 79, 82, 74, 86, 77, 98, 79, 90, 79, 97, 70, 81, 83, 71, 84, 81, 76, 70, 74, 78, 81] 

Average iterations of converged run:
82 

VQE eigenvalues:
[0.03611680024496611, 0.7007607579517428, 0.4944411656266663, 0.614773837407416, 0.1914584212419035, -0.06213855284312064, -0.18269568728167496, 0.30909941269107577, 1.307896497378768, 1.4045943495386788, 1.130484174378193, 0.24621193278612097, 0.018024287676405848, 0.38937571310360664, 0.43814197687359613, -0.01843680747758114, 0.7084356053139448, 1.2026175500289868, 1.4357746906314979, 0.6566447222997498, 0.04089084303522128, 0.8916200410517829, 0.17683759528742193, 0.23099148352793009, 0.07872626388234005, 0.35783656484907933, 1.5616255869466227, 0.7293842186916348, 0.20682162349802358, -0.048069330280948286, -0.12583590136857925, 0.7711275312056208, 0.49508728351318654, 1.4815059549727874, 1.3706293493642274, 1.1919304794355656, 1.0205938977824385, -0.15711867350517927, 0.7500819519357007, 0.4008359266498309, -0.019062825091435975, 0.856759205705545, 0.37205341461045105, 2.466727315576, 0.21229508409510256, 0.9641057312087731, 0.37663652290549, 0.27951230554540496, 0.3111085926497905, -0.06509689436819333, -0.016949214513066302, 0.1825157228625507, -0.010059161686117868, 0.403168466117819, 0.6768146747663335, 0.6854868054372937, 0.26368122489510926, 0.3927496269348296, 0.7862546733891395, 2.434165248233699, 1.5832243871378715, 0.06781676400643999, 0.3440922422134314, 1.5654505386842237, 0.08904299846104724, 2.095768283173557, 0.770616386740099, -0.12272500908832296, 1.3615500516979857, 1.2840176708866926, 0.8769545513607189, 0.6753351088856656, 0.34243808649945695, 0.6877834255229924, 0.44765118845382723, 0.6835291951636181, 1.0090200152824051, 0.22941862481324105, 0.05304119453537748, 0.30290502736573677, -0.045532744106788314, 1.4977143441778793, -0.03421647490417534, 0.4464279672941678, 0.953210644481473, -0.07707455642161332, -0.05519872166354478, 0.9121838522814771, 0.7310044511187891, -0.0063506752981199455, -0.11441284844695954, 0.492610067382923, 0.5770404541150381, 0.6755632337162981, 0.5036195626145203, 1.6093099319108513, -0.04489393332103209, 0.3124684792207346, 0.3588863375354392, 0.6842747222113422] 

VQE eigenvalues standard deviation:
[0.07116009421513014, 0.059435389091949044, 0.06575732904867197, 0.06371864285876931, 0.0713423346360167, 0.07126254213799905, 0.06788623952166209, 0.07403776132740067, 0.08061514472768691, 0.0729360933831149, 0.07304707539214936, 0.0736370721791894, 0.07169505163015596, 0.07664947604075392, 0.07637831145700982, 0.07072191622530428, 0.06770692399844953, 0.0755300014320552, 0.07378828964243347, 0.07688348145487811, 0.07245963254908822, 0.07606183807344288, 0.07185371772979303, 0.07372274221715439, 0.07280310132473013, 0.07532979656269206, 0.07165882554286544, 0.05963487138249898, 0.07266272884558345, 0.06866337664830052, 0.06803259975535433, 0.06008679081217594, 0.07332157263859433, 0.07488315247686665, 0.07635215623605643, 0.07657457440042294, 0.07611214863934072, 0.07017477034874338, 0.07636658145521914, 0.07228445497382796, 0.07031362703762459, 0.06297675273429161, 0.07367939130127961, 0.06031034494362526, 0.07538568820160291, 0.06282765840024636, 0.06910533078385499, 0.07429557215167265, 0.07507036728812656, 0.07095560737899935, 0.07204803441076171, 0.07304665516818237, 0.07339018321455426, 0.07537116340531357, 0.06130996049195621, 0.05897349152059944, 0.07188210635827104, 0.07206004975556876, 0.0663183986410331, 0.06125911554085249, 0.07114577200677057, 0.07100370753107306, 0.07374824799567674, 0.07752842215068394, 0.07313500600748155, 0.0755967312884113, 0.0773181108187987, 0.07129904818725458, 0.07521513148360293, 0.07181953685676923, 0.06262712938814245, 0.06077621912078447, 0.07485102691385799, 0.0613067743207543, 0.07463697219578945, 0.058593004449343324, 0.07892046032145628, 0.07554743379650201, 0.07382222092295398, 0.07325382969830395, 0.07051454588994799, 0.07477653869446768, 0.07162863561956695, 0.07251378198415266, 0.07688181793053576, 0.07131677037735218, 0.06960029551181014, 0.08068832431223832, 0.05996633421886619, 0.07137877118238826, 0.0715147295650716, 0.07002496565646994, 0.0640553509093334, 0.0589561459108123, 0.0707035423000028, 0.07283458256440774, 0.06942668618951317, 0.07218760067638239, 0.07134212886194356, 0.06061665469324959] 

Median VQE eigenvalues:
0.44228497208388196 

Min eigenvalue after 100 VQE steps on Aer qasm simulator: -1.82696e-01
Delta from reference energy value is -1.79104e-02 

Optimizer history of the smallest VQE eigenvalue:
[12.442614043100699, 16.210458602281555, 13.769242454572204, 7.65857496054598, 4.40203421090348, 8.175607326651551, 3.480495886051262, 0.2583263824503135, 0.5902966114952837, 0.5461341805585702, 2.750455574534442, 1.1897257888525408, 0.2318557335556548, 0.186105523989883, 0.048569385793793884, 1.302797442308668, 0.014681625128891262, 0.5779548538190218, 0.21625540153252842, 0.056293767551160556, 0.46118439914358067, -0.12741252983330842, -0.07203145080735052, -0.119731416503285, 0.19157865074253166, -0.029938635105535738, -0.08383270212382943, 0.02145891269078959, -0.11803643243330342, -0.11057333703564964, -0.12414147099057438, -0.035870365510628055, -0.15164594871588744, -0.006327039571243809, 0.09564958992789041, -0.00541920389428352, -0.08599988855127005, -0.13655827011046728, -0.04369202915544257, -0.08632649765508482, -0.052726563393152404, -0.11155794132206509, -0.04716751467241753, -0.0352100778687392, -0.147738371189857, -0.1203163471310349, -0.01824478981809996, 0.033018483157258416, -0.12756229110511175, -0.09782263859176599, -0.06180363488082197, -0.06179052515766781, -0.14610522137194248, -0.18378308289762657, -0.10656308889295207, 0.01719614207697706, -0.022741866983353454, 0.03231043020047153, -0.05702931322391436, -0.09952143600589825, -0.02591298532220332, -0.07113890575659632, -0.030466505580894143, -0.06961343632868466, -0.11873026333974757, -0.02286739039861807, -0.1072206489292169, -0.051907010456181624, -0.024625903898601642, -0.10784214489116639, -0.010374400714773913, -0.053039076919922934, -0.01760695752288921, -0.10039914004110262, -0.029750097852997648, -0.18269568728167496] 

Optimizer history of the smallest VQE eigenvalue standard deviation:
[0.09367759375164181, 0.08858615264824789, 0.09034529400437039, 0.09244949305010858, 0.08528835603356143, 0.08538236184010435, 0.08316743941178721, 0.07283212686171593, 0.06715887097943124, 0.07393809744092306, 0.07464338943610513, 0.07980200898759711, 0.07188444957242678, 0.06674944387169811, 0.06895113800158266, 0.07227796661096013, 0.07026809212890144, 0.07470626779336814, 0.0697529690874166, 0.07058905030907403, 0.0717469249697218, 0.06830254738143525, 0.07091844108010062, 0.06857170967566141, 0.06622689369937491, 0.06974866850597364, 0.06883922141913806, 0.06952856045140698, 0.0675630081657841, 0.06878779074757446, 0.06878014824846859, 0.06891056373295162, 0.06838017340216658, 0.06972321020467939, 0.07009204235895192, 0.06902078617276716, 0.06899599653652606, 0.06795392870159213, 0.0691846091738716, 0.0687929175579979, 0.06908709583251893, 0.06854402298045646, 0.06918286310706134, 0.06909009624874958, 0.06825872589085581, 0.06844010800589546, 0.06932408421712509, 0.06948108566035704, 0.06818720494433606, 0.068381158581755, 0.06873941318019386, 0.06868593858420226, 0.06829411530049265, 0.06795769160538485, 0.0686520696708366, 0.0694777659895689, 0.06915583061442246, 0.06949942696809194, 0.06903141228960548, 0.06858952293931057, 0.06922311865914671, 0.06870065742138717, 0.06926701016106626, 0.06876164033052716, 0.06853623619641215, 0.0691616453342762, 0.06881006414606919, 0.06870532908247838, 0.06907469771500224, 0.06848041358416705, 0.06947167745450719, 0.06897285721124362, 0.06919070532058334, 0.06869929276405849, 0.06906453219307884, 0.06788623952166209] 

Smallest VQE eingenvalue optimizer final message:
{   'aux_operators_evaluated': None,
    'cost_function_evals': 76,
    'eigenvalue': -0.18269568728167496,
    'optimal_circuit': <qiskit.circuit.library.n_local.real_amplitudes.RealAmplitudes object at 0x0000020830F135F0>,
    'optimal_parameters': {   ParameterVectorElement(θ[0]): -2.152631517202596,
                              ParameterVectorElement(θ[1]): -1.3425876058469417,
                              ParameterVectorElement(θ[2]): 1.503494154521511,
                              ParameterVectorElement(θ[3]): -1.9623035450854907,
                              ParameterVectorElement(θ[4]): 1.0486198547866254,
                              ParameterVectorElement(θ[5]): 1.6071262494279652},
    'optimal_point': array([-2.15263152, -1.34258761,  1.50349415, -1.96230355,  1.04861985,
        1.60712625]),
    'optimal_value': -0.18269568728167496,
    'optimizer_evals': None,
    'optimizer_result': <qiskit_algorithms.optimizers.optimizer.OptimizerResult object at 0x000002087CE12E10>,
    'optimizer_time': 10.027711391448975}
     ┌──────────┐ ░            ░ ┌──────────┐
q_0: ┤ Ry(θ[0]) ├─░────────■───░─┤ Ry(θ[3]) ├
     ├──────────┤ ░      ┌─┴─┐ ░ ├──────────┤
q_1: ┤ Ry(θ[1]) ├─░───■──┤ X ├─░─┤ Ry(θ[4]) ├
     ├──────────┤ ░ ┌─┴─┐└───┘ ░ ├──────────┤
q_2: ┤ Ry(θ[2]) ├─░─┤ X ├──────░─┤ Ry(θ[5]) ├
     └──────────┘ ░ └───┘      ░ └──────────┘
The number of ansatz parameters is: 
 6
Line for latex table
RA r1 rl & $1\mathrm{e}{-05}$ & 10000 & 100/100 &82 & $-1.827\mathrm{e}{-01}$ & $6.7886\mathrm{e}{-02}$ & $-1.791\mathrm{e}{-02}$ & $4.4228\mathrm{e}{-01}$ & $6.0707\mathrm{e}{-01}$ & - & 00h 18m 05s\\

