RA_r1_rl
05m06s__40
1e-01
0.00670000000000015
0.006000000000000005
0.0052000000000000934
0.018199999999999994
0.00770000000000004
0.0047999999999999154
0.0036000000000000476
0.009800000000000253
0.0019000000000000128
0.0020000000000000018
0.007500000000000062
0.0018000000000000238
0.006099999999999994
0.00890000000000013
0.0036000000000000476
0.05160000000000009
0.0022999999999999687
0.012800000000000145
0.007800000000000029
0.0048000000000001375
0.005700000000000038
0.010900000000000132
0.0035000000000000586
0.028500000000000192
0.0031000000000001027
0.0017000000000000348
0.00890000000000013
0.01429999999999998
0.008700000000000152
0.00890000000000013
0.0029000000000001247
0.005600000000000049
0.009100000000000108
0.014399999999999968
0.02650000000000019
0.0039000000000002366
0.002200000000000202
0.000700000000000145
0.008000000000000007
0.006199999999999983
0.009600000000000053
0.06730000000000014
0.0018000000000000238
0.0052000000000000934
0.005900000000000016
0.02190000000000003
0.018299999999999983
0.0026999999999999247
0.01110000000000011
0.008099999999999996
0.3477000000000001
0.010499999999999954
0.0035000000000000586
0.034399999999999986
0.009100000000000108
0.0040999999999999925
0.008199999999999985
0.01550000000000007
0.0019000000000000128
0.005800000000000027
0.00770000000000004
0.0051000000000001044
0.00670000000000015
0.007300000000000084
0.009500000000000064
0.011099999999999888
0.014600000000000168
0.0029000000000001247
0.007100000000000106
0.0048000000000001375
0.0033000000000000806
0.007400000000000073
0.0047000000000001485
0.0706
0.3407
0.011800000000000033
0.027200000000000113
0.018000000000000016
0.00770000000000004
0.023299999999999876
0.01440000000000019
0.0024999999999999467
0.009199999999999875
0.0036000000000000476
0.008700000000000152
0.006800000000000139
0.011700000000000044
0.0043999999999999595
0.0032000000000000917
0.0025999999999999357
0.01980000000000004
0.0041999999999999815
0.1643000000000001
0.006800000000000139
0.015099999999999891
0.005900000000000016
0.01440000000000019
0.03509999999999991
0.0036000000000000476
0.007500000000000062
