0.00670000000000015 0.0008170012239892933
0.006000000000000005 0.0007737816229402204
0.0052000000000000934 0.000720298549214146
0.018199999999999994 0.0013403753205725648
0.00770000000000004 0.0008763190058420523
0.0047999999999999154 0.000692221062956044
0.0036000000000000476 0.0005996082054141684
0.009800000000000253 0.0009883137153758425
0.0019000000000000128 0.00043559040393469913
0.0020000000000000018 0.0004469966442827118
0.007500000000000062 0.0008645571120521768
0.0018000000000000238 0.00042410611879575697
0.006099999999999994 0.0007799621785702165
0.00890000000000013 0.0009418211082790638
0.0036000000000000476 0.0005992929166943359
0.05160000000000009 0.0022512196694236667
0.0022999999999999687 0.0004793860657132224
0.012800000000000145 0.0011285282451051033
0.007800000000000029 0.0008817743475515704
0.0048000000000001375 0.0006922557330929108
0.005700000000000038 0.0007540948216239117
0.010900000000000132 0.001042108919451321
0.0035000000000000586 0.0005911116645778538
0.028500000000000192 0.0016798520768210518
0.0031000000000001027 0.0005564773131045013
0.0017000000000000348 0.00041215894992102577
0.00890000000000013 0.0009415237649682542
0.01429999999999998 0.0011925598517474939
0.008700000000000152 0.0009305047017613606
0.00890000000000013 0.0009416682005887198
0.0029000000000001247 0.0005381477492287855
0.005600000000000049 0.00074738611172539
0.009100000000000108 0.0009519343464756372
0.014399999999999968 0.0011955291715386965
0.02650000000000019 0.0016181634651666079
0.0039000000000002366 0.000624053683588206
0.002200000000000202 0.00046867899462212385
0.000700000000000145 0.00026453544185987214
0.008000000000000007 0.0008930520701504481
0.006199999999999983 0.0007862900228287303
0.009600000000000053 0.0009782239007507442
0.06730000000000014 0.002541442700514808
0.0018000000000000238 0.0004240212258838024
0.0052000000000000934 0.0007203499149718821
0.005900000000000016 0.0007672072731667737
0.02190000000000003 0.001474338834868022
0.018299999999999983 0.0013476583394911353
0.0026999999999999247 0.0005193274496885343
0.01110000000000011 0.0010482132416641176
0.008099999999999996 0.0008986194967838164
0.3477000000000001 0.005299400249084796
0.010499999999999954 0.0010204298114030166
0.0035000000000000586 0.0005912063937407965
0.034399999999999986 0.001843974511754434
0.009100000000000108 0.0009507886200412791
0.0040999999999999925 0.0006396991480375747
0.008199999999999985 0.0009038561832504133
0.01550000000000007 0.0012406341120572181
0.0019000000000000128 0.0004356730425445219
0.005800000000000027 0.0007608376962269971
0.00770000000000004 0.0008754558812413088
0.0051000000000001044 0.0007134668878090976
0.00670000000000015 0.0008175542795435678
0.007300000000000084 0.0008526963117077509
0.009500000000000064 0.0009724356019809199
0.011099999999999888 0.0010505498560277853
0.014600000000000168 0.0012052095253523355
0.0029000000000001247 0.0005381328832175211
0.007100000000000106 0.000840774048124702
0.0048000000000001375 0.000691819340579607
0.0033000000000000806 0.0005739817070255769
0.007400000000000073 0.0008587258002412641
0.0047000000000001485 0.0006850072992311862
0.0706 0.0026062256233871993
0.3407 0.0050216406681482095
0.011800000000000033 0.00108379241554829
0.027200000000000113 0.0016413269022348962
0.018000000000000016 0.0013337263587408015
0.00770000000000004 0.0008762710767793294
0.023299999999999876 0.0015112706574270528
0.01440000000000019 0.0011963845535612712
0.0024999999999999467 0.0004997169198656368
0.009199999999999875 0.0009574016920812272
0.0036000000000000476 0.0005995681779414293
0.008700000000000152 0.0009311879509529754
0.006800000000000139 0.0008235812042537155
0.011700000000000044 0.001079134375321258
0.0043999999999999595 0.0006625269805826802
0.0032000000000000917 0.0005653370675977273
0.0025999999999999357 0.0005096724438303489
0.01980000000000004 0.0014014570988795901
0.0041999999999999815 0.0006475322385796698
0.1643000000000001 0.003843932751753079
0.006800000000000139 0.0008235496342054937
0.015099999999999891 0.001224769774284128
0.005900000000000016 0.0007672476783933595
0.01440000000000019 0.001196587648273206
0.03509999999999991 0.0018549811319795136
0.0036000000000000476 0.0005995781850601366
0.007500000000000062 0.0008647097779023897
