RA_r1_rl
11m48s__101
1e-03
0.017599999999999838
0.0018000000000002458
0.00890000000000013
0.0034999999999998366
0.0005999999999999339
0.010499999999999954
0.006299999999999972
0.0032999999999998586
0.009600000000000275
0.001200000000000312
0.0054000000000002935
0.01089999999999991
0.012200000000000433
0.030699999999999505
0.025200000000000777
0.001100000000000101
0.005800000000000249
0.01529999999999987
0.01249999999999929
0.0047000000000001485
0.007300000000000306
0.0031000000000003247
0.0048000000000003595
0.000500000000000167
0.006899999999999906
0.030600000000000627
0.002500000000000391
0.0047999999999999154
0.14990000000000014
0.007099999999999884
0.03200000000000003
1.5253000000000003
0.0062000000000006494
0.04640000000000066
0.005300000000000082
0.00010000000000021103
0.006500000000000394
0.001200000000000756
0.07400000000000029
0.0051000000000001044
0.017700000000000493
0.026699999999999946
0.0017000000000000348
0.026699999999999946
0.0030999999999998806
0.0045999999999999375
0.02560000000000029
0.000300000000000189
0.009500000000000508
0.0017000000000000348
0.010100000000000442
0.010699999999999932
0.008600000000000385
0.0024999999999999467
0.0027000000000003688
0.10919999999999996
0.0014999999999996128
0.02660000000000018
0.0047000000000001485
0.027000000000000135
0.007299999999999418
0.01849999999999996
0.018799999999999706
0.0041999999999995374
0.01130000000000031
0.011899999999999356
0.0022999999999995246
0.009100000000000108
0.011699999999999822
0.001700000000000479
0.013900000000000468
0.001700000000000479
0.011400000000000077
0.0032000000000005357
0.005199999999999871
0.01849999999999996
0.0025999999999997137
0.019999999999999574
0.015000000000000568
0.0029000000000003467
0.04079999999999995
0.028200000000000003
0.006399999999999295
0.03240000000000087
0.0041999999999999815
0.0035000000000002807
0.008999999999999897
0.020700000000000163
0.0051000000000005485
0.0058000000000006935
0.0034999999999998366
0.0025999999999997137
0.0033000000000003027
0.013800000000000257
0.010299999999999976
0.006699999999999928
0.011299999999999866
0.006800000000000139
0.0008999999999996788
0.007200000000000095
