0.017599999999999838 0.0018351806450592268
0.0018000000000002458 0.0004896406845841178
0.00890000000000013 0.0015232094406220002
0.0034999999999998366 0.0007934916508697534
0.0005999999999999339 0.00031619614165891656
0.010499999999999954 0.0016591808219721014
0.006299999999999972 0.0011083226064643745
0.0032999999999998586 0.0007935118146568496
0.009600000000000275 0.00153490195126594
0.001200000000000312 0.00044711967078177176
0.0054000000000002935 0.001094963013073952
0.01089999999999991 0.001379735119506634
0.012200000000000433 0.0016919231661041867
0.030699999999999505 0.002690357411200232
0.025200000000000777 0.002382291333989191
0.001100000000000101 0.0006244013132593555
0.005800000000000249 0.000822904611726043
0.01529999999999987 0.001922201082093139
0.01249999999999929 0.0014433069666567834
0.0047000000000001485 0.0009106124312790692
0.007300000000000306 0.0011697713451781857
0.0031000000000003247 0.0009640181533560396
0.0048000000000003595 0.0009794590343653936
0.000500000000000167 0.0003605370993392948
0.006899999999999906 0.0011262499722530525
0.030600000000000627 0.002985155942325287
0.002500000000000391 0.0007278275894743064
0.0047999999999999154 0.0010384738802685454
0.14990000000000014 0.00504131540374137
0.007099999999999884 0.0013435471707387106
0.03200000000000003 0.0025429305928396837
1.5253000000000003 0.01002883467806704
0.0062000000000006494 0.00108533865682561
0.04640000000000066 0.00306473620398233
0.005300000000000082 0.0009532108895727061
0.00010000000000021103 9.999499987499086e-05
0.006500000000000394 0.0010144412255029811
0.001200000000000756 0.0005654343463214809
0.07400000000000029 0.0033114939226880622
0.0051000000000001044 0.0008539795079508484
0.017700000000000493 0.0018116161293165907
0.026699999999999946 0.0021288031848905133
0.0017000000000000348 0.0007135355632342317
0.026699999999999946 0.0024638812877247214
0.0030999999999998806 0.0009628691499887197
0.0045999999999999375 0.0009895332232926772
0.02560000000000029 0.0023106449316154147
0.000300000000000189 0.00017317909804592883
0.009500000000000508 0.0012677361712911794
0.0017000000000000348 0.0004998189672271307
0.010100000000000442 0.001490222466613631
0.010699999999999932 0.001575172054094405
0.008600000000000385 0.0012481618484795883
0.0024999999999999467 0.0007139796915879155
0.0027000000000003688 0.0007678678271681745
0.10919999999999996 0.004187429282984966
0.0014999999999996128 0.0006242667698988922
0.02660000000000018 0.0023425106189727245
0.0047000000000001485 0.0010435434825631338
0.027000000000000135 0.002604915353711132
0.007299999999999418 0.0012199266371384892
0.01849999999999996 0.002088493476168891
0.018799999999999706 0.0022662250550199094
0.0041999999999995374 0.0008243227523245797
0.01130000000000031 0.0012269812549505455
0.011899999999999356 0.0017109555809546864
0.0022999999999995246 0.0006242988066623139
0.009100000000000108 0.0015476514465473127
0.011699999999999822 0.0015817164726966673
0.001700000000000479 0.0006703976431939494
0.013900000000000468 0.0019495366116080045
0.001700000000000479 0.0005195449932392717
0.011400000000000077 0.0016656518243618559
0.0032000000000005357 0.0007345420341954524
0.005199999999999871 0.0009588075927942983
0.01849999999999996 0.0021296462147502274
0.0025999999999997137 0.0006478765314471511
0.019999999999999574 0.0021386762260800457
0.015000000000000568 0.0012783223380665664
0.0029000000000003467 0.000767939450738149
0.04079999999999995 0.0026724153868738333
0.028200000000000003 0.0023528986378507665
0.006399999999999295 0.0010941809722344827
0.03240000000000087 0.0028354181349494094
0.0041999999999999815 0.0006771558166330631
0.0035000000000002807 0.0008881300580433056
0.008999999999999897 0.0015639526847062908
0.020700000000000163 0.002143205776401321
0.0051000000000005485 0.001185636959612838
0.0058000000000006935 0.0010189092206865126
0.0034999999999998366 0.0007544991716363946
0.0025999999999997137 0.0008121994828858305
0.0033000000000003027 0.0008769840363427231
0.013800000000000257 0.0017094619036410255
0.010299999999999976 0.0014777567458820768
0.006699999999999928 0.0013291971260877855
0.011299999999999866 0.0016703685222129864
0.006800000000000139 0.0010854160492640486
0.0008999999999996788 0.0003872324883064498
0.007200000000000095 0.001190226869130425
