With Shot Noise
01/11/2024 17:58:16 

VQEr_100_shots_10000_COBYLA_maxIter_10000_tol_1e-03_RA_r1_rl 

Reference value: 0.0000000000e+00 

Number of pauli strings:  8
Qubits:  4
VQE runs:  100
Optimizer:  COBYLA
Max iterations:  10000
Optimizers's tolerance:  1e-03
Ansatz:  RA_r1_rl 

All run converged!!!
Number of iterations for each converged VQE run:
[96, 131, 78, 135, 107, 88, 91, 87, 100, 102, 94, 85, 101, 84, 92, 93, 76, 85, 98, 96, 98, 82, 96, 103, 96, 107, 118, 82, 82, 109, 107, 65, 106, 71, 84, 107, 90, 119, 113, 122, 87, 98, 106, 97, 81, 122, 77, 99, 104, 101, 96, 103, 103, 123, 111, 77, 114, 85, 86, 125, 94, 119, 97, 81, 95, 120, 95, 164, 84, 129, 96, 112, 111, 109, 91, 103, 103, 119, 91, 83, 95, 101, 136, 86, 105, 115, 92, 105, 149, 109, 83, 111, 97, 94, 151, 106, 113, 113, 99, 74] 

Average iterations of converged run:
101 

VQE eigenvalues:
[0.017599999999999838, 0.0018000000000002458, 0.00890000000000013, 0.0034999999999998366, 0.0005999999999999339, 0.010499999999999954, 0.006299999999999972, 0.0032999999999998586, 0.009600000000000275, 0.001200000000000312, 0.0054000000000002935, 0.01089999999999991, 0.012200000000000433, 0.030699999999999505, 0.025200000000000777, 0.001100000000000101, 0.005800000000000249, 0.01529999999999987, 0.01249999999999929, 0.0047000000000001485, 0.007300000000000306, 0.0031000000000003247, 0.0048000000000003595, 0.000500000000000167, 0.006899999999999906, 0.030600000000000627, 0.002500000000000391, 0.0047999999999999154, 0.14990000000000014, 0.007099999999999884, 0.03200000000000003, 1.5253000000000003, 0.0062000000000006494, 0.04640000000000066, 0.005300000000000082, 0.00010000000000021103, 0.006500000000000394, 0.001200000000000756, 0.07400000000000029, 0.0051000000000001044, 0.017700000000000493, 0.026699999999999946, 0.0017000000000000348, 0.026699999999999946, 0.0030999999999998806, 0.0045999999999999375, 0.02560000000000029, 0.000300000000000189, 0.009500000000000508, 0.0017000000000000348, 0.010100000000000442, 0.010699999999999932, 0.008600000000000385, 0.0024999999999999467, 0.0027000000000003688, 0.10919999999999996, 0.0014999999999996128, 0.02660000000000018, 0.0047000000000001485, 0.027000000000000135, 0.007299999999999418, 0.01849999999999996, 0.018799999999999706, 0.0041999999999995374, 0.01130000000000031, 0.011899999999999356, 0.0022999999999995246, 0.009100000000000108, 0.011699999999999822, 0.001700000000000479, 0.013900000000000468, 0.001700000000000479, 0.011400000000000077, 0.0032000000000005357, 0.005199999999999871, 0.01849999999999996, 0.0025999999999997137, 0.019999999999999574, 0.015000000000000568, 0.0029000000000003467, 0.04079999999999995, 0.028200000000000003, 0.006399999999999295, 0.03240000000000087, 0.0041999999999999815, 0.0035000000000002807, 0.008999999999999897, 0.020700000000000163, 0.0051000000000005485, 0.0058000000000006935, 0.0034999999999998366, 0.0025999999999997137, 0.0033000000000003027, 0.013800000000000257, 0.010299999999999976, 0.006699999999999928, 0.011299999999999866, 0.006800000000000139, 0.0008999999999996788, 0.007200000000000095] 

VQE eigenvalues standard deviation:
[0.0018351806450592268, 0.0004896406845841178, 0.0015232094406220002, 0.0007934916508697534, 0.00031619614165891656, 0.0016591808219721014, 0.0011083226064643745, 0.0007935118146568496, 0.00153490195126594, 0.00044711967078177176, 0.001094963013073952, 0.001379735119506634, 0.0016919231661041867, 0.002690357411200232, 0.002382291333989191, 0.0006244013132593555, 0.000822904611726043, 0.001922201082093139, 0.0014433069666567834, 0.0009106124312790692, 0.0011697713451781857, 0.0009640181533560396, 0.0009794590343653936, 0.0003605370993392948, 0.0011262499722530525, 0.002985155942325287, 0.0007278275894743064, 0.0010384738802685454, 0.00504131540374137, 0.0013435471707387106, 0.0025429305928396837, 0.01002883467806704, 0.00108533865682561, 0.00306473620398233, 0.0009532108895727061, 9.999499987499086e-05, 0.0010144412255029811, 0.0005654343463214809, 0.0033114939226880622, 0.0008539795079508484, 0.0018116161293165907, 0.0021288031848905133, 0.0007135355632342317, 0.0024638812877247214, 0.0009628691499887197, 0.0009895332232926772, 0.0023106449316154147, 0.00017317909804592883, 0.0012677361712911794, 0.0004998189672271307, 0.001490222466613631, 0.001575172054094405, 0.0012481618484795883, 0.0007139796915879155, 0.0007678678271681745, 0.004187429282984966, 0.0006242667698988922, 0.0023425106189727245, 0.0010435434825631338, 0.002604915353711132, 0.0012199266371384892, 0.002088493476168891, 0.0022662250550199094, 0.0008243227523245797, 0.0012269812549505455, 0.0017109555809546864, 0.0006242988066623139, 0.0015476514465473127, 0.0015817164726966673, 0.0006703976431939494, 0.0019495366116080045, 0.0005195449932392717, 0.0016656518243618559, 0.0007345420341954524, 0.0009588075927942983, 0.0021296462147502274, 0.0006478765314471511, 0.0021386762260800457, 0.0012783223380665664, 0.000767939450738149, 0.0026724153868738333, 0.0023528986378507665, 0.0010941809722344827, 0.0028354181349494094, 0.0006771558166330631, 0.0008881300580433056, 0.0015639526847062908, 0.002143205776401321, 0.001185636959612838, 0.0010189092206865126, 0.0007544991716363946, 0.0008121994828858305, 0.0008769840363427231, 0.0017094619036410255, 0.0014777567458820768, 0.0013291971260877855, 0.0016703685222129864, 0.0010854160492640486, 0.0003872324883064498, 0.001190226869130425] 

Median VQE eigenvalues:
0.006999999999999895 

Min eigenvalue after 100 VQE steps on Aer qasm simulator: 1.00000e-04
Delta from reference energy value is 1.00000e-04 

Optimizer history of the smallest VQE eigenvalue:
[4.005, 4.4721, 4.3087, 3.7621, 3.7723, 4.513, 4.4784, 4.2801, 3.5556, 2.5453, 2.3285, 3.3898, 2.5592, 2.0835, 2.1035, 1.9504000000000001, 2.3214, 2.7934, 1.4932999999999996, 0.6644999999999999, 1.2188000000000003, 0.9091, 0.8806000000000003, 1.5421999999999998, 0.5461000000000005, 0.7072000000000003, 0.2953000000000001, 0.13359999999999994, 0.23360000000000003, 0.19989999999999997, 0.21700000000000008, 0.24710000000000054, 0.23589999999999955, 0.1695000000000002, 0.10860000000000047, 0.13640000000000008, 0.10199999999999942, 0.10440000000000005, 0.09689999999999976, 0.08089999999999975, 0.055400000000000116, 0.059800000000000075, 0.046800000000000175, 0.030200000000000227, 0.024100000000000232, 0.02540000000000031, 0.019500000000000295, 0.0242, 0.017100000000000115, 0.025000000000000355, 0.02069999999999972, 0.013000000000000345, 0.008399999999999963, 0.016999999999999904, 0.017100000000000115, 0.01969999999999983, 0.00520000000000076, 0.008600000000000385, 0.004400000000000404, 0.007400000000000517, 0.005799999999999805, 0.006000000000000227, 0.002000000000000668, 0.005399999999999849, 0.0015000000000000568, 0.007199999999999651, 0.005599999999999827, 0.0024999999999999467, 0.0019999999999997797, 0.0029000000000003467, 0.0009999999999998899, 0.0019000000000004569, 0.0009999999999998899, 0.000500000000000167, 0.0034999999999998366, 0.0009999999999998899, 0.0017999999999998018, 0.00040000000000040004, 0.00010000000000021103, 0.0006999999999997009, 0.000600000000000378, 0.00010000000000021103, 0.00010000000000021103, 0.0008999999999992347, 9.999999999976694e-05, 0.0003000000000006331, 0.0003000000000006331, 0.0007999999999999119, 0.000500000000000167, 0.0, 0.00040000000000040004, 0.0009999999999998899, 0.00010000000000021103, 0.0, 0.00020000000000042206, 0.0003000000000006331, 0.0003000000000006331, 0.0013000000000000789, 0.00010000000000021103, 0.000600000000000378, 0.0, 0.00020000000000042206, 0.0005999999999999339, 0.00039999999999995595, 0.00020000000000042206, 0.000300000000000189, 0.00010000000000021103] 

Optimizer history of the smallest VQE eigenvalue standard deviation:
[0.015602994456193337, 0.015562742014182462, 0.016431972157960835, 0.017383907817288952, 0.01866761396108244, 0.017009050179242816, 0.016849262179692022, 0.01599302801223083, 0.016992551427022367, 0.01815571053415426, 0.018439847423446863, 0.01887644595785976, 0.0186797283706161, 0.01829479699258781, 0.018365464246786683, 0.017889093548863786, 0.018019555821384724, 0.01769810283617993, 0.016782405459289797, 0.009786116645534122, 0.012699090833599075, 0.0104294308090135, 0.014305959317710924, 0.015390598039062679, 0.007967148360611844, 0.010069748556940237, 0.0058348671792938, 0.004066509559806788, 0.005848843646397124, 0.006881248505903563, 0.005283792955822552, 0.007591677350888933, 0.006321476647113392, 0.005885224464708207, 0.0036385645521276634, 0.0046940345120162884, 0.0037081499430308877, 0.0034917359579441283, 0.003967857482319647, 0.003644767345112717, 0.0029900561867630504, 0.0035798754168266797, 0.0025806813053920446, 0.002231797481851794, 0.0021911136437893822, 0.0023432148855792156, 0.001816576725602305, 0.0021316932237073964, 0.0020096201133547667, 0.0025433513323959017, 0.0023468832523157123, 0.0018577599414348475, 0.001425151220046479, 0.0021726628822714322, 0.002027657022279659, 0.0020533613905009485, 0.0010387588748116626, 0.0012950382233741272, 0.0009482573490355955, 0.0012318408988177079, 0.0011909693530901585, 0.0011308457012342559, 0.0006479722216268276, 0.0012402273985039946, 0.0005915259926664055, 0.0012642120075367115, 0.0012321882972987533, 0.0007414721842389034, 0.0007209438258283487, 0.000877238280058489, 0.0004898530391862124, 0.0006401585741048834, 0.0005098431131239979, 0.0003605370993392948, 0.0010242699839397916, 0.0005290935645044012, 0.0006781209331675381, 0.00024493264380232136, 9.999499987499086e-05, 0.0003872763870932356, 0.0003999749992186854, 9.999499987499086e-05, 9.999499987499086e-05, 0.0005195623158004906, 0.0001731964202863277, 0.00022359561713056257, 0.00022359561713056257, 0.0004471733444649752, 0.00036053432568895684, 0.0, 0.00024493264380232136, 0.00046899893390069504, 9.999499987499086e-05, 0.0, 0.00019998999974998175, 0.00022359561713056257, 0.00022359561713056257, 0.0005384635549412414, 9.999499987499086e-05, 0.0003999749992186854, 0.0, 0.00019998999974998175, 0.0003463581960918577, 0.0002828144267889962, 0.00019998999974998175, 0.00033164589549697983, 9.999499987499086e-05] 

Smallest VQE eingenvalue optimizer final message:
{   'aux_operators_evaluated': None,
    'cost_function_evals': 107,
    'eigenvalue': 0.00010000000000021103,
    'optimal_circuit': <qiskit.circuit.library.n_local.real_amplitudes.RealAmplitudes object at 0x00000290D8984800>,
    'optimal_parameters': {   ParameterVectorElement(θ[0]): -2.087765535871991,
                              ParameterVectorElement(θ[1]): -1.5671438491030696,
                              ParameterVectorElement(θ[2]): 4.719732637482284,
                              ParameterVectorElement(θ[3]): -1.575011852120744,
                              ParameterVectorElement(θ[4]): -2.0970131192036474,
                              ParameterVectorElement(θ[5]): 1.5901884414418423,
                              ParameterVectorElement(θ[6]): -1.5640774120949026,
                              ParameterVectorElement(θ[7]): 4.698773764438904},
    'optimal_point': array([-2.08776554, -1.56714385,  4.71973264, -1.57501185, -2.09701312,
        1.59018844, -1.56407741,  4.69877376]),
    'optimal_value': 0.00010000000000021103,
    'optimizer_evals': None,
    'optimizer_result': <qiskit_algorithms.optimizers.optimizer.OptimizerResult object at 0x00000290D6DF1D00>,
    'optimizer_time': 7.197018623352051}
     ┌──────────┐ ░                 ░ ┌──────────┐
q_0: ┤ Ry(θ[0]) ├─░─────────────■───░─┤ Ry(θ[4]) ├
     ├──────────┤ ░           ┌─┴─┐ ░ ├──────────┤
q_1: ┤ Ry(θ[1]) ├─░────────■──┤ X ├─░─┤ Ry(θ[5]) ├
     ├──────────┤ ░      ┌─┴─┐└───┘ ░ ├──────────┤
q_2: ┤ Ry(θ[2]) ├─░───■──┤ X ├──────░─┤ Ry(θ[6]) ├
     ├──────────┤ ░ ┌─┴─┐└───┘      ░ ├──────────┤
q_3: ┤ Ry(θ[3]) ├─░─┤ X ├───────────░─┤ Ry(θ[7]) ├
     └──────────┘ ░ └───┘           ░ └──────────┘
The number of ansatz parameters is: 
 8
Line for latex table
RA r1 rl & $1\mathrm{e}{-03}$ & 10000 & 100/100 &101 & $1\mathrm{e}{-04}$ & $9.9995\mathrm{e}{-05}$ & $1\mathrm{e}{-04}$ & $7\mathrm{e}{-03}$ & $7\mathrm{e}{-03}$ & - & 00h 11m 48s\\

