RA_r1_rl
02h42m55s__169
1e-08
46.95866397254461
35.42640169524402
47.81954615335847
68.60159248849206
131.48875784598155
20.695373201949874
-6.676612645705546
14.819207340098828
29.861174891063975
5.1437318948188135
32.06988706932531
93.61670981092647
83.78131745897645
38.313579254750024
50.60804695355109
31.73934129819804
-16.82395070558789
54.51831263552879
49.08865817266668
73.67874156299158
34.43636042203236
203.09641389087062
53.562763162870596
52.08473308245993
118.98382381862683
178.63899757492217
-0.9153538694913621
100.59413800637583
57.44574703115797
78.0205822768962
73.53468208697639
48.668963536168775
127.823815335065
-1.1045461571567046
74.10634511017028
24.45284420106413
29.644137445434723
250.4146493253187
76.18152415281334
143.38389709824003
82.39415200791109
29.834821434309504
202.1656823966754
98.02700898522676
6.394276912845214
65.63636615738335
66.22305758988318
67.18024456059436
41.4140177376361
63.70552551571633
40.28840631259101
101.1503297997822
19.598564037668275
84.50178354176856
41.02276855959744
18.542098978366383
39.14311181554065
42.15146296370947
23.48078849655755
20.529495946575878
85.72063339184653
89.03761648287909
64.36737266627644
43.91425361811338
143.61544810134967
53.32166337068955
109.6325577764779
97.42259212426455
78.14886861361214
115.31020792189123
93.18477615254086
67.79959599226162
45.04447589571137
117.92592406044963
93.96197797871592
37.86692361561718
60.53788071790916
75.65519422846893
204.025728194135
104.00271765386117
95.33406501307402
44.180163424283066
70.17696497163098
250.63454570689922
189.01215278055145
79.93461835499012
16.26416729936711
150.48170574918004
95.94844029221966
200.12441126096297
28.87711579188859
40.440921218781654
36.868433389138275
118.78154342119639
39.447776480733076
74.72615846474896
142.0808039106701
207.4894180330786
52.99833180232279
59.72008144384239
