46.95866397254461 16.21902546551969
35.42640169524402 10.51760666792665
47.81954615335847 17.464048199397265
68.60159248849206 16.43686085618178
131.48875784598155 16.68607879360623
20.695373201949874 15.232042767112743
-6.676612645705546 15.880560161191415
14.819207340098828 13.644443845396466
29.861174891063975 15.420143941532423
5.1437318948188135 13.206434065707667
32.06988706932531 15.003865463069882
93.61670981092647 15.870402710876107
83.78131745897645 15.558871885634854
38.313579254750024 14.51994099639534
50.60804695355109 16.22479637870051
31.73934129819804 16.084141496949904
-16.82395070558789 13.617737214403066
54.51831263552879 14.36480019237563
49.08865817266668 15.767171619061264
73.67874156299158 13.74673073608963
34.43636042203236 16.784867933299928
203.09641389087062 16.43767470996873
53.562763162870596 15.817426922352677
52.08473308245993 15.491531165346872
118.98382381862683 12.923083577392022
178.63899757492217 17.998771173767505
-0.9153538694913621 14.89854389433831
100.59413800637583 16.58179856851567
57.44574703115797 16.092577213442638
78.0205822768962 16.010642593250584
73.53468208697639 14.784404739986408
48.668963536168775 16.34586160716423
127.823815335065 13.286588722831096
-1.1045461571567046 15.393412766478985
74.10634511017028 17.099025188775737
24.45284420106413 16.12559876565031
29.644137445434723 13.710466461966753
250.4146493253187 18.32063602066044
76.18152415281334 15.398656050365409
143.38389709824003 16.718094522830437
82.39415200791109 16.65148393209964
29.834821434309504 13.34557888001865
202.1656823966754 16.575022203873488
98.02700898522676 17.062848828701117
6.394276912845214 12.446138039209341
65.63636615738335 15.96643443345904
66.22305758988318 15.211552695054316
67.18024456059436 16.126426081147763
41.4140177376361 15.876055336523306
63.70552551571633 16.442685452217642
40.28840631259101 15.740074853193837
101.1503297997822 16.551190394909074
19.598564037668275 14.866949178171453
84.50178354176856 16.38085108983693
41.02276855959744 15.412507270278462
18.542098978366383 16.13566958744928
39.14311181554065 13.288358938524263
42.15146296370947 15.36280750602097
23.48078849655755 13.50968856618539
20.529495946575878 13.565458743119665
85.72063339184653 16.259972212274132
89.03761648287909 15.729348498144898
64.36737266627644 15.243792093612203
43.91425361811338 14.54167533944985
143.61544810134967 17.259878075089155
53.32166337068955 15.943880060616287
109.6325577764779 16.48800216114928
97.42259212426455 16.847488639499076
78.14886861361214 15.988978323647418
115.31020792189123 16.493871215240244
93.18477615254086 16.088848572083272
67.79959599226162 16.059165702857687
45.04447589571137 17.45545253877827
117.92592406044963 17.78517824015295
93.96197797871592 16.32130963882573
37.86692361561718 13.808781715523615
60.53788071790916 11.470130459962835
75.65519422846893 15.823243934968099
204.025728194135 16.845056321510725
104.00271765386117 16.51682400423065
95.33406501307402 17.342165429927
44.180163424283066 17.05058130801762
70.17696497163098 16.47062360482425
250.63454570689922 15.663765568286529
189.01215278055145 16.99118233064426
79.93461835499012 13.852989242117989
16.26416729936711 16.22317426594309
150.48170574918004 16.034578867813057
95.94844029221966 17.885689623519387
200.12441126096297 17.933195483710378
28.87711579188859 15.37461430487431
40.440921218781654 14.968450644892965
36.868433389138275 14.314144487393914
118.78154342119639 16.046050377303082
39.447776480733076 15.598537656675878
74.72615846474896 16.01363598704062
142.0808039106701 17.21306849713161
207.4894180330786 15.102411234603203
52.99833180232279 15.287094640938387
59.72008144384239 13.908251296099946
