With Shot Noise
02/11/2024 16:40:15 

VQEr_100_shots_10000_COBYLA_maxIter_10000_tol_1e-08_RA_r1_rl 

Reference value: -1.1669756808e-03 

Number of pauli strings:  102
Qubits:  5
VQE runs:  100
Optimizer:  COBYLA
Max iterations:  10000
Optimizers's tolerance:  1e-08
Ansatz:  RA_r1_rl 

All run converged!!!
Number of iterations for each converged VQE run:
[182, 158, 179, 179, 159, 184, 175, 160, 168, 170, 161, 170, 163, 166, 169, 163, 171, 168, 171, 159, 165, 152, 152, 199, 165, 164, 160, 168, 169, 155, 160, 176, 180, 172, 187, 172, 171, 168, 201, 174, 183, 164, 178, 171, 170, 168, 177, 168, 168, 165, 165, 170, 163, 172, 176, 161, 162, 175, 161, 174, 162, 158, 180, 166, 154, 170, 166, 173, 168, 185, 166, 174, 169, 165, 165, 187, 169, 178, 165, 148, 159, 161, 158, 183, 155, 161, 159, 176, 156, 157, 180, 163, 174, 160, 157, 162, 158, 171, 185, 178] 

Average iterations of converged run:
169 

VQE eigenvalues:
[46.95866397254461, 35.42640169524402, 47.81954615335847, 68.60159248849206, 131.48875784598155, 20.695373201949874, -6.676612645705546, 14.819207340098828, 29.861174891063975, 5.1437318948188135, 32.06988706932531, 93.61670981092647, 83.78131745897645, 38.313579254750024, 50.60804695355109, 31.73934129819804, -16.82395070558789, 54.51831263552879, 49.08865817266668, 73.67874156299158, 34.43636042203236, 203.09641389087062, 53.562763162870596, 52.08473308245993, 118.98382381862683, 178.63899757492217, -0.9153538694913621, 100.59413800637583, 57.44574703115797, 78.0205822768962, 73.53468208697639, 48.668963536168775, 127.823815335065, -1.1045461571567046, 74.10634511017028, 24.45284420106413, 29.644137445434723, 250.4146493253187, 76.18152415281334, 143.38389709824003, 82.39415200791109, 29.834821434309504, 202.1656823966754, 98.02700898522676, 6.394276912845214, 65.63636615738335, 66.22305758988318, 67.18024456059436, 41.4140177376361, 63.70552551571633, 40.28840631259101, 101.1503297997822, 19.598564037668275, 84.50178354176856, 41.02276855959744, 18.542098978366383, 39.14311181554065, 42.15146296370947, 23.48078849655755, 20.529495946575878, 85.72063339184653, 89.03761648287909, 64.36737266627644, 43.91425361811338, 143.61544810134967, 53.32166337068955, 109.6325577764779, 97.42259212426455, 78.14886861361214, 115.31020792189123, 93.18477615254086, 67.79959599226162, 45.04447589571137, 117.92592406044963, 93.96197797871592, 37.86692361561718, 60.53788071790916, 75.65519422846893, 204.025728194135, 104.00271765386117, 95.33406501307402, 44.180163424283066, 70.17696497163098, 250.63454570689922, 189.01215278055145, 79.93461835499012, 16.26416729936711, 150.48170574918004, 95.94844029221966, 200.12441126096297, 28.87711579188859, 40.440921218781654, 36.868433389138275, 118.78154342119639, 39.447776480733076, 74.72615846474896, 142.0808039106701, 207.4894180330786, 52.99833180232279, 59.72008144384239] 

VQE eigenvalues standard deviation:
[16.21902546551969, 10.51760666792665, 17.464048199397265, 16.43686085618178, 16.68607879360623, 15.232042767112743, 15.880560161191415, 13.644443845396466, 15.420143941532423, 13.206434065707667, 15.003865463069882, 15.870402710876107, 15.558871885634854, 14.51994099639534, 16.22479637870051, 16.084141496949904, 13.617737214403066, 14.36480019237563, 15.767171619061264, 13.74673073608963, 16.784867933299928, 16.43767470996873, 15.817426922352677, 15.491531165346872, 12.923083577392022, 17.998771173767505, 14.89854389433831, 16.58179856851567, 16.092577213442638, 16.010642593250584, 14.784404739986408, 16.34586160716423, 13.286588722831096, 15.393412766478985, 17.099025188775737, 16.12559876565031, 13.710466461966753, 18.32063602066044, 15.398656050365409, 16.718094522830437, 16.65148393209964, 13.34557888001865, 16.575022203873488, 17.062848828701117, 12.446138039209341, 15.96643443345904, 15.211552695054316, 16.126426081147763, 15.876055336523306, 16.442685452217642, 15.740074853193837, 16.551190394909074, 14.866949178171453, 16.38085108983693, 15.412507270278462, 16.13566958744928, 13.288358938524263, 15.36280750602097, 13.50968856618539, 13.565458743119665, 16.259972212274132, 15.729348498144898, 15.243792093612203, 14.54167533944985, 17.259878075089155, 15.943880060616287, 16.48800216114928, 16.847488639499076, 15.988978323647418, 16.493871215240244, 16.088848572083272, 16.059165702857687, 17.45545253877827, 17.78517824015295, 16.32130963882573, 13.808781715523615, 11.470130459962835, 15.823243934968099, 16.845056321510725, 16.51682400423065, 17.342165429927, 17.05058130801762, 16.47062360482425, 15.663765568286529, 16.99118233064426, 13.852989242117989, 16.22317426594309, 16.034578867813057, 17.885689623519387, 17.933195483710378, 15.37461430487431, 14.968450644892965, 14.314144487393914, 16.046050377303082, 15.598537656675878, 16.01363598704062, 17.21306849713161, 15.102411234603203, 15.287094640938387, 13.908251296099946] 

Median VQE eigenvalues:
65.00186941182989 

Min eigenvalue after 100 VQE steps on Aer qasm simulator: -1.68240e+01
Delta from reference energy value is -1.68228e+01 

Optimizer history of the smallest VQE eigenvalue:
[1420.926556070186, 1456.4033446421242, 2583.94328018315, 1172.2883332195772, 674.9709465367973, 1084.5763770584606, 635.0245173779814, 557.7987118919573, 482.90511987622114, 686.2380525984553, 456.22303907516607, 150.10443651193972, 165.59490821756344, 404.5821487047631, 215.89643993707355, 163.7984977616389, 83.8822430029672, 67.29771284149572, 235.08710356067886, 76.89859600180037, 117.82260155893061, 86.87830544077903, 123.34969997617357, 87.2577013119228, 153.90633673064013, 96.80778123308028, 113.97387392847352, 55.03729277930887, 34.5077853404801, 54.87655691122731, 32.125792003898084, 22.252420030448718, 40.29904388296512, 25.644595634573818, 13.930528112416084, 5.759776465160911, 39.19652155858482, 48.058392180929786, 23.96735115297693, -4.237167666692102, 34.67059089003871, 16.198510817234194, 25.740447048345715, 6.62657896737781, 19.921563670619292, 11.890331230443735, 35.535043213028416, 23.342946054453563, 28.89782122962606, 32.85494003957339, 12.486374605401124, -1.9845590497166654, 24.16097423709718, 21.05236117159714, 8.519917578227052, -1.190335592339892, 35.44779026356011, 27.83624149892495, 24.382666842811773, 5.59255716082572, 5.764379534277111, 16.765494884369218, 21.76837711322719, -6.341786137189132, 17.63258338075451, 10.874621994893317, 21.392873722203632, 12.677445414281152, -0.8184039800663925, 9.891291162640357, 17.10779842421394, 11.083623554636517, 16.338517572210606, 5.313443694419647, 6.746486739577222, 2.651668436103648, 20.463150762876353, 28.788889997363043, 21.102415046756022, 11.048089084824312, 24.037253518114568, 13.824199634252096, 13.085877236104835, 5.839838849673697, 15.608685920486352, 17.30473878839564, -21.36770281128389, 7.927462301644738, 20.12092028522494, 22.485075548864728, -15.007040553599978, 5.340852037166769, 20.62554012297653, -1.2441480374126002, 24.535851433135747, 5.368376568270122, 6.690674454735301, 29.165520560445884, 29.23049799720664, 13.746383295534997, 2.7488159908421608, 22.14057739513123, 0.0901467124395765, 15.20435348699894, 6.310113570821471, 18.661337343982325, 36.35486177769886, 26.396527044818384, 13.728736268153199, 23.20900487694479, 11.604455044877653, 0.22369785339188297, 11.145785571603625, 34.41469485349538, 29.562013798792435, 28.82495463204401, 40.45974840522996, 7.367989653368312, -0.6884204582912616, 2.5137189016674313, 45.97725173773111, 18.599509123905023, 32.27167658481744, 2.381776539624923, 27.923607005211352, 27.310104037150552, 15.787176341101429, 42.43532692268124, 35.86663975815162, 11.578640720334448, 2.394043691809344, 35.58412963748228, 19.284248332416553, 36.70384643467881, 14.94033921606973, 17.909650090531784, 13.561471710594333, 16.098257436517514, 32.889279184579124, 10.232218414379957, 9.536693183989428, 26.34113675289808, 29.78477146818159, 29.393775528620097, 14.009652328887313, 10.42229205356685, 5.500293265147576, 11.708469925600383, 21.211666510321777, 16.280691750268005, 5.808177317438918, 22.163125416162757, 29.820026382270754, -9.222363347818487, 38.857614140879065, 29.896455541936774, 12.012365524182428, 18.663947993380674, 12.089383105355125, 35.884694002969695, 8.410018835147213, -15.012625331604113, 25.78477097506078, 16.094601274514332, -5.75080591659966, 44.84795012554082, 38.871836200181974, 5.278374497072889, 13.208931208383802, 11.174347218225392, -16.82395070558789] 

Optimizer history of the smallest VQE eigenvalue standard deviation:
[17.73484317626098, 17.812983791645, 17.751996609835054, 18.35177821418118, 17.971935734399725, 18.204420952513253, 17.980517515270023, 17.419006984591174, 17.638756032098737, 17.832041914879845, 17.62206216667016, 16.474195855037966, 16.93435411652012, 17.763055524406862, 16.611638942827135, 15.744162210543422, 15.225816663055193, 15.09599743854074, 16.177150944993876, 15.486640079335421, 15.940062002840296, 14.952170138319202, 15.66961844520549, 14.984724174106724, 15.85485022863766, 14.895870171941565, 15.477172830847442, 14.765777737895796, 14.154965972711103, 14.292195367414434, 13.816966102194161, 13.501497440916427, 13.055628430492444, 13.728044984418313, 13.374106937880603, 13.743563936950382, 14.24844673286599, 13.831847192253896, 14.061121173859886, 13.706308012256702, 14.227597014666324, 13.675421888304106, 13.375756340816078, 13.79979893556454, 13.69022796625227, 13.292395436291729, 13.653163684236905, 13.896940509647456, 13.946477648808221, 13.770325511784803, 13.65086076096602, 13.67431128580588, 13.702364990649308, 13.539875692016885, 13.659549744444705, 13.662971528302666, 13.752246227249522, 13.796518752223541, 13.677433598366632, 13.681706854473168, 13.788816084957348, 13.719513041753922, 13.683637311830303, 13.658206464156457, 13.777199744568737, 13.762689132386202, 13.686787462852251, 13.718307970950127, 13.67944488929531, 13.681388982400044, 13.740591900808642, 13.737944407182997, 13.702608529585786, 13.636973428997848, 13.762441499603094, 13.674700317785932, 13.747100504056348, 13.717497346297046, 13.707912872389008, 13.748390581390803, 13.79064260118396, 13.636980983460024, 13.756128630904623, 13.691235619289966, 13.809365523439487, 13.717294511462038, 13.758883590543537, 13.73724621993025, 13.721855531001015, 13.73128091477884, 13.63517646374625, 13.727144861941618, 13.73975846996713, 13.709020161843096, 13.678188741386263, 13.69668236795271, 13.674353280253657, 13.74709180965461, 13.741047541750406, 13.73272000234743, 13.64516342639561, 13.718075161488507, 13.759033814545761, 13.726324509969139, 13.74038841798409, 13.692299669662972, 13.734727886675167, 13.781694733028484, 13.703761578244572, 13.787566303400373, 13.76617407485577, 13.708866171748415, 13.72376726311987, 13.756021598622937, 13.752887250336055, 13.762633460451205, 13.724359938403625, 13.705047118843233, 13.618627723280555, 13.68846716701037, 13.679265177376719, 13.754770693983929, 13.807004738395124, 13.617236823605838, 13.62820053436504, 13.782294793973156, 13.706969531515684, 13.663845016904556, 13.701974093764854, 13.644776841311732, 13.747295127144437, 13.623794503462047, 13.750936968975687, 13.771763904236382, 13.722026316996224, 13.704715441536012, 13.767104737694478, 13.685932684844879, 13.704426696441145, 13.690604506726931, 13.684141912529174, 13.71276970268734, 13.69849490793795, 13.74347466836735, 13.745559252809322, 13.664086305477513, 13.715350647516361, 13.688631812779033, 13.781031655801138, 13.728641281492738, 13.719850765344866, 13.779044874200025, 13.69964990597326, 13.710415791626005, 13.706469849157045, 13.776625826261208, 13.695209350942621, 13.74226500317249, 13.713713284774093, 13.666233184070567, 13.72357668595025, 13.663630718979157, 13.789789366307874, 13.688931939490066, 13.63780774537616, 13.709452391888204, 13.658502243574935, 13.774476407242304, 13.770052562760563, 13.725040855529167, 13.617737214403066] 

Smallest VQE eingenvalue optimizer final message:
{   'aux_operators_evaluated': None,
    'cost_function_evals': 171,
    'eigenvalue': -16.82395070558789,
    'optimal_circuit': <qiskit.circuit.library.n_local.real_amplitudes.RealAmplitudes object at 0x00000182777FED80>,
    'optimal_parameters': {   ParameterVectorElement(θ[0]): 3.0436751294841766,
                              ParameterVectorElement(θ[9]): 2.6009146355638184,
                              ParameterVectorElement(θ[8]): 2.5727615074375634,
                              ParameterVectorElement(θ[7]): -0.6106939000322316,
                              ParameterVectorElement(θ[6]): 1.6962581368273923,
                              ParameterVectorElement(θ[5]): 2.2401425348556345,
                              ParameterVectorElement(θ[4]): -0.33668542913769833,
                              ParameterVectorElement(θ[3]): 3.1226215169555873,
                              ParameterVectorElement(θ[2]): 0.3870170670355429,
                              ParameterVectorElement(θ[1]): -0.4246206005773684},
    'optimal_point': array([ 3.04367513, -0.4246206 ,  0.38701707,  3.12262152, -0.33668543,
        2.24014253,  1.69625814, -0.6106939 ,  2.57276151,  2.60091464]),
    'optimal_value': -16.82395070558789,
    'optimizer_evals': None,
    'optimizer_result': <qiskit_algorithms.optimizers.optimizer.OptimizerResult object at 0x0000018206E708C0>,
    'optimizer_time': 97.56849503517151}
     ┌──────────┐ ░                      ░ ┌──────────┐
q_0: ┤ Ry(θ[0]) ├─░──────────────────■───░─┤ Ry(θ[5]) ├
     ├──────────┤ ░                ┌─┴─┐ ░ ├──────────┤
q_1: ┤ Ry(θ[1]) ├─░─────────────■──┤ X ├─░─┤ Ry(θ[6]) ├
     ├──────────┤ ░           ┌─┴─┐└───┘ ░ ├──────────┤
q_2: ┤ Ry(θ[2]) ├─░────────■──┤ X ├──────░─┤ Ry(θ[7]) ├
     ├──────────┤ ░      ┌─┴─┐└───┘      ░ ├──────────┤
q_3: ┤ Ry(θ[3]) ├─░───■──┤ X ├───────────░─┤ Ry(θ[8]) ├
     ├──────────┤ ░ ┌─┴─┐└───┘           ░ ├──────────┤
q_4: ┤ Ry(θ[4]) ├─░─┤ X ├────────────────░─┤ Ry(θ[9]) ├
     └──────────┘ ░ └───┘                ░ └──────────┘
The number of ansatz parameters is: 
 10
Line for latex table
RA r1 rl & $1\mathrm{e}{-08}$ & 10000 & 100/100 &169 & $-1.6824\mathrm{e}{+01}$ & $1.3618\mathrm{e}{+01}$ & $-1.6823\mathrm{e}{+01}$ & $6.5002\mathrm{e}{+01}$ & $6.5003\mathrm{e}{+01}$ & - & 02h 42m 55s\\

