No Shot Noise
01/11/2024 01:20:14 

VQEr_100_COBYLA_maxIter_10000_tol_1e-06_RA_r1_rl 

Reference value: 3.2010110009e-02 

Qubits:  4
VQE runs:  100
Optimizer:  COBYLA
Max iterations:  10000
Optimizers's tolerance:  1e-06
Ansatz:  RA_r1_rl 

Only 63 runs out of 100 converged
Number of iterations for each converged VQE run:
[4616, 3367, 4703, 2724, 1992, 5452, 8823, 2464, 3721, 1632, 3733, 3266, 4785, 5338, 2527, 3137, 9884, 3091, 2796, 4338, 3992, 5429, 4341, 3817, 2900, 8307, 3958, 3652, 2343, 4557, 2075, 5077, 3756, 6544, 3750, 2346, 4073, 3944, 3679, 3896, 4960, 2983, 2006, 3621, 2265, 2120, 4482, 4029, 9834, 3285, 3350, 2785, 3045, 4727, 3069, 5169, 3939, 3071, 3769, 4767, 4775, 1616, 2297] 

Average iterations of converged run:
3981 

VQE eigenvalues:
[0.032010120247334295, 0.03201011379063501, 0.03201011592085701, 0.03201011578129753, 0.03201011112104646, 0.032010120607554815, 0.03201038931360234, 0.03201011469977155, 0.03201012690816474, 0.03201011396898945, 0.03201011902023976, 0.03201011178808488, 0.03201011937381282, 0.03201011825475486, 0.032010115168177644, 0.032010112018938, 0.03201011268066978, 0.03201011103944629, 0.03201011258605735, 0.032010112545643676, 0.03201011518391439, 0.03201011997186243, 0.0320101146451538, 0.03201011191754399, 0.03201011133817622, 0.032010113673641594, 0.03201012250676605, 0.032010117868412014, 0.03201011469019566, 0.032010117505031244, 0.03201011092626971, 0.03201011508865648, 0.03201011311533786, 0.03201011823798672, 0.032010128753610756, 0.03201011038231827, 0.03201011801642939, 0.03201011650052188, 0.03201011559491751, 0.032010121417278325, 0.032010120373526574, 0.03201011637945661, 0.032010110598626906, 0.032010125150075175, 0.03201011053086966, 0.032010113057498235, 0.03201011377607221, 0.032010112999099394, 0.032010111075894465, 0.032010118520656716, 0.032010114130741396, 0.032010111578605116, 0.03201011174051227, 0.032010115604101275, 0.03201011117985453, 0.03201011496300632, 0.032010114395054634, 0.032010117337123334, 0.032010120950021426, 0.032010120397184094, 0.03201011247291896, 0.03201011064621917, 0.032010110802524805] 

Median VQE eigenvalues:
0.03201011469977155 

Min eigenvalue after 100 VQE steps on Aer qasm simulator: 3.20101e-02
Delta from reference energy value is 3.73016e-10 

Optimizer history of the smallest VQE eigenvalue:
[85.5655130326361, 87.44724286603376, 26.163142664217705, 23.75333660536929, 54.91754310231457, 29.07267642052608, 35.1486718933483, 20.953772122330328, 21.03346573655497, 18.0495524677896, 42.238344063959396, 12.538760493866501, 6.408933110209993, 27.90050745829448, 4.911155127564537, 8.422267473078675, 4.799440123175897, 2.5037927505097035, 3.9124546700080547, 8.529796846718169, 3.174667549156552, 3.495588078614155, 2.2173137346995384, 2.529457935044536, 2.2725340092580657, 2.186424163754851, 3.0158553066700984, 2.363751240624576, 3.312715225040314, 2.2373072928483935, 2.1891576248332556, 2.288589642543045, 2.3399167878986034, 2.426125192731038, 2.1319197842729354, 2.252469871698538, 2.173642437508894, 2.0208861440430828, 1.8896932154942843, 1.8508489813080327, 1.8567918466583415, 1.7824479378164695, 1.790166209686468, 1.797262451821637, 1.7556794706214438, 1.7953152972245463, 1.7920289495343562, 1.8223090552963588, 1.760336196007846, 1.7590040226240355, 1.7805160833782798, 1.7581482003006763, 1.7639314288529164, 1.7457004992438327, 1.7430389583462946, 1.747231335974873, 1.729620025912559, 1.7248208037987176, 1.716147888955258, 1.7143164751674091, 1.712530826767217, 1.7143701222146037, 1.7098472867263097, 1.7139292984774315, 1.707461537213868, 1.7020217539077693, 1.7098043741080629, 1.7094021644975856, 1.697060549372524, 1.6970254145615025, 1.695998664620534, 1.6951295809373568, 1.6952923445851598, 1.6951229919674207, 1.6969097780612106, 1.691268182022538, 1.6959471083345656, 1.691613690930265, 1.6869661552169455, 1.6853647711988282, 1.6855179830169387, 1.685007119708015, 1.684212068282181, 1.680971442806432, 1.6767866611729143, 1.6747073378755815, 1.6719545137963503, 1.667863568094971, 1.6660359100780504, 1.6657695038898943, 1.6663270371084637, 1.6617574629961036, 1.6605802006180346, 1.6597418729802125, 1.6573243174284384, 1.6567472523116262, 1.655265482993739, 1.6550753013082316, 1.653324556538808, 1.650712117242409, 1.650296912131218, 1.6502211986220021, 1.6470854155471444, 1.6486340103358295, 1.6468013248142455, 1.645665792743169, 1.6426244249707613, 1.6435560464376855, 1.6427568943068225, 1.6414700451908542, 1.640291379540058, 1.6406869239065782, 1.640113280888109, 1.6365676688204858, 1.6376454984411721, 1.6368478869230123, 1.6351933743879075, 1.6354776191238751, 1.6348915817669223, 1.6319356097594255, 1.6315316756655769, 1.6327775518422496, 1.6292689596922298, 1.6293960554251181, 1.628640227550743, 1.6273053249230338, 1.6306302993332575, 1.6279850095256563, 1.6261441428509003, 1.626598115735789, 1.623588135387017, 1.6264060657539356, 1.6245936293887238, 1.6206126420926403, 1.6203730488163073, 1.621383185855918, 1.6204235065608252, 1.6203289845937947, 1.6199397791433012, 1.6182600748383604, 1.61518543468557, 1.6144466985392631, 1.6138408500052934, 1.612522675871015, 1.6103716578861484, 1.6070413110232988, 1.6049604295855608, 1.6036993776558495, 1.6020028623798588, 1.6034464980146093, 1.6030873955408995, 1.6023799134278978, 1.6020858690593869, 1.6044417591367348, 1.6010175271355427, 1.5984363120132925, 1.6003776358414012, 1.5989267111708432, 1.5955545780583775, 1.5954402466035913, 1.596882904530215, 1.5936623012479276, 1.5910788873677797, 1.5908160707298937, 1.5911896751303491, 1.5887150310352862, 1.5923157409578816, 1.5895302741120836, 1.5847081836133954, 1.5822815521631703, 1.5808984650619693, 1.5809756332741842, 1.5811335362297512, 1.5781954573331776, 1.5755121923018713, 1.5734196823393112, 1.5708086853004333, 1.5699302236329489, 1.5663479431700598, 1.5635515437564589, 1.56049726427639, 1.5591244637758268, 1.5570558310695939, 1.5559761866447186, 1.5524223480779562, 1.5493869793032733, 1.5475791936626873, 1.5474747807765432, 1.5482365356382222, 1.546294388258676, 1.5450315940874173, 1.5446894693155278, 1.5470254403985986, 1.5425063752153476, 1.539878961139066, 1.5391069324756788, 1.5380675928930567, 1.5344858879210452, 1.5357068435776442, 1.5348169578246433, 1.5314025066722714, 1.531751919841978, 1.5313965226618107, 1.5301081056132757, 1.5322674461942716, 1.5298169931369965, 1.5275739582686203, 1.5259316124888478, 1.5241136857336466, 1.5243838766613251, 1.5257493009310608, 1.52065441109161, 1.5174019841674493, 1.5151202910538903, 1.513070639926922, 1.5099750725064092, 1.513136359236201, 1.5103078407847716, 1.5077172702046886, 1.5061877523889684, 1.5031066428076916, 1.5027530565390335, 1.5028579150534314, 1.5081236395790945, 1.5018754465174826, 1.497707677708052, 1.4958536654244445, 1.4954482829121782, 1.4952212946929158, 1.4929227295387348, 1.4892047925918952, 1.4867595485039915, 1.490462938970883, 1.4849558082197147, 1.4838571409465529, 1.4838230464130329, 1.4812106325976837, 1.4809138782381934, 1.4812124828378772, 1.4812494500989646, 1.4786864048571484, 1.4758867963792546, 1.4726607945219428, 1.4706856956111738, 1.4697728428422279, 1.4699413840917048, 1.4713907041245045, 1.466150016735984, 1.4668061126860459, 1.4654919609866042, 1.463149343117197, 1.4625566753120207, 1.462457537304562, 1.4643730644284298, 1.4622040055021543, 1.4654247969342578, 1.4560960790514503, 1.4526190314930827, 1.454260492858691, 1.4519442792179476, 1.4506807526698355, 1.4469659319258121, 1.4449064833941634, 1.441658286066074, 1.4383542667079154, 1.4356785969630141, 1.4330923126914448, 1.4323577231981643, 1.4270046091853132, 1.4250056368309592, 1.420711288339179, 1.4187878104809633, 1.4171689896842499, 1.417303888004727, 1.415894913604595, 1.4198095690097479, 1.417287184880799, 1.4109057668797247, 1.4085925785768805, 1.4061691318204363, 1.410332051265973, 1.4060123351897222, 1.401711600943254, 1.4015393446293734, 1.4018494355097695, 1.3977950828891932, 1.3962424983955148, 1.3970283865964612, 1.394129682816823, 1.3896320588748297, 1.3879836579464793, 1.384872994810691, 1.3828641746391916, 1.3839049253728744, 1.3823912480272382, 1.380522598691938, 1.3774189564626762, 1.3725121593620417, 1.3688472925260184, 1.3677076127081438, 1.3678003450306797, 1.3676113898799205, 1.367314562654471, 1.3682047002141207, 1.3613519134830012, 1.3565819544280497, 1.3522636718246202, 1.3491783291574244, 1.3478466913467688, 1.342992431195457, 1.338701979888221, 1.3366460647557634, 1.3341965026395493, 1.3339017755866804, 1.3341407620020256, 1.3279469296317667, 1.3226743503020044, 1.3181193868943226, 1.3134905637917824, 1.309321140317513, 1.3052156571613103, 1.3028996677898304, 1.298525017048718, 1.294908579113321, 1.289438670600604, 1.2854170989117015, 1.2809808248687977, 1.2768234422548064, 1.272844699842243, 1.2687178916418973, 1.2653521642397543, 1.2663738139613505, 1.2666734086238236, 1.2641191055326804, 1.2680744411320024, 1.26366459770232, 1.2567593576789757, 1.254036083639662, 1.2513573622441458, 1.2536285505829938, 1.2534696013557802, 1.2474739212751615, 1.2452937419427115, 1.245514872182696, 1.2471368364039586, 1.2451774482316158, 1.2399747836028394, 1.2380177875838156, 1.2325163463998279, 1.227568132461555, 1.2244063743978175, 1.2224579537119653, 1.2196516756005034, 1.2148437617430208, 1.2118024044635476, 1.206963190409564, 1.2013090072407016, 1.1960648051704272, 1.1926946183068703, 1.1871156802535758, 1.1836214307781516, 1.1816336418367996, 1.181173286067463, 1.1803335894944909, 1.1784122433683746, 1.1736833395183746, 1.1703774121095931, 1.1743754410926996, 1.1718451000480576, 1.163709944530717, 1.1600197477384757, 1.1551659950837936, 1.1512133835805243, 1.1468098202377015, 1.1435340246302792, 1.137357536184234, 1.1347176450863434, 1.1331840103434825, 1.1326229416498426, 1.1280775942142824, 1.1235012272915945, 1.1200890269308446, 1.1152196842007909, 1.115909886141846, 1.1158062888872078, 1.1090710283414058, 1.1053746969777258, 1.1044825289567828, 1.1044580725913131, 1.1015431041989983, 1.1009558084521092, 1.1028717575117581, 1.0949697479727047, 1.0916283637614472, 1.0853200867440813, 1.0796613892568114, 1.074001744187178, 1.0689240285137531, 1.065599540311373, 1.0607970173176307, 1.0603820767198149, 1.060289569039603, 1.0617645736687256, 1.0596806925353097, 1.0547045391267595, 1.050091811546098, 1.0468915864907642, 1.0479773433946573, 1.0480820898512864, 1.040745137352559, 1.0380488859566612, 1.0358323439364359, 1.0335047337423742, 1.0324880473097333, 1.0304855086199256, 1.025502799225474, 1.0253728931037431, 1.0226123982766115, 1.016083224391654, 1.010378327458156, 1.0054385895467466, 1.0032513191575068, 1.0037108584401597, 1.0045190857368993, 1.0001311937231725, 0.9952917651067338, 0.9964385936468212, 0.994159271316308, 0.9887311306856689, 0.9849545316199033, 0.9808349445946849, 0.980764835712497, 0.9830519969317012, 0.9751186481799456, 0.9697119129075858, 0.9645809008711894, 0.9593941523484674, 0.9542980876097147, 0.9518482016990657, 0.9455931151473843, 0.9397744578569152, 0.933810190603801, 0.9281833099879182, 0.9226826041728946, 0.9176305946940705, 0.9122892767933647, 0.9070213084159846, 0.9027999729689982, 0.9028476046254437, 0.9024282388962455, 0.8964732671269154, 0.8905625931708975, 0.8845308305092766, 0.8789002024766251, 0.8729979450772561, 0.8677017687327855, 0.8635687612761553, 0.8606131020208122, 0.856723988228767, 0.8530622750437207, 0.8499193939851772, 0.8449015235632541, 0.8428663125213977, 0.8348363659434073, 0.8288963176315098, 0.8265142239976747, 0.8241326751703991, 0.823111620896986, 0.8241626104306966, 0.821803637789412, 0.8187263897757556, 0.8169479655388429, 0.8103387182700523, 0.8042956247951079, 0.7983748384553392, 0.793067647486364, 0.788851542849279, 0.7876117128061152, 0.7862165546844755, 0.7834980822793085, 0.7797516572268163, 0.7765505779420218, 0.7730295021888536, 0.7667915082253902, 0.7614583008317661, 0.7574861295361378, 0.7556410993814525, 0.7509327385422933, 0.7453981924973544, 0.7429235226085742, 0.7398031482855949, 0.7357879491466697, 0.7342911921672257, 0.7284998977218858, 0.7275962533410996, 0.7281408851108795, 0.7286522473749495, 0.7207113490171728, 0.7152978829174721, 0.7097923260087445, 0.705271644356833, 0.7030177845639695, 0.7001018105479455, 0.6964117476443275, 0.6928592385755894, 0.6873768182175177, 0.6832078850398047, 0.6771841241731513, 0.6715218172671177, 0.6661534111113669, 0.6602180876004627, 0.6543483111855652, 0.6484674636034286, 0.6426246392513402, 0.6372142136567861, 0.6326144308411221, 0.626739440774887, 0.6214374050834252, 0.6157032091398432, 0.6103254830667952, 0.6049556343279852, 0.5996088477545842, 0.5964423903339355, 0.591820175937433, 0.5907199727237392, 0.5922016507310193, 0.5848641234724545, 0.5792803430813952, 0.5736609453290455, 0.5695441324312314, 0.5662069817226354, 0.5656949317191197, 0.564289762436289, 0.5613104371930082, 0.5573662648822714, 0.5513570680646764, 0.5460527660419341, 0.5409543013333342, 0.5367967495435968, 0.5356316014348299, 0.5331998760690275, 0.5286150980914737, 0.5290384743265771, 0.5300640093871832, 0.5265248915809873, 0.5201497671163807, 0.5156478018512054, 0.5147166170950425, 0.5119561929438645, 0.5178003249557622, 0.5126803199517831, 0.5066926940553917, 0.5013526678183546, 0.49947599570270584, 0.49667830370016736, 0.4949644965974338, 0.4903648997580368, 0.4878682937721918, 0.48530908845415516, 0.48044010473944504, 0.48132249616829825, 0.4800701531072187, 0.4741237621976718, 0.4696524974289042, 0.4686152293549831, 0.46866423279787034, 0.4679632105617174, 0.4697577050660494, 0.4626503278801434, 0.45973869675903867, 0.4580083866262339, 0.45259937680577533, 0.448243841592668, 0.4441022340414439, 0.44004820382565474, 0.4359485674641907, 0.4332463110275293, 0.4324241602974906, 0.43194955920202033, 0.4393087745370904, 0.43316307906956, 0.4249915702334012, 0.42144326245726044, 0.4203052369012023, 0.41958466062492933, 0.4211589692953631, 0.4189028208210396, 0.4134738684442544, 0.4159444131381186, 0.4135620978357828, 0.40866616448563187, 0.4056009138033841, 0.4015898223194322, 0.40157866738650505, 0.4015877252729758, 0.40056634629074783, 0.4029865333738145, 0.39477824917378923, 0.3914581845919576, 0.3877654575220453, 0.3877258688248604, 0.38665429975083687, 0.38174269793647875, 0.3770107637842397, 0.37343777750140483, 0.3705039924748361, 0.3698716858043823, 0.3699916617986747, 0.3679555938265474, 0.3744211665711237, 0.3669993787351545, 0.3610568538095401, 0.3585423708030476, 0.35937751220354736, 0.35945182816403887, 0.3540555558569055, 0.3520277343280249, 0.34761010568302103, 0.3454131824360088, 0.34436577882334296, 0.3438414384446685, 0.33942360785027914, 0.3358361150787007, 0.3327968762729596, 0.3296121551389619, 0.32553829337216744, 0.32073519604454703, 0.316476521289782, 0.31488123908886223, 0.31352540397882944, 0.31457256913007686, 0.3107315003026415, 0.31128135217045594, 0.3067995022039665, 0.3079082226996197, 0.30614451506163765, 0.30333290191168766, 0.301703551134084, 0.30746652360265303, 0.3021105566836678, 0.29696347769604725, 0.2960492568078178, 0.29684543699070665, 0.2921969186439827, 0.2879878696488547, 0.28412056782143574, 0.2816234282429303, 0.28196678806652214, 0.28206340773996813, 0.28178334996971166, 0.28217010599773834, 0.27890025113533423, 0.2755990371782257, 0.27495190637336947, 0.27446984604082203, 0.27549748063395585, 0.2761818314615844, 0.273936555657207, 0.27605120221534485, 0.2719405275659341, 0.2715377808676725, 0.26736301603203627, 0.26641201559252614, 0.2609772407378581, 0.25712333582797464, 0.2537835878575053, 0.25263546178958735, 0.25235437426087304, 0.2530687888843559, 0.2511734924527519, 0.24886962682722502, 0.24486961037345234, 0.24125384348729395, 0.24000618605411583, 0.24001671069002906, 0.23958210641261413, 0.24288381720424412, 0.23955431374032143, 0.23845906375762604, 0.23675435699806546, 0.23353376294432704, 0.23272806279322622, 0.23085374031058148, 0.23374188441964017, 0.2334902170865969, 0.22864840093045125, 0.22970921781337394, 0.22930396283923493, 0.22395979714840508, 0.22195981761507233, 0.21939698680869357, 0.2181426048749584, 0.2170134911586573, 0.21638898100776616, 0.2188871306944935, 0.21994069802375038, 0.21671689466237032, 0.2124214828123605, 0.20766386039472118, 0.20672305655521273, 0.20727677123688604, 0.21010644229069464, 0.20638958343946967, 0.20245149393250794, 0.20113406665631417, 0.19783219250307515, 0.19693754436957867, 0.19611099337930582, 0.19649352945264198, 0.19595869965998347, 0.19202344226676948, 0.1897319117232943, 0.18749922289643606, 0.18503982282546638, 0.1870447103472912, 0.18447708137662433, 0.18387054235427547, 0.18347863000057396, 0.1820737003979097, 0.18134711279053561, 0.17958916545475856, 0.1842294498730449, 0.18106263184514615, 0.17566079828871228, 0.17239755795759049, 0.17065647490640845, 0.16779594925198849, 0.16798180646444638, 0.16691856934819405, 0.16607626523748953, 0.16550640854934273, 0.1632957909439473, 0.1624459389999422, 0.16246208798152106, 0.16105199807050496, 0.1611706265536751, 0.16307284786744825, 0.1582866328473833, 0.15901226457964968, 0.15807277689464105, 0.1559890606471851, 0.1544108076743932, 0.15431784939796955, 0.1568801755097775, 0.15291368387661208, 0.15113829568348935, 0.15140962669693192, 0.15111226381444132, 0.14757707174177237, 0.14720722383428197, 0.14737524690170944, 0.14592382349576472, 0.14761600051702106, 0.143809120325453, 0.1427039027902628, 0.14296784246313, 0.14068819327064175, 0.13830298303820088, 0.1368130340715935, 0.13398213536640857, 0.13229006796930076, 0.13013606601189098, 0.12887025616993075, 0.12901828205369137, 0.12806354384419405, 0.12606473870752088, 0.12430487107462729, 0.12635911156416302, 0.1231169248649212, 0.12166018148015689, 0.12087241389757097, 0.12126637676493834, 0.12076517307725632, 0.12011436192409375, 0.12120559715777401, 0.11890285204695628, 0.11594547012591305, 0.11445019096848019, 0.11367588369405068, 0.11426386613988149, 0.11469150859921573, 0.11121706875647142, 0.11145393488928435, 0.11244044841496192, 0.10914348168597221, 0.10808367704001443, 0.11112284146556495, 0.10931300466029492, 0.10725502394593878, 0.10640775842235539, 0.1047236091759336, 0.10278867404489866, 0.10413407599734903, 0.10278163982280786, 0.10056874546810746, 0.10263180142944872, 0.10031154976590051, 0.09831343039881346, 0.09753985306093249, 0.09729441294091434, 0.09878528229869121, 0.09555775553004886, 0.0956920322348489, 0.09718789728116872, 0.09314640556097764, 0.09278448965653774, 0.09290632029013624, 0.0941236961791293, 0.09248958270949359, 0.09088517430319287, 0.09078594453377531, 0.09250984423385888, 0.08886605788015234, 0.0888644698597647, 0.0882513241676599, 0.08763988471899331, 0.08801187830703494, 0.08802513754389696, 0.08975944393996882, 0.08444433257310846, 0.0838812528677616, 0.08373278946403362, 0.08262740849221473, 0.08252769506808144, 0.08127397372922862, 0.07910430030463866, 0.07948328886972778, 0.07917456995306082, 0.07832643449795329, 0.07612647293728625, 0.07568127641174749, 0.07575515641547625, 0.07680932891327452, 0.07406231524328422, 0.07303982700704448, 0.07212941639065429, 0.07405766510081091, 0.07188024530698367, 0.07199231260128103, 0.07116713067548386, 0.06931097818605403, 0.06892278025756826, 0.06855899134298915, 0.06861281249106532, 0.06829414372102238, 0.06692345333297645, 0.0666058485635822, 0.06696091144596272, 0.06763258616292334, 0.06468767478400961, 0.06327258884588638, 0.06316710310388618, 0.06381379382325802, 0.06363191409471636, 0.06334792360364816, 0.06342368018619049, 0.06362624895119895, 0.06245632001368806, 0.06255851264435353, 0.06264391985735063, 0.0626282773289174, 0.0630032566080595, 0.0632148810899581, 0.06172339842405428, 0.061598669798608285, 0.06172396112814449, 0.06071301773494653, 0.06024852610566034, 0.06010173324068402, 0.0609593813529159, 0.060028914616350515, 0.0591540241075772, 0.05924196303823992, 0.05953319862845441, 0.05905829241814642, 0.05817507077834583, 0.058054946468210744, 0.05775703341530525, 0.056919644406791314, 0.05670559263092867, 0.05688883836955716, 0.05598961550453896, 0.05547802531237489, 0.05543603340194492, 0.05547428175231217, 0.054729929037034886, 0.05418222187590904, 0.053790544112617966, 0.05342788174259083, 0.05377079545724994, 0.05314217673108945, 0.05254251159040402, 0.05279459716133461, 0.052646210017060824, 0.052086088771318484, 0.051617662389447094, 0.05190172321092035, 0.05175954839117103, 0.05120693611069893, 0.05101145833285747, 0.05090950580626363, 0.050673231444839706, 0.050134481025308264, 0.05066947553288503, 0.05028383778108436, 0.049487070909834396, 0.04935666587588816, 0.04926640173454322, 0.04984007944898594, 0.04919174878231947, 0.048870877172548566, 0.048867848770202116, 0.04872812159611828, 0.04805939024829964, 0.04818349329499472, 0.047971412569040806, 0.047620108110477455, 0.047748768213754955, 0.04771705770713808, 0.04774040248397249, 0.04762265273237143, 0.04804826148040131, 0.04766662448486958, 0.04759805726176236, 0.04785807193952096, 0.04718534086207371, 0.04692569473449504, 0.04678595231071936, 0.04679921111340268, 0.04680607671671755, 0.046682691820388755, 0.04675156984606077, 0.046455345985313756, 0.046252881665444945, 0.04613892658985819, 0.045937409428177256, 0.0458567738066733, 0.04578190739501986, 0.045730629279833956, 0.04592404253769278, 0.04552290600447595, 0.04513745769869992, 0.04497528695957698, 0.04494819122694371, 0.04484858859184604, 0.044814321689494174, 0.044755577666255375, 0.04459280739135041, 0.04435387621927889, 0.044286351146820224, 0.044247284370558804, 0.043934788765577215, 0.043651563599530596, 0.04341279069268267, 0.04319400683599528, 0.04301828411070452, 0.043001118021088636, 0.042982600096724166, 0.04273505404298539, 0.0425355155578504, 0.04237341873574407, 0.042086721202248656, 0.04183501064810524, 0.04164604967134822, 0.04140626060238506, 0.04123809864547301, 0.04110390674335618, 0.04089631495312518, 0.04090741777326545, 0.04093018586131403, 0.040690687882511956, 0.04055457136692364, 0.040495913734718725, 0.04034209078541051, 0.04030783769708712, 0.04036547523335998, 0.04014222151525826, 0.040110714430097505, 0.040267883630042856, 0.03991369296281666, 0.039669672369483155, 0.039560861441928497, 0.0395062393975425, 0.03954601178470729, 0.0393985829241732, 0.039323316272554476, 0.03913342761029959, 0.03897643539201423, 0.038980909021480104, 0.03896662575659926, 0.03875492323733909, 0.03861794067457547, 0.038403688260168156, 0.03822141621586761, 0.038025891212558505, 0.03784959656366138, 0.03774153060619789, 0.03767274462239034, 0.03769664656971017, 0.03754113570076811, 0.03737297471469059, 0.03721623461542489, 0.03705951713142075, 0.03691077218149519, 0.036814157053001506, 0.036681357674070325, 0.03669853572136805, 0.03676240409248699, 0.0366425356724116, 0.03671623511431199, 0.03645308420037208, 0.03641614307224528, 0.03648666851888949, 0.03646040180988952, 0.036579963417342376, 0.036488145288252394, 0.03629503599242234, 0.03618791072634131, 0.03615163076156436, 0.03620740394244015, 0.03607165328136697, 0.03590186708821752, 0.03599396571505631, 0.03590730972367906, 0.03577255301844773, 0.03576186348079102, 0.035731025300831165, 0.03578678295585236, 0.035665454166972976, 0.035586779750841235, 0.03549867258626671, 0.03545474602751142, 0.03552819377142913, 0.035408679277964206, 0.03543780508918448, 0.03540522500022747, 0.03525104802040713, 0.03526683239461903, 0.035243130248343246, 0.035314113925122625, 0.03520775013895705, 0.03525694607740493, 0.03519118486870687, 0.03515352659398585, 0.03513069995190288, 0.03514053378147863, 0.035163048598431446, 0.03506813679652965, 0.035027855170533195, 0.03502775170226391, 0.03502269182768547, 0.03501115508053576, 0.03500741252309425, 0.03502728632787344, 0.035057397005722746, 0.03493916084394644, 0.03488339720583744, 0.034894959940223624, 0.03487534097075007, 0.03483394917568605, 0.034810657912815235, 0.034802078228441724, 0.034803244110103604, 0.03472884386516961, 0.03476531936389127, 0.03472825068924401, 0.03466472124434916, 0.03462414444852646, 0.03458846407340377, 0.03464018941363789, 0.03459431692400894, 0.03458933741973291, 0.03460339647906141, 0.03452602295242657, 0.034518190215585665, 0.034504563116067866, 0.034481347869850576, 0.0344075742448855, 0.034359469307767454, 0.0343121306047679, 0.034298221878352075, 0.034303644018224055, 0.03425064062010841, 0.03418439667383444, 0.03412361068364145, 0.03406879700536147, 0.03401899681520737, 0.034005707158284104, 0.03394673690184247, 0.03390707106549273, 0.03389011655744034, 0.033882429180183915, 0.03389960022642846, 0.03381955367242395, 0.03379300165668464, 0.03376993843137066, 0.03375406128866454, 0.03376776594832187, 0.03374088721235624, 0.033752252527301185, 0.03372322183395671, 0.033683223419304964, 0.033651766557923235, 0.03367596311346699, 0.03363643955990081, 0.03365797067800269, 0.033647361926631314, 0.03360285115741657, 0.03358102217028114, 0.03357382500274042, 0.0335600523126075, 0.03361269652152565, 0.03355811395705066, 0.03350130395528339, 0.03349669295007296, 0.03349931298791731, 0.033488336664247664, 0.033514682063126244, 0.03344227727968163, 0.033423454379113315, 0.03346223658290248, 0.03342960263066552, 0.03338282206884713, 0.033350847548506035, 0.033331142143479764, 0.033312182378444244, 0.03331477779281189, 0.033300908463615775, 0.033354937341296464, 0.03330902897947785, 0.03327634943166591, 0.03328362891526837, 0.03326216193982623, 0.03322169958506194, 0.03319620406750878, 0.03324598636027931, 0.03320490474098359, 0.033159182034368406, 0.033139135234469874, 0.03314621770017079, 0.033129215258660194, 0.03312881642358767, 0.03309288752290196, 0.03305306613925896, 0.03304549248136768, 0.033019702499789805, 0.03298068028688261, 0.0329672965608655, 0.032964696535019544, 0.03296576526038475, 0.03298110224882311, 0.03295084560441919, 0.032922208300370626, 0.03294228360973983, 0.032907832023261974, 0.032906139970730774, 0.03291514953178476, 0.03287799481623799, 0.032856914588107244, 0.03287643918131278, 0.03284756287398061, 0.03284602598318853, 0.03283238008283296, 0.03279385440309435, 0.03278399222889994, 0.032781170095529055, 0.03277378668494979, 0.03278477805318003, 0.03276845601754452, 0.032755836543569394, 0.032743492228354376, 0.03282109262091426, 0.03274523753216951, 0.03270817821243854, 0.032704975983812945, 0.0326983882325389, 0.032702481102918624, 0.03267963729955403, 0.03266808130410581, 0.03266611152987009, 0.03269509093354428, 0.032668662282904104, 0.03264774887825006, 0.03266671763010265, 0.032668222814455916, 0.03267364403226203, 0.0326172573621929, 0.03259330359852419, 0.03260291653513259, 0.0325977871859916, 0.03259635223243118, 0.03259298649598075, 0.0325767146279895, 0.03264312219589982, 0.03256905898404472, 0.032554559369610936, 0.032591395858134975, 0.032544540457518756, 0.032551166446260105, 0.032547869878991276, 0.0325223440783301, 0.03250181084933623, 0.03248836600589222, 0.03248598698814942, 0.03248334460088198, 0.03250424754876258, 0.03250026671453332, 0.03245234106506001, 0.03243798354255534, 0.03242764638536122, 0.032436735747007894, 0.03243110688121398, 0.032415168903883296, 0.032430154047120685, 0.03240663798096566, 0.032425272700338015, 0.03240460163569303, 0.03238609077205057, 0.03243614750847568, 0.03238640368993395, 0.03236989954900271, 0.03235710822979876, 0.03235960668204041, 0.03235693394928063, 0.032368398604089244, 0.032336636137002106, 0.03231933267614606, 0.03232298427089697, 0.03231961698928143, 0.032333145220966975, 0.032316250093038734, 0.03232955784152303, 0.0323208303412591, 0.032297077429165544, 0.03229788281868984, 0.03230427973989847, 0.03229457649736722, 0.03229520665078034, 0.03229439738266049, 0.032292724781720406, 0.03227848070825601, 0.03227601078043785, 0.03227759023380905, 0.03227462643850343, 0.03227838598479693, 0.03227509639807946, 0.03227843732333868, 0.032290261625071426, 0.0322720879234194, 0.03225880076861143, 0.032250798001787206, 0.03225143284329479, 0.03225201014429746, 0.03225111142281356, 0.032257371102955235, 0.03224871337816004, 0.0322488027180593, 0.032247226506476157, 0.03224376200650303, 0.03223693043915832, 0.03225010828557828, 0.03224027309874167, 0.032229474805992586, 0.032233114985919964, 0.0322304949407165, 0.03223276515524376, 0.03222872134395527, 0.03222709162559778, 0.03222002618958397, 0.032227326360615316, 0.03221943707895003, 0.03221339794745792, 0.03220442797642442, 0.03220154601418024, 0.03220240979497668, 0.03220109939994664, 0.03220455509174114, 0.03219168162131947, 0.03218764693799381, 0.03218952257481189, 0.032189046643108066, 0.03218562320792773, 0.03217814606092528, 0.03217922611734603, 0.0321778061292467, 0.03217749089655331, 0.03217692015698459, 0.03217996056319372, 0.032182295785319504, 0.03217361728150492, 0.03217287644940481, 0.032173523386091585, 0.03217904285013984, 0.032166720338391075, 0.03215964248177772, 0.03215746257151497, 0.03216162537481626, 0.03215815976239833, 0.032164314201571176, 0.032155729853076354, 0.03214989517564326, 0.03214787689596055, 0.032145803196446776, 0.03214690288867683, 0.03214657325931636, 0.03214021023249036, 0.03214584546359622, 0.032143945747619695, 0.032136008449715314, 0.032140592308894655, 0.032132582224508544, 0.032130329592932494, 0.032130647664276424, 0.032133830816532094, 0.032130510767653386, 0.03212627067531182, 0.032132504415130825, 0.03212929181059443, 0.03212016121539096, 0.03212001750696214, 0.03211943189681021, 0.03211468543393314, 0.03211004251040861, 0.032102780154112054, 0.03210251146304821, 0.03210227681481126, 0.032098530554945714, 0.03209367777196537, 0.03209841265931912, 0.03209517798042616, 0.032097477892969906, 0.03209343666387621, 0.03208983301044677, 0.03209360519404825, 0.03208707610938544, 0.03208782620982831, 0.03208727441879877, 0.03208673232204218, 0.032090023543561164, 0.032085367383877794, 0.032084783139533446, 0.03208069342748221, 0.032087422911026175, 0.032080404914292315, 0.032080884930650644, 0.03207759124543641, 0.032075296279484355, 0.03207457558733806, 0.03207542852461531, 0.03207388251260734, 0.03207468023391835, 0.032073116209897945, 0.032071564395526275, 0.03207166996303157, 0.032070704833508934, 0.03206966949824619, 0.032070709328696156, 0.03207091763814629, 0.032070253239094626, 0.03207022942288407, 0.032067294372263966, 0.032066957232005366, 0.03206807890195129, 0.03206685838384338, 0.03206543561594999, 0.032063459524931615, 0.03206158405748216, 0.03206093687186207, 0.03206064583699619, 0.03206169273286086, 0.03205987859338344, 0.03205877811617963, 0.03205844593353646, 0.03205869708319842, 0.03205872761966133, 0.03205804445524263, 0.0320609621817316, 0.032055573211898336, 0.03205581412147862, 0.032056082224363625, 0.03205579849539053, 0.03205536700360301, 0.032054716490998114, 0.032054949226939855, 0.03205459187477322, 0.032054611117123266, 0.03205528859783913, 0.03205343867147181, 0.03205249918925113, 0.032052021099445716, 0.03205155197591525, 0.03205130376776877, 0.03205131846545062, 0.032051408750148225, 0.03205130337713358, 0.03205067588926569, 0.03204997136235854, 0.032049782034539565, 0.032049748533421685, 0.032049756673391716, 0.03204932591577059, 0.03204956011872617, 0.03204917835166832, 0.032047972829903904, 0.032047104713777586, 0.032046631934024905, 0.032046514684869964, 0.0320467019446683, 0.032047742874177776, 0.0320466681508077, 0.03204666404437895, 0.03204657152326651, 0.03204540145425938, 0.03204504096754324, 0.03204461782762824, 0.032045557957385506, 0.03204430602881991, 0.032043759397899496, 0.032043689731768854, 0.03204315556314663, 0.03204293558233795, 0.032042814103565576, 0.03204230118642204, 0.03204157975803501, 0.03204191874850726, 0.032041566471719074, 0.03204063278023839, 0.03204048522567415, 0.03204047036836677, 0.032040057329722704, 0.032039776504426465, 0.0320399034221146, 0.03203953988230368, 0.0320397772116674, 0.03203905292798104, 0.03203826393156328, 0.03203764532762321, 0.03203778343307151, 0.032037648459865786, 0.032037245932012515, 0.032036783567186755, 0.03203651181015965, 0.03203770213535573, 0.03203624507179925, 0.03203550015176393, 0.032035393654032185, 0.03203543435989242, 0.03203471427324467, 0.03203421752569291, 0.03203343985620777, 0.032033166360239895, 0.032032885679440404, 0.03203220750701963, 0.032031461901061764, 0.03203127920069937, 0.032031593571829386, 0.032031242934310034, 0.032031052853123576, 0.03203037612777382, 0.03202983182195751, 0.03202998445558525, 0.03202994145011917, 0.0320292387483182, 0.03202884795505467, 0.03202832240586828, 0.03202869617274451, 0.03202831671987527, 0.0320278253391838, 0.03202741908121598, 0.03202758102718606, 0.03202744637434973, 0.032027378758185066, 0.03202749913914349, 0.03202723599987367, 0.03202638683451897, 0.03202617625744575, 0.03202571472952731, 0.032025506152476124, 0.03202518133809018, 0.032024989796998415, 0.032024697880658204, 0.032025048641526555, 0.03202486020361195, 0.03202406638215072, 0.03202362240987455, 0.032023378267768354, 0.032023165108846396, 0.03202359860535853, 0.03202319719145352, 0.03202286691295253, 0.032022357627118025, 0.032022277369226915, 0.03202215709722578, 0.032021979005726564, 0.0320221721390046, 0.03202170358350864, 0.03202116701462676, 0.03202104467008382, 0.032021101110065064, 0.03202072779602594, 0.03202039748401542, 0.03202110737823527, 0.03202023488824346, 0.032020242647614605, 0.03202017675108071, 0.032019880758739294, 0.03201962723815066, 0.03201950106953477, 0.032019892499335345, 0.03201945691134045, 0.032019507171856976, 0.03201980873971244, 0.0320189732214734, 0.03201897215210181, 0.03201897881868199, 0.032018659168329466, 0.03201866747627935, 0.03201887527090819, 0.032019286678689585, 0.032018681183410114, 0.03201842584719017, 0.03201823302379814, 0.03201804428638244, 0.032017959244250216, 0.03201788442607345, 0.032017661575997725, 0.032017714232343564, 0.03201798670831357, 0.03201744571018472, 0.03201712299352755, 0.03201675948645777, 0.03201705392314591, 0.032016811808561085, 0.03201705019873824, 0.03201669753896852, 0.03201639600156392, 0.032016090755032756, 0.03201599340724781, 0.032015987962197845, 0.03201612345556104, 0.03201610281212519, 0.03201588136059641, 0.032015389512083825, 0.032015048877100716, 0.03201515426871415, 0.032015104956224505, 0.03201525852918263, 0.03201509842109118, 0.03201533435956805, 0.032015022890043876, 0.03201497703110945, 0.03201492192731559, 0.03201506735191517, 0.03201504265525934, 0.03201499002323205, 0.0320148974383907, 0.0320148365248335, 0.0320146999590698, 0.03201484064279758, 0.032014740234405537, 0.0320145411496654, 0.03201451537190081, 0.03201454283350713, 0.03201435883149284, 0.03201431558527723, 0.03201428678743856, 0.032014249313869536, 0.03201408174862175, 0.032014008862009224, 0.03201392714609874, 0.032013778030649864, 0.032013731258651035, 0.03201374654883238, 0.032013670644929326, 0.03201360876853665, 0.03201359124581282, 0.03201346323809928, 0.032013339367789384, 0.032013221282376825, 0.0320131251782767, 0.03201321382682887, 0.03201312022169389, 0.03201310509137911, 0.032013222202543434, 0.03201294097506047, 0.032012919261627526, 0.03201292476291262, 0.032012989061234065, 0.032013006374916664, 0.03201300926095951, 0.03201286951243976, 0.03201281716311288, 0.03201280687675756, 0.032012798537727094, 0.032012755434160045, 0.03201270231591746, 0.03201265778307738, 0.032012624262104494, 0.03201261110184672, 0.03201267641907002, 0.03201262794096793, 0.03201254299050005, 0.03201250241755471, 0.03201249719627319, 0.032012487642596676, 0.03201252259613263, 0.03201251450785092, 0.03201242805752125, 0.03201241349599393, 0.0320124067864469, 0.03201238982825083, 0.032012422340255475, 0.03201232311657287, 0.03201227972759868, 0.032012280091530454, 0.0320122800707453, 0.032012242382992495, 0.03201218471270206, 0.03201213422727345, 0.032012081865203545, 0.03201203085459681, 0.03201198223906421, 0.032011931511080616, 0.03201191093964406, 0.03201189516208525, 0.032011907802479755, 0.032011849013842464, 0.03201183767144078, 0.03201182017272308, 0.03201176340388601, 0.03201171580531448, 0.03201169067406007, 0.0320116712462325, 0.032011709943190914, 0.03201166707083403, 0.03201164031488435, 0.03201164964796133, 0.03201166601770844, 0.03201162445307715, 0.03201159124713049, 0.03201162781586642, 0.03201157702047541, 0.03201153950460256, 0.03201150477086834, 0.03201148726003622, 0.032011477791328846, 0.03201147912313351, 0.032011452538284635, 0.032011404576913094, 0.032011366991221424, 0.03201136221851031, 0.03201134671169381, 0.03201128630791539, 0.032011270766788336, 0.03201127610446752, 0.03201127199237064, 0.03201129051769114, 0.032011259670217895, 0.032011238195238656, 0.03201125505808955, 0.03201121677785301, 0.032011210432287496, 0.03201121404581131, 0.032011184551630434, 0.03201115603293314, 0.03201115033802282, 0.03201115376649388, 0.03201112585950083, 0.03201113411179335, 0.03201112215232238, 0.03201110061668455, 0.03201109608822139, 0.03201112006169937, 0.03201108865092683, 0.032011098814120564, 0.03201105764824963, 0.032011032438287845, 0.03201102443012871, 0.03201101926148575, 0.03201100634773235, 0.03201097585090629, 0.03201097923695673, 0.032010972133846294, 0.03201094091190526, 0.0320109194973458, 0.03201090049139821, 0.03201092709630038, 0.032010897863679055, 0.03201087781925405, 0.03201085832934669, 0.032010853732720945, 0.03201087333327057, 0.03201083267579308, 0.03201081229236924, 0.03201078591090034, 0.03201080561509728, 0.03201079396803763, 0.03201077540201169, 0.03201076828748295, 0.03201076866423658, 0.03201074089173406, 0.032010777158009485, 0.03201073414657318, 0.032010732021137245, 0.03201072995252663, 0.032010714052529754, 0.03201070809164086, 0.0320107106131482, 0.032010672364785164, 0.03201064509994023, 0.0320106341951889, 0.03201062933687615, 0.0320106232233609, 0.03201060834624048, 0.0320106095261915, 0.03201063975419627, 0.032010609195472384, 0.03201058863529105, 0.03201059242915416, 0.03201059394568617, 0.03201057706118726, 0.03201056585367035, 0.03201060207308193, 0.03201059611770052, 0.032010540489954664, 0.032010549002303934, 0.03201054256677471, 0.03201053289327194, 0.032010533956163156, 0.032010537032017616, 0.032010525585585925, 0.032010552033052475, 0.0320105116169771, 0.032010515655535254, 0.03201050947724127, 0.032010508214953326, 0.032010510703977424, 0.03201049589330074, 0.032010494416920054, 0.03201049502213704, 0.03201049012203805, 0.032010495534151584, 0.03201047687435121, 0.03201046832004961, 0.032010456454564795, 0.03201044564052691, 0.032010436795716135, 0.032010431360782965, 0.03201042668093723, 0.03201042922870578, 0.03201042684898414, 0.03201042647726904, 0.032010425266953524, 0.03201041584074704, 0.03201041158929663, 0.03201041815569239, 0.0320104092693585, 0.03201040746371686, 0.03201040850347736, 0.032010397440049965, 0.032010396579645106, 0.032010396850690515, 0.03201039972341024, 0.032010391847562714, 0.03201038492758168, 0.03201038049358984, 0.0320103813301873, 0.03201038140434487, 0.03201038363761244, 0.03201038558340308, 0.03201037305352983, 0.03201037653356231, 0.032010373830341665, 0.03201037240065141, 0.03201037019101782, 0.03201037352388336, 0.03201036642708166, 0.03201036042898442, 0.03201035725111345, 0.03201035405552788, 0.03201035264501406, 0.03201035122717799, 0.03201035160236554, 0.032010349740363875, 0.03201034578173756, 0.03201034158655791, 0.0320103368588146, 0.032010332730590396, 0.03201032889370803, 0.03201032758023159, 0.03201032681463645, 0.03201032679993421, 0.03201032395824188, 0.032010319752569294, 0.03201031517135544, 0.03201031107975938, 0.032010307133389704, 0.03201030584989939, 0.03201030434623908, 0.03201030762003754, 0.032010304276678725, 0.03201030485576217, 0.03201030330644583, 0.0320102986049009, 0.032010295719008375, 0.03201029385068055, 0.03201029222566676, 0.03201029664880417, 0.03201029221941454, 0.032010293843180215, 0.03201029250115528, 0.03201028816859963, 0.032010284475294526, 0.03201028336892087, 0.03201028650570714, 0.03201028218760482, 0.032010279363185346, 0.03201027740864837, 0.032010278314993146, 0.03201027738929796, 0.032010274198277955, 0.03201027195796602, 0.03201026796647277, 0.03201026441784416, 0.0320102614635448, 0.032010258338304065, 0.032010256339486176, 0.03201025612084474, 0.03201025667677104, 0.03201025238080324, 0.03201025040862515, 0.03201024662264018, 0.03201024377631767, 0.03201024273612574, 0.032010239087551406, 0.032010239234374294, 0.03201023851726181, 0.032010237202612424, 0.032010237000331454, 0.032010234134246085, 0.03201023176478901, 0.03201023205704656, 0.03201023298358818, 0.032010229028548554, 0.03201022631078343, 0.03201022373373885, 0.03201022302384515, 0.03201022560934852, 0.03201022167222134, 0.03201021862629683, 0.032010216552914916, 0.03201021646203417, 0.03201021653522618, 0.032010216580420026, 0.03201021822554306, 0.03201021427648665, 0.03201021197378762, 0.032010211940811106, 0.03201021154825168, 0.03201020925193754, 0.03201020767828133, 0.03201020754988615, 0.03201021032134699, 0.03201020401840515, 0.032010200641574116, 0.03201019879988687, 0.032010197665240936, 0.03201019687153772, 0.03201019621389056, 0.032010196167218674, 0.03201019565229246, 0.03201019623919377, 0.03201019495291113, 0.03201019234339286, 0.032010190849572684, 0.03201019079766021, 0.032010191210549044, 0.032010187859260686, 0.032010185567211025, 0.03201018518944332, 0.03201018582714532, 0.032010183336848574, 0.03201018200969341, 0.03201018021066748, 0.032010182162638845, 0.03201017940461748, 0.03201017968148767, 0.03201017964958741, 0.032010177476579305, 0.03201017705938736, 0.03201017552122676, 0.03201017331298772, 0.03201017353779145, 0.03201017425045827, 0.03201017179342813, 0.032010170725048415, 0.032010171219981176, 0.03201016995648509, 0.032010170395106785, 0.032010170328264254, 0.032010169176460046, 0.032010169030299074, 0.0320101699699169, 0.032010169692526125, 0.03201016927991618, 0.032010169805716804, 0.03201016778281551, 0.032010165729585816, 0.032010166305754484, 0.03201016598641282, 0.03201016609872953, 0.03201016500687037, 0.03201016421376779, 0.03201016392250944, 0.03201016418975966, 0.03201016370850385, 0.03201016321060324, 0.03201016309769178, 0.032010163314008855, 0.03201016160915238, 0.032010160706274604, 0.032010159663874216, 0.0320101592012102, 0.03201015973589849, 0.032010159241461444, 0.03201015878052815, 0.0320101590578169, 0.032010159160066665, 0.03201015873656299, 0.03201015766695814, 0.0320101572273489, 0.03201015612754066, 0.03201015574387511, 0.03201015484785197, 0.03201015406228691, 0.03201015338427915, 0.03201015296301046, 0.032010152738030095, 0.03201015233176019, 0.03201015168502719, 0.03201015075477209, 0.03201014998023832, 0.032010149239871444, 0.03201014876525432, 0.03201014878002628, 0.03201014899134369, 0.03201014871362606, 0.032010148203335365, 0.03201014733468621, 0.032010146808791995, 0.03201014667819546, 0.032010146378069426, 0.03201014647011602, 0.03201014678095215, 0.032010145877013896, 0.0320101450697583, 0.03201014462736129, 0.03201014405758984, 0.03201014451390194, 0.032010143959646076, 0.03201014352589138, 0.03201014294637472, 0.03201014307809902, 0.032010142765733884, 0.03201014249793843, 0.03201014234809574, 0.032010143073851416, 0.032010141266264336, 0.032010140626262173, 0.03201014040362149, 0.0320101405439277, 0.03201014026925875, 0.03201014017751169, 0.03201014044941719, 0.0320101400549504, 0.032010139288196515, 0.0320101390293831, 0.03201013903576799, 0.032010139275711946, 0.032010139016221406, 0.03201013938326258, 0.03201013796941454, 0.03201013775430628, 0.032010137746097955, 0.03201013749115089, 0.03201013706256661, 0.0320101377436105, 0.03201013751490889, 0.03201013652217144, 0.03201013574896061, 0.03201013556941834, 0.032010135109079574, 0.03201013469696934, 0.03201013489237381, 0.032010134678048696, 0.0320101348112225, 0.03201013529382679, 0.032010134342485896, 0.03201013339308423, 0.03201013314767964, 0.03201013294157484, 0.0320101329618705, 0.03201013359872973, 0.03201013316239221, 0.032010132160927185, 0.03201013179658074, 0.032010131839726896, 0.032010131686618815, 0.03201013152966459, 0.03201013061827207, 0.03201013042850642, 0.03201013047860124, 0.03201013003484521, 0.03201012982465412, 0.03201012910568457, 0.032010128764014434, 0.03201012871131892, 0.03201012900524525, 0.032010127816078704, 0.032010127190122306, 0.0320101273851261, 0.0320101272974076, 0.032010127303649716, 0.03201012722641061, 0.03201012700944583, 0.03201012711567219, 0.03201012754877863, 0.03201012688027227, 0.03201012645431167, 0.032010127022017554, 0.03201012629565436, 0.03201012619551158, 0.03201012621788557, 0.032010125935756695, 0.03201012582985119, 0.03201012582264218, 0.03201012570683315, 0.03201012540484949, 0.03201012519943325, 0.03201012552547988, 0.03201012521228774, 0.03201012491069599, 0.032010124841275855, 0.03201012483712484, 0.032010124644964555, 0.03201012461763175, 0.03201012463516639, 0.032010124385062344, 0.032010124558577324, 0.032010124403525464, 0.032010124053412414, 0.032010123928839285, 0.03201012388401625, 0.03201012388006497, 0.03201012391986047, 0.03201012390395275, 0.03201012377190826, 0.03201012386784796, 0.03201012374487833, 0.032010123438254046, 0.03201012318731811, 0.032010122960442255, 0.03201012278559612, 0.03201012253805935, 0.03201012233662681, 0.03201012216315691, 0.03201012216787935, 0.032010122129160434, 0.03201012192632824, 0.03201012171859119, 0.03201012151434235, 0.03201012147728777, 0.03201012129036618, 0.0320101212623195, 0.03201012140285264, 0.0320101209604291, 0.03201012075483345, 0.03201012058444197, 0.03201012051340102, 0.03201012043321527, 0.032010120426494204, 0.032010120475149506, 0.032010120213290416, 0.032010119947161075, 0.03201011971809786, 0.03201011952042576, 0.03201011936678666, 0.032010119274841986, 0.032010119199008535, 0.03201011915694352, 0.0320101190440355, 0.03201011888569161, 0.03201011866582615, 0.03201011852795632, 0.032010118530424125, 0.03201011855665581, 0.03201011849134516, 0.032010118521974995, 0.03201011855951097, 0.03201011843385093, 0.0320101182429241, 0.03201011815645305, 0.03201011829183076, 0.03201011830000133, 0.032010118042158586, 0.03201011800889608, 0.03201011785332153, 0.032010117796706594, 0.03201011783151675, 0.03201011770843709, 0.03201011756044503, 0.032010117418343476, 0.032010117643693214, 0.03201011744189708, 0.03201011722028868, 0.032010117073997035, 0.03201011701259837, 0.03201011698829137, 0.03201011715939084, 0.03201011700032441, 0.03201011680023491, 0.03201011680185839, 0.03201011678579757, 0.03201011667728482, 0.032010116782267506, 0.03201011663547937, 0.03201011646894425, 0.03201011649845242, 0.03201011646940577, 0.032010116437447, 0.032010116229869046, 0.03201011608789539, 0.03201011590910274, 0.03201011573828627, 0.03201011557133904, 0.032010115469045086, 0.03201011548065691, 0.03201011548338806, 0.0320101155630621, 0.03201011556158506, 0.032010115361048586, 0.03201011522326813, 0.0320101151416482, 0.03201011523256503, 0.03201011517041219, 0.03201011509423146, 0.032010114959228786, 0.032010114858717076, 0.032010114893250674, 0.032010114952282565, 0.03201011475120774, 0.03201011471352888, 0.03201011471190096, 0.0320101146035765, 0.03201011456026459, 0.03201011453073921, 0.03201011460680092, 0.03201011459307945, 0.03201011438027823, 0.032010114264104494, 0.03201011422794264, 0.032010114249406474, 0.03201011424070799, 0.03201011424626954, 0.032010114092620556, 0.032010114014303315, 0.032010114054827454, 0.03201011398655429, 0.032010113885924674, 0.032010113842667054, 0.032010113817449004, 0.03201011378362861, 0.03201011365637996, 0.03201011367271667, 0.03201011369228779, 0.03201011350672067, 0.032010113458603606, 0.03201011342636817, 0.03201011339837734, 0.0320101133033418, 0.032010113349818625, 0.03201011335948467, 0.03201011314468949, 0.03201011314314672, 0.03201011313779445, 0.03201011299845469, 0.03201011287283417, 0.03201011292022371, 0.03201011289177602, 0.03201011284007216, 0.032010112751098885, 0.03201011270447873, 0.03201011272366683, 0.03201011268717613, 0.03201011273642396, 0.0320101127643021, 0.03201011260252251, 0.03201011264861464, 0.032010112604394014, 0.03201011259054154, 0.03201011271217402, 0.03201011251147223, 0.03201011243399676, 0.03201011236183271, 0.03201011229388495, 0.032010112362152565, 0.03201011238451845, 0.03201011217769356, 0.032010112178959105, 0.03201011218116567, 0.03201011219010608, 0.03201011217550831, 0.03201011218159733, 0.03201011222961636, 0.032010112092409226, 0.03201011208940974, 0.032010112130195334, 0.032010112054494, 0.03201011206765414, 0.03201011210152305, 0.032010112007555325, 0.032010111971714106, 0.03201011195924153, 0.03201011197474335, 0.0320101119243511, 0.0320101118771986, 0.03201011193012271, 0.03201011187269198, 0.03201011181585944, 0.03201011178348456, 0.03201011179342328, 0.0320101117891588, 0.03201011176528612, 0.032010111777627914, 0.03201011177031732, 0.032010111723122625, 0.03201011173294099, 0.0320101117175281, 0.03201011170239321, 0.032010111712133416, 0.03201011172071111, 0.032010111654743545, 0.032010111629222404, 0.03201011160410805, 0.03201011159989886, 0.03201011161820866, 0.03201011156531586, 0.03201011154446787, 0.03201011158812628, 0.03201011152393418, 0.03201011147912847, 0.03201011147129229, 0.0320101114954463, 0.03201011143177401, 0.032010111421510556, 0.03201011144186605, 0.03201011137048315, 0.03201011134973453, 0.03201011132592524, 0.032010111321000734, 0.03201011130283271, 0.03201011124949649, 0.032010111227951166, 0.032010111219171855, 0.032010111214543224, 0.032010111215212245, 0.0320101112189225, 0.0320101112286566, 0.032010111186619894, 0.03201011116431496, 0.03201011114689478, 0.03201011116704222, 0.03201011116791819, 0.03201011114673935, 0.03201011117639996, 0.03201011115175534, 0.03201011114895591, 0.03201011109286944, 0.03201011108043139, 0.03201011105313478, 0.032010111103429884, 0.03201011105594087, 0.03201011101656359, 0.03201011103008844, 0.03201011101168405, 0.032010111005024156, 0.03201011100178719, 0.03201011101016438, 0.0320101109888401, 0.03201011097161355, 0.03201011101968432, 0.032010110987992224, 0.032010110945909886, 0.032010110933998415, 0.032010110915573264, 0.03201011093206918, 0.03201011093813866, 0.03201011087362782, 0.032010110864202246, 0.03201011088401884, 0.03201011083365246, 0.03201011082619265, 0.032010110831482974, 0.03201011083233796, 0.03201011081943217, 0.032010110788136426, 0.03201011078174221, 0.032010110735376074, 0.032010110723162066, 0.03201011071015225, 0.03201011069739601, 0.03201011068910009, 0.032010110646137124, 0.0320101106230557, 0.03201011062144632, 0.032010110628689414, 0.032010110593992835, 0.03201011056701586, 0.032010110557676996, 0.03201011052345604, 0.03201011049987257, 0.032010110475200526, 0.032010110468525754, 0.03201011048477631, 0.03201011047140956, 0.032010110469091746, 0.03201011047637825, 0.03201011047750579, 0.03201011045850155, 0.03201011044112323, 0.03201011044781754, 0.032010110438358996, 0.03201011042296542, 0.03201011042715818, 0.03201011042864099, 0.0320101104610826, 0.03201011040081725, 0.03201011039241464, 0.03201011039339541, 0.03201011039128099, 0.03201011039138235, 0.032010110392675095, 0.032010110381730184, 0.032010110388359436, 0.03201011039189827, 0.03201011038231827] 

Smallest VQE eingenvalue optimizer final message:
{   'aux_operators_evaluated': None,
    'cost_function_evals': 2346,
    'eigenvalue': 0.03201011038231827,
    'optimal_circuit': <qiskit.circuit.library.n_local.real_amplitudes.RealAmplitudes object at 0x0000020399D972F0>,
    'optimal_parameters': {   ParameterVectorElement([3]): 1.5707962644183664,
                              ParameterVectorElement([2]): -1.5283271055012682,
                              ParameterVectorElement([1]): 3.6434784130302007,
                              ParameterVectorElement([0]): 3.1415933959725604,
                              ParameterVectorElement([4]): -3.141593411131758,
                              ParameterVectorElement([5]): -0.9328913526565128,
                              ParameterVectorElement([6]): 1.6703572014977466,
                              ParameterVectorElement([7]): -4.712361293183286},
    'optimal_point': array([ 3.1415934 ,  3.64347841, -1.52832711,  1.57079626, -3.14159341,
       -0.93289135,  1.6703572 , -4.71236129]),
    'optimal_value': 0.03201011038231827,
    'optimizer_evals': None,
    'optimizer_result': <qiskit_algorithms.optimizers.optimizer.OptimizerResult object at 0x000002041282FEC0>,
    'optimizer_time': 5.1277735233306885}
                        
q_0:  Ry([0])  Ry([4]) 
                   
q_1:  Ry([1])  X  Ry([5]) 
              
q_2:  Ry([2])  X  Ry([6]) 
              
q_3:  Ry([3])  X  Ry([7]) 
                   
The number of ansatz parameters is: 
 8
Line for latex table
RA r1 rl & $1\mathrm{e}{-06}$ & 63/100 &3981 & $3.201\mathrm{e}{-02}$ & $3.7302\mathrm{e}{-10}$ & $3.201\mathrm{e}{-02}$ & $4.6905\mathrm{e}{-09}$ & - & 00h 23m 58s\\

