RA_r1_rl
23m23s__115
1e-08
0.8834227967326815
-0.10377247582451865
0.36153056562568864
1.9841831857946122
1.3888558474177266
0.07352120552235863
0.5326153580049755
0.3239268204936172
0.4271522064438704
0.6888927979322279
-0.15396079260282924
0.8839004249812534
0.643909429352207
0.2439106387761818
2.111039677066061
0.30361024900563915
2.1413640271688648
1.6593079980527463
0.8596786360136743
0.29378404441302264
0.31365186216334173
0.6957706141406294
0.4112721808195108
0.6191113497180587
1.4163387099297313
0.9257944449551765
0.6310047474117852
0.5215826914065413
0.3984637791618937
0.17699773566385213
0.14335445146205306
0.6334909443834853
0.335262381367853
-0.053087040115710415
0.7568602446612436
0.30849891461388435
0.6634643104812348
0.046659304819700154
1.7520183617540634
0.7785305407568845
0.22840618198681106
1.7476191778774162
0.4759594561417102
0.24986635283305558
0.32326375109337224
-0.033479175303254394
-0.07740492511018893
0.7169699223734938
2.0575760883534606
0.8018234208321471
0.99550999977453
0.48322055231509875
-0.06880440207336669
0.6123913721260443
0.278804527956936
0.4648289154284144
0.7796255809706079
0.06633573832377593
0.7060397855426743
-0.01228581836274234
0.4405714969627912
0.5578420665510442
0.4463241236777291
0.27178756408307336
0.5931196403031587
1.2730522104858428
0.40440049643469766
-0.062050931551619115
0.01991015709080468
0.8840306432537348
0.16924854569115944
0.509413830252391
0.9139678074067685
0.09878535424230872
0.1204050913446868
-0.00786911358106046
0.3059976571589611
-0.036001852743531515
0.6744132103366096
0.17817871918062878
0.6878933130371555
0.7844234049988872
0.4853538323161608
1.9241414656387485
0.6861000859941342
0.6943389863087734
0.5358005296299957
0.08782814746467338
0.135693056336188
0.4405680823416471
0.26767145505935774
1.8547731116621078
0.9102536439604374
0.5188482464679045
0.8365764772461804
0.09283777096426515
1.0737596491649395
0.8255268880828166
-0.06217445471792882
-0.17986169875227986
