0.8834227967326815 0.06462450621168772
-0.10377247582451865 0.07001692549382835
0.36153056562568864 0.07117537116820855
1.9841831857946122 0.07790213409273351
1.3888558474177266 0.07764036808771671
0.07352120552235863 0.07438318544562318
0.5326153580049755 0.06727742742820046
0.3239268204936172 0.07442557539734208
0.4271522064438704 0.07527737712842265
0.6888927979322279 0.07711700886464344
-0.15396079260282924 0.07016213164298529
0.8839004249812534 0.07524907279951448
0.643909429352207 0.07647379975047239
0.2439106387761818 0.07330771097057602
2.111039677066061 0.07822397887311197
0.30361024900563915 0.07449343884029602
2.1413640271688648 0.07941839601925177
1.6593079980527463 0.07054828374717287
0.8596786360136743 0.07610789989182701
0.29378404441302264 0.07361813289582117
0.31365186216334173 0.0737884908219949
0.6957706141406294 0.06339745006684594
0.4112721808195108 0.07002266360173667
0.6191113497180587 0.06326065139108578
1.4163387099297313 0.06863922813867199
0.9257944449551765 0.07587878312258625
0.6310047474117852 0.07477944854815813
0.5215826914065413 0.07488332328908302
0.3984637791618937 0.07032098546472665
0.17699773566385213 0.07263202419447165
0.14335445146205306 0.07316340521174891
0.6334909443834853 0.07382951458126293
0.335262381367853 0.07238227186032375
-0.053087040115710415 0.07125088569864026
0.7568602446612436 0.06137506095022056
0.30849891461388435 0.07438520869942433
0.6634643104812348 0.05914656243018882
0.046659304819700154 0.07385867132617
1.7520183617540634 0.06920115014909531
0.7785305407568845 0.07621534170847205
0.22840618198681106 0.07111432074031787
1.7476191778774162 0.07029085940169538
0.4759594561417102 0.06981629838501606
0.24986635283305558 0.07346509119560124
0.32326375109337224 0.0758961960285551
-0.033479175303254394 0.07118579404058585
-0.07740492511018893 0.07084987159102844
0.7169699223734938 0.07551824276409765
2.0575760883534606 0.06476354469505781
0.8018234208321471 0.07267625229023744
0.99550999977453 0.0776350250047289
0.48322055231509875 0.07356348736320675
-0.06880440207336669 0.07040384276638795
0.6123913721260443 0.07057061266011927
0.278804527956936 0.0757891905534046
0.4648289154284144 0.06884089707150629
0.7796255809706079 0.06137463563122305
0.06633573832377593 0.07234747518176049
0.7060397855426743 0.05885582518517961
-0.01228581836274234 0.06946646859663373
0.4405714969627912 0.07527576161498205
0.5578420665510442 0.06761757724352184
0.4463241236777291 0.0725177474091531
0.27178756408307336 0.07662526839357897
0.5931196403031587 0.07830183797787613
1.2730522104858428 0.07811498400463425
0.40440049643469766 0.07496049717959832
-0.062050931551619115 0.07113960088594987
0.01991015709080468 0.0721269592844124
0.8840306432537348 0.0719944679551256
0.16924854569115944 0.07475938559193572
0.509413830252391 0.07000093856275136
0.9139678074067685 0.07801605403155139
0.09878535424230872 0.07458842391297633
0.1204050913446868 0.07390453720714465
-0.00786911358106046 0.0713022698506938
0.3059976571589611 0.07296933006638133
-0.036001852743531515 0.07250240721471773
0.6744132103366096 0.06331988531826374
0.17817871918062878 0.0705743510537008
0.6878933130371555 0.066343762290352
0.7844234049988872 0.07994023865486914
0.4853538323161608 0.07448483328816852
1.9241414656387485 0.07221805736881583
0.6861000859941342 0.06049853040793197
0.6943389863087734 0.0652067702257671
0.5358005296299957 0.0719579949389605
0.08782814746467338 0.07418345453356875
0.135693056336188 0.0723927859374817
0.4405680823416471 0.07321848808021746
0.26767145505935774 0.0735544325578717
1.8547731116621078 0.06660861786506472
0.9102536439604374 0.07779019397354944
0.5188482464679045 0.07004812015904462
0.8365764772461804 0.062209994002951685
0.09283777096426515 0.07489079612156395
1.0737596491649395 0.0775931478176811
0.8255268880828166 0.06105318404222906
-0.06217445471792882 0.07065281050639793
-0.17986169875227986 0.06980252415267502
