With Shot Noise
02/11/2024 10:56:17 

VQEr_100_shots_10000_COBYLA_maxIter_10000_tol_1e-08_RA_r1_rl 

Reference value: -1.6478526069e-01 

Number of pauli strings:  10
Qubits:  3
VQE runs:  100
Optimizer:  COBYLA
Max iterations:  10000
Optimizers's tolerance:  1e-08
Ansatz:  RA_r1_rl 

All run converged!!!
Number of iterations for each converged VQE run:
[113, 113, 130, 112, 105, 129, 116, 115, 101, 118, 124, 104, 102, 121, 118, 106, 103, 117, 111, 113, 111, 117, 125, 121, 109, 110, 105, 101, 109, 107, 124, 111, 114, 115, 121, 119, 120, 120, 108, 118, 122, 113, 111, 115, 110, 107, 116, 107, 131, 104, 118, 112, 119, 120, 111, 112, 96, 107, 116, 116, 137, 116, 110, 115, 123, 108, 109, 113, 127, 107, 118, 149, 134, 115, 119, 113, 105, 130, 113, 115, 116, 105, 107, 106, 124, 120, 123, 106, 114, 124, 115, 107, 109, 128, 112, 123, 110, 126, 108, 116] 

Average iterations of converged run:
115 

VQE eigenvalues:
[0.8834227967326815, -0.10377247582451865, 0.36153056562568864, 1.9841831857946122, 1.3888558474177266, 0.07352120552235863, 0.5326153580049755, 0.3239268204936172, 0.4271522064438704, 0.6888927979322279, -0.15396079260282924, 0.8839004249812534, 0.643909429352207, 0.2439106387761818, 2.111039677066061, 0.30361024900563915, 2.1413640271688648, 1.6593079980527463, 0.8596786360136743, 0.29378404441302264, 0.31365186216334173, 0.6957706141406294, 0.4112721808195108, 0.6191113497180587, 1.4163387099297313, 0.9257944449551765, 0.6310047474117852, 0.5215826914065413, 0.3984637791618937, 0.17699773566385213, 0.14335445146205306, 0.6334909443834853, 0.335262381367853, -0.053087040115710415, 0.7568602446612436, 0.30849891461388435, 0.6634643104812348, 0.046659304819700154, 1.7520183617540634, 0.7785305407568845, 0.22840618198681106, 1.7476191778774162, 0.4759594561417102, 0.24986635283305558, 0.32326375109337224, -0.033479175303254394, -0.07740492511018893, 0.7169699223734938, 2.0575760883534606, 0.8018234208321471, 0.99550999977453, 0.48322055231509875, -0.06880440207336669, 0.6123913721260443, 0.278804527956936, 0.4648289154284144, 0.7796255809706079, 0.06633573832377593, 0.7060397855426743, -0.01228581836274234, 0.4405714969627912, 0.5578420665510442, 0.4463241236777291, 0.27178756408307336, 0.5931196403031587, 1.2730522104858428, 0.40440049643469766, -0.062050931551619115, 0.01991015709080468, 0.8840306432537348, 0.16924854569115944, 0.509413830252391, 0.9139678074067685, 0.09878535424230872, 0.1204050913446868, -0.00786911358106046, 0.3059976571589611, -0.036001852743531515, 0.6744132103366096, 0.17817871918062878, 0.6878933130371555, 0.7844234049988872, 0.4853538323161608, 1.9241414656387485, 0.6861000859941342, 0.6943389863087734, 0.5358005296299957, 0.08782814746467338, 0.135693056336188, 0.4405680823416471, 0.26767145505935774, 1.8547731116621078, 0.9102536439604374, 0.5188482464679045, 0.8365764772461804, 0.09283777096426515, 1.0737596491649395, 0.8255268880828166, -0.06217445471792882, -0.17986169875227986] 

VQE eigenvalues standard deviation:
[0.06462450621168772, 0.07001692549382835, 0.07117537116820855, 0.07790213409273351, 0.07764036808771671, 0.07438318544562318, 0.06727742742820046, 0.07442557539734208, 0.07527737712842265, 0.07711700886464344, 0.07016213164298529, 0.07524907279951448, 0.07647379975047239, 0.07330771097057602, 0.07822397887311197, 0.07449343884029602, 0.07941839601925177, 0.07054828374717287, 0.07610789989182701, 0.07361813289582117, 0.0737884908219949, 0.06339745006684594, 0.07002266360173667, 0.06326065139108578, 0.06863922813867199, 0.07587878312258625, 0.07477944854815813, 0.07488332328908302, 0.07032098546472665, 0.07263202419447165, 0.07316340521174891, 0.07382951458126293, 0.07238227186032375, 0.07125088569864026, 0.06137506095022056, 0.07438520869942433, 0.05914656243018882, 0.07385867132617, 0.06920115014909531, 0.07621534170847205, 0.07111432074031787, 0.07029085940169538, 0.06981629838501606, 0.07346509119560124, 0.0758961960285551, 0.07118579404058585, 0.07084987159102844, 0.07551824276409765, 0.06476354469505781, 0.07267625229023744, 0.0776350250047289, 0.07356348736320675, 0.07040384276638795, 0.07057061266011927, 0.0757891905534046, 0.06884089707150629, 0.06137463563122305, 0.07234747518176049, 0.05885582518517961, 0.06946646859663373, 0.07527576161498205, 0.06761757724352184, 0.0725177474091531, 0.07662526839357897, 0.07830183797787613, 0.07811498400463425, 0.07496049717959832, 0.07113960088594987, 0.0721269592844124, 0.0719944679551256, 0.07475938559193572, 0.07000093856275136, 0.07801605403155139, 0.07458842391297633, 0.07390453720714465, 0.0713022698506938, 0.07296933006638133, 0.07250240721471773, 0.06331988531826374, 0.0705743510537008, 0.066343762290352, 0.07994023865486914, 0.07448483328816852, 0.07221805736881583, 0.06049853040793197, 0.0652067702257671, 0.0719579949389605, 0.07418345453356875, 0.0723927859374817, 0.07321848808021746, 0.0735544325578717, 0.06660861786506472, 0.07779019397354944, 0.07004812015904462, 0.062209994002951685, 0.07489079612156395, 0.0775931478176811, 0.06105318404222906, 0.07065281050639793, 0.06980252415267502] 

Median VQE eigenvalues:
0.4842871923156298 

Min eigenvalue after 100 VQE steps on Aer qasm simulator: -1.79862e-01
Delta from reference energy value is -1.50764e-02 

Optimizer history of the smallest VQE eigenvalue:
[11.816716769644014, 14.998068513346, 8.204831869705165, 5.541286466805346, 3.2489841858291815, 4.8584208831101945, 4.011937653442712, 2.2490649811497656, 4.196406232545295, 5.917743711211253, 0.4904768983494643, 0.8336951825943979, 1.6342723102309034, 6.366922506154936, 0.8732778087969413, 0.4680153283304014, 0.7274365966686043, 0.8848345027470614, 1.0589882373884887, 0.5732851686266356, 0.8832642990480419, 0.8789185235774015, 0.40149651508513795, 0.5342723500418138, 0.37458247787061794, 0.27281499576730095, 0.23750217007489383, 0.27902632547698847, 0.15977476929627787, 0.13913195927428568, 0.019551735470243692, 0.011912447948652982, -0.1371766563095287, -0.24240951231483354, -0.020610948022368625, -0.1799045900001479, 0.016836598063217245, -0.21306319423803366, -0.05396019471524305, -0.153247511437395, -0.13136261591961684, -0.08823408335898897, 0.0382857363086222, -0.12229404379170372, -0.09417214739347024, -0.12314089939492057, -0.17304731839787024, -0.09619627112702744, -0.13924189254482489, -0.12223709730533816, -0.10841790518407546, -0.1441704129238941, -0.1868493371920037, -0.15026222850281457, -0.1032958355688045, -0.08736106478983263, -0.06231996251766336, -0.08630978096523645, -0.07229143328058285, -0.1135135375788403, -0.10283206165628034, -0.11797294279316262, -0.16035598690615238, -0.10580720739367333, -0.058667224225572134, -0.04742302168566592, -0.1926661259713498, -0.10207637630400512, -0.10649353358263003, -0.1405884637565089, -0.11380905547965448, -0.135369736340631, -0.027180053652769764, -0.09725300919093094, -0.1780400538633362, -0.21705166301706935, -0.1355711149577843, -0.148089322108091, -0.1262616771540932, -0.20432333027557448, -0.11633877358747391, -0.007020159333833931, -0.049580514956506505, -0.09803329816423645, -0.06368028515192758, -0.12031596313204229, -0.11516613692362743, -0.10577299363182924, -0.13898069440465743, -0.07141015745510249, -0.18184242209515578, -0.12920427370032428, -0.043237452037732105, -0.20697778815068713, -0.051768824457521845, -0.15480119077390242, -0.10469684830173165, -0.1588125070375792, -0.07632187277977387, -0.17267462222434382, -0.18444229204541873, -0.05894341002945769, -0.13204791168532282, -0.1313934330401878, -0.12091605284258566, -0.0965263007603907, -0.06694044994943216, -0.18601911865359444, -0.058675114249731486, -0.1337766817590822, -0.10401346104878684, -0.0793264557558393, -0.13749291638830652, -0.1036759047946747, -0.0922408819727778, -0.17986169875227986] 

Optimizer history of the smallest VQE eigenvalue standard deviation:
[0.08744551269305469, 0.07810416666432268, 0.08664405517316885, 0.08004739154324719, 0.08189668675929464, 0.07987981348273016, 0.08563282721455509, 0.07788449987550389, 0.0850190870170608, 0.08693763884627467, 0.07143910438661995, 0.07550622219941802, 0.07701121099619146, 0.0878614187684426, 0.07473274544404984, 0.07182365933416662, 0.07358664857757993, 0.06916955165381962, 0.07072003590908954, 0.07243883741049006, 0.07567570468834478, 0.07455495177743061, 0.07100534550017694, 0.07183001164815296, 0.06826422654862221, 0.06887071792231318, 0.07038500851465976, 0.07074349044845021, 0.06942959359119809, 0.0689438194674141, 0.06924551529493793, 0.068359753971791, 0.06839942443374646, 0.06917887208015151, 0.07160355223659777, 0.06975369960900596, 0.071620162486592, 0.06919772157274487, 0.07061924374404227, 0.06945353145564903, 0.06976797577062241, 0.07067681934279993, 0.0715896353438592, 0.07031082021353911, 0.07044215326671543, 0.07019011017681061, 0.06961016276908809, 0.07044519536527084, 0.06996637059715333, 0.07017062852514584, 0.07040237098926727, 0.07005184611091547, 0.0696711475161917, 0.07000022765096231, 0.07020635990737902, 0.07050155542823992, 0.07073063328344134, 0.0704872726403497, 0.07072201762214424, 0.0704270589561629, 0.07024101031999692, 0.07040022361257793, 0.07001171285810122, 0.07043898303047201, 0.07071819707172941, 0.07083794915514113, 0.0696714728077316, 0.07048599265347939, 0.07042432053853333, 0.07009037344412047, 0.07028419975631708, 0.0701215608808525, 0.07100750566853033, 0.07050540281507969, 0.06984589549808355, 0.06950419390003341, 0.07009506278073714, 0.07006674042149275, 0.07021166917446231, 0.06954017221638589, 0.070298444672417, 0.07104944299476533, 0.070915328242888, 0.07037846914191118, 0.07066883833757301, 0.07026434131270609, 0.07022597399148468, 0.07049501748051158, 0.070077543353478, 0.07076137829828556, 0.06979469117437201, 0.07008297877951804, 0.07082280530786378, 0.06961942009995942, 0.07072473491256154, 0.06991183602488796, 0.07029357551813509, 0.070054001402632, 0.07054701113915805, 0.06993087812123565, 0.06981355408109974, 0.07067389167112867, 0.07010585054389347, 0.07026727294771586, 0.07025444918760987, 0.07035987357770769, 0.07057917175386179, 0.06973569736188019, 0.07071510791709684, 0.07006088697569472, 0.07032984187619228, 0.07074370685415182, 0.07019343812370206, 0.07028544217687857, 0.07048556844673018, 0.06980252415267502] 

Smallest VQE eingenvalue optimizer final message:
{   'aux_operators_evaluated': None,
    'cost_function_evals': 116,
    'eigenvalue': -0.17986169875227986,
    'optimal_circuit': <qiskit.circuit.library.n_local.real_amplitudes.RealAmplitudes object at 0x000002083897FE90>,
    'optimal_parameters': {   ParameterVectorElement(θ[0]): 0.9697937327495059,
                              ParameterVectorElement(θ[1]): 4.832970796140153,
                              ParameterVectorElement(θ[2]): 1.5664890450573699,
                              ParameterVectorElement(θ[3]): 0.8400042951812966,
                              ParameterVectorElement(θ[4]): 0.9844139381178583,
                              ParameterVectorElement(θ[5]): 1.2920537443441165},
    'optimal_point': array([0.96979373, 4.8329708 , 1.56648905, 0.8400043 , 0.98441394,
       1.29205374]),
    'optimal_value': -0.17986169875227986,
    'optimizer_evals': None,
    'optimizer_result': <qiskit_algorithms.optimizers.optimizer.OptimizerResult object at 0x0000020838962660>,
    'optimizer_time': 13.551780700683594}
     ┌──────────┐ ░            ░ ┌──────────┐
q_0: ┤ Ry(θ[0]) ├─░────────■───░─┤ Ry(θ[3]) ├
     ├──────────┤ ░      ┌─┴─┐ ░ ├──────────┤
q_1: ┤ Ry(θ[1]) ├─░───■──┤ X ├─░─┤ Ry(θ[4]) ├
     ├──────────┤ ░ ┌─┴─┐└───┘ ░ ├──────────┤
q_2: ┤ Ry(θ[2]) ├─░─┤ X ├──────░─┤ Ry(θ[5]) ├
     └──────────┘ ░ └───┘      ░ └──────────┘
The number of ansatz parameters is: 
 6
Line for latex table
RA r1 rl & $1\mathrm{e}{-08}$ & 10000 & 100/100 &115 & $-1.7986\mathrm{e}{-01}$ & $6.9803\mathrm{e}{-02}$ & $-1.5076\mathrm{e}{-02}$ & $4.8429\mathrm{e}{-01}$ & $6.4907\mathrm{e}{-01}$ & - & 00h 23m 23s\\

