RA_r1_rl
11m40s__2301
1e-04
0.032088178870870676
0.03202405773585282
0.04103080775546175
0.03214317272668987
0.032073176692816174
0.032068206001654165
0.0367551977441668
0.03475094283326663
0.0320874612384876
0.032034217772513474
0.03204376478394333
0.04104745221028683
0.032050010141772556
0.03202610657711358
0.03207232298980489
0.032055549017981466
0.03207158191266446
0.032024443347970055
0.03756457016884218
0.03202065897398798
0.037507733518630126
0.03530702041717715
0.03773426967329918
0.03211142091136199
0.03973028691263203
0.0327140790861884
0.041572620281077555
0.03206865879874998
0.036692586373077374
0.03201929612118015
0.03202804183349428
0.03202295002041988
0.04129829095428017
0.040463936224878316
0.03600661278952744
0.03209001546784229
0.03693789455866503
0.032040531234110214
0.03207431403088967
0.03203586228822941
0.0320144017438303
0.039191938094023215
1.833577577649219
0.04141602796187105
0.034898349722473854
0.03201682688479379
0.03685738981909126
0.03209206146038801
0.032031075253902364
0.03244582727390477
0.03204280768561585
0.038195948153231685
0.03203385293385541
0.03201952462188218
0.032133771393382804
0.03203091266774749
0.03201735719188259
0.041171758071372855
0.03711077633841031
0.03201354548021451
0.032033514918738626
0.03207751963980743
1.833526651815505
0.03208514674890006
0.03203181755578499
0.034421577776142076
0.032887377281691
0.03201439521648963
0.03204156034030403
0.03208590440930503
0.03202321666639607
0.03204653596511575
0.032041353154098284
0.03796266115446578
0.0320880035363138
0.03202119234252321
0.0320440006414171
0.03658605877021881
0.03207334834129871
0.03517965273491397
0.03202271912362942
0.03206036486265873
0.03725763238601543
0.03202343667407315
0.03202633080607742
0.032013476782065786
0.03201372130264213
0.03215173768976731
0.03201824700497946
0.03696169471117583
0.041616645038270006
0.03203845539178596
0.0320348169052328
0.038439282854799695
0.03202127100236052
0.03205677462558865
