0.906559871815301
0.9065598762668559
0.906559871786295
0.9506335576198363
0.9065598715562279
0.9065598738394196
0.9065598715941935
0.950633534254898
0.9506335469979413
0.9506335345243866
0.9065598720587076
0.9506335333245935
0.906559871628696
0.9065605806580811
0.9506335338476855
0.9506335363054875
0.9065598721419323
0.9506335384211104
0.9065598721835685
0.9506335342956065
0.9506335344443961
0.9065598718139034
0.9065598720266327
0.9506335386588156
0.9065599403459751
0.906559871997648
0.9065598740737721
0.9065598717353209
0.9065598718093313
0.950633536162839
0.9065598718596587
0.9065598718825353
0.9065598871925951
0.9065604325961214
0.9506335348775273
0.9506335335268346
0.9506335358024868
0.9065598723952606
0.9065598729762926
0.9506335388304716
0.9506335403841794
0.9065598715111137
0.9506335334088398
0.9065598729352511
0.9506335339435212
0.9506335343557731
0.9065598716299047
0.9065598726290027
0.950633534527527
0.950633536073157
0.950633539554118
0.9506335364932094
0.9065598729639512
0.9506335622346915
0.9065598742187367
0.9065598722272712
0.9506335345231112
0.9506335368105421
0.9065598734873975
0.9065598792709121
0.9506335383416673
0.9506338218403142
0.9065598716336798
0.9065598727041034
0.9065599284143778
0.9506335380632196
0.9065598715407495
0.9506335335889061
0.9065598722662964
0.9065598785734249
0.9065598719683581
0.9065598745106969
0.950633535789999
0.9065599821653134
0.9065598716045391
0.9065598718726089
0.9065598730462209
0.9506335345282937
0.9506335342713423
0.9065598876660378
0.9065598721086983
0.9065599135940356
0.9506335342700375
0.9506335351407722
0.9506335340281482
0.9506335331758398
0.9506335334223273
0.9506335383425574
0.9506335341158003
0.950633534874869
0.9506335351059987
0.9506335358917417
0.9065598716674733
0.950633619268914
0.9065601023508887
0.9065598723619815
0.9506335550564913
0.9065598715978103
0.9506335337044876
0.9065598808342977
