No Shot Noise
31/10/2024 18:54:09 

VQEr_100_COBYLA_maxIter_10000_tol_1e-05_RA_r1_rl 

Reference value: 9.0655987147e-01 

Qubits:  3
VQE runs:  100
Optimizer:  COBYLA
Max iterations:  10000
Optimizers's tolerance:  1e-05
Ansatz:  RA_r1_rl 

All run converged!!!
Number of iterations for each converged VQE run:
[275, 1309, 207, 1366, 529, 450, 218, 410, 1399, 451, 289, 276, 182, 2867, 612, 392, 181, 523, 326, 220, 448, 250, 301, 580, 2443, 205, 525, 163, 385, 739, 464, 210, 1275, 2906, 460, 379, 331, 1377, 340, 441, 582, 234, 381, 274, 410, 470, 312, 177, 598, 522, 1548, 477, 479, 952, 982, 394, 705, 828, 496, 1106, 451, 2073, 390, 316, 2503, 489, 218, 428, 256, 887, 240, 917, 552, 3633, 220, 288, 540, 432, 578, 313, 334, 1509, 514, 326, 532, 296, 480, 748, 564, 506, 699, 569, 312, 2580, 2995, 426, 1335, 214, 293, 805] 

Average iterations of converged run:
704 

VQE eigenvalues:
[0.906559871815301, 0.9065598762668559, 0.906559871786295, 0.9506335576198363, 0.9065598715562279, 0.9065598738394196, 0.9065598715941935, 0.950633534254898, 0.9506335469979413, 0.9506335345243866, 0.9065598720587076, 0.9506335333245935, 0.906559871628696, 0.9065605806580811, 0.9506335338476855, 0.9506335363054875, 0.9065598721419323, 0.9506335384211104, 0.9065598721835685, 0.9506335342956065, 0.9506335344443961, 0.9065598718139034, 0.9065598720266327, 0.9506335386588156, 0.9065599403459751, 0.906559871997648, 0.9065598740737721, 0.9065598717353209, 0.9065598718093313, 0.950633536162839, 0.9065598718596587, 0.9065598718825353, 0.9065598871925951, 0.9065604325961214, 0.9506335348775273, 0.9506335335268346, 0.9506335358024868, 0.9065598723952606, 0.9065598729762926, 0.9506335388304716, 0.9506335403841794, 0.9065598715111137, 0.9506335334088398, 0.9065598729352511, 0.9506335339435212, 0.9506335343557731, 0.9065598716299047, 0.9065598726290027, 0.950633534527527, 0.950633536073157, 0.950633539554118, 0.9506335364932094, 0.9065598729639512, 0.9506335622346915, 0.9065598742187367, 0.9065598722272712, 0.9506335345231112, 0.9506335368105421, 0.9065598734873975, 0.9065598792709121, 0.9506335383416673, 0.9506338218403142, 0.9065598716336798, 0.9065598727041034, 0.9065599284143778, 0.9506335380632196, 0.9065598715407495, 0.9506335335889061, 0.9065598722662964, 0.9065598785734249, 0.9065598719683581, 0.9065598745106969, 0.950633535789999, 0.9065599821653134, 0.9065598716045391, 0.9065598718726089, 0.9065598730462209, 0.9506335345282937, 0.9506335342713423, 0.9065598876660378, 0.9065598721086983, 0.9065599135940356, 0.9506335342700375, 0.9506335351407722, 0.9506335340281482, 0.9506335331758398, 0.9506335334223273, 0.9506335383425574, 0.9506335341158003, 0.950633534874869, 0.9506335351059987, 0.9506335358917417, 0.9065598716674733, 0.950633619268914, 0.9065601023508887, 0.9065598723619815, 0.9506335550564913, 0.9065598715978103, 0.9506335337044876, 0.9065598808342977] 

Median VQE eigenvalues:
0.906560042258101 

Min eigenvalue after 100 VQE steps on Aer qasm simulator: 9.06560e-01
Delta from reference energy value is 3.67334e-11 

Optimizer history of the smallest VQE eigenvalue:
[13.629925462422321, 12.862926552541255, 8.128987510398503, 6.170001045065471, 7.476504649129252, 8.135492838027083, 5.3556650653418805, 1.5873908428857777, 1.9216404856429914, 3.6390331165587355, 1.7588604066445233, 1.471313460726468, 1.3989076368331987, 1.3861201397454017, 1.2783797646394408, 1.8318957498574502, 1.3960853580261752, 1.480240787531971, 1.2008187097194232, 1.2285384921957354, 1.205747232914246, 1.3227022881318296, 1.0592704167230726, 1.0332047750622073, 1.0572911694933713, 1.0196149282238076, 0.9943380356732344, 1.0430620728307125, 0.9893443202885368, 0.9411734946112524, 0.946183474041226, 0.9439544512677838, 0.9321653985652584, 0.9236799239440918, 0.9260345360251372, 0.9237663656066905, 0.9549314780506866, 0.9094438338262123, 0.9112427474742075, 0.9095461306651019, 0.910770039430709, 0.9086032114935404, 0.9098793797851703, 0.9087890648337775, 0.9102961591516708, 0.9109391919108694, 0.9119949043922609, 0.9086270231758249, 0.9086366867083748, 0.907485374015743, 0.9069785237289274, 0.9071018950451133, 0.9070653931787657, 0.9071502867894804, 0.9069907631218697, 0.9071171752413317, 0.907080405330634, 0.9069969010813396, 0.9069436483920507, 0.9068888860013805, 0.9069076432019881, 0.9068591608456106, 0.9068155971683015, 0.9068085203808481, 0.9067969232073058, 0.9068102586578806, 0.9068339973333012, 0.9067403600762968, 0.9067221558005224, 0.9067216373132647, 0.9067080979343995, 0.9066578860091424, 0.9066433644894564, 0.9066320978271164, 0.9066282656483856, 0.9066074902823464, 0.9066149161971917, 0.9065962529124497, 0.9065834175298187, 0.9065747215511065, 0.9066016396423341, 0.9065867242034884, 0.9065893519214804, 0.9065835359773194, 0.9065735424015399, 0.906575921639338, 0.9065741410299794, 0.9065769451418676, 0.9065753320916153, 0.906579836496491, 0.9065791338499202, 0.9065756168592953, 0.9065744321728414, 0.9065751566620424, 0.9065727349193298, 0.9065710248441998, 0.9065696298957358, 0.9065683095842729, 0.9065673522897917, 0.9065667245570308, 0.9065665819156832, 0.9065671262122561, 0.9065655228530325, 0.9065655403144363, 0.9065655831160364, 0.9065655792871891, 0.9065656597563702, 0.9065655246602445, 0.9065650484974227, 0.9065647785333225, 0.9065650493355214, 0.9065647774847008, 0.9065643393479079, 0.9065640157829815, 0.9065637797673755, 0.9065634123205648, 0.9065631562495847, 0.9065634349639029, 0.906563192624087, 0.9065627355760295, 0.9065626256649119, 0.9065625806940902, 0.906562728801816, 0.9065622647410613, 0.906562554528912, 0.9065622762860471, 0.906561916824675, 0.9065617087067852, 0.9065617674247565, 0.9065617065456847, 0.9065616340517341, 0.9065613158095678, 0.9065611788358725, 0.9065610002849569, 0.9065609028493289, 0.9065607003872598, 0.9065606418287038, 0.9065607601842903, 0.9065606456142736, 0.9065604576620849, 0.9065606328897526, 0.9065604531583683, 0.9065603984613972, 0.9065602627965148, 0.9065603216859263, 0.9065602994383888, 0.9065604003883018, 0.9065602326996889, 0.9065601294464487, 0.9065600711277493, 0.9065600604910461, 0.9065600600967869, 0.906560016273944, 0.9065600156935336, 0.9065600136919452, 0.9065600583288234, 0.9065600158851138, 0.9065599808718037, 0.9065600388559016, 0.906559992337832, 0.906559962734069, 0.9065599610905184, 0.9065599558693452, 0.9065599465288868, 0.9065599507668719, 0.9065599443622908, 0.9065599249023324, 0.9065599183705748, 0.9065599159552683, 0.9065599110984843, 0.9065599160545013, 0.9065599110861983, 0.9065599158555281, 0.9065599037708022, 0.9065599248600764, 0.906559902307765, 0.9065598993795569, 0.906559899474343, 0.9065598982991989, 0.9065598989554913, 0.9065598959213793, 0.9065598925573746, 0.906559893728116, 0.9065598925143172, 0.9065598922430472, 0.9065598945346093, 0.9065598880509526, 0.9065598844532113, 0.9065598840902005, 0.9065598852196778, 0.9065598812997402, 0.906559879011737, 0.9065598795207784, 0.9065598800997743, 0.9065598778505649, 0.9065598773936938, 0.9065598766511386, 0.9065598789356262, 0.9065598764741343, 0.9065598760690672, 0.9065598771767458, 0.9065598763147428, 0.9065598752081978, 0.9065598749636647, 0.9065598745642328, 0.9065598741541417, 0.9065598732404714, 0.9065598731336693, 0.9065598730102874, 0.9065598725796442, 0.9065598723242948, 0.9065598721404796, 0.9065598722067117, 0.9065598721227561, 0.9065598722562919, 0.9065598720068417, 0.9065598719572757, 0.9065598721119499, 0.9065598720067627, 0.9065598719386101, 0.9065598719428457, 0.9065598717774302, 0.9065598717426407, 0.9065598716521373, 0.906559872133708, 0.9065598717039723, 0.906559871695094, 0.9065598716832689, 0.9065598715861629, 0.9065598715677256, 0.9065598719300789, 0.9065598716155352, 0.9065598716332742, 0.9065598715111137] 

Smallest VQE eingenvalue optimizer final message:
{   'aux_operators_evaluated': None,
    'cost_function_evals': 234,
    'eigenvalue': 0.9065598715111137,
    'optimal_circuit': <qiskit.circuit.library.n_local.real_amplitudes.RealAmplitudes object at 0x0000027275567BC0>,
    'optimal_parameters': {   ParameterVectorElement(θ[0]): 3.0886658654833523,
                              ParameterVectorElement(θ[1]): 5.05604183919593e-06,
                              ParameterVectorElement(θ[2]): 2.531322160135938,
                              ParameterVectorElement(θ[3]): -3.483408008839942,
                              ParameterVectorElement(θ[4]): 2.748305326685225,
                              ParameterVectorElement(θ[5]): 0.6102689703091254},
    'optimal_point': array([ 3.08866587e+00,  5.05604184e-06,  2.53132216e+00, -3.48340801e+00,
        2.74830533e+00,  6.10268970e-01]),
    'optimal_value': 0.9065598715111137,
    'optimizer_evals': None,
    'optimizer_result': <qiskit_algorithms.optimizers.optimizer.OptimizerResult object at 0x000002727D053D70>,
    'optimizer_time': 0.832970380783081}
     ┌──────────┐ ░            ░ ┌──────────┐
q_0: ┤ Ry(θ[0]) ├─░────────■───░─┤ Ry(θ[3]) ├
     ├──────────┤ ░      ┌─┴─┐ ░ ├──────────┤
q_1: ┤ Ry(θ[1]) ├─░───■──┤ X ├─░─┤ Ry(θ[4]) ├
     ├──────────┤ ░ ┌─┴─┐└───┘ ░ ├──────────┤
q_2: ┤ Ry(θ[2]) ├─░─┤ X ├──────░─┤ Ry(θ[5]) ├
     └──────────┘ ░ └───┘      ░ └──────────┘
The number of ansatz parameters is: 
 6
Line for latex table
RA r1 rl & $1\mathrm{e}{-05}$ & 100/100 &704 & $9.0656\mathrm{e}{-01}$ & $3.6733\mathrm{e}{-11}$ & $9.0656\mathrm{e}{-01}$ & $1.7078\mathrm{e}{-07}$ & - & 00h 04m 14s\\

