0.8934217893983198
0.9169079156104257
0.9054855236539068
0.9054855237837837
0.9054855237315468
0.8934169050976081
0.8934218098406208
0.8934216750985723
0.9169079154757124
0.8934215939240341
0.9054855236575096
0.8934227676989988
0.893421593892508
0.8934214946384558
0.8934215025424442
0.8934133219418763
0.9054855236499485
0.8934215938430334
0.9169079153130327
0.9054855238865013
0.916907915404023
0.8934215939230873
0.8934215418098251
0.8934266024040713
0.8934307983351886
0.8934208589496521
0.916907915515354
0.9054855235663074
0.8934215938887697
0.9169079147352824
0.8934215938872866
0.8934216452955159
0.9054855237243631
0.8934215938814842
0.89342159397528
0.9054855237293731
0.8934214745097439
0.9169079155581806
0.9054855235835688
0.8934215938599094
0.916907915506164
0.8934215939356295
0.8934215106142255
0.9169079150431902
0.8934215938877166
0.9169079086588792
0.9169079155650927
0.8934216789873243
0.8934215938517474
0.8934214821836112
0.9054855236544912
0.9054855236618162
0.8934215096113701
0.9169079155605582
0.8934215938794193
0.905485523820883
0.8934216997044302
0.8934215938778329
0.8934215940671064
0.8934295589344021
0.9054855237292359
0.8934215938830212
0.8934216507297055
0.9054855235958192
0.9054855238621041
