No Shot Noise
31/10/2024 19:33:30 

VQEr_100_COBYLA_maxIter_10000_tol_1e-06_RA_r1_rl 

Reference value: 8.8458044387e-01 

Qubits:  4
VQE runs:  100
Optimizer:  COBYLA
Max iterations:  10000
Optimizers's tolerance:  1e-06
Ansatz:  RA_r1_rl 

Only 65 runs out of 100 converged
Number of iterations for each converged VQE run:
[1232, 517, 2451, 7237, 2972, 1294, 1252, 1022, 678, 835, 2571, 4609, 768, 1328, 1781, 1851, 2778, 1014, 660, 2269, 450, 719, 957, 1388, 1341, 4334, 723, 2806, 896, 579, 664, 1606, 3428, 675, 1134, 1860, 1869, 806, 2867, 800, 670, 898, 1504, 594, 779, 1318, 570, 1344, 941, 1517, 4028, 5975, 1754, 760, 890, 4725, 1125, 819, 1794, 4754, 2362, 632, 1267, 2783, 2205] 

Average iterations of converged run:
1770 

VQE eigenvalues:
[0.8934217893983198, 0.9169079156104257, 0.9054855236539068, 0.9054855237837837, 0.9054855237315468, 0.8934169050976081, 0.8934218098406208, 0.8934216750985723, 0.9169079154757124, 0.8934215939240341, 0.9054855236575096, 0.8934227676989988, 0.893421593892508, 0.8934214946384558, 0.8934215025424442, 0.8934133219418763, 0.9054855236499485, 0.8934215938430334, 0.9169079153130327, 0.9054855238865013, 0.916907915404023, 0.8934215939230873, 0.8934215418098251, 0.8934266024040713, 0.8934307983351886, 0.8934208589496521, 0.916907915515354, 0.9054855235663074, 0.8934215938887697, 0.9169079147352824, 0.8934215938872866, 0.8934216452955159, 0.9054855237243631, 0.8934215938814842, 0.89342159397528, 0.9054855237293731, 0.8934214745097439, 0.9169079155581806, 0.9054855235835688, 0.8934215938599094, 0.916907915506164, 0.8934215939356295, 0.8934215106142255, 0.9169079150431902, 0.8934215938877166, 0.9169079086588792, 0.9169079155650927, 0.8934216789873243, 0.8934215938517474, 0.8934214821836112, 0.9054855236544912, 0.9054855236618162, 0.8934215096113701, 0.9169079155605582, 0.8934215938794193, 0.905485523820883, 0.8934216997044302, 0.8934215938778329, 0.8934215940671064, 0.8934295589344021, 0.9054855237292359, 0.8934215938830212, 0.8934216507297055, 0.9054855235958192, 0.9054855238621041] 

Median VQE eigenvalues:
0.8934218098406208 

Min eigenvalue after 100 VQE steps on Aer qasm simulator: 8.93413e-01
Delta from reference energy value is 8.83288e-03 

Optimizer history of the smallest VQE eigenvalue:
[16.00065546970587, 41.799472317359374, 21.876243559983543, 18.802104277706828, 16.6644839457155, 12.582185045475079, 12.962411696423588, 15.032100553171164, 12.200618333774278, 7.2069439901320544, 6.4275339673850524, 6.44861179385957, 14.67044830747848, 6.985024515040534, 8.142037676198045, 8.83875413506663, 9.128991436874536, 5.653679311702569, 5.9505399348834365, 4.7647018900590306, 4.786181587391075, 5.558227003587331, 4.472812185295538, 5.510366825434775, 3.7672081039958543, 4.79584571905028, 4.584812941432894, 3.501105425089493, 3.442056146900602, 3.834837614316174, 3.537775612186693, 3.934644773087153, 3.5993268773259723, 3.871825665531954, 3.0124702345338306, 3.7610388638409864, 3.254137234970712, 2.553514589180525, 2.3901524161500878, 2.41685479520516, 2.213546479630385, 2.1478798007224746, 2.3332733972255766, 1.8401874932031566, 1.4902319354001516, 1.4689056484588188, 1.3815921945397434, 1.9990819851674542, 1.3168198996691194, 1.0644656745080565, 1.1370379374429038, 1.3254606279502519, 1.4950361977137068, 1.1731005367304739, 1.038362267548774, 1.0246608206577916, 1.0240523445924579, 1.0171563888052229, 1.048980849205944, 0.9732088792961359, 1.0900778535356779, 0.9725621649497193, 1.002518557960286, 0.977889370116096, 0.9720257652657757, 0.9791137864586793, 0.9760496659869607, 1.036156495899855, 0.9777371044149258, 0.9713977522990178, 0.9670591047125967, 0.9753006065087036, 0.9557694136972061, 0.9496300893619423, 0.9467218253954184, 0.9430523761078204, 0.9427305951588308, 0.9416024167655512, 0.9395627459981173, 0.9393468520260553, 0.9366510866172869, 0.938919277009023, 0.9398564727501981, 0.9338202984734194, 0.9388578629074324, 0.9343664918167497, 0.9370690887749227, 0.9372831041351768, 0.9332294258786048, 0.931528238903325, 0.929698438932481, 0.9285310839191779, 0.9280565088883319, 0.9276499310352044, 0.9275817404378093, 0.9266978194621532, 0.9277439491656873, 0.9260862218823371, 0.9288596596544756, 0.9257022861786126, 0.9240213368464282, 0.924115884368176, 0.9243652326250704, 0.9249293952573089, 0.9237344783984666, 0.9240170205519356, 0.9239458845303595, 0.9225457880414547, 0.9228216840628641, 0.9228994584559816, 0.9219017187877858, 0.9218570187019406, 0.922016904465173, 0.9220638293541282, 0.9223366712283533, 0.9213474230731193, 0.9214316781956242, 0.9204913910870037, 0.9203351801064046, 0.9200178827586576, 0.91935360433978, 0.9194434583464142, 0.9191482928465646, 0.9183442823864738, 0.9179772237552938, 0.9178356081564796, 0.9174612986888724, 0.9169149018604461, 0.9165812964307384, 0.916430722687003, 0.9161843653494997, 0.9159208548573201, 0.9150469758255828, 0.9146541541206018, 0.913787842821077, 0.91328338911426, 0.9130309095330242, 0.9127277652024763, 0.9130270039061037, 0.9128312014357126, 0.912210888019352, 0.9116659403405732, 0.91124235574012, 0.9112662991733478, 0.9111336817821468, 0.9112769216256422, 0.9112143111335994, 0.9105340478150965, 0.9103458386633421, 0.9102427395387038, 0.9104992419490207, 0.9107191697593053, 0.9100612299017384, 0.9102431290473353, 0.9099687777642435, 0.9099589931872203, 0.909796001269119, 0.9097898273031835, 0.909899653057613, 0.9093924950822998, 0.9091740018911878, 0.9089029609388489, 0.9085616945786603, 0.9082549056934976, 0.9081343568285026, 0.9079194885867725, 0.9075571506984199, 0.9072215122866168, 0.9069007170045986, 0.9066062955286642, 0.9062865577142935, 0.9060217146829894, 0.9058919001532204, 0.9058999088894865, 0.905906249470538, 0.9056295056078555, 0.9054155050295869, 0.9051886253160324, 0.9049435611990087, 0.9046915286934596, 0.9045671733091356, 0.9044449498092245, 0.9045463339177202, 0.9045794903823862, 0.9043691857713844, 0.904402164499101, 0.9039954939812526, 0.903858361575963, 0.9036592815555362, 0.9036047951811369, 0.9036572991034904, 0.9039221875130534, 0.9035296778318257, 0.9034658099716671, 0.9034333432751703, 0.9031163329433028, 0.9028299786455521, 0.9026816685324512, 0.9025965331259723, 0.9024279609923661, 0.9024154377639148, 0.9025447732498696, 0.902158615258672, 0.9020934318764848, 0.9020115359402171, 0.901763574792868, 0.9016030925324983, 0.9015186852032552, 0.9015225624028796, 0.9016170664728705, 0.901684687480836, 0.9015914818348449, 0.9012436311315878, 0.9011691206755095, 0.9011417554845126, 0.9012297670078739, 0.9011698558659025, 0.900928130438599, 0.9008570747475739, 0.9008773747932804, 0.9008864392350946, 0.9007592516954774, 0.9009317087370663, 0.9006568900030583, 0.9004014320849498, 0.9004005892122264, 0.9004616915282547, 0.9003042463442791, 0.9002089372455668, 0.9001033761857764, 0.9001771924729787, 0.900128719366141, 0.9004035131666827, 0.9001299839538478, 0.8999632379929079, 0.8997234363157746, 0.899952660750505, 0.8997827644645329, 0.8995217227829799, 0.8995960836742896, 0.8995384493966248, 0.8995124128303638, 0.8995123380300178, 0.8994614591211686, 0.8995902163962785, 0.899312812575492, 0.8991305510460065, 0.8991352202094016, 0.8991461937406602, 0.899256334653082, 0.8991374765698428, 0.8989631603309075, 0.8991091422100684, 0.8989616034233446, 0.8990756549640536, 0.8989461637491096, 0.8988302539675915, 0.8988588897203807, 0.8988020574193543, 0.8987512893110754, 0.8987536106027969, 0.8987583840744258, 0.8986454289624536, 0.8985678780833226, 0.898465201691167, 0.8984434215368855, 0.898414301385955, 0.8983787967354093, 0.89838935415802, 0.8982751015113475, 0.898223003812705, 0.8981339323964078, 0.8980975355752797, 0.8979875892429601, 0.8979018544602901, 0.8978402665459028, 0.8977678371699723, 0.8977411065631833, 0.8977665500970832, 0.8977746696684734, 0.8977575608278873, 0.8977175595339215, 0.8976186584915209, 0.8975303677982848, 0.8975366992940674, 0.8975219156437435, 0.8975041701748501, 0.8974337060896351, 0.8973998917433, 0.89739944418103, 0.8973514797838624, 0.8973022465960515, 0.8972579107191224, 0.8972497818443768, 0.8973325728740301, 0.8971545130194928, 0.897070614938956, 0.8969983172757389, 0.8969653369838795, 0.896918519343186, 0.896904181294944, 0.8969148850597554, 0.8969281585750286, 0.8969093640850238, 0.8970129900211723, 0.8968943382045418, 0.896785098780256, 0.8967890194667459, 0.896799876118764, 0.8967226083975608, 0.8966489748708689, 0.8965943040008316, 0.8965578616246301, 0.8965711594702315, 0.8965563725837525, 0.8964748989906499, 0.8963916455856282, 0.89631168726955, 0.8962500598944089, 0.8961995048958458, 0.8961390209447537, 0.8960640088297479, 0.8959986995970965, 0.8959375882360643, 0.8958611807092571, 0.8957935109058695, 0.89573566836557, 0.8956845670404943, 0.8956514798079375, 0.8955968092120712, 0.8955404735460151, 0.8954852881443379, 0.8954268431689217, 0.8953652710966363, 0.895314746981218, 0.8952722781244324, 0.895267412438614, 0.8952802456921986, 0.895220806073175, 0.8952049069350339, 0.895122602278502, 0.8950779642611144, 0.895043893423648, 0.895033816144354, 0.8950446523379014, 0.8950297969284837, 0.8950134077540729, 0.8950086105794803, 0.8950546374823563, 0.8949378817619643, 0.894909247116806, 0.89492281595547, 0.8949127456201633, 0.8949001127254739, 0.8948902819253214, 0.8949319103326845, 0.8948895559425656, 0.8948283663668737, 0.8947946929625821, 0.8948308693678618, 0.8947940508962834, 0.8947560309640689, 0.8947732717425709, 0.8947586451447127, 0.894782826435057, 0.8947504886163666, 0.8947627551409391, 0.8947219347118802, 0.8947118094239013, 0.8947064930067292, 0.894714405313173, 0.8946968639812108, 0.894709213162412, 0.8946974623120977, 0.8946682611650103, 0.8946522232567213, 0.8946277596440959, 0.8946166830997908, 0.894612275902643, 0.8946059414376438, 0.894585621418213, 0.8945694763734021, 0.8945740647315604, 0.8945667088602407, 0.8945429592249997, 0.8945264493943875, 0.8945052296503251, 0.8944869943459738, 0.8944684565551446, 0.8944761109745006, 0.8944665611516446, 0.8944480637924958, 0.8944333362224882, 0.8944299931549957, 0.8944312481391934, 0.8944124253522, 0.894409932884452, 0.8944208299403296, 0.8943828211689177, 0.8943743766982715, 0.8943515228410301, 0.8943340786930956, 0.8943349675254691, 0.8943388052849313, 0.8943185080439422, 0.8943038683513853, 0.8942898032179311, 0.8942944989441243, 0.8942929305529798, 0.894274058631525, 0.8942686136238527, 0.8942517756776772, 0.894252116384679, 0.8942459265837286, 0.8942289851973996, 0.8942282776411055, 0.8942357784514884, 0.8942137470171229, 0.8942029323563809, 0.8942138490373644, 0.8941817604399811, 0.8941719512728886, 0.8941658127666294, 0.8941646912504159, 0.8941620358152949, 0.8941507348579635, 0.8941468659680809, 0.8941500763009057, 0.8941237275064294, 0.8941120551514242, 0.8941156628820833, 0.8941108384164725, 0.8941161846388335, 0.8941200874342118, 0.894091823861882, 0.8940902357746299, 0.8940926720819289, 0.8940771179856647, 0.8940909168425141, 0.8940810441880678, 0.8940601138682411, 0.8940501855786925, 0.8940489173954789, 0.8940477349219131, 0.8940460717967414, 0.8940472615340728, 0.8940287863885749, 0.8940349712595489, 0.894026961471511, 0.8940053407923135, 0.8940026325956314, 0.8940007118192198, 0.8939960566453558, 0.8939847513688308, 0.8939727919495566, 0.8939634619849202, 0.8939723871011541, 0.8939729661808314, 0.8939439187123099, 0.893928237219527, 0.8939132646092416, 0.8939008463000159, 0.8938936074542655, 0.8938792232898904, 0.8938826201011593, 0.8938819359968019, 0.8938812794817393, 0.8938837235010099, 0.8938653550612742, 0.8938646877816362, 0.8938601648376321, 0.8938660704345959, 0.8938653842604175, 0.8938457645382556, 0.8938393344317185, 0.8938309671261557, 0.8938304352220989, 0.8938235778772072, 0.8938128728897944, 0.8938008713544842, 0.8937930850547633, 0.8937863577301702, 0.8937804790927953, 0.893781484137226, 0.8937768717463705, 0.8937829094910541, 0.8937690216804368, 0.8937615174166467, 0.8937649954515806, 0.893761159091066, 0.8937683032505831, 0.893765426292816, 0.8937646124023899, 0.8937555709445566, 0.8937558483416148, 0.8937540740925336, 0.8937520126101515, 0.8937458148894325, 0.8937398593708633, 0.8937338903938657, 0.8937278875900293, 0.8937224785109658, 0.8937172997096744, 0.8937134134207578, 0.8937105602947876, 0.8937134580660134, 0.8937100825438005, 0.8937042483141777, 0.8937027864467327, 0.8937025242497912, 0.8937017529065542, 0.893703027640556, 0.8937025713392103, 0.8936988503026353, 0.8936925620592292, 0.8936906211109608, 0.8936872372278042, 0.8936848158795044, 0.8936863925641753, 0.8936865469057851, 0.8936806329982103, 0.8936852808264849, 0.893679894402074, 0.893673775103164, 0.8936696272689376, 0.893668677117651, 0.893668955462319, 0.8936687590224958, 0.8936691232359968, 0.8936631157114018, 0.8936614240890748, 0.893660475306479, 0.8936608460006635, 0.8936568015558021, 0.8936551653944966, 0.8936540827222027, 0.8936554364340904, 0.8936588329474949, 0.8936504171674731, 0.8936464143849052, 0.8936468237974037, 0.8936409429570209, 0.893641668538809, 0.893642578392555, 0.8936365407114695, 0.8936339147574096, 0.8936351309706726, 0.893635978576323, 0.89362923092197, 0.8936267651730865, 0.893627513232117, 0.8936227141372531, 0.8936227288757295, 0.8936213596334622, 0.8936178017517807, 0.8936155638483603, 0.8936110110926765, 0.89360663797145, 0.8936046321018797, 0.8936033621495042, 0.8936061169991768, 0.893598503640902, 0.8935933413549084, 0.8935919739004192, 0.8935920103838042, 0.8935893261562753, 0.8935880065651486, 0.8935908440576783, 0.893586865329613, 0.8935817765227418, 0.8935800984468856, 0.8935757315312324, 0.893571845309608, 0.8935688106778886, 0.89356762963096, 0.8935670984600315, 0.8935669398567797, 0.8935662906955882, 0.893561035540187, 0.893557140208596, 0.8935546892541747, 0.8935529534462455, 0.8935497433093819, 0.8935532231719321, 0.8935483030807377, 0.8935468054883631, 0.8935464035712546, 0.8935436668875, 0.8935449746094479, 0.8935437456703341, 0.8935489310116354, 0.8935429566826059, 0.8935393063681443, 0.8935392085312692, 0.8935396346702986, 0.8935369066294251, 0.8935325044606518, 0.8935324968277574, 0.8935334068668538, 0.8935299333041502, 0.8935252654925975, 0.8935216598754784, 0.8935193651994475, 0.893519425846194, 0.8935187473787201, 0.8935224384145876, 0.8935185342269532, 0.8935163669000004, 0.8935175519135146, 0.8935149456742697, 0.8935147231008235, 0.893512233062258, 0.8935104300774577, 0.8935086023994562, 0.8935069022112688, 0.8935058314277079, 0.8935044485923346, 0.8935040060419472, 0.8935038762266881, 0.8935028154761011, 0.8935020271570401, 0.8935011641142433, 0.8934995467917141, 0.8934982173905462, 0.8934981305787484, 0.8934979490364079, 0.8934967144929942, 0.893495180890037, 0.8934943485316027, 0.8934933039060328, 0.8934920115726377, 0.8934918174184885, 0.8934912627223444, 0.893489995511766, 0.8934884452579931, 0.8934875453161287, 0.8934861330695344, 0.8934849028936682, 0.893483991878349, 0.8934840056214481, 0.8934839754215317, 0.8934853127102315, 0.8934842067709405, 0.8934822206429599, 0.8934817441761415, 0.8934806056069928, 0.8934801752101666, 0.8934794189562463, 0.8934805930572948, 0.893480204921628, 0.8934798849385741, 0.8934794666350653, 0.8934777174761209, 0.8934770488528462, 0.8934763549274404, 0.8934772118862498, 0.8934759095673636, 0.8934749736861062, 0.8934742851741451, 0.8934748004684495, 0.8934738427505743, 0.8934727791825668, 0.8934726390595973, 0.8934720735396046, 0.8934707182050095, 0.8934700117083284, 0.8934697160060657, 0.8934695552207993, 0.8934692931342835, 0.8934680279736563, 0.8934680340936906, 0.8934677279885657, 0.8934666014386368, 0.8934658414121031, 0.8934662299776759, 0.8934658304354175, 0.8934664431507361, 0.8934657042674463, 0.8934650968419494, 0.8934657319122536, 0.8934644299387219, 0.8934635138405929, 0.8934635201695099, 0.8934638871105929, 0.8934624395654, 0.8934615050946281, 0.8934604505674015, 0.8934601128751033, 0.8934598487449772, 0.893459877646951, 0.8934591330013036, 0.893458584500545, 0.893458603391005, 0.8934579624667122, 0.8934566270523966, 0.8934557170117566, 0.8934553044353749, 0.8934556416490487, 0.8934552062609944, 0.8934554077873421, 0.8934554320076007, 0.8934555758513906, 0.8934546979894289, 0.8934535715831553, 0.8934534671728332, 0.8934536119388953, 0.8934533512218207, 0.8934531784185804, 0.893451866681064, 0.8934510996883424, 0.8934509968883949, 0.8934507757192955, 0.8934500475211478, 0.8934501516229728, 0.8934496207232059, 0.8934503704072323, 0.8934497580271944, 0.8934491793892442, 0.8934491833377639, 0.8934486208426772, 0.8934483214652362, 0.8934481121744796, 0.8934488587671385, 0.8934473009286351, 0.8934461388915174, 0.8934462145620187, 0.8934462638260525, 0.8934455589849242, 0.8934456341229025, 0.8934459718635541, 0.893444521726815, 0.8934439560844433, 0.8934442594590032, 0.893444190513378, 0.8934430005874077, 0.893442177953608, 0.8934420480412488, 0.893441774079951, 0.8934410915338108, 0.8934406582381238, 0.8934410028010653, 0.8934405537006609, 0.8934396474793231, 0.8934391749598792, 0.8934386770097682, 0.893437972861432, 0.8934380311223181, 0.893437944442491, 0.893437781126558, 0.8934368916987645, 0.8934368969992258, 0.8934367054649632, 0.8934358256465318, 0.893435280943901, 0.8934347571407453, 0.8934340694408058, 0.8934340149505569, 0.8934341921892581, 0.893434131572021, 0.8934341148175777, 0.89343340755016, 0.893432967389787, 0.8934329567471301, 0.8934332611898739, 0.8934332951281249, 0.8934335195105538, 0.893432245598689, 0.8934323929560373, 0.8934323481765875, 0.8934317843329396, 0.8934320692721871, 0.8934315863130274, 0.8934308606081104, 0.8934306849897936, 0.8934302186658483, 0.8934302516200209, 0.8934304646142578, 0.8934301423720369, 0.8934302410066505, 0.8934292516341265, 0.8934286875827004, 0.8934282695425333, 0.893428181232718, 0.8934279957557956, 0.893428306994678, 0.8934284018490833, 0.893429190618554, 0.8934281580594159, 0.8934272480768054, 0.8934274413528484, 0.8934274864623232, 0.8934275815959647, 0.893426998667473, 0.8934269885416349, 0.8934269098236065, 0.8934268130619368, 0.8934268282113245, 0.8934268535883249, 0.8934267992900261, 0.893426502788393, 0.8934263609660305, 0.8934262747646593, 0.8934263222566242, 0.8934263307108764, 0.8934263492517105, 0.8934261391673174, 0.8934258272082842, 0.8934257877309193, 0.8934257663862905, 0.8934255967390097, 0.893425556717169, 0.8934257338847189, 0.8934255101286618, 0.8934253951124186, 0.8934250295883687, 0.8934247146002118, 0.8934243993711324, 0.8934241531840119, 0.8934239260244922, 0.8934239863698781, 0.8934238961333261, 0.8934239104027784, 0.8934239072806283, 0.8934238660309478, 0.8934237779227974, 0.8934234964087068, 0.8934233578808086, 0.8934233026230851, 0.8934231247132334, 0.8934228598123868, 0.8934227588512779, 0.8934228042643305, 0.8934227254235725, 0.8934227984617417, 0.8934225005495438, 0.8934224992189174, 0.8934223881795149, 0.8934225601466875, 0.8934224136817163, 0.8934220978749122, 0.8934219895431629, 0.8934218984715514, 0.8934218908750946, 0.8934218953404353, 0.8934218617943342, 0.8934216726433228, 0.8934215676200152, 0.8934215692365903, 0.8934215201330282, 0.8934214110021647, 0.8934213291607513, 0.8934215876504922, 0.8934211831779391, 0.8934209461908351, 0.8934208054880366, 0.893420783651069, 0.8934208161174361, 0.8934207503842508, 0.8934206574450356, 0.8934208794661732, 0.8934207476849771, 0.8934204164468718, 0.8934201951143161, 0.8934203332887259, 0.8934201787215327, 0.8934201141763107, 0.8934201104236105, 0.8934199438700241, 0.893419967364058, 0.8934199194065233, 0.893419834731343, 0.8934199456407766, 0.8934198357120744, 0.8934196758172817, 0.893419685121929, 0.8934196738899587, 0.893419883642488, 0.8934195865625166, 0.893419605784962, 0.893419540173738, 0.893419492767991, 0.8934195115136756, 0.8934194580674437, 0.8934193409142924, 0.8934192579230547, 0.8934192199684975, 0.8934191347435911, 0.8934191306611907, 0.8934191272468346, 0.8934190028101009, 0.8934188846385123, 0.8934187811364456, 0.893418680872011, 0.8934186139521529, 0.8934185308789434, 0.8934184446568176, 0.8934183509538663, 0.8934182586161975, 0.8934181717576495, 0.8934181075544783, 0.8934180447628807, 0.8934179737999839, 0.8934179297047209, 0.8934179413639626, 0.8934179139224607, 0.8934178112923137, 0.8934177196966356, 0.893417628378529, 0.8934175553275048, 0.893417478728162, 0.8934174304336187, 0.8934173827206097, 0.8934173516558018, 0.8934172806566063, 0.8934171927258319, 0.8934171121783324, 0.893417040187639, 0.8934169834943005, 0.8934169328589023, 0.8934169914778377, 0.8934169396840718, 0.8934169027776453, 0.8934168215920615, 0.8934167636082265, 0.8934167300712766, 0.8934167431279998, 0.8934167441964199, 0.8934166603255033, 0.8934167123563233, 0.893416662058184, 0.8934166167311606, 0.8934165725920867, 0.8934165766250206, 0.8934166182502896, 0.8934165250472775, 0.8934165078658047, 0.8934165434556317, 0.8934164310675932, 0.8934163696709383, 0.8934163200437479, 0.8934162925997085, 0.8934162006976704, 0.8934161613735757, 0.8934161250967392, 0.8934161141316243, 0.8934161101756607, 0.8934160319260505, 0.8934160061622448, 0.8934160616230706, 0.8934160327032323, 0.8934159305602292, 0.8934158994463557, 0.8934158696487919, 0.8934159011967465, 0.8934158843131993, 0.8934158246406627, 0.8934157524558262, 0.8934157548322379, 0.8934157436413803, 0.8934156825845195, 0.8934156252280191, 0.8934156072392249, 0.8934155851765256, 0.8934155661177462, 0.8934155866910747, 0.8934155918512237, 0.8934154823470648, 0.8934154620730572, 0.8934154289957614, 0.8934154395761043, 0.8934154060766587, 0.8934153661514054, 0.8934154058635809, 0.893415378399427, 0.8934153357342861, 0.8934152934795601, 0.8934152743214866, 0.8934152773157459, 0.8934153051310139, 0.8934152369329444, 0.8934152094857017, 0.893415144884545, 0.8934151463907437, 0.8934151378682594, 0.893415117590173, 0.8934150653314838, 0.8934150164554264, 0.8934149872159028, 0.8934149783493834, 0.8934149831758631, 0.8934149501024047, 0.893414906233674, 0.8934149396432739, 0.8934149334217236, 0.893414863144047, 0.893414820269409, 0.893414825582441, 0.8934148216301785, 0.8934148533797501, 0.893414854473974, 0.8934147722854427, 0.8934147417064775, 0.8934147165304774, 0.8934147729929285, 0.8934147376153506, 0.8934146903049329, 0.8934146726428036, 0.893414712675986, 0.8934146529899611, 0.8934146595783967, 0.8934146747380102, 0.893414601715078, 0.893414613305149, 0.893414596171888, 0.8934145723396826, 0.8934145521120151, 0.893414623817577, 0.8934145648877515, 0.8934145237673528, 0.8934145557754175, 0.8934145314999719, 0.8934144763418539, 0.8934144306172084, 0.893414433619263, 0.8934144289118626, 0.8934144133452283, 0.8934144618131031, 0.8934144296383344, 0.8934144008359015, 0.8934144005588258, 0.8934143817787671, 0.8934143958978407, 0.8934144154349162, 0.8934143367315902, 0.8934143112744592, 0.8934142888336767, 0.8934142837926519, 0.8934142675506116, 0.8934142680194322, 0.8934143021290669, 0.8934142619671452, 0.8934142648634008, 0.8934142328002993, 0.8934142153161669, 0.8934142080324207, 0.8934142252042628, 0.893414244547861, 0.8934141598061823, 0.8934141294753146, 0.8934141497223084, 0.8934141337045972, 0.8934141412099004, 0.8934141316707453, 0.8934141091610742, 0.8934141079767864, 0.8934141030746943, 0.8934141519031912, 0.8934141234730737, 0.8934140827990166, 0.8934140439790896, 0.8934140475900479, 0.8934140401218899, 0.8934140964977425, 0.8934140375374687, 0.8934140147074862, 0.893414027514163, 0.8934139975261705, 0.8934139911656306, 0.8934139834890288, 0.893413958373688, 0.8934139254139203, 0.8934139198125797, 0.8934139166920988, 0.8934139032634122, 0.8934138809145046, 0.8934138479425622, 0.893413817209872, 0.893413825518029, 0.8934138125174207, 0.893413801673688, 0.8934138254379973, 0.8934138077337399, 0.8934138027815007, 0.8934138065148374, 0.893413803067373, 0.8934138253996126, 0.8934137788788419, 0.893413778606806, 0.8934137784921259, 0.8934137598067721, 0.8934137465435414, 0.8934137460384753, 0.893413749816721, 0.8934137592088794, 0.8934137470832529, 0.8934137345477516, 0.8934137265727419, 0.8934137257345959, 0.8934137140520146, 0.8934137239704512, 0.8934137124617351, 0.8934136986605064, 0.8934136969603194, 0.8934136959829506, 0.8934136932260159, 0.8934136934140404, 0.8934136940559229, 0.8934137044414472, 0.8934136792978654, 0.8934136717703598, 0.8934136622379659, 0.8934136585918993, 0.8934136577813033, 0.8934136683388535, 0.8934136503265255, 0.8934136311861595, 0.8934136327175556, 0.8934136297834617, 0.8934136314535843, 0.8934136288217523, 0.8934136232315482, 0.8934136144648741, 0.8934136055814195, 0.893413596273894, 0.8934135895199125, 0.893413606872575, 0.8934135884365013, 0.8934135817206509, 0.8934135805376887, 0.8934135804401757, 0.8934135859148002, 0.8934135696561679, 0.8934135734596355, 0.8934135656721052, 0.8934135626805567, 0.8934135505456287, 0.8934135475867055, 0.8934135396699345, 0.8934135510986575, 0.8934135401421515, 0.8934135321056405, 0.8934135325615677, 0.8934135306039096, 0.8934135407395916, 0.8934135247412018, 0.8934135216987088, 0.8934135158052833, 0.893413527332907, 0.8934135149033473, 0.8934135148251647, 0.8934135158767545, 0.893413505962647, 0.8934135056194565, 0.8934135033757715, 0.893413523415752, 0.893413504315944, 0.8934134936395991, 0.8934134851838476, 0.8934134831250801, 0.8934134814746277, 0.8934134817086775, 0.8934134818859308, 0.8934134812283714, 0.8934134918049832, 0.8934134819205074, 0.8934134730191643, 0.8934134815325245, 0.8934134709446153, 0.8934134724847641, 0.8934134684279235, 0.893413464806062, 0.893413464076455, 0.8934134625617414, 0.8934134612407807, 0.8934134622297302, 0.8934134588416033, 0.8934134581428724, 0.8934134582339178, 0.8934134557311779, 0.893413452456604, 0.8934134531896817, 0.8934134541928409, 0.8934134543824293, 0.8934134525591478, 0.8934134484866945, 0.893413445963082, 0.8934134453144483, 0.8934134460329555, 0.8934134419046703, 0.8934134382589259, 0.8934134346372321, 0.8934134327174506, 0.8934134293747957, 0.8934134261778041, 0.8934134243884208, 0.8934134222926687, 0.8934134192780302, 0.8934134195510535, 0.8934134196338427, 0.8934134157186442, 0.8934134142013203, 0.8934134126912852, 0.8934134108881858, 0.8934134110706407, 0.8934134122730144, 0.8934134069952144, 0.893413406012903, 0.8934134055914568, 0.8934134056611326, 0.8934134023179322, 0.8934134045867709, 0.8934134041202513, 0.8934133992517528, 0.8934133974835168, 0.8934133959879363, 0.8934133988970174, 0.893413396942277, 0.8934133971562964, 0.8934133965120317, 0.8934133935009693, 0.8934133907959103, 0.8934133892594154, 0.8934133894008417, 0.893413388825867, 0.8934133864369755, 0.8934133853531647, 0.8934133838964192, 0.8934133819785864, 0.8934133802059527, 0.8934133789327003, 0.8934133804911706, 0.8934133800277677, 0.8934133789310821, 0.8934133786210031, 0.893413379447864, 0.8934133805973417, 0.8934133755407377, 0.8934133749411838, 0.8934133741509045, 0.8934133763332271, 0.8934133735962779, 0.8934133731416126, 0.8934133722793789, 0.8934133707610435, 0.8934133712861773, 0.8934133718875852, 0.8934133689760556, 0.8934133720169363, 0.89341337002358, 0.8934133685305229, 0.8934133682647092, 0.8934133687390649, 0.8934133678288493, 0.8934133700722091, 0.8934133676716228, 0.8934133654643367, 0.8934133686668643, 0.8934133639776352, 0.8934133639865738, 0.8934133648337265, 0.8934133630848909, 0.8934133607325573, 0.8934133587941748, 0.8934133578008309, 0.893413357587689, 0.8934133577715531, 0.8934133572339104, 0.893413356218894, 0.8934133566484923, 0.8934133569360607, 0.8934133548443745, 0.8934133563153295, 0.8934133557908189, 0.8934133537274571, 0.8934133570497728, 0.8934133535434172, 0.8934133535099025, 0.8934133550782188, 0.8934133530261914, 0.8934133534845312, 0.8934133521357932, 0.8934133503964333, 0.8934133501970551, 0.8934133513866813, 0.8934133480880267, 0.8934133475631122, 0.8934133473462091, 0.8934133475298521, 0.8934133462816245, 0.8934133455551005, 0.8934133465234075, 0.8934133459483009, 0.8934133445971619, 0.8934133468054049, 0.8934133454393023, 0.8934133447148752, 0.8934133436741127, 0.8934133437317899, 0.8934133435955671, 0.8934133435368004, 0.893413343429339, 0.8934133436755874, 0.8934133435223597, 0.8934133425299133, 0.8934133420262517, 0.8934133413148355, 0.8934133407598169, 0.8934133408755363, 0.8934133408161198, 0.8934133407396481, 0.8934133406779781, 0.8934133408303777, 0.893413340402834, 0.8934133400610095, 0.8934133400784164, 0.8934133409177285, 0.8934133401505531, 0.8934133400391092, 0.8934133400050914, 0.893413339787294, 0.8934133394653041, 0.8934133391656954, 0.8934133388719129, 0.8934133391272207, 0.8934133389447139, 0.8934133387112441, 0.8934133387252368, 0.8934133386746395, 0.8934133386231572, 0.8934133382945384, 0.8934133382444474, 0.8934133384706578, 0.89341333781757, 0.8934133375802692, 0.8934133372514993, 0.893413336902832, 0.893413336592289, 0.8934133363347694, 0.8934133361081038, 0.8934133360906222, 0.8934133361039482, 0.8934133359911881, 0.893413335963793, 0.8934133356301983, 0.8934133352881377, 0.8934133350031889, 0.893413334751361, 0.8934133346851243, 0.8934133348702215, 0.8934133347170433, 0.8934133345019686, 0.8934133344384616, 0.893413334503183, 0.8934133341005741, 0.8934133339377305, 0.893413333860236, 0.89341333358195, 0.8934133337238543, 0.8934133335565744, 0.8934133335285719, 0.8934133336722266, 0.8934133333000047, 0.8934133330127649, 0.8934133330632724, 0.8934133330882922, 0.8934133328345563, 0.8934133327700308, 0.8934133327857915, 0.8934133325211946, 0.8934133323246847, 0.8934133321935993, 0.8934133320154586, 0.893413331909791, 0.893413331749962, 0.893413331622601, 0.8934133316002095, 0.8934133314681886, 0.89341333135611, 0.8934133311905652, 0.8934133310887769, 0.8934133313535901, 0.8934133311198251, 0.8934133307704295, 0.8934133306531603, 0.8934133307631122, 0.8934133306414642, 0.8934133305888712, 0.8934133306850736, 0.8934133304578675, 0.8934133305210721, 0.8934133305445774, 0.8934133306559578, 0.8934133302296927, 0.8934133300348663, 0.8934133298874024, 0.8934133297980894, 0.893413329672114, 0.8934133297776893, 0.8934133296656793, 0.8934133299680705, 0.8934133296902184, 0.8934133294205213, 0.8934133293367279, 0.8934133293477875, 0.8934133294426303, 0.893413329175822, 0.8934133292996607, 0.8934133292337346, 0.8934133289974664, 0.8934133289217043, 0.8934133288613195, 0.8934133288896186, 0.8934133289433359, 0.8934133286727127, 0.8934133287619955, 0.8934133286528225, 0.8934133284798644, 0.8934133284591002, 0.8934133283808745, 0.8934133286574987, 0.8934133283601778, 0.8934133281995362, 0.8934133281244958, 0.8934133279982369, 0.8934133279905403, 0.893413328194014, 0.8934133279191135, 0.8934133277662956, 0.8934133277565145, 0.8934133277459695, 0.8934133278030931, 0.8934133278931476, 0.8934133275250058, 0.893413327537497, 0.8934133275383168, 0.8934133274601138, 0.8934133276431137, 0.8934133274359659, 0.8934133272863918, 0.8934133273112503, 0.8934133272515392, 0.8934133273103643, 0.8934133271815686, 0.8934133271225033, 0.8934133271212618, 0.893413327095951, 0.8934133270525467, 0.8934133270328795, 0.8934133269468315, 0.8934133269140575, 0.8934133268302104, 0.8934133267867065, 0.8934133267066698, 0.8934133266918605, 0.8934133266858073, 0.8934133266167189, 0.8934133265213828, 0.8934133264370527, 0.8934133263617081, 0.8934133263049753, 0.8934133263063376, 0.893413326310605, 0.8934133262941939, 0.8934133262977064, 0.8934133262637995, 0.8934133261805136, 0.8934133261298759, 0.8934133260952913, 0.8934133260764637, 0.8934133260543634, 0.8934133260518424, 0.8934133261191599, 0.8934133260159166, 0.8934133260352137, 0.8934133259134408, 0.8934133258788848, 0.8934133259513318, 0.893413325881145, 0.8934133258945169, 0.8934133258859207, 0.8934133257907251, 0.893413325725859, 0.8934133256721583, 0.8934133256570558, 0.8934133256699363, 0.8934133256312785, 0.8934133255665347, 0.8934133255616236, 0.8934133255657477, 0.8934133254748824, 0.8934133253966948, 0.8934133253369851, 0.8934133252698933, 0.8934133252024858, 0.8934133251505978, 0.8934133250930931, 0.8934133250437464, 0.8934133250156676, 0.8934133249827029, 0.8934133249697551, 0.8934133249827825, 0.8934133249783996, 0.8934133249373144, 0.893413324877001, 0.8934133248345241, 0.8934133248399253, 0.8934133248341494, 0.8934133248236802, 0.8934133248327017, 0.8934133248441597, 0.8934133248187017, 0.8934133247554443, 0.8934133247232389, 0.8934133246916859, 0.8934133246410111, 0.8934133246268662, 0.8934133245914503, 0.8934133245502769, 0.8934133245465711, 0.8934133245935549, 0.8934133245116339, 0.8934133244757427, 0.8934133244809128, 0.8934133244534799, 0.8934133244068696, 0.8934133244040412, 0.8934133244137319, 0.8934133243858122, 0.8934133243919445, 0.893413324354003, 0.8934133243455495, 0.8934133243661363, 0.8934133243654132, 0.8934133242877603, 0.8934133242924944, 0.8934133242964439, 0.8934133243004195, 0.8934133242813312, 0.8934133242453832, 0.8934133242560243, 0.8934133242277861, 0.8934133242025298, 0.8934133242002825, 0.8934133241959489, 0.893413324201045, 0.8934133241991579, 0.893413324199721, 0.8934133242257133, 0.8934133241767251, 0.8934133241396516, 0.8934133241204015, 0.8934133240975844, 0.8934133241012183, 0.893413324090266, 0.8934133240969939, 0.8934133240958779, 0.8934133240922517, 0.8934133240892349, 0.89341332406242, 0.8934133240406502, 0.8934133240202706, 0.8934133240180762, 0.8934133240252987, 0.8934133239875127, 0.8934133239650456, 0.8934133239506423, 0.8934133239347309, 0.8934133239181618, 0.8934133239160015, 0.8934133239233865, 0.8934133239102896, 0.893413323878721, 0.8934133238636365, 0.893413323837315, 0.8934133238285644, 0.8934133238240569, 0.8934133238247796, 0.8934133238138023, 0.8934133237980753, 0.8934133237794987, 0.8934133237956369, 0.8934133237845714, 0.893413323751078, 0.8934133237284443, 0.8934133237183676, 0.8934133237232413, 0.8934133237227534, 0.8934133237242784, 0.8934133237226035, 0.8934133237255398, 0.893413323720689, 0.8934133236939381, 0.8934133236823482, 0.8934133236838396, 0.8934133236808354, 0.8934133236598485, 0.8934133236494102, 0.8934133236494388, 0.8934133236377197, 0.8934133236342872, 0.8934133236241326, 0.8934133236026744, 0.893413323586392, 0.8934133235767902, 0.8934133235736449, 0.8934133235676125, 0.8934133235400711, 0.8934133235179076, 0.8934133235067077, 0.8934133234888187, 0.8934133234795528, 0.8934133234692381, 0.8934133234652539, 0.8934133234710046, 0.8934133234445751, 0.8934133234544624, 0.8934133234467724, 0.8934133234197488, 0.893413323410379, 0.8934133234293798, 0.893413323412488, 0.8934133234121867, 0.8934133234101007, 0.8934133233946954, 0.8934133234078477, 0.893413323391537, 0.893413323371042, 0.8934133233500642, 0.8934133233354594, 0.8934133233239064, 0.8934133233160091, 0.893413323304169, 0.8934133233084223, 0.8934133232828154, 0.8934133232663765, 0.8934133232535014, 0.8934133232407381, 0.8934133232299613, 0.8934133232280683, 0.8934133232301429, 0.8934133232410489, 0.8934133232248285, 0.8934133232008662, 0.8934133231936019, 0.8934133231852857, 0.8934133231740041, 0.8934133231816532, 0.8934133231673608, 0.8934133231499555, 0.8934133231457644, 0.8934133231473617, 0.8934133231292672, 0.8934133231104436, 0.8934133231079231, 0.8934133231107142, 0.8934133230923031, 0.8934133230777581, 0.893413323063418, 0.8934133230694096, 0.8934133230672504, 0.8934133230524685, 0.8934133230354898, 0.8934133230213107, 0.89341332301188, 0.8934133230101705, 0.8934133230013455, 0.8934133229962291, 0.893413323002771, 0.8934133229818488, 0.8934133229748327, 0.8934133229583888, 0.8934133229579008, 0.8934133229558227, 0.8934133229596655, 0.8934133229524625, 0.8934133229383755, 0.8934133229222129, 0.8934133229154869, 0.8934133229204758, 0.8934133229149094, 0.8934133228989098, 0.893413322888207, 0.8934133228743497, 0.8934133228756158, 0.8934133228706076, 0.8934133228592518, 0.8934133228488883, 0.8934133228408971, 0.8934133228253803, 0.8934133228141696, 0.8934133228150617, 0.8934133228183505, 0.8934133228000495, 0.893413322790119, 0.8934133227832346, 0.8934133227741688, 0.8934133227710969, 0.8934133227551537, 0.8934133227399548, 0.8934133227257828, 0.8934133227138531, 0.8934133227070067, 0.8934133226945068, 0.8934133226913525, 0.8934133226722868, 0.8934133226623703, 0.8934133226564134, 0.8934133226557979, 0.8934133226430043, 0.8934133226371369, 0.8934133226417527, 0.893413322632457, 0.8934133226302415, 0.8934133226296839, 0.8934133226110704, 0.8934133225965536, 0.8934133225854833, 0.8934133225763222, 0.8934133225672927, 0.8934133225584817, 0.8934133225439665, 0.8934133225282431, 0.8934133225170954, 0.893413322506806, 0.8934133224932228, 0.8934133224823851, 0.8934133224739991, 0.893413322471277, 0.8934133224711199, 0.89341332248193, 0.8934133224716326, 0.8934133224545344, 0.8934133224398711, 0.893413322428401, 0.8934133224337537, 0.8934133224320957, 0.8934133224210079, 0.8934133224171837, 0.8934133224159634, 0.8934133224113934, 0.8934133224090905, 0.8934133224185622, 0.8934133224189299, 0.8934133223979166, 0.8934133223911543, 0.8934133224022814, 0.8934133223910334, 0.8934133224026882, 0.8934133223885979, 0.8934133223739421, 0.8934133223687099, 0.8934133223553877, 0.8934133223422217, 0.8934133223301919, 0.8934133223203709, 0.8934133223192762, 0.8934133223163824, 0.8934133223078922, 0.8934133222923295, 0.8934133222837726, 0.8934133222786993, 0.8934133222689862, 0.8934133222785722, 0.8934133222669018, 0.8934133222657418, 0.8934133222655777, 0.8934133222777157, 0.8934133222641727, 0.8934133222504836, 0.893413322253529, 0.8934133222575953, 0.8934133222381352, 0.8934133222289998, 0.893413322227532, 0.8934133222232147, 0.893413322229796, 0.8934133222211194, 0.8934133222101888, 0.8934133222006185, 0.8934133221985617, 0.8934133221953962, 0.8934133221905504, 0.8934133221793763, 0.8934133221668668, 0.8934133221607746, 0.8934133221545146, 0.8934133221559378, 0.8934133221532481, 0.8934133221544465, 0.893413322146912, 0.8934133221447937, 0.893413322144566, 0.8934133221435082, 0.8934133221452206, 0.8934133221560253, 0.8934133221537364, 0.8934133221332952, 0.8934133221263656, 0.8934133221165556, 0.8934133221061099, 0.8934133221017244, 0.893413322102052, 0.8934133221021021, 0.89341332210612, 0.8934133221132569, 0.8934133220858694, 0.8934133220918998, 0.8934133220837747, 0.8934133220801516, 0.8934133220826319, 0.8934133220832342, 0.8934133220750042, 0.8934133220710532, 0.8934133220773294, 0.8934133220802357, 0.8934133220575857, 0.8934133220530285, 0.8934133220471239, 0.8934133220699724, 0.8934133220427756, 0.8934133220354179, 0.8934133220275129, 0.8934133220289059, 0.8934133220282593, 0.8934133220363659, 0.8934133220315786, 0.8934133220141606, 0.8934133220179247, 0.8934133220185034, 0.8934133220059155, 0.8934133219980221, 0.893413322012769, 0.8934133220024202, 0.8934133219893151, 0.8934133219904069, 0.8934133219936138, 0.8934133219843498, 0.8934133219759682, 0.8934133219906776, 0.893413321970261, 0.8934133219623747, 0.893413321962745, 0.8934133219670136, 0.8934133219604801, 0.8934133219578295, 0.8934133219684366, 0.8934133219516774, 0.8934133219403568, 0.8934133219431323, 0.8934133219457481, 0.8934133219418763] 

Smallest VQE eingenvalue optimizer final message:
{   'aux_operators_evaluated': None,
    'cost_function_evals': 1851,
    'eigenvalue': 0.8934133219418763,
    'optimal_circuit': <qiskit.circuit.library.n_local.real_amplitudes.RealAmplitudes object at 0x0000028016F9BC20>,
    'optimal_parameters': {   ParameterVectorElement(θ[0]): -3.1668521362168245,
                              ParameterVectorElement(θ[1]): -0.5318118148533642,
                              ParameterVectorElement(θ[2]): -1.5793608468765126,
                              ParameterVectorElement(θ[3]): 1.570797047772087,
                              ParameterVectorElement(θ[4]): 2.785848380439245,
                              ParameterVectorElement(θ[5]): 3.2687591410561976,
                              ParameterVectorElement(θ[6]): -4.604078840839046,
                              ParameterVectorElement(θ[7]): 1.570782045775059},
    'optimal_point': array([-3.16685214, -0.53181181, -1.57936085,  1.57079705,  2.78584838,
        3.26875914, -4.60407884,  1.57078205]),
    'optimal_value': 0.8934133219418763,
    'optimizer_evals': None,
    'optimizer_result': <qiskit_algorithms.optimizers.optimizer.OptimizerResult object at 0x000002807E8E2000>,
    'optimizer_time': 4.250601768493652}
     ┌──────────┐ ░                 ░ ┌──────────┐
q_0: ┤ Ry(θ[0]) ├─░─────────────■───░─┤ Ry(θ[4]) ├
     ├──────────┤ ░           ┌─┴─┐ ░ ├──────────┤
q_1: ┤ Ry(θ[1]) ├─░────────■──┤ X ├─░─┤ Ry(θ[5]) ├
     ├──────────┤ ░      ┌─┴─┐└───┘ ░ ├──────────┤
q_2: ┤ Ry(θ[2]) ├─░───■──┤ X ├──────░─┤ Ry(θ[6]) ├
     ├──────────┤ ░ ┌─┴─┐└───┘      ░ ├──────────┤
q_3: ┤ Ry(θ[3]) ├─░─┤ X ├───────────░─┤ Ry(θ[7]) ├
     └──────────┘ ░ └───┘           ░ └──────────┘
The number of ansatz parameters is: 
 8
Line for latex table
RA r1 rl & $1\mathrm{e}{-06}$ & 65/100 &1770 & $8.9341\mathrm{e}{-01}$ & $8.8329\mathrm{e}{-03}$ & $8.9342\mathrm{e}{-01}$ & $8.8414\mathrm{e}{-03}$ & - & 00h 17m 51s\\

