No Shot Noise
24/10/2024 10:31:03 

VQEr_100_COBYLA_maxIter_10000_tol_1e-03_RA_r1_rl 

Reference value: 8.9159936233e-01 

Qubits:  5
VQE runs:  100
Optimizer:  COBYLA
Max iterations:  10000
Optimizers's tolerance:  1e-03
Ansatz:  RA_r1_rl 

All run converged!!!
Number of iterations for each converged VQE run:
[1253, 1917, 2169, 2360, 980, 866, 379, 722, 778, 692, 1224, 1432, 940, 1580, 1119, 501, 981, 1252, 743, 857, 1082, 773, 537, 999, 1197, 787, 536, 548, 2152, 821, 1194, 1007, 2191, 396, 905, 1540, 913, 809, 1504, 1528, 931, 433, 975, 1905, 1278, 1347, 304, 838, 976, 1052, 453, 812, 1213, 1286, 1046, 1358, 1042, 1331, 2517, 744, 479, 532, 634, 1269, 574, 964, 590, 485, 1988, 692, 665, 2749, 843, 715, 1193, 2124, 1008, 906, 961, 993, 1226, 1518, 543, 833, 1374, 1189, 1062, 718, 812, 636, 1764, 945, 748, 1184, 415, 359, 404, 1537, 465, 839] 

Average iterations of converged run:
1049 

VQE eigenvalues:
[0.8942479181971679, 0.916747506211873, 0.9155079135835236, 0.8959875506545629, 0.9152253516824117, 0.8946082698295265, 0.8960794301787058, 0.8939110623832753, 0.8961739447465226, 0.9135621196766319, 0.8956007283313421, 0.9162130868271785, 0.9190305992314868, 0.8940543214374946, 0.8939940789449387, 0.9134711410823142, 0.9163424409456981, 0.8940852741774478, 0.8938795195381184, 0.9133794203310288, 0.9151780916888471, 0.895216722942946, 0.8942433165304554, 0.8942651730710331, 0.8941240942425477, 0.916649403635052, 0.8940597970092174, 0.9170208737517256, 0.8943473336200731, 0.9151786104334316, 0.8950966540474218, 0.8940250867705423, 0.9159259345355708, 0.9150938380191946, 0.8940903261554553, 0.8941042150446482, 0.8951593726436005, 0.9169637223171894, 0.8946149480822388, 0.8950420896898458, 0.9155376375059228, 0.9150258036608321, 0.8939205092473262, 0.8943566037160321, 0.894968480351018, 0.9185758481211206, 0.9148918388747305, 0.9151628502264922, 0.8938913578285456, 0.8939280682128967, 0.9134285266282095, 0.9165823812303717, 0.894019998448416, 0.9152051628110881, 0.8938570847314878, 0.9155191566663357, 0.8975231994568531, 0.8965730153288415, 0.9136239320954438, 0.9182145546062855, 0.9137741850329456, 0.894295317407835, 0.8942081917662332, 0.8952154053203283, 0.8938090584754176, 0.8946316982445772, 0.9144754892932608, 0.8943905930115602, 0.9160066949889476, 0.9151562139137033, 0.8937743575928759, 0.8941838100706065, 0.9149368013933284, 0.8951745554077909, 0.915542630023252, 0.8957661118266659, 0.8945768626663049, 0.8943047235361193, 0.9213575970805227, 0.8940135863911841, 0.9155414064441967, 0.9143489403296639, 0.9157432903717435, 0.893905709955558, 0.9150830595405722, 0.8963189403113104, 0.8947637595478023, 0.9152500775052399, 0.8965471287775157, 0.894117114332816, 0.91539707744627, 0.8944422303358506, 0.8938626440926257, 0.8938236934434873, 0.9153961005456761, 0.9154645230473384, 0.9152908605258172, 0.9133371822813523, 0.8939782622424031, 0.915492884124353] 

Median VQE eigenvalues:
0.8961266874626141 

Min eigenvalue after 100 VQE steps on Aer qasm simulator: 8.93774e-01
Delta from reference energy value is 2.17500e-03 

Optimizer history of the smallest VQE eigenvalue:
[75.07789676824456, 59.81027124996468, 42.71364902736887, 36.98436894164736, 40.92185818502349, 37.78131318060275, 39.03415602775808, 43.908343347319715, 27.215646582581403, 47.13209054987103, 27.068486764259585, 19.476450854008867, 19.441195486822433, 34.639755255843646, 36.98574181573385, 22.10547215786014, 34.047021931619874, 13.197558994947752, 17.476675964496284, 12.59641905742528, 21.707310485805714, 18.171252008301124, 10.948818949386563, 10.185980735491551, 10.136914818255232, 8.255312283970948, 7.916392038474487, 9.45648484555072, 7.0400947606637425, 8.228466329405034, 7.623880132816157, 8.086787565112044, 7.304805077300264, 7.8107044891494315, 7.937661888385018, 7.52213845793943, 7.08132256768813, 7.7988848892728555, 6.730206038738101, 6.573978451985999, 6.61624958051555, 6.462338717306658, 6.408396664199853, 6.636841535057721, 5.987580536582924, 6.171495753939761, 6.1428064737621755, 5.439792081066716, 5.232876630677157, 5.1191028252129565, 5.202658545744585, 4.895619547664791, 4.651556952038846, 4.597742331872228, 4.76855149950272, 4.641016907586774, 4.423596884843759, 3.8991388828319, 3.809894951563343, 3.8963353988019995, 3.9029166481740916, 3.8759338295770913, 3.8476488124388046, 3.930527268200353, 3.6794359328346165, 3.2650208714219335, 3.209886922433118, 3.168733500230041, 3.0274828215242633, 2.8641640846133165, 3.1618057106021467, 2.854367338809107, 2.5047503350094216, 2.4755112571214313, 2.5380420961096366, 2.5188861469346615, 2.395526965901678, 2.3374808929291784, 2.3818973932005143, 2.2322293611613953, 2.5455659389326697, 2.281711290897591, 2.515737846605917, 2.104225432159163, 2.11804545630366, 2.0525016574533983, 2.0892929657600487, 2.1345392317438416, 2.113908960655232, 2.108112292966601, 2.098404713990839, 1.997725203142027, 2.0073221176395304, 1.9956804329490887, 2.0148138983641726, 2.002730193830021, 1.9847544994240462, 1.9694916593547716, 1.9643884654764574, 1.9381596893889406, 1.9552339561175172, 1.9118109819436437, 1.8916287306209802, 1.8223601874580568, 1.8228226051447796, 1.8317197337954663, 1.7912271442585206, 1.8450615995000677, 1.8193687496525917, 1.8228096762755892, 1.7875022739797473, 1.7600884376498478, 1.7973467709194906, 1.804777995905014, 1.7819118552222828, 1.7780153834577528, 1.746325392303017, 1.7336792810911879, 1.7433113104225484, 1.7349016087161042, 1.7466063152008795, 1.7098113189789095, 1.7121664890022192, 1.7205068759569793, 1.6831912225927996, 1.672847291619664, 1.6665656246800717, 1.6696492542922352, 1.6947284393387123, 1.6710536938870335, 1.6577258343754355, 1.6609984405264506, 1.6512030159995237, 1.6357069867839154, 1.6522173588029758, 1.625159513110544, 1.6033386017933637, 1.5826946299741382, 1.5740187799350855, 1.5886337494714398, 1.5796561717943578, 1.5562702321107507, 1.5490676210075505, 1.5608987631523983, 1.5254695082240608, 1.5343523092298343, 1.5343707739725378, 1.513750694494559, 1.5228832578716422, 1.5090673671797386, 1.505306025195959, 1.5023848907341484, 1.5018665320196665, 1.5169173169401013, 1.47509628574761, 1.4735980609817834, 1.4844604688796617, 1.4463210318154556, 1.4518268462247763, 1.439841725682024, 1.4324950827460425, 1.437893685221638, 1.4156728749126175, 1.4024326094193431, 1.3849185766456775, 1.3726120621498918, 1.3576060751195926, 1.3337925132648323, 1.3141349234229085, 1.3027337311933196, 1.3029425939090857, 1.3121848675576013, 1.283044608895709, 1.2666712886608085, 1.2716893403300256, 1.2728817341649434, 1.2764906541583672, 1.2656517868975583, 1.2602548381185346, 1.2570220515434463, 1.2665634754098807, 1.255263079152585, 1.2609344204542974, 1.27510345797661, 1.272126878031899, 1.2273514854125283, 1.2139082264393044, 1.2106069289303147, 1.2116792549878483, 1.221111857543406, 1.2177516128405108, 1.193020005172128, 1.202412459234086, 1.186765475325417, 1.1786364283638269, 1.174183477467867, 1.1729430525979156, 1.1769551412949009, 1.1717826249586254, 1.1771870607196908, 1.178469512442622, 1.1656405884471872, 1.1741532578405873, 1.1637993278552337, 1.1627641067306538, 1.1743307786136286, 1.1623384768210692, 1.1873460139507623, 1.1594265365808427, 1.1348395385769299, 1.1257266508148207, 1.1340471879299925, 1.1258518168869016, 1.1330761365331503, 1.1347985655666457, 1.1144376549294148, 1.099806910079886, 1.1038701605216288, 1.103569000490254, 1.1035504580795168, 1.1016346875421903, 1.0899618469968495, 1.0920336838184344, 1.09662019391324, 1.086396948596652, 1.0850316018215636, 1.1030133035305527, 1.0934266048208932, 1.0694632029145197, 1.0695650415060496, 1.0690696123775711, 1.0662924896916735, 1.065183488248887, 1.0757123889211129, 1.0657905376458927, 1.053086992450456, 1.0476475467898487, 1.0492714010816833, 1.0478844475007338, 1.0555927205376174, 1.0529318167934796, 1.036323228281342, 1.042283766076818, 1.0382653880923407, 1.0454695121256885, 1.0356928596988269, 1.0498513788998007, 1.0312279483684477, 1.0268831139326626, 1.0323698914893424, 1.024691961594674, 1.025750750931659, 1.0245608012452523, 1.031969940206607, 1.0252791820140368, 1.0177433747505948, 1.013255715921019, 1.0132406744996523, 1.0136089949609317, 1.0138093595713338, 1.0141195404312877, 1.0079537173447424, 1.0065635399462234, 1.009223512551427, 1.006150443844355, 1.0016141953043254, 1.001668029739285, 0.9986491412760174, 0.994250421013075, 0.9957828689070898, 0.9935949372414933, 0.9905780192587662, 0.9892631490484982, 0.9867119267945579, 0.9894113550274327, 0.9876453389503537, 0.9888662655822575, 0.9870592443226246, 0.9845642588327285, 0.9901131558871732, 0.9828514546264048, 0.9784260115617747, 0.9775721326067663, 0.9779190205782908, 0.9741110420419871, 0.9795021516944155, 0.9745892897089958, 0.968734454882373, 0.9666477923068216, 0.966684965718081, 0.9661600652076938, 0.9684581863765251, 0.9661978059383258, 0.964997314839042, 0.9648253392135834, 0.9613447455780036, 0.964546011677279, 0.9608622506382533, 0.9602667512921982, 0.9618988214761065, 0.9579198496443676, 0.9592548689845822, 0.9592860531946413, 0.9606461509308463, 0.9612960969100963, 0.9603633603567846, 0.9596263527563506, 0.9524158172981072, 0.9520860119411734, 0.9520194530741976, 0.9509143059355625, 0.9509087155248865, 0.9502132438384454, 0.9535975354061821, 0.9442338019620907, 0.9424875663390322, 0.9425338410307723, 0.9428592953684928, 0.9414107125538282, 0.9383440745522243, 0.9356766453159286, 0.9339325639779951, 0.9320251625246518, 0.932715420322472, 0.9318975786344559, 0.9320905607240026, 0.9336395713035037, 0.9321334237267934, 0.9315396340225696, 0.9349373286565396, 0.9308508221878792, 0.9286273166891081, 0.927825597584657, 0.929176336103559, 0.9278612952599585, 0.9291063637341682, 0.9265245165931372, 0.9266646911108327, 0.9279288033364711, 0.9263456403907557, 0.9257080149022703, 0.9253766020766376, 0.9268084799347284, 0.9245100950470921, 0.9204110235878129, 0.9200892167172009, 0.9218178389182294, 0.9201886147946416, 0.9206377327403968, 0.9177065112053104, 0.9171853432624345, 0.9180017397087877, 0.9162762302149182, 0.9156595474243403, 0.9162693319875974, 0.9144346926684428, 0.9138044235550528, 0.9139843071193307, 0.9135149707390177, 0.9148193023162401, 0.9128153070597809, 0.9132409572473521, 0.9116131721948795, 0.9147035287832493, 0.9102367669005882, 0.9101021633664127, 0.9092205520966864, 0.9112691707018483, 0.9095009943838887, 0.9080640229737073, 0.9075450491723328, 0.9073782224845106, 0.9102579313512916, 0.9073551488692071, 0.90715718663517, 0.9098932234332415, 0.9053463702297208, 0.9053389778368937, 0.9051913848574085, 0.9064235307215849, 0.9063240673258098, 0.9067411795489239, 0.9052910614437433, 0.9049996010844904, 0.9055518201733659, 0.9044629454927654, 0.9049746668013884, 0.9046136822647872, 0.9040149765962734, 0.9040313878993033, 0.9043440669552204, 0.9039675283331502, 0.9045725064722392, 0.9031916664842735, 0.9035213756347142, 0.9039411042835102, 0.9021213134898468, 0.901296833844464, 0.9016681110370721, 0.901347814517165, 0.9020736991707028, 0.9015319135175979, 0.9008473759801809, 0.9008815307981815, 0.9009830580457608, 0.9004017354081343, 0.9009892611908177, 0.9003687665021267, 0.9005130283964291, 0.900030202315535, 0.9000839501897733, 0.9003265986248308, 0.9001196951136695, 0.9005218714541909, 0.9000331931874083, 0.9002556810551894, 0.8997296501084678, 0.8997117480115322, 0.8995914846683918, 0.8994497573093487, 0.8994649637570319, 0.8992759977573535, 0.8990362349233164, 0.8988779988874065, 0.898794287503802, 0.8990365484039716, 0.8987127146880226, 0.8986545686617451, 0.8987666855732146, 0.898565852318185, 0.898800733102316, 0.8988281831920217, 0.8981299917246455, 0.8980061036756674, 0.897950938657406, 0.8978399150585927, 0.8977911096520015, 0.8976813254365185, 0.8977184146855027, 0.8976810224335918, 0.8975046925257827, 0.8973885428940791, 0.8972081104459977, 0.8970533373747114, 0.8972388149706096, 0.8970385627318748, 0.8971077308626941, 0.8969655215799107, 0.8968468369690549, 0.8970458377708681, 0.8967396237479637, 0.8968225537862718, 0.8967669974508242, 0.8967264945831136, 0.8966481479050535, 0.8967344432868751, 0.8966137962468833, 0.8966182660342471, 0.8966310681087574, 0.8965257602971797, 0.8965165929636622, 0.8964674588445088, 0.8963779988923262, 0.8963064575996568, 0.8962988190507092, 0.8962960631132619, 0.8963561043787204, 0.8963637508100154, 0.8962091575461957, 0.8961932345773822, 0.8962031513649316, 0.896158659407553, 0.8960373630672199, 0.8960245929249679, 0.8960718830706204, 0.8959149691070888, 0.895815825679341, 0.8957759208853179, 0.8957587352442329, 0.8957922823308283, 0.8957299642533371, 0.8956576277035124, 0.8956624449907521, 0.8956675695283993, 0.8955694510817214, 0.8954781101447278, 0.8954274329521965, 0.8953492915239377, 0.895252519898035, 0.8952081333567473, 0.8951853298698117, 0.8951844132543266, 0.8951644328183477, 0.8951674752055282, 0.8951677769591703, 0.8950872479508435, 0.8950112177404171, 0.8950418015120193, 0.8950279924316555, 0.8949522743813585, 0.8949192031620882, 0.894926828574775, 0.8949357740480582, 0.8949234173672397, 0.8949446125623499, 0.8950239186648147, 0.8949238946305108, 0.8948446102175788, 0.8948052387206701, 0.8947861785553629, 0.8948197833614316, 0.8947191164714716, 0.8947270461713264, 0.8947514811884619, 0.8947083068971288, 0.8947195877714574, 0.8946986069851968, 0.8946817209424607, 0.8946463533992813, 0.8947078322812163, 0.8946529030508986, 0.8945914255354189, 0.8945712846693327, 0.894582958795886, 0.8946207542897062, 0.894536755890435, 0.8945409448957086, 0.8945779298278821, 0.8945377477703693, 0.8944870205828561, 0.8945431723171217, 0.8944887887588374, 0.8944862129337232, 0.89448076705734, 0.8944991893062301, 0.8945244879440213, 0.8944544784377778, 0.8944634079721132, 0.8944756397845082, 0.8944005678428923, 0.8944154115705643, 0.8944070519621873, 0.894369230315287, 0.894384503570297, 0.8943565205074439, 0.8943030771727543, 0.894315658681767, 0.8943181346156243, 0.8943259181009102, 0.8943002270414661, 0.894269416461559, 0.8942512880268754, 0.8942381795788802, 0.8942486963835838, 0.8942523894093418, 0.8942432707213056, 0.8942573170865618, 0.8942746991539311, 0.894190981405538, 0.8941930926149748, 0.8941883764344377, 0.894202677667676, 0.8941978539937727, 0.8941564010815409, 0.8941984434647678, 0.8941379645126788, 0.8941312925912226, 0.8941593479785528, 0.8941221481318617, 0.8941262652194506, 0.8941337282521418, 0.8941354039704984, 0.8941512953410553, 0.8941384608807105, 0.8941042465228572, 0.8941622069794276, 0.8941100041617845, 0.8941295366373874, 0.8940938963500397, 0.8940969411749591, 0.8941098490559468, 0.8941017324575466, 0.8940975134025312, 0.894085153494324, 0.8940900149203477, 0.8940664047540542, 0.8940707533905432, 0.8940601918951889, 0.8940399210570961, 0.8940406591323802, 0.8940380863937851, 0.8940181881980394, 0.8940084534642001, 0.8940042760640325, 0.8940029314050884, 0.893996851741442, 0.8939972598285513, 0.8939840904938118, 0.8939615808228661, 0.8939434119446885, 0.893928817367956, 0.893921175574805, 0.8939161935987222, 0.8939240805206115, 0.8939102074072037, 0.8939236330599802, 0.8939152966677266, 0.8939207019715528, 0.8939118952855589, 0.8939171784032244, 0.8939031056693343, 0.8938882986227679, 0.8939009318764582, 0.8938900671980623, 0.8938954859463089, 0.8938900125590971, 0.8938794112677942, 0.8938776683343211, 0.8938850400566397, 0.8938706272095799, 0.8938751925008501, 0.8938658051323601, 0.8938723622235878, 0.8938737268384163, 0.893875189642202, 0.8938567844026906, 0.8938553778373729, 0.8938558761092857, 0.8938551323076275, 0.8938582338808476, 0.8938679952270812, 0.8938606811831233, 0.8938378569351594, 0.8938298571556258, 0.8938194924842342, 0.8938198241847747, 0.8938249013303704, 0.8938118503260403, 0.8938058683491884, 0.8938113122482564, 0.8938080172853787, 0.8938035142184418, 0.8938049936769074, 0.8937926359426807, 0.893791264989136, 0.8937949563096474, 0.8937913092555274, 0.8937948318946283, 0.893801707799672, 0.8937988702644143, 0.8937892492622621, 0.8937852852475017, 0.8937873420706886, 0.8937880655753377, 0.8937788470689022, 0.8937758752595519, 0.8937855669931234, 0.8937718645754784, 0.8937733282879227, 0.8937722535623533, 0.893774687953107, 0.8937684590375171, 0.8937764519516028, 0.8937718356489064, 0.8937743575928759] 

Smallest VQE eingenvalue optimizer final message:
{   'aux_operators_evaluated': None,
    'cost_function_evals': 665,
    'eigenvalue': 0.8937743575928759,
    'optimal_circuit': <qiskit.circuit.library.n_local.real_amplitudes.RealAmplitudes object at 0x000001351E3EECC0>,
    'optimal_parameters': {   ParameterVectorElement(θ[0]): -0.023765695652363042,
                              ParameterVectorElement(θ[1]): 2.5297150627806757,
                              ParameterVectorElement(θ[2]): 1.576225966789349,
                              ParameterVectorElement(θ[3]): -1.5700881971127874,
                              ParameterVectorElement(θ[4]): 1.5702335952748778,
                              ParameterVectorElement(θ[5]): -0.37536233136147734,
                              ParameterVectorElement(θ[6]): 2.1247405661630565,
                              ParameterVectorElement(θ[7]): 1.6662930603796224,
                              ParameterVectorElement(θ[8]): 1.574349650662691,
                              ParameterVectorElement(θ[9]): 1.5784608640469044},
    'optimal_point': array([-0.0237657 ,  2.52971506,  1.57622597, -1.5700882 ,  1.5702336 ,
       -0.37536233,  2.12474057,  1.66629306,  1.57434965,  1.57846086]),
    'optimal_value': 0.8937743575928759,
    'optimizer_evals': None,
    'optimizer_result': <qiskit_algorithms.optimizers.optimizer.OptimizerResult object at 0x000001351E297EF0>,
    'optimizer_time': 1.687847375869751}
     ┌──────────┐ ░                      ░ ┌──────────┐
q_0: ┤ Ry(θ[0]) ├─░──────────────────■───░─┤ Ry(θ[5]) ├
     ├──────────┤ ░                ┌─┴─┐ ░ ├──────────┤
q_1: ┤ Ry(θ[1]) ├─░─────────────■──┤ X ├─░─┤ Ry(θ[6]) ├
     ├──────────┤ ░           ┌─┴─┐└───┘ ░ ├──────────┤
q_2: ┤ Ry(θ[2]) ├─░────────■──┤ X ├──────░─┤ Ry(θ[7]) ├
     ├──────────┤ ░      ┌─┴─┐└───┘      ░ ├──────────┤
q_3: ┤ Ry(θ[3]) ├─░───■──┤ X ├───────────░─┤ Ry(θ[8]) ├
     ├──────────┤ ░ ┌─┴─┐└───┘           ░ ├──────────┤
q_4: ┤ Ry(θ[4]) ├─░─┤ X ├────────────────░─┤ Ry(θ[9]) ├
     └──────────┘ ░ └───┘                ░ └──────────┘
The number of ansatz parameters is: 
 10
Line for latex table
RA r1 rl & $1\mathrm{e}{-03}$ & 100/100 &1049 & $8.9377\mathrm{e}{-01}$ & $2.175\mathrm{e}{-03}$ & $8.9613\mathrm{e}{-01}$ & $4.5273\mathrm{e}{-03}$ & - & 00h 04m 02s\\

