No Shot Noise
01/11/2024 12:43:43 

VQEr_100_COBYLA_maxIter_10000_tol_1e-07_RA_r1_rl 

Reference value: -1.6478526069e-01 

Qubits:  3
VQE runs:  100
Optimizer:  COBYLA
Max iterations:  10000
Optimizers's tolerance:  1e-07
Ansatz:  RA_r1_rl 

Only 98 runs out of 100 converged
Number of iterations for each converged VQE run:
[753, 1025, 1779, 1033, 920, 3166, 596, 761, 2279, 573, 683, 754, 440, 568, 1220, 868, 1886, 996, 1447, 426, 873, 1087, 1740, 2026, 738, 617, 1103, 975, 590, 2092, 760, 603, 939, 1959, 861, 488, 779, 616, 792, 869, 468, 843, 3046, 767, 673, 704, 818, 768, 465, 2567, 885, 811, 493, 1823, 469, 678, 641, 506, 914, 420, 596, 901, 880, 538, 828, 3696, 2088, 927, 725, 666, 664, 748, 523, 536, 2353, 1834, 845, 734, 993, 1418, 1255, 1336, 1328, 4030, 896, 493, 794, 796, 939, 2321, 1704, 520, 750, 3463, 7207, 861, 906, 807] 

Average iterations of converged run:
1167 

VQE eigenvalues:
[-0.16478526068484223, -0.16478526068460564, -0.16478526068178723, -0.16478526068459232, -0.16478526068458998, -0.16478526067280486, -0.1647852606848459, -0.16478526068449706, -0.1647852606817336, -0.16478526068477162, -0.16478526068482302, -0.16478526068440125, -0.16478526068497468, -0.1647852606844873, -0.16478526068462307, -0.16478526068427424, -0.16478526068288335, -0.16478526068426957, -0.16478526068338795, -0.1647852606848289, -0.16478526068465915, -0.16478526068410626, -0.1647852606826401, -0.16478526068280497, -0.16478526068452393, -0.16478526068443122, -0.16478526068464083, -0.16478526068481947, -0.16478526068469512, -0.16478526068368127, -0.16478526068479216, -0.16478526068371124, -0.1647852606846143, -0.16478526068135835, -0.16478526068451282, -0.16478526068483945, -0.16478526068461474, -0.1647852606847343, -0.16478526068485355, -0.16478526068474397, -0.16478526068485166, -0.16478526068489918, -0.1647852606814244, -0.16478526068476806, -0.16478526068464405, -0.16478526068470234, -0.1647852606847955, -0.1647852606848924, -0.16478526068489274, -0.1647852606822171, -0.16478526068445254, -0.16478526068470756, -0.1647852606848248, -0.16478526068304888, -0.16478526068493327, -0.16478526068436727, -0.16478526068484234, -0.16478526068462185, -0.16478526068466315, -0.16478526068495458, -0.16478526068471644, -0.16478526068485144, -0.16478526068487764, -0.16478526068458543, -0.1647852606845287, -0.16478526068139077, -0.16478526068172095, -0.16478526068474242, -0.164785260684708, -0.16478526068479116, -0.16478526068438215, -0.16478526068479238, -0.1647852606848036, -0.1647852606849719, -0.16478526068209576, -0.16478526068403565, -0.16478526068459654, -0.16478526068472987, -0.16478526068476396, -0.16478526068368782, -0.16478526068432542, -0.16478526068429156, -0.1647852606841712, -0.16478526067120358, -0.16478526068457322, -0.16478526068492239, -0.16478526068473043, -0.16478526068469324, -0.1647852606841652, -0.16478526068122523, -0.16478526068398724, -0.16478526068428878, -0.1647852606841903, -0.16478526067965127, -0.16478526067255894, -0.16478526068449317, -0.16478526068456711, -0.16478526068474497] 

Median VQE eigenvalues:
-0.1647852606846011 

Min eigenvalue after 100 VQE steps on Aer qasm simulator: -1.64785e-01
Delta from reference energy value is 4.75175e-14 

Optimizer history of the smallest VQE eigenvalue:
[9.802503692310156, 10.810103859067802, 10.755791694469313, 6.660282701601644, 3.599276798296916, 7.162009589334454, 2.6769459721151794, 1.7400452599133804, 1.2828050288292567, 1.3550775463308549, 3.9098857806732994, 1.4041960911640121, 4.644429226730322, 2.026845503955579, 1.5745961796038102, 1.3543031667851744, 0.9365607698743685, 0.5912157576840543, 0.8771232107794867, 0.7068597210773153, 0.18645879880005767, 0.3023509078035625, 0.17431701714967285, 0.11134334812608448, 0.27411923890548073, 0.16657359169514763, 0.09390280111526927, 0.13405797513988837, 0.013036766812500211, -0.03964853783852296, 0.01686904640821918, -0.04846898561276558, -0.058541686639452806, -0.038815255874457555, 0.042176750918852535, -0.013537023400112536, -0.07853197216067842, -0.05898070265003519, -0.07601562859484212, -0.06867888556861967, -0.07807384180383614, -0.09860950845963767, -0.08703226404437792, -0.09081828414001947, -0.09129761719872309, -0.09490645150609933, -0.10240999838184028, -0.1053431392168126, -0.10411810785939901, -0.1056363464885346, -0.1116278039082903, -0.11963923123505515, -0.12646698054134475, -0.129359990243328, -0.12543305073553346, -0.13246440602390186, -0.12842701578215088, -0.13470893664931805, -0.1389136590647272, -0.1379419316699021, -0.1404495859502618, -0.13845501265269022, -0.14164489937050306, -0.14445257122945754, -0.14537828968435762, -0.14613158649218394, -0.14785218979736592, -0.14599380180321586, -0.1482557800954083, -0.15122730053321887, -0.15338745302619805, -0.1552954617688117, -0.1556316545886014, -0.15536894251334943, -0.15423922048963434, -0.1555802416236265, -0.15763973402395925, -0.15851378892602352, -0.1586967173396866, -0.1591742390298414, -0.16090680062780816, -0.16083188373307766, -0.16077452003197168, -0.16153216371033752, -0.1605241478640378, -0.161811094321905, -0.15993184705956687, -0.16215368938872587, -0.16196429487328368, -0.1623020429783938, -0.16214980361227627, -0.1619170107850929, -0.16254013503706743, -0.1626947861668273, -0.16215290060362686, -0.1625360552853251, -0.16324512580158868, -0.1634967892998218, -0.16331073121513584, -0.16333751218277426, -0.1637398745303822, -0.16350081852147524, -0.16368946759220182, -0.16400799566865032, -0.1639910949641391, -0.16401557043610293, -0.16424558776466625, -0.1643629409650631, -0.16433117691349364, -0.1643718273119249, -0.16444915146865013, -0.16429686374333063, -0.164269004675337, -0.16447495094252418, -0.16447819549623355, -0.16448693330165898, -0.16459427732497978, -0.16459648377580005, -0.16464700730644766, -0.1646195856083139, -0.16464860659873637, -0.16457292974557713, -0.16462553206167974, -0.16470965536584725, -0.16466912799320632, -0.1647163413103847, -0.16468309302088968, -0.16471585877563244, -0.16470647572567865, -0.16471603635361887, -0.16472030650077485, -0.16471293280247667, -0.164724840628929, -0.16472678960338538, -0.1647212299956664, -0.16472909548910042, -0.1647325054326383, -0.1647420154139918, -0.16474716327854233, -0.16475346922687129, -0.16475128319054033, -0.16475210084434933, -0.16475027302799017, -0.16475224958118573, -0.16475806750125632, -0.16475094693934755, -0.16475610873895696, -0.16476151001826533, -0.16476398586578234, -0.16476542200233169, -0.1647672152811992, -0.1647724465675814, -0.16477337911190848, -0.164776056638687, -0.16477113669312793, -0.16477556581960162, -0.16477176180069497, -0.16477682866672583, -0.16477839785523463, -0.1647780458798458, -0.16477740097146942, -0.16477760304264422, -0.16477778835062373, -0.1647781905254403, -0.16477941125366113, -0.16477894226055245, -0.1647785907956345, -0.16478073106693114, -0.1647813002279448, -0.16478101515021326, -0.164781182511902, -0.16478178852883618, -0.16478198920917597, -0.1647821121766625, -0.16478240327816573, -0.1647825889233676, -0.16478307737304942, -0.16478114179019698, -0.16478244656166285, -0.16478367742647615, -0.16478409690289453, -0.16478390221859873, -0.16478373387540346, -0.16478413574206552, -0.16478366694883717, -0.1647835607471999, -0.16478403954689214, -0.16478421736115667, -0.1647840717215664, -0.1647844464528383, -0.16478469289044528, -0.16478471428357666, -0.16478472405049105, -0.16478453447980657, -0.16478473886487566, -0.164784760126228, -0.16478483303730973, -0.16478437394694478, -0.1647849570499914, -0.1647850057190441, -0.1647849897582372, -0.16478502422750296, -0.16478498074653247, -0.16478502935782413, -0.16478499593377338, -0.16478495853359199, -0.16478507874476478, -0.1647850132019163, -0.16478509874907576, -0.16478511607697122, -0.1647850813435625, -0.1647851299220605, -0.1647850922493459, -0.1647851281323145, -0.16478516350840522, -0.16478516102218344, -0.16478516926438302, -0.1647851868965079, -0.1647851771001001, -0.1647851943942844, -0.1647851857390591, -0.16478519577003914, -0.16478518674692977, -0.1647851974260931, -0.1647852017011776, -0.16478520135922092, -0.16478520585586276, -0.16478521498948484, -0.16478521923382827, -0.16478521372475718, -0.16478522096028703, -0.1647852219666237, -0.16478521963497472, -0.16478522688002584, -0.1647852288413505, -0.16478523537995726, -0.1647852374982407, -0.1647852407845063, -0.16478524252453186, -0.16478523927129662, -0.1647852447312642, -0.16478524416131624, -0.16478524381657966, -0.16478524232228864, -0.16478524530454908, -0.16478524581395493, -0.16478524561032637, -0.16478524732318733, -0.16478524827948215, -0.16478524892450552, -0.16478524949687434, -0.16478524877888423, -0.1647852500753073, -0.16478525159829727, -0.1647852508954638, -0.16478525207197237, -0.16478525249787424, -0.16478525312043302, -0.16478525276247247, -0.16478525342011974, -0.16478525324520255, -0.16478525377241837, -0.1647852540711059, -0.16478525423083212, -0.16478525453884874, -0.16478525505111297, -0.16478525503941377, -0.16478525477875205, -0.16478525566387758, -0.16478525565739388, -0.1647852556973931, -0.16478525608891992, -0.1647852565731489, -0.16478525671882926, -0.16478525715094317, -0.16478525758369766, -0.16478525753013307, -0.1647852573516969, -0.1647852579723723, -0.1647852580676673, -0.16478525811960676, -0.16478525831694912, -0.16478525808313849, -0.16478525808762012, -0.16478525864940796, -0.16478525878109662, -0.1647852591282848, -0.16478525941552113, -0.1647852596157814, -0.1647852595658793, -0.1647852597153937, -0.1647852598331121, -0.16478525959112555, -0.1647852598738928, -0.16478525967568192, -0.1647852597719759, -0.16478525981453407, -0.16478525989840542, -0.16478525992288395, -0.1647852599559192, -0.16478526008775096, -0.16478526018815653, -0.16478526026276108, -0.16478526033478913, -0.164785260336753, -0.16478526034884933, -0.16478526036837737, -0.16478526033844, -0.16478526045514919, -0.16478526048503217, -0.1647852604147927, -0.16478526050837328, -0.1647852605431226, -0.16478526054959453, -0.16478526054156784, -0.16478526051319398, -0.16478526055416454, -0.16478526054135934, -0.16478526054416442, -0.16478526053852904, -0.16478526058197396, -0.16478526059905074, -0.16478526060149223, -0.1647852606012845, -0.16478526061203347, -0.1647852606330067, -0.1647852606376321, -0.16478526064143773, -0.16478526063727628, -0.16478526064966725, -0.16478526064426635, -0.16478526065049837, -0.16478526064210497, -0.16478526064682686, -0.1647852606512158, -0.1647852606527913, -0.1647852606543787, -0.16478526065870314, -0.16478526065760768, -0.16478526065843202, -0.16478526065982912, -0.1647852606555802, -0.16478526065977261, -0.1647852606623128, -0.16478526066413313, -0.16478526066401322, -0.16478526066292354, -0.16478526066485144, -0.16478526066493404, -0.16478526066651145, -0.16478526066668686, -0.1647852606673843, -0.16478526066808208, -0.1647852606674991, -0.16478526066629795, -0.16478526066886745, -0.16478526067141774, -0.16478526067224086, -0.16478526067219768, -0.1647852606727942, -0.1647852606746023, -0.1647852606747311, -0.16478526067450416, -0.16478526067696087, -0.16478526067760813, -0.16478526067728316, -0.16478526067732813, -0.1647852606778788, -0.16478526067857135, -0.1647852606787561, -0.16478526067855626, -0.16478526067855337, -0.16478526067904886, -0.16478526067976385, -0.16478526067966393, -0.1647852606795922, -0.1647852606803274, -0.16478526068043464, -0.1647852606802327, -0.16478526068089605, -0.16478526068142485, -0.1647852606817195, -0.1647852606818132, -0.16478526068190913, -0.16478526068170818, -0.16478526068193156, -0.1647852606823016, -0.16478526068245902, -0.16478526068188193, -0.16478526068231913, -0.1647852606828495, -0.1647852606830814, -0.16478526068305077, -0.1647852606829896, -0.16478526068335275, -0.1647852606835536, -0.16478526068330746, -0.1647852606835648, -0.16478526068371657, -0.16478526068379562, -0.1647852606840845, -0.1647852606840009, -0.16478526068410404, -0.1647852606842899, -0.1647852606843484, -0.16478526068447974, -0.1647852606841912, -0.16478526068437038, -0.16478526068454247, -0.1647852606842597, -0.16478526068456534, -0.16478526068464494, -0.1647852606841851, -0.16478526068459365, -0.16478526068460275, -0.16478526068463695, -0.1647852606846124, -0.1647852606847342, -0.16478526068475474, -0.16478526068472277, -0.16478526068478383, -0.1647852606848369, -0.16478526068486676, -0.16478526068488075, -0.16478526068485122, -0.1647852606849015, -0.16478526068485722, -0.1647852606849014, -0.16478526068491173, -0.16478526068486377, -0.16478526068492305, -0.16478526068494126, -0.16478526068494714, -0.1647852606849204, -0.16478526068495303, -0.16478526068496502, -0.1647852606849869, -0.1647852606849709, -0.16478526068498045, -0.16478526068497468] 

Smallest VQE eingenvalue optimizer final message:
{   'aux_operators_evaluated': None,
    'cost_function_evals': 440,
    'eigenvalue': -0.16478526068497468,
    'optimal_circuit': <qiskit.circuit.library.n_local.real_amplitudes.RealAmplitudes object at 0x0000023328F35EE0>,
    'optimal_parameters': {   ParameterVectorElement(θ[5]): 4.712389150535552,
                              ParameterVectorElement(θ[0]): 1.353144603022493,
                              ParameterVectorElement(θ[1]): 1.5707961526856251,
                              ParameterVectorElement(θ[2]): 4.71238900934514,
                              ParameterVectorElement(θ[3]): 1.353144329318556,
                              ParameterVectorElement(θ[4]): 1.0301021120679488},
    'optimal_point': array([1.3531446 , 1.57079615, 4.71238901, 1.35314433, 1.03010211,
       4.71238915]),
    'optimal_value': -0.16478526068497468,
    'optimizer_evals': None,
    'optimizer_result': <qiskit_algorithms.optimizers.optimizer.OptimizerResult object at 0x000002337E7EFE90>,
    'optimizer_time': 1.1048595905303955}
     ┌──────────┐ ░            ░ ┌──────────┐
q_0: ┤ Ry(θ[0]) ├─░────────■───░─┤ Ry(θ[3]) ├
     ├──────────┤ ░      ┌─┴─┐ ░ ├──────────┤
q_1: ┤ Ry(θ[1]) ├─░───■──┤ X ├─░─┤ Ry(θ[4]) ├
     ├──────────┤ ░ ┌─┴─┐└───┘ ░ ├──────────┤
q_2: ┤ Ry(θ[2]) ├─░─┤ X ├──────░─┤ Ry(θ[5]) ├
     └──────────┘ ░ └───┘      ░ └──────────┘
The number of ansatz parameters is: 
 6
Line for latex table
RA r1 rl & $1\mathrm{e}{-07}$ & 98/100 &1167 & $-1.6479\mathrm{e}{-01}$ & $4.7518\mathrm{e}{-14}$ & $-1.6479\mathrm{e}{-01}$ & $4.2111\mathrm{e}{-13}$ & - & 00h 05m 26s\\

