RA_r1_rl
06m03s__1517
1e-06
1.731542687011256e-11
3.263378456352939e-11
1.953428530043766e-09
2.1376639347536752e-10
3.2773450620027234e-11
3.600819642457509e-11
5.89063908762455e-10
1.5265549935250533e-10
1.6292744930979097e-11
1.1201206628896898e-11
1.56463175748911e-11
1.7671253349504923e-10
1.5396850461257827e-11
5.773992395319283e-12
1.2502443524908813e-11
2.61181631877605e-11
9.944267631567527e-12
2.038830215767007e-11
1.3705092616334014e-11
2.16100415340037e-10
1.953576189706041e-11
8.380907079441613e-12
1.2171486041268054e-11
5.031919325659828e-11
1.8177431782007147e-10
3.111733093419389e-11
2.640779261930959e-10
8.517725413881294e-11
1.2587653142048794e-11
2.050315472956754e-11
8.496315873074423e-10
2.3141932814496613e-11
1.8286205882844797e-11
2.3709478824684993e-11
2.0529639099819974e-10
2.8083924075161804e-11
9.021960956090425e-11
3.706390749869115e-11
2.0010826329297515e-11
9.791334409925412e-12
3.548294991162493e-11
6.501077454146298e-12
3.538580539697023e-11
2.64088750867586e-11
2.754624306433584e-11
1.3801798592893988e-10
4.3480052891453624e-11
1.8933410395050032e-11
3.1407210165923516e-11
1.6340817587945367e-11
4.588718294229466e-11
2.5362212330293232e-11
2.432681833752781e-11
8.61999360779464e-12
1.443800634604031e-11
2.0654311594370256e-11
4.7498893707143e-11
2.302080748251001e-11
2.844391389089651e-11
1.1276091171907865e-11
1.8451240535455327e-11
1.5246637286026044e-11
8.651679372917442e-11
4.204825376774579e-11
1.4034939876950148e-11
2.1592116983271126e-11
4.954286980662914e-11
1.9903911852026113e-11
2.466210569096461e-10
4.695827060530178e-11
3.598866205045681e-10
1.0737188915754814e-11
8.282950436644398e-10
3.4393987657921343e-11
2.5447477458584444e-11
1.2351897282769642e-11
6.8045569179275844e-12
3.067485154772953e-11
1.3966328094028313e-11
2.4320268021682523e-11
1.3555490063765774e-11
1.1198597604789029e-11
3.2360319979218843e-10
3.073657994789869e-11
6.724237833211077e-11
1.933575521917419e-11
1.2260248372086835e-11
1.1721790205143634e-11
1.5886736370873678e-11
1.2550294137270157e-11
2.638239626762129e-11
3.9647563010447584e-11
6.589045975502472e-11
6.172118371949864e-12
3.206857002169272e-11
1.2341905275548015e-10
2.4261703757133546e-11
4.431982558728009e-11
