No Shot Noise
31/10/2024 17:27:17 

VQEr_100_COBYLA_maxIter_10000_tol_1e-06_RA_r1_rl 

Reference value: 0.0000000000e+00 

Qubits:  6
VQE runs:  100
Optimizer:  COBYLA
Max iterations:  10000
Optimizers's tolerance:  1e-06
Ansatz:  RA_r1_rl 

Only 98 runs out of 100 converged
Number of iterations for each converged VQE run:
[1301, 826, 7517, 3636, 783, 905, 5814, 1335, 838, 1301, 965, 1943, 915, 852, 957, 1040, 696, 941, 1078, 2272, 1170, 976, 942, 919, 2070, 1519, 2669, 1878, 813, 829, 4670, 1923, 1138, 1002, 4022, 855, 2018, 1384, 877, 835, 798, 901, 1128, 1058, 1188, 2498, 957, 913, 916, 1014, 919, 927, 975, 927, 947, 917, 1063, 908, 1124, 872, 1150, 1048, 2161, 1252, 829, 899, 1741, 958, 2848, 1048, 5808, 940, 6479, 1000, 1047, 994, 788, 797, 1060, 1092, 926, 754, 2988, 1100, 1635, 1050, 668, 883, 926, 1243, 1200, 1582, 1935, 1088, 1044, 3637, 1890, 818] 

Average iterations of converged run:
1517 

VQE eigenvalues:
[1.731542687011256e-11, 3.263378456352939e-11, 1.953428530043766e-09, 2.1376639347536752e-10, 3.2773450620027234e-11, 3.600819642457509e-11, 5.89063908762455e-10, 1.5265549935250533e-10, 1.6292744930979097e-11, 1.1201206628896898e-11, 1.56463175748911e-11, 1.7671253349504923e-10, 1.5396850461257827e-11, 5.773992395319283e-12, 1.2502443524908813e-11, 2.61181631877605e-11, 9.944267631567527e-12, 2.038830215767007e-11, 1.3705092616334014e-11, 2.16100415340037e-10, 1.953576189706041e-11, 8.380907079441613e-12, 1.2171486041268054e-11, 5.031919325659828e-11, 1.8177431782007147e-10, 3.111733093419389e-11, 2.640779261930959e-10, 8.517725413881294e-11, 1.2587653142048794e-11, 2.050315472956754e-11, 8.496315873074423e-10, 2.3141932814496613e-11, 1.8286205882844797e-11, 2.3709478824684993e-11, 2.0529639099819974e-10, 2.8083924075161804e-11, 9.021960956090425e-11, 3.706390749869115e-11, 2.0010826329297515e-11, 9.791334409925412e-12, 3.548294991162493e-11, 6.501077454146298e-12, 3.538580539697023e-11, 2.64088750867586e-11, 2.754624306433584e-11, 1.3801798592893988e-10, 4.3480052891453624e-11, 1.8933410395050032e-11, 3.1407210165923516e-11, 1.6340817587945367e-11, 4.588718294229466e-11, 2.5362212330293232e-11, 2.432681833752781e-11, 8.61999360779464e-12, 1.443800634604031e-11, 2.0654311594370256e-11, 4.7498893707143e-11, 2.302080748251001e-11, 2.844391389089651e-11, 1.1276091171907865e-11, 1.8451240535455327e-11, 1.5246637286026044e-11, 8.651679372917442e-11, 4.204825376774579e-11, 1.4034939876950148e-11, 2.1592116983271126e-11, 4.954286980662914e-11, 1.9903911852026113e-11, 2.466210569096461e-10, 4.695827060530178e-11, 3.598866205045681e-10, 1.0737188915754814e-11, 8.282950436644398e-10, 3.4393987657921343e-11, 2.5447477458584444e-11, 1.2351897282769642e-11, 6.8045569179275844e-12, 3.067485154772953e-11, 1.3966328094028313e-11, 2.4320268021682523e-11, 1.3555490063765774e-11, 1.1198597604789029e-11, 3.2360319979218843e-10, 3.073657994789869e-11, 6.724237833211077e-11, 1.933575521917419e-11, 1.2260248372086835e-11, 1.1721790205143634e-11, 1.5886736370873678e-11, 1.2550294137270157e-11, 2.638239626762129e-11, 3.9647563010447584e-11, 6.589045975502472e-11, 6.172118371949864e-12, 3.206857002169272e-11, 1.2341905275548015e-10, 2.4261703757133546e-11, 4.431982558728009e-11] 

Median VQE eigenvalues:
2.5404844894438838e-11 

Min eigenvalue after 100 VQE steps on Aer qasm simulator: 5.77399e-12
Delta from reference energy value is 5.77399e-12 

Optimizer history of the smallest VQE eigenvalue:
[16.712089420809246, 20.384932278675485, 18.281788884500124, 19.539875701235214, 16.199275850969176, 10.87300612912854, 11.048073489537655, 12.050447500023003, 12.184211676783919, 10.423414487719377, 11.611148390903395, 8.561086284143665, 8.76985440232087, 8.495718204137264, 8.79875152722217, 10.960974296903606, 9.00015994051009, 9.076585210390743, 8.389390853719373, 10.094765443235646, 8.426578766874917, 8.78947148086637, 8.523568247011312, 9.50759978165378, 8.47158920532796, 8.196767176241453, 7.276738718307162, 6.558265141793867, 7.278817010292804, 7.138858475877895, 6.073534850577683, 5.465389184316029, 5.409573234227363, 6.6962423768161985, 5.632106249090656, 4.564140445508726, 4.638698852608051, 3.680524259062822, 4.355705529813564, 3.975963782216402, 2.3976850346698755, 3.904417594898606, 2.599828928182001, 2.37128220466268, 2.146094897102074, 1.935819282100014, 2.0625817000013402, 2.276118828562683, 1.8802273868410904, 2.3141757605174447, 2.163890685403339, 1.4996493368893717, 1.3828220586990736, 2.3557287396191384, 1.2948192612244185, 2.2249523175764887, 1.5025650594027908, 1.269314696192455, 1.22860175224621, 1.2457872623122421, 1.3844336246566789, 1.3977572441136146, 1.0773265513260384, 1.099200787689429, 1.1300078980812631, 1.0790910499548638, 1.0323093393182983, 0.9977847280063664, 1.0563807309935758, 0.9494667971887564, 0.8941434550836951, 0.9235820295661727, 1.0180201227968606, 0.8588207147767688, 0.7391866281775514, 0.8229467257653376, 0.7940733834468551, 0.8628771715000442, 0.7441470706921542, 0.8449907289970859, 0.7915503198946781, 0.7806912882287131, 0.7966800360753946, 0.7701974055365646, 0.7181420393992985, 0.7115565674177025, 0.7246973902699101, 0.7077787277227582, 0.7368147173840863, 0.7086225577755416, 0.6670892055505895, 0.6160588476794078, 0.6191172969216245, 0.6234778206566042, 0.6347085272332672, 0.6754043535049874, 0.5691957056821781, 0.6123056922008101, 0.5937674557695503, 0.5418738755255502, 0.5348330338261932, 0.5511992812025394, 0.5365663146969329, 0.5751921022081787, 0.5491923375885306, 0.5002686784509888, 0.5320171017707074, 0.5396338652020564, 0.4757618847073757, 0.49532992365673667, 0.48739286597174136, 0.4885007121837231, 0.46424336071327865, 0.46592431969487885, 0.47455756124973514, 0.43710480154173736, 0.4311083866945908, 0.4256167277095149, 0.43681992569259037, 0.41303358954416436, 0.39048518961433776, 0.39154192114505754, 0.38568566743882027, 0.3585080427753704, 0.3474461592062782, 0.37628031523325534, 0.35775304221675, 0.3301351150431131, 0.30984262438017274, 0.3062711225693282, 0.31066362298358224, 0.313026940756832, 0.2968667973077127, 0.287441105134613, 0.2881794677014866, 0.2965125962358045, 0.28782621615070486, 0.28374797624729176, 0.26785048393522715, 0.25163463545524434, 0.2581760802936526, 0.2612659813612323, 0.24911414095360207, 0.24976862501582348, 0.2452567461488097, 0.24565113657558862, 0.23947272398704322, 0.22888249657883208, 0.258872290530243, 0.23822279816442582, 0.200152283815477, 0.19463425948556634, 0.2036949692638947, 0.18443528881495724, 0.17240877334209875, 0.1752930714243942, 0.16750845087718652, 0.16954216495729452, 0.173661505830157, 0.15342832909202248, 0.1518290832057847, 0.15628391066400954, 0.16783111015299196, 0.15056058211470325, 0.1445610749892825, 0.13885492334300809, 0.14397789786995457, 0.15478393693450387, 0.1259015753634709, 0.12063720439177145, 0.11293771043214201, 0.10894276816370763, 0.11437674908963935, 0.0964192926796078, 0.08684112436688163, 0.08566671727084746, 0.0763217719099965, 0.07851498503834647, 0.0776792925502201, 0.06363337313130113, 0.07430110247482408, 0.07279797171676794, 0.06893675395677412, 0.06404226298072452, 0.060427860609159945, 0.05923039408796266, 0.06753991141341897, 0.059247380970569696, 0.060302488873426596, 0.06758073993634406, 0.058373450647400627, 0.061962567315382466, 0.05652260670949044, 0.05493499220238829, 0.05767294289591285, 0.05250272574787729, 0.05428352791705421, 0.05078530787161306, 0.04338209046223013, 0.0399986768778785, 0.03703906783723426, 0.04034255629380523, 0.0391667482119224, 0.03404086683649532, 0.03390143557906633, 0.03456218184736776, 0.0367179524518329, 0.031082550106995732, 0.030519094145350256, 0.02991784441042855, 0.027016886899028647, 0.024579424746184908, 0.027191337807622895, 0.023327518695688665, 0.021170549122655147, 0.018964834073607495, 0.018584237294903494, 0.02004648572817569, 0.016472352851118532, 0.020641105784205804, 0.018488540529123243, 0.014714641742222978, 0.016064561237551622, 0.015327609981841073, 0.013346288290538577, 0.016479729083211048, 0.013204904917884064, 0.013954728353375467, 0.013028523473849474, 0.016717464629448786, 0.015162475202908421, 0.00953542718764, 0.013446778127996883, 0.011063219471422081, 0.009490090968463816, 0.008834709785637884, 0.00846669117109311, 0.00870541236988881, 0.008344684213605902, 0.010788430974218222, 0.012519087967654052, 0.008557982529161956, 0.006519759322519303, 0.0073040741800892706, 0.007054057574864436, 0.010735860863768376, 0.007732189424033364, 0.004891689685838918, 0.005729503777855971, 0.005199038627266561, 0.004972454237387458, 0.0036641259714974006, 0.005476325617731148, 0.0036181210290702204, 0.006828404055858439, 0.004436455671605166, 0.0051248530119681335, 0.005158725673986064, 0.005560714076454476, 0.004510636331052698, 0.003628075132516284, 0.002915083652470396, 0.0031222442700528097, 0.0028000525211240856, 0.0030392528495800653, 0.0032164514013616197, 0.0031253512002071826, 0.0024033667288368976, 0.0029717249881480168, 0.0028008935921072786, 0.003141907022300383, 0.0024036120014335194, 0.0026046026140805756, 0.0024706612370322123, 0.0024377929161171763, 0.002064742328681368, 0.0021534528450783408, 0.0020193267905070367, 0.002028922662098309, 0.001981750226113521, 0.002030964128023005, 0.0020770849641689737, 0.001849168805165391, 0.0016024037737865093, 0.0014101511969936142, 0.0014521069857314495, 0.001574324565562557, 0.001478035586592208, 0.0013378712509728996, 0.0014869581065570237, 0.0014918837853968303, 0.0012854562509181378, 0.0013093517383741538, 0.0012034398825447323, 0.0012322861928006912, 0.0015544596496872565, 0.001233928244624094, 0.0012159496063322006, 0.0011342270158095635, 0.001040213407722368, 0.0011586817187089204, 0.0011215051810422039, 0.0008160494845573796, 0.0009128365432110042, 0.0008806043148584242, 0.0007467851927227542, 0.0007215466145307214, 0.0007667369374590449, 0.0009165227448001967, 0.0008299887320449839, 0.0008342216485364151, 0.0006425676399374747, 0.0007090556758954092, 0.0006539317083499863, 0.0007928253273989938, 0.0006351324735655028, 0.0007516920440590602, 0.0005516768606979583, 0.0006437223074397536, 0.0005448205178507082, 0.0005666112849655458, 0.0005843972580182322, 0.000538232690961038, 0.0005171116530567899, 0.000533505701955761, 0.0005196558626281989, 0.00047323857291087235, 0.0004547483753302717, 0.0004901532613552084, 0.0003969238392932395, 0.00042285877804609795, 0.00043846855679785524, 0.00038387956047858385, 0.00036350098981874357, 0.0004065652038642287, 0.00034497936485783365, 0.0003758893221311177, 0.00037935908147046504, 0.00033052694042867703, 0.00034995657484998555, 0.00028582381603980966, 0.00024033984130006347, 0.00029475629271613624, 0.00022213553059058366, 0.00022101309889921428, 0.0002064503501447712, 0.00020662696548678916, 0.00020145548115857448, 0.0002159203835765955, 0.0002004907206881179, 0.0002224492787082366, 0.00018907147877322839, 0.00016638225162129983, 0.00020097263037682778, 0.00016311352429465575, 0.0001711870116402059, 0.00018959811952451444, 0.00015158389435665498, 0.00015709015399684167, 0.00018589279900926847, 0.00012315178520022618, 0.00013599862578989041, 0.00014981385379808643, 0.0001291225758198733, 0.00018736481253051052, 0.000135173828560875, 9.252934509329513e-05, 0.00013861184814872862, 8.272793711833204e-05, 8.976159041840237e-05, 0.00011158851411047221, 8.717462787721786e-05, 8.187710025803208e-05, 9.489640517257314e-05, 7.903839828921067e-05, 9.778873925669895e-05, 7.294480460734443e-05, 6.587866424323519e-05, 6.89816449176428e-05, 8.536332427239168e-05, 6.481042874051379e-05, 6.517468853034503e-05, 6.817082543897346e-05, 7.019384254403072e-05, 6.279741652198689e-05, 7.529631727665187e-05, 6.315259898859171e-05, 5.9458449141236436e-05, 6.499677808330384e-05, 5.8129390408667714e-05, 5.9388422420980636e-05, 6.027266727320901e-05, 5.533231228171953e-05, 5.800929367749674e-05, 5.598482234769886e-05, 5.1286926637916785e-05, 5.473615272222343e-05, 5.635966873068776e-05, 4.835610176007199e-05, 4.3171442643485936e-05, 4.151231239363229e-05, 4.425143857256231e-05, 3.951021475162575e-05, 4.047922293415329e-05, 4.559064019443726e-05, 4.0751719352472016e-05, 3.876735576946455e-05, 3.9747775980203404e-05, 3.9378287028379866e-05, 3.699614120356021e-05, 3.193089082298428e-05, 3.1147453930402413e-05, 3.106664007163085e-05, 3.440872237003845e-05, 3.108131078038978e-05, 2.723706146662286e-05, 2.907105329047477e-05, 2.8093427330566634e-05, 2.92567851430392e-05, 2.7401766213630552e-05, 2.7136211794343e-05, 2.511991899434296e-05, 2.278714987391517e-05, 2.2744572772737115e-05, 2.2258311558498445e-05, 2.1685856972541995e-05, 2.1167658577680992e-05, 2.5224682922764252e-05, 2.350288938768319e-05, 2.2875869846672447e-05, 2.0668411641833195e-05, 1.5916187033726548e-05, 1.4852960542155458e-05, 1.635566970498159e-05, 1.470450365914644e-05, 1.4536820031663122e-05, 1.7578214108693313e-05, 1.4493271512427963e-05, 1.3982954673419368e-05, 1.2630149257175649e-05, 8.775535168925597e-06, 1.0172833561139516e-05, 9.574747442286924e-06, 9.784058709438881e-06, 8.685145434783603e-06, 9.306736779679525e-06, 9.331806490986416e-06, 8.122552542622063e-06, 7.787245646762031e-06, 1.1110213369025512e-05, 8.971986193706538e-06, 1.1762737937903722e-05, 8.687733981938006e-06, 8.169296602300591e-06, 1.0476367353851046e-05, 6.932449507779381e-06, 7.44629335941438e-06, 5.527417630102338e-06, 5.6239944128400055e-06, 5.665807846333415e-06, 5.55903018201187e-06, 5.7970033209842065e-06, 5.4976362051650796e-06, 4.628542639717459e-06, 4.183717349004468e-06, 4.04242901724805e-06, 4.817653226185659e-06, 4.0442224232828394e-06, 4.660535559641854e-06, 3.9558704231223984e-06, 3.7292714329395515e-06, 4.255268620467767e-06, 3.6067016379037753e-06, 3.2733311832178202e-06, 3.0688621011076833e-06, 4.200995775638372e-06, 2.9573123104809085e-06, 4.189893879125162e-06, 2.884928017365951e-06, 2.2992272216137977e-06, 2.5106105144279134e-06, 2.6495002360404918e-06, 2.213471257894728e-06, 2.0975479055329593e-06, 2.1758519446746227e-06, 2.2824355719319733e-06, 2.778731220176578e-06, 2.607815132948943e-06, 1.7987018146037315e-06, 2.24466867654316e-06, 1.7772358401613175e-06, 1.968276913899558e-06, 1.6724823963532032e-06, 1.7383566172091136e-06, 2.5216458006127596e-06, 1.8168689587261255e-06, 1.6841281640922467e-06, 1.4013129197021357e-06, 1.719597789440197e-06, 1.4399493643013628e-06, 1.3440223142757723e-06, 1.4741105978099966e-06, 1.3058047168001963e-06, 1.4496714263456667e-06, 1.1079221108323267e-06, 9.301308452336343e-07, 1.0870450805056109e-06, 9.538071623071964e-07, 8.294638481065597e-07, 8.634095115533924e-07, 7.449007778936867e-07, 7.858681991823602e-07, 7.065012458951081e-07, 6.770321654414602e-07, 6.171879569638605e-07, 5.629573235355068e-07, 6.753960395400327e-07, 5.959257610710367e-07, 6.374884686799476e-07, 5.627106979821939e-07, 5.555977208859808e-07, 6.475829608665329e-07, 4.599307931174579e-07, 7.080640286316608e-07, 4.296768191802691e-07, 3.480168629943492e-07, 3.8339269303744317e-07, 5.134475023482743e-07, 3.8914419980828896e-07, 4.440719373333124e-07, 3.808743564426287e-07, 3.3359291867762764e-07, 2.8820900677128947e-07, 3.1788294374557324e-07, 3.0322417393646717e-07, 3.0326259808921563e-07, 3.2348181239205687e-07, 3.0427319913650663e-07, 3.050811680505028e-07, 2.7982425182537796e-07, 2.655403943951917e-07, 2.8285214942469494e-07, 2.92096926035601e-07, 2.548675318014837e-07, 2.403766288794351e-07, 2.7146259978794163e-07, 2.4597422221273035e-07, 2.4007560700534114e-07, 2.6559245225321604e-07, 1.6905871930150695e-07, 1.595197249848468e-07, 1.6205109265587936e-07, 2.0374710385517858e-07, 1.4328755498782542e-07, 1.2670233595635239e-07, 1.377429548199416e-07, 1.411886103586113e-07, 1.1268176969281285e-07, 1.3841016804905237e-07, 1.2359417739249423e-07, 1.5363106919963343e-07, 1.021937339751311e-07, 1.5921399454388308e-07, 9.304141485033668e-08, 9.64353560339859e-08, 1.105804970369384e-07, 9.04028460979589e-08, 1.0140197853614197e-07, 8.651873079079664e-08, 7.994000988942318e-08, 7.957756353871304e-08, 6.555985126999175e-08, 6.170761496226973e-08, 7.022638970344275e-08, 6.171059790949229e-08, 6.223977694341798e-08, 5.07516620951165e-08, 5.467324371011273e-08, 5.257361629373847e-08, 4.9616959763021384e-08, 5.126505597807807e-08, 4.623850236029625e-08, 4.6552727617221734e-08, 6.048766348909496e-08, 4.7260752811251194e-08, 4.957058075127918e-08, 5.4263563198375664e-08, 4.3120415571529236e-08, 5.048388107553592e-08, 4.7557308702206313e-08, 3.816511945364809e-08, 4.128689501392557e-08, 3.889569560877604e-08, 3.527277175896515e-08, 3.813930449236835e-08, 3.520631697284671e-08, 3.243098739558192e-08, 3.419844241125958e-08, 3.10078338561226e-08, 3.213140026270267e-08, 2.7717650119551962e-08, 2.8473651214611095e-08, 2.79765158262002e-08, 2.6484900328416217e-08, 2.4315691071752354e-08, 3.2972325703095606e-08, 2.6149430620847625e-08, 2.084185823925111e-08, 1.847705449753434e-08, 2.1050690302004682e-08, 1.8519818734130666e-08, 2.1396139193718966e-08, 1.8846894878077336e-08, 1.8092965847760212e-08, 1.9728176370303885e-08, 1.7525394191419963e-08, 1.9297684061836406e-08, 1.8024616355027945e-08, 1.9736853928975506e-08, 2.2363747964604386e-08, 1.835199398003695e-08, 1.4419091642903226e-08, 1.2356836831539653e-08, 1.244760300389558e-08, 1.4251863911241003e-08, 1.2829103168687794e-08, 1.2419240302818935e-08, 1.0779331094390443e-08, 1.2188264786328062e-08, 1.0155811636103351e-08, 1.024056578424748e-08, 9.348180507462445e-09, 9.603281447834178e-09, 1.0072349121426072e-08, 9.165312009340454e-09, 1.0069930334033472e-08, 1.0887901358280772e-08, 9.98576887845104e-09, 1.1276295230899791e-08, 8.675359042253916e-09, 8.821101737943593e-09, 8.579940979913658e-09, 9.13183989537103e-09, 8.168585530210493e-09, 8.288278896539936e-09, 9.590602978448715e-09, 8.545888774413868e-09, 7.907846655275108e-09, 8.626699410374528e-09, 6.807194141700279e-09, 7.810901647697932e-09, 6.5551185590706496e-09, 5.884424170155e-09, 6.0747445407294265e-09, 6.0752534114527634e-09, 5.680277137543044e-09, 5.929085833411563e-09, 5.898809718463127e-09, 5.756328858019799e-09, 5.1475397278011314e-09, 5.180070761223732e-09, 5.082917919896346e-09, 5.942976166739555e-09, 4.519131124869347e-09, 4.552783872124877e-09, 4.576534928801834e-09, 4.311469792295242e-09, 4.601826142369703e-09, 3.432690076632383e-09, 4.64492405649608e-09, 3.257409841861403e-09, 3.0957732488623435e-09, 3.120393332611826e-09, 2.672938703707217e-09, 3.0015507856973045e-09, 3.0205221657197967e-09, 2.2672215771457616e-09, 2.5989271845716644e-09, 3.1190556804006064e-09, 2.296931422840487e-09, 3.0406069884136855e-09, 2.187188929969608e-09, 1.7238097616001369e-09, 1.7408797181595048e-09, 1.747394229312249e-09, 1.9757162017519647e-09, 1.89583138077154e-09, 2.6642366091067515e-09, 1.6801613433869989e-09, 1.6156272431011587e-09, 1.7685127251532151e-09, 2.453226843890377e-09, 1.8976425986139134e-09, 1.6904951327667561e-09, 1.5567420130757625e-09, 1.5302356604074419e-09, 1.4840598194787447e-09, 1.6098957722476825e-09, 1.624147039080981e-09, 1.6716765194324523e-09, 1.7050951206520892e-09, 1.5901033267873288e-09, 1.2688793904480633e-09, 1.182462960880315e-09, 1.2667390469900397e-09, 1.1923080855957835e-09, 1.1001697330925708e-09, 9.472185813486078e-10, 1.0518941273574e-09, 9.386453281301499e-10, 1.0687439266909848e-09, 1.1042650127635056e-09, 7.655315825694231e-10, 6.759870441186422e-10, 6.409098807225178e-10, 6.667276175598147e-10, 8.703511245045092e-10, 7.345291042071267e-10, 6.593980916846931e-10, 6.00291316654733e-10, 7.726769224447594e-10, 6.716412981333519e-10, 4.523003083178878e-10, 4.300955702696285e-10, 4.98173446938921e-10, 6.704369281962386e-10, 5.178124040661203e-10, 4.3476983124790536e-10, 4.3181791475888076e-10, 5.527673319072335e-10, 4.0699593695237013e-10, 3.8926245560233497e-10, 4.656187102547449e-10, 3.9009262486899843e-10, 3.2979952102607513e-10, 3.533759396212588e-10, 3.436933515565954e-10, 3.204784215782297e-10, 2.9302293924615697e-10, 2.2404511579310338e-10, 2.1975893327308427e-10, 2.337235405214244e-10, 2.0927654054148093e-10, 2.261613119003414e-10, 1.9001900053439158e-10, 1.9711898779917192e-10, 1.9775692194912153e-10, 2.2898993812248136e-10, 1.6947820924428925e-10, 1.7483120506867067e-10, 1.9553453300957813e-10, 2.149878053359089e-10, 1.551044293002235e-10, 1.493374868211106e-10, 1.5170059652902523e-10, 1.3479478644384812e-10, 1.4063450404222522e-10, 1.3160827982972023e-10, 1.285662687422473e-10, 1.3530043752041365e-10, 1.2172629570983418e-10, 1.2951961725349292e-10, 1.4058332276079e-10, 1.016652872998236e-10, 8.164779963237834e-11, 9.269068845796369e-11, 8.766926073988657e-11, 8.247774685443687e-11, 8.09677325186442e-11, 8.207134971627283e-11, 8.134676265925123e-11, 9.703682302131256e-11, 8.593298295167529e-11, 6.91692814136502e-11, 7.146472302821394e-11, 6.94598267791946e-11, 6.991041079373872e-11, 7.7947259757849e-11, 6.48905928990473e-11, 6.76606548566383e-11, 5.738165498314629e-11, 5.921313439571918e-11, 5.973394001657084e-11, 5.7352789184506037e-11, 6.62654930927431e-11, 5.974892802740328e-11, 6.363787274921151e-11, 5.237221767373512e-11, 5.500055966223272e-11, 6.50688947168021e-11, 4.06197298019606e-11, 4.426231603460451e-11, 4.5918824298496475e-11, 4.402178621631947e-11, 4.2698899971327364e-11, 3.5087321936799754e-11, 5.1367965436810437e-11, 4.2249648224412795e-11, 3.6967484629002456e-11, 3.752514965427167e-11, 4.188627222845298e-11, 3.9743430768623966e-11, 3.889188970873647e-11, 3.673827908556859e-11, 3.691336125655198e-11, 3.259464920191135e-11, 3.2724101206582645e-11, 3.1649516341047956e-11, 3.24775206728134e-11, 3.0652536064934566e-11, 3.0707214548897355e-11, 2.7591151585681928e-11, 2.1433299579598497e-11, 2.057420900314355e-11, 2.0692558777568593e-11, 1.8365586829105496e-11, 1.9381996008149827e-11, 1.869637777929256e-11, 1.7347345782070533e-11, 1.7421009079754413e-11, 2.4482915694790108e-11, 1.5714041179393234e-11, 2.171057777999863e-11, 1.718347686363586e-11, 1.48885348494332e-11, 1.401784244237092e-11, 1.0326683952399662e-11, 9.855061211538896e-12, 1.0484224599593972e-11, 1.1342204953024293e-11, 1.1660505894184325e-11, 9.81903447438981e-12, 9.661826894102887e-12, 1.3345102800599307e-11, 1.0603073974380095e-11, 9.474976359058473e-12, 1.0981271447718655e-11, 8.445577570626028e-12, 9.388212429684017e-12, 1.2271628158089243e-11, 8.044176436072803e-12, 5.640932165817958e-12, 6.76642075703171e-12, 7.46325223843769e-12, 6.5750738187375646e-12, 4.803712982948127e-12, 4.921174578953469e-12, 5.263900426655255e-12, 4.5458081743277035e-12, 5.798306279558574e-12, 5.03641572890956e-12, 5.773992395319283e-12] 

Smallest VQE eingenvalue optimizer final message:
{   'aux_operators_evaluated': None,
    'cost_function_evals': 852,
    'eigenvalue': 5.773992395319283e-12,
    'optimal_circuit': <qiskit.circuit.library.n_local.real_amplitudes.RealAmplitudes object at 0x000002236671A660>,
    'optimal_parameters': {   ParameterVectorElement(θ[0]): 1.7339830380232277,
                              ParameterVectorElement(θ[1]): -1.570796292713795,
                              ParameterVectorElement(θ[2]): -1.570796489110471,
                              ParameterVectorElement(θ[3]): 1.5707961398086474,
                              ParameterVectorElement(θ[4]): 1.5707962490318557,
                              ParameterVectorElement(θ[5]): -1.5707968818526454,
                              ParameterVectorElement(θ[6]): 1.7339836044898662,
                              ParameterVectorElement(θ[7]): 1.5707975505467522,
                              ParameterVectorElement(θ[8]): -1.5707962869617151,
                              ParameterVectorElement(θ[9]): 1.570796045509138,
                              ParameterVectorElement(θ[10]): 1.570796226406817,
                              ParameterVectorElement(θ[11]): -1.570792699947395},
    'optimal_point': array([ 1.73398304, -1.57079629, -1.57079649,  1.57079614,  1.57079625,
       -1.57079688,  1.7339836 ,  1.57079755, -1.57079629,  1.57079605,
        1.57079623, -1.5707927 ]),
    'optimal_value': 5.773992395319283e-12,
    'optimizer_evals': None,
    'optimizer_result': <qiskit_algorithms.optimizers.optimizer.OptimizerResult object at 0x000002235D4CBC20>,
    'optimizer_time': 2.1059634685516357}
     ┌──────────┐ ░                           ░  ┌──────────┐
q_0: ┤ Ry(θ[0]) ├─░───────────────────────■───░──┤ Ry(θ[6]) ├
     ├──────────┤ ░                     ┌─┴─┐ ░  ├──────────┤
q_1: ┤ Ry(θ[1]) ├─░──────────────────■──┤ X ├─░──┤ Ry(θ[7]) ├
     ├──────────┤ ░                ┌─┴─┐└───┘ ░  ├──────────┤
q_2: ┤ Ry(θ[2]) ├─░─────────────■──┤ X ├──────░──┤ Ry(θ[8]) ├
     ├──────────┤ ░           ┌─┴─┐└───┘      ░  ├──────────┤
q_3: ┤ Ry(θ[3]) ├─░────────■──┤ X ├───────────░──┤ Ry(θ[9]) ├
     ├──────────┤ ░      ┌─┴─┐└───┘           ░ ┌┴──────────┤
q_4: ┤ Ry(θ[4]) ├─░───■──┤ X ├────────────────░─┤ Ry(θ[10]) ├
     ├──────────┤ ░ ┌─┴─┐└───┘                ░ ├───────────┤
q_5: ┤ Ry(θ[5]) ├─░─┤ X ├─────────────────────░─┤ Ry(θ[11]) ├
     └──────────┘ ░ └───┘                     ░ └───────────┘
The number of ansatz parameters is: 
 12
Line for latex table
RA r1 rl & $1\mathrm{e}{-06}$ & 98/100 &1517 & $5.774\mathrm{e}{-12}$ & $5.774\mathrm{e}{-12}$ & $2.5405\mathrm{e}{-11}$ & $2.5405\mathrm{e}{-11}$ & - & 00h 06m 03s\\

