RA_r1_rl
07s__37
1e-02
0.000225602402573577
4.631048420888906e-05
2.6931740438662644e-05
7.360871221484544e-05
2.084187329859377e-05
2.1240705580960473e-05
2.170155261638218e-05
3.787146256195584e-05
3.7702871895917145e-05
8.269129834548306e-05
2.814388331212614e-05
5.40061216917076e-05
4.0614133147875986e-05
7.2906280083051556e-06
2.8260430252058377e-05
3.697996363499767e-05
0.00013040011060055923
2.9298009418976534e-05
5.022375642227406e-05
4.707305729767519e-06
4.798151760909697e-05
4.780029660095275e-05
0.00017106316301518376
1.6705866281441217e-05
2.6184757000891068e-05
1.5432550106719845e-05
7.66659730877528e-06
4.102933452099222e-05
2.7530767732486527e-05
0.0001097590888933242
1.674240414251127e-06
2.1233943958587354e-05
9.257730140488363e-06
6.497133555577461e-05
1.2892833525735004e-05
3.6923014469225635e-05
1.1387348930691488e-05
5.457786362295103e-06
0.00013503596348463098
3.586509366593216e-05
7.716674352786779e-06
0.00013499889596890746
0.00016492363778025654
4.172032638527501e-05
5.614212300220078e-05
3.2535299134495155e-05
1.9006184585723673e-05
3.838171421022274e-05
5.77729805652516e-05
0.00010149249339902466
4.227276437246408e-05
2.628935785953246e-06
5.3343604903610675e-05
3.262936259740279e-05
5.272804068356951e-05
5.32570011447242e-05
5.321476681030557e-05
5.897885330563568e-05
8.057608603873057e-05
1.3069490899186853e-05
1.9055815156376887e-05
1.4643747684617292e-05
3.084184766150022e-05
3.305634989292372e-06
1.726887792097287e-05
4.9319102096156975e-06
1.2395432956058272e-05
1.7997091903976248e-06
2.6855313218221433e-05
1.3856471482109889e-05
4.54320372744732e-06
5.228341601437592e-06
6.0485773570817525e-05
1.1327878849165529e-05
0.00012487837372548993
3.593814769276005e-05
1.6053090771850353e-05
1.6916701711389148e-05
3.241614897853129e-05
9.782976518102338e-06
5.5097171298146286e-05
6.910176390434453e-05
0.00012869471044174574
2.555800958026211e-05
0.0001222551584509901
3.7594323909539984e-05
7.360571609715816e-06
8.677917774790878e-05
9.489408256441179e-05
3.321526818117482e-05
5.652149963952802e-06
2.646412892454153e-05
6.857201351434528e-05
0.00037486969168093465
5.494162391428414e-06
2.8332564077637734e-05
3.0884663930974554e-05
0.00012357075112484628
2.452300332245194e-06
3.8402394954673014e-05
