7.422515174715372e-08
6.690836173994796e-08
1.527397393008556e-07
2.2733126836538275e-07
1.2905060836565507e-05
4.4871477661301284e-07
2.0703075592765074e-07
1.0255336618802957e-07
8.188758169325183e-07
1.9850113364139332e-07
1.2719346853540259e-06
1.934799847058688e-06
2.1077118861345667e-07
1.977989941837066e-07
1.9584065907851667e-07
1.273342755125917e-07
1.6121729368157034e-07
2.5145565132889125e-06
3.63165629513329e-07
2.7575226639320327e-06
6.575426997335043e-08
5.133059100548287e-07
1.7002607005656145e-07
1.4819603522120417e-07
4.1469075423572477e-07
2.921163609337363e-07
5.573091578781053e-07
1.9813134755075623e-07
1.1281957108699725e-05
1.515992271272637e-06
1.9322092537077395e-07
2.9827547814997857e-07
1.1778733635670058e-06
9.07351742018836e-07
2.3231055695238645e-06
1.6075377179403105e-07
2.06378215628078e-07
2.444364888831707e-07
1.9853974927985796e-06
2.285024858217355e-07
1.6294674137773413e-07
1.514677692715516e-07
6.27472155345643e-08
1.872947657521884e-07
1.243131649847351e-05
1.2787068343067531e-07
5.204268591629813e-07
5.600291748675268e-07
1.3807971571688782e-07
2.8653257733157744e-07
1.3063921583400528e-07
7.042015015001901e-07
1.5600656971814786e-07
6.637799077058304e-08
1.1883846162685785e-07
3.1956496021057212e-06
1.0523642696158575e-07
1.5219594845516937e-07
8.519044841781565e-08
1.3700730899790514e-07
6.872728963713826e-08
1.2711276305976682e-06
5.209778340953264e-07
1.8174092752953896e-07
3.483110732060979e-07
3.5847054319360083e-07
2.848237194430503e-07
5.94873752313152e-07
1.0395632465964866e-07
7.884939506874744e-08
6.7241960333142e-08
2.349392000944306e-07
8.106579851840934e-08
4.0964994663106324e-07
5.2899886249235806e-08
1.277613000949529e-07
2.062886965137345e-07
3.2798125787492083e-07
1.8092954701121045e-07
4.806269747748004e-07
2.1845015671373424e-06
1.3665749654112602e-07
9.820706620145003e-08
1.9496998321377745e-07
8.959859743029597e-08
1.9795913415721067e-05
1.9699434838926777e-07
1.8114971656046919e-06
1.3703486477778526e-06
6.022034632069406e-08
3.340630735371164e-07
2.86110088065783e-07
1.1211501543040292e-05
9.727878741427887e-08
5.6295626577052e-07
7.29977500113499e-08
3.2827509552912915e-06
8.522288608148187e-08
1.5994209967562512e-07
1.5800380487318577e-07
