No Shot Noise
31/10/2024 17:16:44 

VQEr_100_COBYLA_maxIter_10000_tol_1e-04_RA_r1_rl 

Reference value: 0.0000000000e+00 

Qubits:  6
VQE runs:  100
Optimizer:  COBYLA
Max iterations:  10000
Optimizers's tolerance:  1e-04
Ansatz:  RA_r1_rl 

All run converged!!!
Number of iterations for each converged VQE run:
[591, 367, 733, 544, 876, 712, 417, 571, 728, 789, 1680, 990, 752, 916, 523, 529, 467, 632, 533, 1678, 766, 672, 535, 879, 575, 584, 901, 549, 1631, 850, 677, 555, 677, 685, 1359, 562, 578, 605, 1388, 631, 530, 546, 421, 687, 2259, 528, 638, 420, 611, 549, 567, 1048, 489, 666, 738, 1324, 591, 573, 610, 335, 610, 1122, 459, 578, 655, 880, 488, 1268, 484, 495, 574, 670, 517, 799, 578, 508, 626, 523, 567, 633, 1661, 599, 352, 581, 746, 1860, 693, 739, 669, 632, 660, 856, 2024, 668, 617, 531, 561, 592, 652, 556] 

Average iterations of converged run:
741 

VQE eigenvalues:
[7.422515174715372e-08, 6.690836173994796e-08, 1.527397393008556e-07, 2.2733126836538275e-07, 1.2905060836565507e-05, 4.4871477661301284e-07, 2.0703075592765074e-07, 1.0255336618802957e-07, 8.188758169325183e-07, 1.9850113364139332e-07, 1.2719346853540259e-06, 1.934799847058688e-06, 2.1077118861345667e-07, 1.977989941837066e-07, 1.9584065907851667e-07, 1.273342755125917e-07, 1.6121729368157034e-07, 2.5145565132889125e-06, 3.63165629513329e-07, 2.7575226639320327e-06, 6.575426997335043e-08, 5.133059100548287e-07, 1.7002607005656145e-07, 1.4819603522120417e-07, 4.1469075423572477e-07, 2.921163609337363e-07, 5.573091578781053e-07, 1.9813134755075623e-07, 1.1281957108699725e-05, 1.515992271272637e-06, 1.9322092537077395e-07, 2.9827547814997857e-07, 1.1778733635670058e-06, 9.07351742018836e-07, 2.3231055695238645e-06, 1.6075377179403105e-07, 2.06378215628078e-07, 2.444364888831707e-07, 1.9853974927985796e-06, 2.285024858217355e-07, 1.6294674137773413e-07, 1.514677692715516e-07, 6.27472155345643e-08, 1.872947657521884e-07, 1.243131649847351e-05, 1.2787068343067531e-07, 5.204268591629813e-07, 5.600291748675268e-07, 1.3807971571688782e-07, 2.8653257733157744e-07, 1.3063921583400528e-07, 7.042015015001901e-07, 1.5600656971814786e-07, 6.637799077058304e-08, 1.1883846162685785e-07, 3.1956496021057212e-06, 1.0523642696158575e-07, 1.5219594845516937e-07, 8.519044841781565e-08, 1.3700730899790514e-07, 6.872728963713826e-08, 1.2711276305976682e-06, 5.209778340953264e-07, 1.8174092752953896e-07, 3.483110732060979e-07, 3.5847054319360083e-07, 2.848237194430503e-07, 5.94873752313152e-07, 1.0395632465964866e-07, 7.884939506874744e-08, 6.7241960333142e-08, 2.349392000944306e-07, 8.106579851840934e-08, 4.0964994663106324e-07, 5.2899886249235806e-08, 1.277613000949529e-07, 2.062886965137345e-07, 3.2798125787492083e-07, 1.8092954701121045e-07, 4.806269747748004e-07, 2.1845015671373424e-06, 1.3665749654112602e-07, 9.820706620145003e-08, 1.9496998321377745e-07, 8.959859743029597e-08, 1.9795913415721067e-05, 1.9699434838926777e-07, 1.8114971656046919e-06, 1.3703486477778526e-06, 6.022034632069406e-08, 3.340630735371164e-07, 2.86110088065783e-07, 1.1211501543040292e-05, 9.727878741427887e-08, 5.6295626577052e-07, 7.29977500113499e-08, 3.2827509552912915e-06, 8.522288608148187e-08, 1.5994209967562512e-07, 1.5800380487318577e-07] 

Median VQE eigenvalues:
2.0633345607090625e-07 

Min eigenvalue after 100 VQE steps on Aer qasm simulator: 5.28999e-08
Delta from reference energy value is 5.28999e-08 

Optimizer history of the smallest VQE eigenvalue:
[11.662690797265743, 11.592930941376029, 11.440483445131736, 13.06912913016059, 10.769500300121795, 8.420518829613624, 10.077438683331247, 8.669562271504724, 8.247778784999035, 8.059306268722581, 8.887629925896148, 12.740348723299004, 8.139100970445986, 10.168684398028823, 8.042007946424174, 11.248895051868727, 8.57378629658774, 11.738597816416265, 7.258827455173653, 6.989092318453151, 6.897781751701107, 6.807327016589458, 8.232312563813046, 6.733119510335383, 6.002191421538592, 7.890449484696792, 5.397236503371283, 4.174263384585644, 4.708133538822243, 3.899961868429653, 3.0403972618321626, 3.09054101995026, 3.1711838985705962, 1.67737646086344, 1.5945256637299834, 1.7671744703055365, 2.0919464566098402, 1.4400603476303118, 1.7273787561654181, 1.9671306795202619, 1.0960776107540022, 1.7362891240956637, 1.4925808975495016, 1.5367076691352344, 1.1574699661667744, 1.8435297259753627, 1.5333265866474115, 1.196668014007161, 1.14375523675678, 1.1831918173320017, 1.1037911827616618, 1.1966699456526118, 1.1760990864389613, 1.03381223294266, 1.0537826164888004, 1.089835847597668, 1.0339968315665802, 0.8814096958719199, 0.8635010294617749, 0.8624624918061758, 0.6950308341598028, 0.6321499652511133, 0.6178181398933503, 0.6385002067163352, 0.5534338841377747, 0.5378307474182125, 0.563331495743773, 0.493635433064985, 0.5063268404241641, 0.530427151317799, 0.38239444179053544, 0.3690866295033503, 0.35936925199496356, 0.3179800016488476, 0.32092001729159064, 0.34045679294604103, 0.33567336951865684, 0.3158200868059508, 0.29325997306236923, 0.2981026201716931, 0.28192828063766107, 0.318298830126161, 0.2595533108253689, 0.2522214657848934, 0.2269356577438657, 0.21346753997990037, 0.24271138338976084, 0.2907960479868707, 0.23659395315350107, 0.225898701831804, 0.20757066913106942, 0.16405962827309745, 0.15515761565008468, 0.16317452779404856, 0.1552966165138731, 0.1898114938261088, 0.12005042337290966, 0.11754618183238885, 0.14125844923714959, 0.10947286844874765, 0.13787099108155199, 0.12835770426032955, 0.10272431960538975, 0.1543746729183173, 0.11133532818333153, 0.09215711042520691, 0.08418822750388943, 0.12481195686380203, 0.1044499361659843, 0.13734826891676755, 0.08921789503366417, 0.09503211934209993, 0.08575912196847996, 0.07141405064027923, 0.09569639620296416, 0.07196840743514121, 0.06508665038372002, 0.06719031447461565, 0.06004561300847955, 0.05605172875828501, 0.07803338236286483, 0.04998169351571918, 0.037099367722553955, 0.04734457160669753, 0.04497180808189838, 0.039343307066006084, 0.03999790889458532, 0.04222614591013307, 0.03878760906568207, 0.04135297645783592, 0.038304448773657795, 0.03857273568722297, 0.034666167551884064, 0.03493558981255829, 0.03527864627816485, 0.03472566844763558, 0.03741119848279806, 0.0359066038757363, 0.02950054105323041, 0.026520559675625832, 0.028681930468506922, 0.02563783862436264, 0.023366715566884688, 0.0258895769519204, 0.024515174083111435, 0.02498078973176182, 0.024797985340626105, 0.022758697501334024, 0.022642696091226155, 0.021295870748811063, 0.02191231309763414, 0.022845127802661125, 0.02273727043806406, 0.02420061531400408, 0.02263347925289244, 0.021945199394809434, 0.021403414159425704, 0.022634408971438424, 0.020018047409879447, 0.020176411665934202, 0.01962242953787302, 0.020226610210572926, 0.01888583289538809, 0.017328293578628695, 0.018820026159841352, 0.016765647706697584, 0.016334270799061967, 0.01597955850023164, 0.015416894011269111, 0.014906670643848485, 0.01610958508194993, 0.014605710474819178, 0.014876827514237745, 0.01338028913525352, 0.013390660614370109, 0.014415212133706334, 0.013000863904040816, 0.012334848844675228, 0.010789708171461299, 0.010961137527141729, 0.010333484919058222, 0.009372676348296416, 0.009275368051603616, 0.008818208441742414, 0.009070062207828133, 0.008763315972938557, 0.008958510583598311, 0.008806165693558243, 0.009295001816255699, 0.009359059688171523, 0.008334522904786423, 0.008518680053768157, 0.00918366040195695, 0.00838657524583325, 0.008636711750237003, 0.007945720257424682, 0.00890714400372361, 0.007849214375508728, 0.007712780430649047, 0.007868815251589889, 0.007803409744082557, 0.007531329210290316, 0.008034147259124602, 0.00781653864807158, 0.00771092726195588, 0.008237494741923146, 0.007965837034148104, 0.007249637789328245, 0.007269243854128915, 0.00643939787246417, 0.005935440771342282, 0.005741988676022158, 0.005190515035660037, 0.005303524211827448, 0.005136797140956162, 0.005464780133044578, 0.005090226535113929, 0.005017361686684763, 0.005116604229729482, 0.004713228801234759, 0.004749220008378963, 0.0047694620048753245, 0.0043962413983769655, 0.004375827129247112, 0.00449245454700814, 0.004345359688121664, 0.004642932965452928, 0.0037794729995569987, 0.0037669263364636385, 0.003780766301228089, 0.003675591201341366, 0.0036243032455889335, 0.003662115046207892, 0.003904014630388919, 0.003461517272568604, 0.003326352921670994, 0.0035041154618389303, 0.003260156052987906, 0.0029879478148820415, 0.002875968340340651, 0.0032202526647552854, 0.0028248683722387202, 0.002756217291398355, 0.0028052170783121055, 0.0026585656419853554, 0.002864598574275401, 0.0024334582954653183, 0.0023702429320487384, 0.0025663240117913544, 0.00251400226564763, 0.0023105602222761035, 0.0024099182968436716, 0.0021041378679510503, 0.0024260363197986523, 0.002252268105745414, 0.0024889566856418632, 0.0021960203542782386, 0.0021038838516768132, 0.002106482406459942, 0.0021563090008327457, 0.0018712630256107476, 0.0017782457079812963, 0.0017699718516533958, 0.0016129495984527065, 0.0017325771337785012, 0.0016847196431047373, 0.0015405242178229694, 0.0013879321701770198, 0.0012351335703459365, 0.0012642927896722167, 0.0013072478768029194, 0.001285436392369943, 0.0011868427294439154, 0.0011504292821237772, 0.001062727921831319, 0.0009432348690662784, 0.0011364437594753585, 0.001149694280056901, 0.0010382359486234005, 0.001017975148268735, 0.0008215596890834287, 0.000987985206458264, 0.0008594816003720807, 0.0006777396077013997, 0.0007031715276857864, 0.0008083346620564313, 0.0006088815761339794, 0.0007387827449321649, 0.0006557569100895666, 0.0005931785617918628, 0.0005211065617047872, 0.0005896118200207079, 0.0005072817628262727, 0.0005333793066797932, 0.0004950718548158983, 0.00045685800081202155, 0.0004936413291752317, 0.0004450966995928618, 0.0003965294689172727, 0.0003787537442199729, 0.0004057501539540542, 0.000408795505860704, 0.00036682114431263457, 0.00035325764512622593, 0.00041723346949296136, 0.00027492614855684216, 0.0003434203668722935, 0.00027100945997782233, 0.0003359136892818193, 0.00026811494545442294, 0.0002741251695553837, 0.0003019507832878743, 0.0002474653159626472, 0.0002436638897651, 0.0002572404377313986, 0.00026480134928125176, 0.0002132220298048937, 0.0002610632407902824, 0.0002294654641640803, 0.0002733907441511696, 0.00018151195205035053, 0.00023631801814760767, 0.00019935887071226288, 0.00017596267964531398, 0.00017780324949440152, 0.000191341091730024, 0.00018159540672924024, 0.00021350169429029675, 0.00018875717211669363, 0.0001728675554152348, 0.00016578184553062147, 0.00015157317476816035, 0.00013707985728844685, 0.00015507251913127185, 0.00013741337726891345, 0.00012956601269920043, 0.00011600063060257515, 0.00011419504198662, 0.00011372227376871269, 0.00010845744647608457, 0.0001127610336865148, 0.00010805941164215849, 0.00010871959762120964, 0.00013382861690380832, 0.00011203021118016965, 9.62145730240005e-05, 9.995167242232705e-05, 0.00010291936493539433, 0.00010948575028379981, 0.000103365246684195, 0.0001155506089378644, 8.493492207517495e-05, 8.766804287652086e-05, 8.929112010297446e-05, 9.364926078847535e-05, 8.559518002032585e-05, 9.636960601427935e-05, 8.082766634798233e-05, 8.391714160266295e-05, 7.563693461448695e-05, 7.552945478433992e-05, 7.464207904600562e-05, 8.290738230837258e-05, 7.435635039604316e-05, 7.93447014888482e-05, 7.3580294582265e-05, 6.528099715141789e-05, 6.386852163403622e-05, 6.444708111341679e-05, 6.198454420114352e-05, 6.01890424741236e-05, 5.843417495987602e-05, 5.896083019990561e-05, 5.519972264461659e-05, 4.911064201745807e-05, 5.21785300917621e-05, 5.114474579592798e-05, 5.436062096153549e-05, 4.832010352290306e-05, 4.507216306537387e-05, 4.28704750520259e-05, 4.44475035957792e-05, 4.1931997156074985e-05, 4.364054934929973e-05, 4.041284126182765e-05, 4.350991565710283e-05, 4.2982940535674086e-05, 4.244792634955363e-05, 3.76337474944366e-05, 3.558922728608138e-05, 3.494690301891756e-05, 3.0749727626233625e-05, 3.804268874452177e-05, 3.0244249946242974e-05, 3.2380722834957076e-05, 3.0375170350094294e-05, 3.220852859986412e-05, 2.9013320341220172e-05, 2.6770432083988993e-05, 2.668663899690893e-05, 2.7295635451118905e-05, 2.6560069216752247e-05, 3.135697563505513e-05, 2.7020848512637752e-05, 2.685713397304612e-05, 2.734077909366528e-05, 2.785456150383725e-05, 2.6385179938803738e-05, 2.5121225404323155e-05, 2.5715695655070814e-05, 2.5261585814895238e-05, 2.603947622675795e-05, 2.6033034842776193e-05, 2.483856570478782e-05, 2.6498654041473557e-05, 2.252462644525277e-05, 2.189000482716308e-05, 2.178507520750328e-05, 2.1718311549012714e-05, 2.15795495918103e-05, 2.103791131263799e-05, 2.1830916086373886e-05, 1.906643166910138e-05, 1.7990597881267778e-05, 1.6931145724818908e-05, 1.5282179346376434e-05, 1.5362916056416154e-05, 1.5637970476822804e-05, 1.4521735149430892e-05, 1.4573607904966313e-05, 1.447247490804493e-05, 1.460483181053851e-05, 1.2657339341137774e-05, 1.2183594956804988e-05, 1.1745779204208606e-05, 1.2217066235886698e-05, 1.0106592973679884e-05, 1.0398299655045573e-05, 1.0511882126029715e-05, 9.920901059778942e-06, 1.0524196894956539e-05, 9.601858078578385e-06, 9.499868076301432e-06, 9.816350060698475e-06, 1.0222646852853234e-05, 8.467696922531687e-06, 7.952141575340299e-06, 8.046066439226784e-06, 9.12335779851281e-06, 8.803074537211408e-06, 6.703222100501449e-06, 6.572663361070763e-06, 5.99063940753819e-06, 5.787122447586945e-06, 5.776384234768006e-06, 5.924962413028645e-06, 6.081273847879931e-06, 6.0156720224635585e-06, 5.7354869837933364e-06, 5.712885778941246e-06, 6.1773169751644375e-06, 5.209189874566533e-06, 6.41846793114631e-06, 5.1751307715286465e-06, 5.708464719200723e-06, 5.413544239718515e-06, 4.842574892527374e-06, 4.9298527359797895e-06, 5.587971260656577e-06, 4.707376304369237e-06, 4.687642027711991e-06, 4.364858103345082e-06, 4.758063079590702e-06, 4.261030311814018e-06, 3.7223936328323326e-06, 3.074380617085204e-06, 2.4750457745525978e-06, 2.4712033570573055e-06, 2.577765753464245e-06, 2.8368523303790028e-06, 2.6793366886268544e-06, 1.6571710568236142e-06, 1.962501764929403e-06, 1.8393167967034607e-06, 2.1071194452604303e-06, 1.7500365508960058e-06, 1.9935320051955863e-06, 1.7503794451090293e-06, 1.9782145402325035e-06, 2.05552009835408e-06, 2.7113110402932072e-06, 1.7093292833947338e-06, 1.6908841112273088e-06, 1.4939066071972817e-06, 1.562962475887275e-06, 1.55389224321123e-06, 1.4171901466797365e-06, 1.3682505111689558e-06, 1.4065937892770997e-06, 1.2660922620866266e-06, 1.1777109610866532e-06, 1.1283112494875347e-06, 1.0632634027674115e-06, 1.0074360171086205e-06, 1.0223510411577763e-06, 1.0033603263237545e-06, 9.669150882740674e-07, 9.449789202808923e-07, 9.437423423297453e-07, 8.515487264770805e-07, 8.498496489872664e-07, 8.386797898940479e-07, 7.581799573164183e-07, 7.378592958851016e-07, 7.677443245590609e-07, 7.388790564388792e-07, 7.173645980018684e-07, 7.36204033568999e-07, 6.756271175856199e-07, 5.883185616450959e-07, 6.163756245958218e-07, 5.909727312514157e-07, 5.506650102016231e-07, 5.735546602658737e-07, 5.364932843532344e-07, 5.196891327829967e-07, 4.637298766652087e-07, 5.341404671899141e-07, 4.6760793614986085e-07, 4.847754946357696e-07, 4.6387571001060834e-07, 4.375804371625769e-07, 4.452685871680906e-07, 3.9322520356543933e-07, 3.5953616439599045e-07, 3.9431975734638414e-07, 3.718006906794358e-07, 3.583874719770286e-07, 3.77352597724645e-07, 3.239715487546313e-07, 3.0007665102749215e-07, 2.9113175509243305e-07, 3.0879247020498823e-07, 3.1379095860595285e-07, 2.934678745569741e-07, 2.9917775012933134e-07, 3.26367927461213e-07, 2.6256441831851163e-07, 2.435652867727178e-07, 2.3403745236239004e-07, 2.0933063160644139e-07, 2.3636722096265217e-07, 2.151056806010132e-07, 2.6419512622055663e-07, 2.0899684238795402e-07, 1.7834689763907008e-07, 1.7588868872486785e-07, 1.6826916304779616e-07, 1.646879347338981e-07, 1.968493968940166e-07, 1.2832794382688917e-07, 1.230243497074568e-07, 1.5572552286569064e-07, 1.0938417421835211e-07, 1.0822950219369076e-07, 9.03001448615548e-08, 8.313410709837044e-08, 1.1437968833183376e-07, 8.104989368540316e-08, 1.0824750279470052e-07, 8.061012218840702e-08, 6.807377544992832e-08, 5.6840017248482866e-08, 8.667309853160887e-08, 5.8675148073561445e-08, 6.292513515804288e-08, 6.002267866067612e-08, 5.2899886249235806e-08] 

Smallest VQE eingenvalue optimizer final message:
{   'aux_operators_evaluated': None,
    'cost_function_evals': 578,
    'eigenvalue': 5.2899886249235806e-08,
    'optimal_circuit': <qiskit.circuit.library.n_local.real_amplitudes.RealAmplitudes object at 0x000002236AED3FE0>,
    'optimal_parameters': {   ParameterVectorElement(θ[0]): 3.1415100671753953,
                              ParameterVectorElement(θ[1]): 3.141621271258214,
                              ParameterVectorElement(θ[2]): 3.0372579626979158e-05,
                              ParameterVectorElement(θ[3]): 3.1415962356654408,
                              ParameterVectorElement(θ[4]): 1.6190289108109424e-05,
                              ParameterVectorElement(θ[5]): 2.7462142848114715,
                              ParameterVectorElement(θ[6]): -3.141183574988071,
                              ParameterVectorElement(θ[7]): 6.9395586384622095e-06,
                              ParameterVectorElement(θ[8]): 3.141585815406484,
                              ParameterVectorElement(θ[9]): -3.141609678538863,
                              ParameterVectorElement(θ[10]): -3.1415859078842026,
                              ParameterVectorElement(θ[11]): 0.39534520856429284},
    'optimal_point': array([ 3.14151007e+00,  3.14162127e+00,  3.03725796e-05,  3.14159624e+00,
        1.61902891e-05,  2.74621428e+00, -3.14118357e+00,  6.93955864e-06,
        3.14158582e+00, -3.14160968e+00, -3.14158591e+00,  3.95345209e-01]),
    'optimal_value': 5.2899886249235806e-08,
    'optimizer_evals': None,
    'optimizer_result': <qiskit_algorithms.optimizers.optimizer.OptimizerResult object at 0x000002236AE3FEF0>,
    'optimizer_time': 1.219113826751709}
     ┌──────────┐ ░                           ░  ┌──────────┐
q_0: ┤ Ry(θ[0]) ├─░───────────────────────■───░──┤ Ry(θ[6]) ├
     ├──────────┤ ░                     ┌─┴─┐ ░  ├──────────┤
q_1: ┤ Ry(θ[1]) ├─░──────────────────■──┤ X ├─░──┤ Ry(θ[7]) ├
     ├──────────┤ ░                ┌─┴─┐└───┘ ░  ├──────────┤
q_2: ┤ Ry(θ[2]) ├─░─────────────■──┤ X ├──────░──┤ Ry(θ[8]) ├
     ├──────────┤ ░           ┌─┴─┐└───┘      ░  ├──────────┤
q_3: ┤ Ry(θ[3]) ├─░────────■──┤ X ├───────────░──┤ Ry(θ[9]) ├
     ├──────────┤ ░      ┌─┴─┐└───┘           ░ ┌┴──────────┤
q_4: ┤ Ry(θ[4]) ├─░───■──┤ X ├────────────────░─┤ Ry(θ[10]) ├
     ├──────────┤ ░ ┌─┴─┐└───┘                ░ ├───────────┤
q_5: ┤ Ry(θ[5]) ├─░─┤ X ├─────────────────────░─┤ Ry(θ[11]) ├
     └──────────┘ ░ └───┘                     ░ └───────────┘
The number of ansatz parameters is: 
 12
Line for latex table
RA r1 rl & $1\mathrm{e}{-04}$ & 100/100 &741 & $5.29\mathrm{e}{-08}$ & $5.29\mathrm{e}{-08}$ & $2.0633\mathrm{e}{-07}$ & $2.0633\mathrm{e}{-07}$ & - & 00h 02m 37s\\

