4.259370633974413e-13
4.352629368042926e-13
4.419797861032748e-13
4.5380366131553274e-13
3.568256801145253e-13
5.42343947529389e-14
3.4217073618947325e-13
1.0482725798510728e-12
2.283728761653947e-13
4.7286896620590824e-11
1.290079154614432e-13
1.167399510393352e-13
7.808753643701039e-13
6.521394535496938e-12
6.4153127254940046e-12
6.672440377997191e-14
2.0544677070688522e-13
1.532107773982716e-14
2.9715119254092315e-13
3.269606807521086e-13
2.751132655021138e-13
2.4424906541753444e-14
3.347322419244847e-14
1.1651790643441018e-13
2.993161274389422e-13
1.6026069360464135e-13
1.9972912213006566e-13
3.3806291099836017e-14
3.566036355096003e-13
3.794742298168785e-13
5.404565683875262e-13
8.086309399857328e-13
1.2752299216600704e-11
3.4983127505938683e-13
2.2792878695554464e-13
6.14897022188643e-13
1.1057821325266559e-13
4.0045744498229396e-13
1.3022916078853086e-13
1.6653345369377348e-13
9.692247004977617e-14
4.285460875053104e-13
3.921307722976053e-13
7.061018436615996e-13
4.535594122501152e-12
5.4088955536713e-12
3.3084646133829665e-13
4.9404924595819466e-14
2.5912605394751154e-13
8.179568133925841e-13
9.403589018575076e-14
1.2401191185062999e-13
1.5770718064800349e-13
2.994271497414047e-13
2.920996777788787e-13
7.05324687544362e-13
4.982680934517703e-13
2.5623947408348613e-13
1.2295719997723609e-13
2.1399548799649892e-13
1.304512053934559e-13
4.2943426592501055e-13
3.059219544354619e-13
4.567457523307894e-13
1.3234413565044179e-12
1.844080443902385e-13
8.019696018379818e-13
2.375877272697835e-14
5.700995231450179e-14
1.7484180769855584e-11
8.915090887740007e-14
2.4946711363327267e-13
1.866062859789963e-12
2.382538610845586e-13
2.8910207561239076e-13
6.06514838352723e-13
8.593126210598712e-14
5.467848396278896e-13
1.790234627208065e-13
4.474198789239381e-13
1.6919798895287386e-13
1.5732970481963093e-12
7.740919016896441e-12
7.962996928512212e-11
1.4599432773820809e-13
5.028755190039647e-13
1.389999226830696e-13
3.3467673077325344e-13
4.1089354141377044e-13
8.604228440844963e-14
1.8918200339612667e-13
2.5790480862042386e-13
8.322231792590173e-13
2.741695759311824e-13
2.0650148258027912e-13
3.702593787124897e-14
2.6201263381153694e-13
9.092726571680032e-14
4.3837156127324306e-13
2.2593038551121936e-13
