RA_r1_rl
02h28m19s__153
1e-07
-4.540154819769413
26.093072001101056
44.575446400007394
70.12722202487565
51.26575396942648
27.899009630791987
130.46331107897564
9.6338069025025
32.905327612438754
50.484704115155374
136.5909245050431
19.676888684936273
42.13051068565366
17.0960201229004
107.24649170041403
18.84795467441677
45.21318284088798
9.248999031147477
117.35055553735873
22.47423058890999
148.28032664904345
24.721909472217767
11.496478513097038
35.171793611725235
55.90631769272315
29.591514937817706
79.54151995734782
143.43739765964554
70.03910817144447
17.4134495915714
76.07926764634055
92.98964122503169
132.53702630062793
104.6113388286512
25.391191676055243
-4.6466021841577
40.07349591744156
59.50286224580795
28.294308591347534
89.88199533091213
43.15097764534398
12.238587122946512
31.44990394302954
125.69169989194133
57.76880514649604
201.37802370774932
124.18237787683975
46.92265567229643
131.55908001341956
15.769983871175157
22.30825365434667
48.438664526204875
-10.270442759692749
67.52498405014599
45.61076779561586
83.63289300467913
15.910479251562322
78.29396670321412
61.89756276653043
-3.5628381457638056
10.49348381412598
73.17353042682727
41.367205647661535
95.11381540056867
59.353678076870665
48.899266272135755
21.460428748418316
84.03560444527744
15.889865349429371
246.38695736673856
49.43358116421936
20.342106115414026
129.21387919541223
76.94694293350946
76.3122910011303
44.79179303811125
68.26690080858674
210.69090785676752
42.632165184722425
130.1810008130539
12.784769949139033
116.78046181365248
59.33525472876166
259.8965494414733
120.41693502260648
79.13877831284623
32.76668513544441
51.86645759043141
127.19646392107303
48.54049771958667
69.3571137978579
35.910454026516476
175.0287557227948
105.81151990671573
69.90661098331668
92.14861159914201
146.16109111223366
21.772379507356852
45.804069919393726
88.59937880954338
