-4.540154819769413 14.20194666172614
26.093072001101056 14.988560746629854
44.575446400007394 15.968225158011649
70.12722202487565 13.160336332347814
51.26575396942648 14.938477998441254
27.899009630791987 15.079243149063712
130.46331107897564 16.415098936990983
9.6338069025025 15.096758825873128
32.905327612438754 15.723884823543042
50.484704115155374 14.956681923655848
136.5909245050431 17.304013480964667
19.676888684936273 14.230719337714953
42.13051068565366 16.246991118993108
17.0960201229004 12.138518102117002
107.24649170041403 15.328843937283304
18.84795467441677 15.941561667068859
45.21318284088798 15.06037758090182
9.248999031147477 13.94818989843809
117.35055553735873 16.80394062935323
22.47423058890999 15.723185871298508
148.28032664904345 15.308003430669762
24.721909472217767 14.72054670334577
11.496478513097038 14.825675184716681
35.171793611725235 15.190271461109605
55.90631769272315 16.01329703351341
29.591514937817706 15.393116720396272
79.54151995734782 15.279249186898818
143.43739765964554 16.655012001488643
70.03910817144447 16.477554524177886
17.4134495915714 15.350964621566067
76.07926764634055 16.13235035836095
92.98964122503169 13.898961800849836
132.53702630062793 17.594412744029587
104.6113388286512 13.396955034259568
25.391191676055243 14.581337688760083
-4.6466021841577 12.739507312008127
40.07349591744156 14.790549677480387
59.50286224580795 15.202184586127538
28.294308591347534 15.193396799914899
89.88199533091213 17.705465693474405
43.15097764534398 14.119120252760641
12.238587122946512 13.904402987920157
31.44990394302954 11.982964231684814
125.69169989194133 16.8819075016883
57.76880514649604 15.58795884700272
201.37802370774932 16.83053430710926
124.18237787683975 14.820049081040056
46.92265567229643 12.888385933529646
131.55908001341956 15.65904047437955
15.769983871175157 13.579503254941471
22.30825365434667 12.248671880080543
48.438664526204875 17.23387307586527
-10.270442759692749 15.100566594313323
67.52498405014599 15.439683337251115
45.61076779561586 16.29909334301878
83.63289300467913 16.08157232462715
15.910479251562322 13.727748951309083
78.29396670321412 16.225710101922168
61.89756276653043 16.353247773413177
-3.5628381457638056 13.62272864047143
10.49348381412598 14.467302529913558
73.17353042682727 15.848697942923947
41.367205647661535 16.547500783825857
95.11381540056867 14.687204761030713
59.353678076870665 16.36570436961593
48.899266272135755 14.041710845677681
21.460428748418316 14.368197475869522
84.03560444527744 17.518264547213562
15.889865349429371 12.657733970140002
246.38695736673856 16.009628598266573
49.43358116421936 16.05919845682732
20.342106115414026 12.718755851418193
129.21387919541223 15.013804808460392
76.94694293350946 15.557000487074484
76.3122910011303 17.378134314806495
44.79179303811125 16.037717445889978
68.26690080858674 15.618871142532189
210.69090785676752 17.18665462967738
42.632165184722425 13.423163456729915
130.1810008130539 16.691621881866123
12.784769949139033 14.865728318454746
116.78046181365248 17.42755144222174
59.33525472876166 16.64705871741147
259.8965494414733 18.125929850398133
120.41693502260648 16.19870936263961
79.13877831284623 14.271716645541423
32.76668513544441 16.22682185234285
51.86645759043141 16.218441864771915
127.19646392107303 16.682498603614075
48.54049771958667 14.207111796790192
69.3571137978579 14.226338308737924
35.910454026516476 13.786796852333625
175.0287557227948 17.84731550587214
105.81151990671573 16.973733919918406
69.90661098331668 14.335394173472974
92.14861159914201 17.569465563892642
146.16109111223366 16.215376153079145
21.772379507356852 14.131123931609709
45.804069919393726 16.193410583018363
88.59937880954338 15.454815126937763
