With Shot Noise
02/11/2024 13:57:16 

VQEr_100_shots_10000_COBYLA_maxIter_10000_tol_1e-07_RA_r1_rl 

Reference value: -1.1669756808e-03 

Number of pauli strings:  102
Qubits:  5
VQE runs:  100
Optimizer:  COBYLA
Max iterations:  10000
Optimizers's tolerance:  1e-07
Ansatz:  RA_r1_rl 

All run converged!!!
Number of iterations for each converged VQE run:
[163, 157, 144, 145, 146, 172, 150, 139, 143, 162, 158, 154, 152, 153, 160, 167, 147, 160, 146, 155, 148, 151, 146, 138, 160, 156, 160, 159, 157, 165, 162, 148, 160, 147, 135, 163, 138, 150, 155, 155, 150, 154, 164, 136, 150, 150, 150, 160, 141, 137, 163, 156, 144, 144, 146, 148, 160, 150, 154, 181, 159, 170, 151, 147, 146, 149, 169, 171, 141, 155, 144, 152, 155, 151, 132, 155, 166, 161, 144, 152, 170, 156, 152, 186, 144, 144, 142, 142, 164, 150, 151, 147, 143, 155, 148, 161, 142, 160, 150, 144] 

Average iterations of converged run:
153 

VQE eigenvalues:
[-4.540154819769413, 26.093072001101056, 44.575446400007394, 70.12722202487565, 51.26575396942648, 27.899009630791987, 130.46331107897564, 9.6338069025025, 32.905327612438754, 50.484704115155374, 136.5909245050431, 19.676888684936273, 42.13051068565366, 17.0960201229004, 107.24649170041403, 18.84795467441677, 45.21318284088798, 9.248999031147477, 117.35055553735873, 22.47423058890999, 148.28032664904345, 24.721909472217767, 11.496478513097038, 35.171793611725235, 55.90631769272315, 29.591514937817706, 79.54151995734782, 143.43739765964554, 70.03910817144447, 17.4134495915714, 76.07926764634055, 92.98964122503169, 132.53702630062793, 104.6113388286512, 25.391191676055243, -4.6466021841577, 40.07349591744156, 59.50286224580795, 28.294308591347534, 89.88199533091213, 43.15097764534398, 12.238587122946512, 31.44990394302954, 125.69169989194133, 57.76880514649604, 201.37802370774932, 124.18237787683975, 46.92265567229643, 131.55908001341956, 15.769983871175157, 22.30825365434667, 48.438664526204875, -10.270442759692749, 67.52498405014599, 45.61076779561586, 83.63289300467913, 15.910479251562322, 78.29396670321412, 61.89756276653043, -3.5628381457638056, 10.49348381412598, 73.17353042682727, 41.367205647661535, 95.11381540056867, 59.353678076870665, 48.899266272135755, 21.460428748418316, 84.03560444527744, 15.889865349429371, 246.38695736673856, 49.43358116421936, 20.342106115414026, 129.21387919541223, 76.94694293350946, 76.3122910011303, 44.79179303811125, 68.26690080858674, 210.69090785676752, 42.632165184722425, 130.1810008130539, 12.784769949139033, 116.78046181365248, 59.33525472876166, 259.8965494414733, 120.41693502260648, 79.13877831284623, 32.76668513544441, 51.86645759043141, 127.19646392107303, 48.54049771958667, 69.3571137978579, 35.910454026516476, 175.0287557227948, 105.81151990671573, 69.90661098331668, 92.14861159914201, 146.16109111223366, 21.772379507356852, 45.804069919393726, 88.59937880954338] 

VQE eigenvalues standard deviation:
[14.20194666172614, 14.988560746629854, 15.968225158011649, 13.160336332347814, 14.938477998441254, 15.079243149063712, 16.415098936990983, 15.096758825873128, 15.723884823543042, 14.956681923655848, 17.304013480964667, 14.230719337714953, 16.246991118993108, 12.138518102117002, 15.328843937283304, 15.941561667068859, 15.06037758090182, 13.94818989843809, 16.80394062935323, 15.723185871298508, 15.308003430669762, 14.72054670334577, 14.825675184716681, 15.190271461109605, 16.01329703351341, 15.393116720396272, 15.279249186898818, 16.655012001488643, 16.477554524177886, 15.350964621566067, 16.13235035836095, 13.898961800849836, 17.594412744029587, 13.396955034259568, 14.581337688760083, 12.739507312008127, 14.790549677480387, 15.202184586127538, 15.193396799914899, 17.705465693474405, 14.119120252760641, 13.904402987920157, 11.982964231684814, 16.8819075016883, 15.58795884700272, 16.83053430710926, 14.820049081040056, 12.888385933529646, 15.65904047437955, 13.579503254941471, 12.248671880080543, 17.23387307586527, 15.100566594313323, 15.439683337251115, 16.29909334301878, 16.08157232462715, 13.727748951309083, 16.225710101922168, 16.353247773413177, 13.62272864047143, 14.467302529913558, 15.848697942923947, 16.547500783825857, 14.687204761030713, 16.36570436961593, 14.041710845677681, 14.368197475869522, 17.518264547213562, 12.657733970140002, 16.009628598266573, 16.05919845682732, 12.718755851418193, 15.013804808460392, 15.557000487074484, 17.378134314806495, 16.037717445889978, 15.618871142532189, 17.18665462967738, 13.423163456729915, 16.691621881866123, 14.865728318454746, 17.42755144222174, 16.64705871741147, 18.125929850398133, 16.19870936263961, 14.271716645541423, 16.22682185234285, 16.218441864771915, 16.682498603614075, 14.207111796790192, 14.226338308737924, 13.786796852333625, 17.84731550587214, 16.973733919918406, 14.335394173472974, 17.569465563892642, 16.215376153079145, 14.131123931609709, 16.193410583018363, 15.454815126937763] 

Median VQE eigenvalues:
51.56610577992895 

Min eigenvalue after 100 VQE steps on Aer qasm simulator: -1.02704e+01
Delta from reference energy value is -1.02693e+01 

Optimizer history of the smallest VQE eigenvalue:
[959.0401528855073, 1156.7140291266244, 164.8377832004246, 254.32000300833266, 228.1663128473284, 126.57323928209743, 143.52386970629334, 133.83488559830164, 77.06352344520158, 129.80866764676392, 65.91771684407668, 238.52207791739286, 134.6858933320867, 52.18739937236686, 102.38703636085671, 18.609718738246976, 114.76371460862832, 21.120956818709587, 52.7122329560958, 31.267867637233046, 16.132672341313366, 33.590206017320476, 47.29992377828711, 14.861396004787998, 38.83991576550521, -2.3521267791322558, 46.29452580483499, 35.23213969940733, -11.552160038880878, 38.532680794362875, 19.411700557629295, -7.4081268092797, 26.694714764480164, 17.42149378232207, -2.430183106326286, 32.86204163810142, 10.52085514588163, 7.628378226771385, 24.705267160682105, 15.483457770225975, 8.177525569891664, 6.726172732950644, 8.695764185856667, 41.98362095704625, 72.42716499572295, 32.22254116157639, 1.928732049543342, 17.566998533978122, 11.942334155587552, 24.370529159452023, 6.556132248812403, 4.072640116485289, 18.187913034571988, 19.457149462409692, 3.479621849939715, 0.26504393541763704, 17.992658724721554, 8.768612178508032, 51.12809973364794, 2.1610434068975444, 14.142441497085724, 27.104648679551012, 18.10085866325893, -1.621883350380383, 35.105575326925866, -2.8308987236865057, 15.025965597765158, 9.255925952590928, 8.657252105072324, 12.969442648252443, 28.017422419734658, 24.252298591327527, 26.24810682366436, 10.549880845207472, 29.55129151869079, -1.2457461728938704, 7.821936030031761, -2.1304308476910734, 19.95775322399695, 19.082662552339198, 33.446719108011564, -4.598110458222781, 18.496743106644818, 30.821770761543384, 12.409480996331084, 9.581241095079111, 33.98756820315118, 25.011640419849485, 4.371167228604914, 28.045129272608055, 11.76346355603162, 48.03929430527149, 18.688896607276355, 11.546837596575411, 28.22429428087689, -5.035774244115814, -14.113938094021965, -7.688315103475894, 5.153561486493633, 15.74922874508772, -6.514988438955953, 3.0046022967088604, 1.9592435507474875, -13.890132799205816, 20.968558033928797, 24.94516592804335, 14.773367416467956, 21.73489191730136, 34.81559575570371, 16.452840325250634, 29.26881022533795, 2.8012337806147407, 2.9503710556756886, 42.32459417915783, 9.873676015052368, 23.570450463305455, 11.969521196436542, 3.9473731713039832, 21.226331591233524, 48.2351697748411, -4.0717193285873705, 6.5960465887331345, 7.665660887284421, 1.8261320189813226, 33.77888458740034, -3.7461678784142833, 27.95048034881355, 0.6784636613531774, -4.779217975178835, 33.664129649513185, 11.597748563193615, 29.780726479652404, 0.3302347544754305, 16.98313676341046, 11.225651416008347, -10.590338232793531, 16.837945383500454, 38.00957581014026, 16.445589192855838, -4.700011145244471, 33.13900380311507, 36.0895257558542, 6.468739333010593, -10.270442759692749] 

Optimizer history of the smallest VQE eigenvalue standard deviation:
[18.16089737594617, 18.238127334777303, 17.07596955118237, 16.925036617536453, 16.843557602891295, 13.431160777496565, 13.506383111199082, 16.00521762574106, 14.119575881364195, 15.840173104382334, 14.017386343763313, 15.921980854560454, 15.731193589356556, 14.871097135636168, 15.318733767064352, 14.13224314907205, 15.28374838162441, 13.90631957380107, 13.656468113307414, 13.553804121201846, 14.275583959372783, 14.211390270880363, 14.254652774936142, 15.14161792924904, 16.0549917629123, 15.40906533752706, 15.175356357659457, 15.622759721947185, 15.086091556027938, 15.497979478593663, 15.160475373152554, 14.598876421637097, 15.097162601830533, 15.370601324848979, 14.939704479268935, 15.357185754167855, 14.886575117678863, 14.986634735359125, 15.018345941803696, 15.135437125125462, 15.144320705541087, 15.105218701924008, 15.080348397764547, 15.111173945334409, 15.124985502706473, 15.142876391377559, 15.099984514181381, 15.141245434645228, 15.103405037049537, 15.081768366855655, 15.045754441600787, 15.069154806004525, 15.176885942720434, 15.079971634516225, 15.123954712308581, 15.093144643496235, 15.143325214315349, 15.11868985041301, 15.09094204303586, 15.118520848501797, 15.139272456147088, 15.150841462141306, 15.121539238590133, 15.098706282986631, 15.168116289523374, 15.13562316686569, 15.072567585117202, 15.084231437712264, 15.091234940692587, 15.0180412525629, 15.12334046319962, 15.119602074465359, 15.133690279798445, 15.148911079907252, 15.09590634769611, 15.088349170587964, 15.07611881249961, 15.078222211810292, 15.112094308131816, 15.124884055534393, 15.09296003695657, 15.081151284533847, 15.137497383924066, 15.106693687615742, 15.165324182904223, 15.098993263572353, 15.113966302992093, 15.173482243362786, 15.125466308955804, 15.096286025897705, 15.09958283196533, 15.140352046899006, 15.203767270203716, 15.137105844579416, 15.09641259901095, 15.152826718803428, 15.085298573941886, 15.129932266761584, 15.097033223714565, 15.126832432725397, 15.112172072373387, 15.081700963825464, 15.07413301302667, 15.084099070932567, 15.110833286077348, 15.16635414001027, 15.132005642072864, 15.094187114882928, 15.12055158309532, 15.154978682405428, 15.158816133652936, 15.06964534789577, 15.165912221545586, 15.149716879105684, 15.122043041395415, 15.138586441096034, 15.182951343198669, 15.076845866966881, 15.099284098957106, 15.132691815489654, 15.111162722318785, 15.114568857158822, 15.108195877408592, 15.081049465164883, 15.174335501579927, 15.129048374418199, 15.112931733314591, 15.067145091085848, 15.111725884967939, 15.083850673631858, 15.151567218680908, 15.120164522666883, 15.12423873236198, 15.154381572197698, 15.104729015335458, 15.13784975263374, 15.075217868018141, 15.0939017198167, 15.131598395875562, 15.099767509636699, 15.154074623366732, 15.09164235429477, 15.176434041259181, 15.100566594313323] 

Smallest VQE eingenvalue optimizer final message:
{   'aux_operators_evaluated': None,
    'cost_function_evals': 144,
    'eigenvalue': -10.270442759692749,
    'optimal_circuit': <qiskit.circuit.library.n_local.real_amplitudes.RealAmplitudes object at 0x000001820C4EC4D0>,
    'optimal_parameters': {   ParameterVectorElement(θ[0]): 3.6400712088037337,
                              ParameterVectorElement(θ[9]): 1.0408571899942844,
                              ParameterVectorElement(θ[8]): 1.1154947871686585,
                              ParameterVectorElement(θ[7]): -1.7783532193857647,
                              ParameterVectorElement(θ[6]): 1.36420951188875,
                              ParameterVectorElement(θ[5]): 0.5756602667880303,
                              ParameterVectorElement(θ[4]): 1.5312975929522947,
                              ParameterVectorElement(θ[3]): -1.5947455356096887,
                              ParameterVectorElement(θ[2]): -1.101092374744468,
                              ParameterVectorElement(θ[1]): -1.1662582729897153},
    'optimal_point': array([ 3.64007121, -1.16625827, -1.10109237, -1.59474554,  1.53129759,
        0.57566027,  1.36420951, -1.77835322,  1.11549479,  1.04085719]),
    'optimal_value': -10.270442759692749,
    'optimizer_evals': None,
    'optimizer_result': <qiskit_algorithms.optimizers.optimizer.OptimizerResult object at 0x0000018287EF4230>,
    'optimizer_time': 86.7953999042511}
     ┌──────────┐ ░                      ░ ┌──────────┐
q_0: ┤ Ry(θ[0]) ├─░──────────────────■───░─┤ Ry(θ[5]) ├
     ├──────────┤ ░                ┌─┴─┐ ░ ├──────────┤
q_1: ┤ Ry(θ[1]) ├─░─────────────■──┤ X ├─░─┤ Ry(θ[6]) ├
     ├──────────┤ ░           ┌─┴─┐└───┘ ░ ├──────────┤
q_2: ┤ Ry(θ[2]) ├─░────────■──┤ X ├──────░─┤ Ry(θ[7]) ├
     ├──────────┤ ░      ┌─┴─┐└───┘      ░ ├──────────┤
q_3: ┤ Ry(θ[3]) ├─░───■──┤ X ├───────────░─┤ Ry(θ[8]) ├
     ├──────────┤ ░ ┌─┴─┐└───┘           ░ ├──────────┤
q_4: ┤ Ry(θ[4]) ├─░─┤ X ├────────────────░─┤ Ry(θ[9]) ├
     └──────────┘ ░ └───┘                ░ └──────────┘
The number of ansatz parameters is: 
 10
Line for latex table
RA r1 rl & $1\mathrm{e}{-07}$ & 10000 & 100/100 &153 & $-1.027\mathrm{e}{+01}$ & $1.5101\mathrm{e}{+01}$ & $-1.0269\mathrm{e}{+01}$ & $5.1566\mathrm{e}{+01}$ & $5.1567\mathrm{e}{+01}$ & - & 02h 28m 19s\\

