0.032961895011276
0.03229919589032326
0.03703064435541081
0.039321490037518725
0.032085742044989596
0.03252911125894509
0.03584237241755861
0.03374743614057463
0.043338485417223516
0.03569398667933987
0.03357123923244487
0.03858412229041408
0.03779326970774333
0.04264399106904326
0.03659764803858567
0.03458362792113068
0.038659108308907064
0.03443275901928822
1.8321470506488509
0.036758994045846705
0.03528437191189426
0.03387549000095724
3.812584027703966
0.03462798411767687
0.03239686249299989
0.04051515624467694
3.0126771501567444
0.03398032485259106
0.03580714753631897
3.867189015803688
0.03865440570383305
0.04186934836436207
0.04024337791869248
0.03384372132962088
0.03342593115701065
0.03864406316578117
0.03616274308335232
0.03625638529560993
0.04484507224342893
0.032961922846668434
0.036721742522637935
0.0471881966802743
0.03262770740727594
0.036408375353942146
0.042835925989403445
0.0386244235583274
2.96071142011426
0.04268630382639638
0.034597489135820836
0.04397398364275251
0.04116901230097536
0.032425078763277604
0.03433964217914587
0.04271537726626573
0.03314958882874952
0.032436122043723814
0.034964104100064564
1.8334989404425388
0.041622824542556724
0.03249305207988051
0.04309080052668801
0.04180978114797251
3.894948405855709
0.04359878848651699
0.03767291983895693
0.0338801921673727
0.03927865019108778
0.03957061454112032
0.03278890803750367
0.03475852967238613
0.03525314114956035
0.03751972573919271
0.03549846415121205
0.041382114626861144
0.041636001534013034
1.8332666817354037
0.039824528919844115
0.040574760269629584
0.034941499120629826
0.038440090847738584
0.04219024448299835
0.03687837628816171
0.04157768548654195
0.034003217364289795
3.026925205214223
0.03669452074933732
0.03304226090531415
0.03264175462807528
0.034706620425256074
0.03435089186603979
0.0357757387576344
0.034000367671891074
0.03583414954218744
1.8315597320904025
0.03658210922007388
0.03320096614937129
0.035463828919210294
1.8456819308862942
0.039285291050084714
0.03772575563216796
