RA_r1_rl
05s__21
1e-01
0.0030155790474410415
1.1123376572275134e-05
0.004992856383790989
0.00773978085270377
0.0005200272255002636
0.0020617022385226447
0.005950687533650079
0.0028046836567129363
0.005132434980651579
0.0026146882969136365
0.002935662762987734
0.00351923446368152
0.003302454126376364
0.0022579657852211943
0.006761321613605986
0.0035341538191034916
0.005014864848371603
0.0023395997633701704
0.0007422942155758117
0.0036474195713217528
0.0020105681689865373
0.00099216364627297
0.005415991536147247
0.002649744551226463
0.0022594530852532158
0.0007402252410092514
0.00709891469759566
0.005036739627435893
0.0010168380443403846
0.0018489226692135485
0.0025636920141952624
0.0017601218478733305
0.0007933495976121252
0.007465619058150796
0.003295279981679111
0.003452349159637491
0.0018739110767236888
0.0050422093101573084
0.0025066715797831818
0.0006275979961528622
0.0007903661341238655
3.8126564863683043e-05
0.0017115515268695813
0.002784966241290432
0.00028414539772481096
0.004673063555117096
0.002335963722088108
0.003361412443275258
0.005289236793315832
0.0014487471739662583
0.0045317453735664315
0.0030008076277147078
0.0022068146783238984
0.0035439929337125475
0.0002069739517275293
0.004396976450786516
0.004666236899935949
0.009365850588686664
0.0032716060974109507
0.004586948198183116
0.004771199138118798
0.0013036222658910912
0.0039942525423986575
0.0015134086398646551
0.00042855162200672314
0.0020075222274688054
0.002672295158221205
0.0028809324971235117
0.003820935979118867
0.003162341489066245
0.002210689049144232
0.004149182062430645
0.002656628645769432
0.00024681486415917275
0.006173383117792197
0.0010615526068090686
0.003995276478106269
0.0010421291608079253
0.00014992659367046857
0.004446819154571013
0.0006568621497062832
0.0010184953383622908
0.0013651550308516613
0.004355995090823017
0.000706302455524721
0.0014596629695641239
0.00019127074887920203
0.005396645837918157
0.0013334991241872873
0.0037830645784559525
0.004650862837842329
0.008677077319511062
0.005059243528497737
0.0011362265290368878
0.00025382958695019386
0.0005813147632833804
0.003195506419259808
0.001187440890937419
0.003579686977872365
0.0018509344563912844
