RA_r1_rl
02h02m02s__100
1e-05
3.8298713879314707
2.716564447300239
1.4699670161161011
3.28536174292019
2.3802822253629903
1.141189774619546
1.2174760487612757
1.087876448485995
6.854369084714212
2.3310980744406518
1.9363484813118381
1.7714902738118063
1.8926326354141592
5.193567971122408
3.972021612042443
4.00449837348251
5.646522583771154
5.141900246286484
2.1298025510534973
1.8824770731429017
4.912965803166158
2.4635306432279656
2.2902973808846756
3.955288973967397
1.63626472661329
2.822040383465815
1.380210472125793
1.201926072400528
1.3496082185414484
2.3850787848130275
1.7259850474283616
1.446138133359815
5.518815208426732
4.880401230944797
2.8996996103619495
5.445688419821056
1.3316319472841314
1.320061505543377
1.5606135881321417
4.675213193096962
5.014354513507033
1.4465916432418853
5.492319206721816
4.131083390655958
0.9365728655058005
3.4628556155367285
2.0677519041225207
4.414230036157824
1.6204703056682388
3.413561429565624
5.513214496221497
6.734311396001654
2.9727668569824113
4.005689845450654
1.5279752512908704
3.532286530230077
1.528817062060242
3.4253992909602
4.523514335885934
2.5802253255508454
1.5682414660398862
1.7799756419115726
3.4273371247836755
2.050944563165929
2.097537551031187
5.438560355875121
5.155963111573444
2.2688013586055114
2.4585419228472416
4.181053744862207
5.20444611580951
1.7057037209216679
2.9497434950403907
3.3061178030360905
3.763580924512614
2.8501967331645077
6.067362979360664
2.342618478052496
1.8015120128669238
5.25986081327375
1.3590419649166805
1.8438613621955784
6.345184451946623
2.304547366426938
3.7665536260118024
5.076650879868829
4.176932537770998
3.798552844200996
5.345701998973853
2.8376361451451455
4.855069591688115
5.095717671851114
3.9889738740726925
1.8242877740703651
4.019438161520355
4.319797767440074
2.0284459038420506
1.5029388208825374
2.5499799091546222
2.386710205322302
