3.8298713879314707 0.2052730085825206
2.716564447300239 0.15867916235460167
1.4699670161161011 0.20227637146822094
3.28536174292019 0.2116273340253666
2.3802822253629903 0.16988488936998283
1.141189774619546 0.20059318639010737
1.2174760487612757 0.20206638628214524
1.087876448485995 0.20327828138969767
6.854369084714212 0.21260565839667442
2.3310980744406518 0.19593131164923108
1.9363484813118381 0.19665870366112115
1.7714902738118063 0.2134586494783259
1.8926326354141592 0.20502311473749602
5.193567971122408 0.21501158538405651
3.972021612042443 0.1876064509217218
4.00449837348251 0.20484075673631968
5.646522583771154 0.1997438677582666
5.141900246286484 0.21146627320963987
2.1298025510534973 0.20805359414339192
1.8824770731429017 0.1829296350525745
4.912965803166158 0.2178331688008904
2.4635306432279656 0.17778549460237084
2.2902973808846756 0.2044355096654348
3.955288973967397 0.1807914084321018
1.63626472661329 0.20132940737039756
2.822040383465815 0.20395721500705785
1.380210472125793 0.18592628090395635
1.201926072400528 0.19638665763672858
1.3496082185414484 0.18092341803473658
2.3850787848130275 0.19032520437008155
1.7259850474283616 0.19260698165382945
1.446138133359815 0.19502662532451545
5.518815208426732 0.2315481466521308
4.880401230944797 0.20042103043195286
2.8996996103619495 0.20178267783442388
5.445688419821056 0.17038620281886277
1.3316319472841314 0.19727002611490177
1.320061505543377 0.19596518775097876
1.5606135881321417 0.20338281928007093
4.675213193096962 0.21534585000324538
5.014354513507033 0.2195663808900848
1.4465916432418853 0.1925159914389983
5.492319206721816 0.23297782423175678
4.131083390655958 0.17915394718260852
0.9365728655058005 0.19819807205499299
3.4628556155367285 0.20933014986966114
2.0677519041225207 0.17104545972545518
4.414230036157824 0.21442846153508718
1.6204703056682388 0.19496170081727063
3.413561429565624 0.19753213293162872
5.513214496221497 0.20748984541882942
6.734311396001654 0.22993616773726827
2.9727668569824113 0.2099627185741452
4.005689845450654 0.189172156451338
1.5279752512908704 0.19364794223708692
3.532286530230077 0.21409242737871506
1.528817062060242 0.20396076688723971
3.4253992909602 0.18942608989945617
4.523514335885934 0.20086204664561927
2.5802253255508454 0.19680773989239336
1.5682414660398862 0.17924224142438816
1.7799756419115726 0.20893243090965485
3.4273371247836755 0.19146459192448032
2.050944563165929 0.1967183367646344
2.097537551031187 0.19103609069312397
5.438560355875121 0.22046755850442218
5.155963111573444 0.21422062880089765
2.2688013586055114 0.1932947202769099
2.4585419228472416 0.17935275340027093
4.181053744862207 0.20008736801747615
5.20444611580951 0.21838972423145012
1.7057037209216679 0.19660522687160467
2.9497434950403907 0.1945153494096949
3.3061178030360905 0.20701216547889784
3.763580924512614 0.1972961715842521
2.8501967331645077 0.20886732563623994
6.067362979360664 0.22146101829595022
2.342618478052496 0.20817477616819738
1.8015120128669238 0.15817911613456986
5.25986081327375 0.2096640770899384
1.3590419649166805 0.19169767244566174
1.8438613621955784 0.202251526367676
6.345184451946623 0.20436006040305382
2.304547366426938 0.20819975655029546
3.7665536260118024 0.22312483012414416
5.076650879868829 0.22050010460224292
4.176932537770998 0.19557947954436494
3.798552844200996 0.20909410589694932
5.345701998973853 0.2236853968276323
2.8376361451451455 0.205143875358403
4.855069591688115 0.19958199533654566
5.095717671851114 0.20249237733935813
3.9889738740726925 0.18832624210096943
1.8242877740703651 0.17935545469997474
4.019438161520355 0.16990477973994855
4.319797767440074 0.19838153012327372
2.0284459038420506 0.19264707712150625
1.5029388208825374 0.21048976293516997
2.5499799091546222 0.16779996453161564
2.386710205322302 0.1912053830098279
