With Shot Noise
03/11/2024 01:04:37 

VQEr_100_shots_10000_COBYLA_maxIter_10000_tol_1e-05_RA_r1_rl 

Reference value: 8.8458044387e-01 

Number of pauli strings:  48
Qubits:  4
VQE runs:  100
Optimizer:  COBYLA
Max iterations:  10000
Optimizers's tolerance:  1e-05
Ansatz:  RA_r1_rl 

All run converged!!!
Number of iterations for each converged VQE run:
[105, 94, 103, 90, 117, 108, 96, 102, 91, 83, 99, 106, 95, 90, 92, 111, 92, 87, 89, 110, 101, 99, 99, 123, 99, 100, 116, 107, 106, 107, 107, 88, 94, 100, 89, 97, 100, 93, 92, 97, 106, 101, 93, 87, 107, 110, 104, 107, 94, 92, 93, 94, 95, 90, 107, 91, 90, 90, 100, 107, 102, 105, 95, 117, 109, 104, 110, 111, 108, 82, 102, 103, 101, 103, 115, 103, 97, 85, 110, 113, 115, 120, 96, 99, 102, 92, 101, 98, 104, 98, 86, 89, 90, 106, 94, 101, 117, 109, 104, 103] 

Average iterations of converged run:
100 

VQE eigenvalues:
[3.8298713879314707, 2.716564447300239, 1.4699670161161011, 3.28536174292019, 2.3802822253629903, 1.141189774619546, 1.2174760487612757, 1.087876448485995, 6.854369084714212, 2.3310980744406518, 1.9363484813118381, 1.7714902738118063, 1.8926326354141592, 5.193567971122408, 3.972021612042443, 4.00449837348251, 5.646522583771154, 5.141900246286484, 2.1298025510534973, 1.8824770731429017, 4.912965803166158, 2.4635306432279656, 2.2902973808846756, 3.955288973967397, 1.63626472661329, 2.822040383465815, 1.380210472125793, 1.201926072400528, 1.3496082185414484, 2.3850787848130275, 1.7259850474283616, 1.446138133359815, 5.518815208426732, 4.880401230944797, 2.8996996103619495, 5.445688419821056, 1.3316319472841314, 1.320061505543377, 1.5606135881321417, 4.675213193096962, 5.014354513507033, 1.4465916432418853, 5.492319206721816, 4.131083390655958, 0.9365728655058005, 3.4628556155367285, 2.0677519041225207, 4.414230036157824, 1.6204703056682388, 3.413561429565624, 5.513214496221497, 6.734311396001654, 2.9727668569824113, 4.005689845450654, 1.5279752512908704, 3.532286530230077, 1.528817062060242, 3.4253992909602, 4.523514335885934, 2.5802253255508454, 1.5682414660398862, 1.7799756419115726, 3.4273371247836755, 2.050944563165929, 2.097537551031187, 5.438560355875121, 5.155963111573444, 2.2688013586055114, 2.4585419228472416, 4.181053744862207, 5.20444611580951, 1.7057037209216679, 2.9497434950403907, 3.3061178030360905, 3.763580924512614, 2.8501967331645077, 6.067362979360664, 2.342618478052496, 1.8015120128669238, 5.25986081327375, 1.3590419649166805, 1.8438613621955784, 6.345184451946623, 2.304547366426938, 3.7665536260118024, 5.076650879868829, 4.176932537770998, 3.798552844200996, 5.345701998973853, 2.8376361451451455, 4.855069591688115, 5.095717671851114, 3.9889738740726925, 1.8242877740703651, 4.019438161520355, 4.319797767440074, 2.0284459038420506, 1.5029388208825374, 2.5499799091546222, 2.386710205322302] 

VQE eigenvalues standard deviation:
[0.2052730085825206, 0.15867916235460167, 0.20227637146822094, 0.2116273340253666, 0.16988488936998283, 0.20059318639010737, 0.20206638628214524, 0.20327828138969767, 0.21260565839667442, 0.19593131164923108, 0.19665870366112115, 0.2134586494783259, 0.20502311473749602, 0.21501158538405651, 0.1876064509217218, 0.20484075673631968, 0.1997438677582666, 0.21146627320963987, 0.20805359414339192, 0.1829296350525745, 0.2178331688008904, 0.17778549460237084, 0.2044355096654348, 0.1807914084321018, 0.20132940737039756, 0.20395721500705785, 0.18592628090395635, 0.19638665763672858, 0.18092341803473658, 0.19032520437008155, 0.19260698165382945, 0.19502662532451545, 0.2315481466521308, 0.20042103043195286, 0.20178267783442388, 0.17038620281886277, 0.19727002611490177, 0.19596518775097876, 0.20338281928007093, 0.21534585000324538, 0.2195663808900848, 0.1925159914389983, 0.23297782423175678, 0.17915394718260852, 0.19819807205499299, 0.20933014986966114, 0.17104545972545518, 0.21442846153508718, 0.19496170081727063, 0.19753213293162872, 0.20748984541882942, 0.22993616773726827, 0.2099627185741452, 0.189172156451338, 0.19364794223708692, 0.21409242737871506, 0.20396076688723971, 0.18942608989945617, 0.20086204664561927, 0.19680773989239336, 0.17924224142438816, 0.20893243090965485, 0.19146459192448032, 0.1967183367646344, 0.19103609069312397, 0.22046755850442218, 0.21422062880089765, 0.1932947202769099, 0.17935275340027093, 0.20008736801747615, 0.21838972423145012, 0.19660522687160467, 0.1945153494096949, 0.20701216547889784, 0.1972961715842521, 0.20886732563623994, 0.22146101829595022, 0.20817477616819738, 0.15817911613456986, 0.2096640770899384, 0.19169767244566174, 0.202251526367676, 0.20436006040305382, 0.20819975655029546, 0.22312483012414416, 0.22050010460224292, 0.19557947954436494, 0.20909410589694932, 0.2236853968276323, 0.205143875358403, 0.19958199533654566, 0.20249237733935813, 0.18832624210096943, 0.17935545469997474, 0.16990477973994855, 0.19838153012327372, 0.19264707712150625, 0.21048976293516997, 0.16779996453161564, 0.1912053830098279] 

Median VQE eigenvalues:
2.8439164391548264 

Min eigenvalue after 100 VQE steps on Aer qasm simulator: 9.36573e-01
Delta from reference energy value is 5.19924e-02 

Optimizer history of the smallest VQE eigenvalue:
[4.456771140819935, 4.260706944848317, 12.948444597096064, 4.292627875667256, 3.9455548970167036, 4.783089285716485, 3.685709917901966, 9.065317441607974, 3.066381744836516, 6.56915643223584, 5.2519964004678945, 5.536127017581482, 2.0535773829878536, 1.9554733189049198, 2.301871573875322, 3.9928711655218727, 1.8217918267023343, 1.6678702279238822, 1.4302425979122073, 2.083861046262413, 1.5047531101239908, 1.6773128985103591, 2.3469871487589673, 1.6418964367949622, 1.5263492524254259, 0.9724314840061679, 1.1994502522082948, 1.1473136689587995, 0.8859279649067379, 1.1919616251413505, 1.6213908445396714, 1.0864042265937823, 1.2946716540837566, 1.1671312484923035, 0.7350157165159577, 0.7320201489117413, 0.9114975541113557, 1.449765625546012, 1.3646133516800867, 1.555489717694559, 1.3005620573755767, 1.0509633694731053, 1.0159986306941344, 1.1149259346713982, 0.5064592088882558, 0.9194120607724883, 1.0648399623855787, 0.7519883489714048, 1.0947708595200087, 0.9105392835997634, 1.4728507406575366, 1.1663323507018433, 1.25466291093845, 1.2122929855540605, 0.9043401754648923, 0.9874199184263415, 1.0506024307944897, 1.2435287859823299, 0.7990247024414538, 1.2015050005912167, 0.9560078788678081, 1.0904554040345613, 0.8688398970980467, 0.6819730312159924, 0.8510657987389572, 0.7510254570913923, 1.0552434803508113, 0.9099844011892224, 0.8041691598895584, 1.0447585622124467, 1.033090639356385, 1.0842106668073634, 1.251848753899387, 1.091156246589808, 1.01585954765438, 1.2844487707086847, 0.7878134493655347, 1.1416248401155724, 0.8547646496658949, 1.1294236557157307, 0.9977789730969202, 0.8101219347403084, 1.1144158930514199, 1.2379031663140967, 1.0298641217258768, 0.8765975190860498, 0.9539320707845453, 1.2387200415617194, 1.0762707824320736, 1.2980837334774427, 0.7403190051157644, 0.9098136178193827, 0.8053262748139576, 0.7690061660299787, 0.90137269631348, 1.3974140243966322, 1.1099244288202437, 0.7725908948426521, 0.9525506265312556, 1.2724441408383833, 0.7743876642240399, 1.3733812148885691, 0.604824135303434, 1.0508009429265315, 1.1492204765790646, 0.8101763769949781, 0.9365728655058005] 

Optimizer history of the smallest VQE eigenvalue standard deviation:
[0.18758609138669818, 0.19346387958369823, 0.22304797900870543, 0.20149716640353701, 0.1947781238127472, 0.2136159674214949, 0.21468281357303493, 0.21350857893714162, 0.2142556549527934, 0.2248084797188439, 0.21975847669429277, 0.21814901588843919, 0.20513405098041973, 0.20614306574640556, 0.20953306544411185, 0.21211357472843842, 0.2034286854236035, 0.19585726672591772, 0.1961793197135115, 0.204220360755085, 0.19294138848137923, 0.19902879548865043, 0.19535526489716445, 0.19841485371391235, 0.1976282101182635, 0.19731890646735706, 0.2009854859716708, 0.19667622330744378, 0.1993381962491193, 0.2006069337958233, 0.20068861084401404, 0.20118202694742962, 0.1988213952329808, 0.2005113950930266, 0.1975629212493778, 0.1981065791502219, 0.19766797874177838, 0.1979559040375601, 0.1983442838487642, 0.1989443177997871, 0.1989221130645357, 0.19866078853470448, 0.1981784793944203, 0.19772445361945196, 0.19795219776354694, 0.1978981901509326, 0.19781769345265984, 0.19840264093791019, 0.1986466292949023, 0.19834583016204563, 0.19818506653245715, 0.19778958560189905, 0.19834217424320208, 0.19694481511910564, 0.1981224281095868, 0.1980497461281311, 0.19776643968145283, 0.19803615950158074, 0.19808468677247057, 0.19803107496124417, 0.1982123990959799, 0.19805164027987848, 0.1976601556188976, 0.19770854544632252, 0.19775899933641858, 0.1983291616782713, 0.19809951890102162, 0.19823724469811047, 0.1979672087740385, 0.1979886590630585, 0.19810620115216274, 0.19812353070578698, 0.1980244846763988, 0.1982540954808923, 0.19798297225659212, 0.19772000559189054, 0.19822367374523392, 0.1979783312467898, 0.19772842702504687, 0.19766846108130454, 0.19813917482636362, 0.19808656298003244, 0.19786466003777728, 0.19823900641502346, 0.19787554589007297, 0.19798067874621228, 0.19797171217743798, 0.1973857884532744, 0.1982455402499216, 0.1979151507386584, 0.1982182558722676, 0.19773504189100435, 0.19798591922403158, 0.19797925239021347, 0.19760446999367812, 0.19792677098311068, 0.19781816796930193, 0.19750759449480637, 0.1984220726981855, 0.19813782134710994, 0.19829012823957198, 0.19770075421883754, 0.19803420346459394, 0.1984407687521057, 0.19789159125810987, 0.1979913802846926, 0.19819807205499299] 

Smallest VQE eingenvalue optimizer final message:
{   'aux_operators_evaluated': None,
    'cost_function_evals': 107,
    'eigenvalue': 0.9365728655058005,
    'optimal_circuit': <qiskit.circuit.library.n_local.real_amplitudes.RealAmplitudes object at 0x000001FC3F9D24E0>,
    'optimal_parameters': {   ParameterVectorElement(θ[0]): 0.2616634069532582,
                              ParameterVectorElement(θ[1]): 0.03807295389089589,
                              ParameterVectorElement(θ[2]): 0.05154137807106794,
                              ParameterVectorElement(θ[3]): 0.27612752288215714,
                              ParameterVectorElement(θ[4]): -1.1700280650631498,
                              ParameterVectorElement(θ[5]): 0.13084761200117034,
                              ParameterVectorElement(θ[6]): -0.15492745951495765,
                              ParameterVectorElement(θ[7]): -1.0327669153032806},
    'optimal_point': array([ 0.26166341,  0.03807295,  0.05154138,  0.27612752, -1.17002807,
        0.13084761, -0.15492746, -1.03276692]),
    'optimal_value': 0.9365728655058005,
    'optimizer_evals': None,
    'optimizer_result': <qiskit_algorithms.optimizers.optimizer.OptimizerResult object at 0x000001FC3A053C20>,
    'optimizer_time': 77.52946090698242}
     ┌──────────┐ ░                 ░ ┌──────────┐
q_0: ┤ Ry(θ[0]) ├─░─────────────■───░─┤ Ry(θ[4]) ├
     ├──────────┤ ░           ┌─┴─┐ ░ ├──────────┤
q_1: ┤ Ry(θ[1]) ├─░────────■──┤ X ├─░─┤ Ry(θ[5]) ├
     ├──────────┤ ░      ┌─┴─┐└───┘ ░ ├──────────┤
q_2: ┤ Ry(θ[2]) ├─░───■──┤ X ├──────░─┤ Ry(θ[6]) ├
     ├──────────┤ ░ ┌─┴─┐└───┘      ░ ├──────────┤
q_3: ┤ Ry(θ[3]) ├─░─┤ X ├───────────░─┤ Ry(θ[7]) ├
     └──────────┘ ░ └───┘           ░ └──────────┘
The number of ansatz parameters is: 
 8
Line for latex table
RA r1 rl & $1\mathrm{e}{-05}$ & 10000 & 100/100 &100 & $9.3657\mathrm{e}{-01}$ & $1.982\mathrm{e}{-01}$ & $5.1992\mathrm{e}{-02}$ & $2.8439\mathrm{e}{+00}$ & $1.9593\mathrm{e}{+00}$ & - & 02h 02m 02s\\

