RA_r1_rl
03h12m17s__56
1e-01
364.2859884471503
425.2207364405138
175.49158315040484
857.847791822295
149.86442581485477
352.2727433736034
358.15058177272135
608.2371870925647
664.8093032055589
658.3766659189924
781.9927839749496
400.10139759415404
108.66811944170462
488.3525550164885
463.5774042995447
1133.690677855879
445.06915006420536
456.7626991737346
3302.3315147003464
1142.7896497124477
-52.710505563752236
994.8055146380407
147.29332190411623
185.08691153078314
183.58531366983112
1618.2880417123695
66.29147178785237
725.7468135515002
187.0004429491368
167.6122542036539
191.4907615088381
585.353472060057
385.03486216336097
272.6971068746608
242.41847144412924
1049.7362996864854
1053.1523887267415
182.79441492205683
276.69417745851933
176.4650824820932
859.9608357797222
273.12738714209485
629.9183934776363
271.6008902837667
359.5937139800242
777.8022674289737
350.9357452337574
969.1634044439472
329.2000511629881
453.61877376014223
26.75469361557691
443.9699630512329
157.67282425829524
817.4418764788588
1364.731937036454
1206.8158771153405
794.188546960482
-51.01339813888845
246.06069724456023
310.4764906179382
620.3189897001624
232.53085243951116
321.14887647079337
508.91204894069654
136.52192448338656
246.5257354819052
406.7620861444285
391.55599578174247
986.8638870159629
672.0113538790861
1410.6143405420544
1103.65441417071
1627.8563418818987
358.7940952452648
332.63438028040326
392.82741510580155
379.53454580239827
357.3275058643987
246.3082587159098
522.453504233546
903.2864700707296
422.56071505522937
645.1255036685931
90.77549431461142
288.337732808201
449.05486725970536
974.0289544318157
769.0825087268433
596.031549241623
216.71596142982276
598.7551380386349
671.7148392764234
1664.8759974946738
1064.54506550707
361.9177913650862
550.5012742499173
956.0362264024516
412.04144980825436
127.2447421062484
923.6453595053279
