364.2859884471503 162.31988106423566
425.2207364405138 127.28572254017695
175.49158315040484 154.90064990321508
857.847791822295 163.32302628186392
149.86442581485477 141.15097416156496
352.2727433736034 152.37129907287627
358.15058177272135 140.25796056190197
608.2371870925647 156.00388531844462
664.8093032055589 152.0840810038554
658.3766659189924 143.75661690801635
781.9927839749496 159.4419632602316
400.10139759415404 162.60582592119673
108.66811944170462 126.15375671264046
488.3525550164885 167.73337768915707
463.5774042995447 155.29041421310924
1133.690677855879 148.09159438058478
445.06915006420536 152.52513236584267
456.7626991737346 150.99542364728933
3302.3315147003464 169.8378115544338
1142.7896497124477 141.781348678774
-52.710505563752236 149.79024707909574
994.8055146380407 167.9339006119574
147.29332190411623 130.125189637118
185.08691153078314 145.62273531474827
183.58531366983112 120.5621118776367
1618.2880417123695 167.30481380462408
66.29147178785237 142.05116950095592
725.7468135515002 153.22362218353854
187.0004429491368 141.34064495888455
167.6122542036539 136.45681077435725
191.4907615088381 150.0999034498471
585.353472060057 158.236378484441
385.03486216336097 139.09327686770592
272.6971068746608 151.2466174174308
242.41847144412924 158.82294339034843
1049.7362996864854 159.63998209814508
1053.1523887267415 156.6167227178203
182.79441492205683 142.19240070725724
276.69417745851933 141.12725178769176
176.4650824820932 147.0161135471615
859.9608357797222 151.65363746697318
273.12738714209485 141.38062703680902
629.9183934776363 152.65027997538735
271.6008902837667 149.58235081102217
359.5937139800242 140.31428660550299
777.8022674289737 142.83395017629763
350.9357452337574 145.9231750013377
969.1634044439472 167.32993708469292
329.2000511629881 129.63056178344215
453.61877376014223 156.04470576220015
26.75469361557691 150.57878784951157
443.9699630512329 153.84840708811217
157.67282425829524 146.1297657948504
817.4418764788588 156.43490385800098
1364.731937036454 135.84572358239294
1206.8158771153405 161.3586125021782
794.188546960482 159.69339726392238
-51.01339813888845 121.91820621421766
246.06069724456023 154.2726454168671
310.4764906179382 154.47703737893718
620.3189897001624 159.27538223854006
232.53085243951116 130.69311006372553
321.14887647079337 134.82438471412098
508.91204894069654 157.27185123844336
136.52192448338656 130.66865717930787
246.5257354819052 147.490581745228
406.7620861444285 153.16178212217383
391.55599578174247 113.55070027808743
986.8638870159629 150.49206199162677
672.0113538790861 166.7498914931574
1410.6143405420544 158.99443720119524
1103.65441417071 142.6019947662119
1627.8563418818987 172.19973840549045
358.7940952452648 129.0842030300606
332.63438028040326 130.10863498228824
392.82741510580155 125.93226384670879
379.53454580239827 157.9792588577781
357.3275058643987 157.65262157835542
246.3082587159098 138.96375936959555
522.453504233546 142.19806529319422
903.2864700707296 158.80638272122007
422.56071505522937 147.5452451640002
645.1255036685931 135.27360121768075
90.77549431461142 133.69396969783182
288.337732808201 112.02561151993365
449.05486725970536 155.9898774830635
974.0289544318157 159.36797060783903
769.0825087268433 145.941370215483
596.031549241623 146.88471259114138
216.71596142982276 127.13246249763199
598.7551380386349 145.5284668026024
671.7148392764234 139.7366111490578
1664.8759974946738 172.09666108647858
1064.54506550707 144.40711055481688
361.9177913650862 137.83474294378124
550.5012742499173 145.89831575653014
956.0362264024516 155.33266292481062
412.04144980825436 151.78178706112527
127.2447421062484 144.82366709063461
923.6453595053279 164.07725978739663
