6.369785142569145
0.6018849421273844
0.6410100323342469
4.718559141519495
2.9497891751412677
4.278395218354595
5.78608987412114
3.2453884024985977
9.806253454766159
1.844725890388776
2.456746957905917
2.18735318182779
7.520081841639132
4.469637274867751
3.1292191977636206
2.897811610167525
6.491625013109283
1.3042495480758538
1.514022183092832
3.981355466731718
0.6089594135028165
1.5324121963116801
6.200632424084896
5.443014021456066
7.270405785416042
17.75443313242897
1.4079863020339833
0.545577313532218
1.3673795745024284
3.619742746865956
1.9916921683210744
3.202021363279907
3.4346126482306003
5.47102090722896
4.865011611845208
5.177029264413988
4.699534120271727
1.9122367851904065
4.89683806386972
3.35436764051793
2.0142277738138343
1.6736396839107037
4.512381121134028
4.0562529673488585
4.422499989069135
11.207386049427447
1.1867576119122079
2.141478811414698
2.355321695580092
3.1866673253555913
6.302794447010328
2.162874547157343
3.441606488530219
4.0885893700254154
0.5721259958745346
5.67340869148202
1.7316239456506046
3.1233246615533785
3.584624358377307
4.0708697941597265
2.911674159834914
3.1274679138854413
5.265181125951813
3.639785484637176
0.7955111437801726
8.760450606618663
1.9202623814970672
1.7563493059950501
4.708738590253727
8.193749579762414
6.608785707531357
3.132120030580806
4.824212144942106
5.966508324512283
6.511926717289493
2.071380454734851
6.559178078818035
3.0379745875751873
2.5360154187415014
16.34400977250965
2.6862195358805314
3.331168960182831
4.821037711768629
5.4472380218233365
4.030547137269158
5.482500533823414
1.8715985145405458
7.5633374342480755
2.704444230784071
3.2201011387532867
3.9822365630939145
4.30929823292551
2.658630174547062
3.4712937481481916
1.6923093102276148
4.756939169460804
11.805604098743053
0.7713136588933394
20.141151146779155
3.7572954975198742
