RA_r1_rl
06m41s__59
1e-02
0.0019000000000000128
0.007800000000000029
0.0017000000000000348
0.0022999999999999687
0.0007999999999999119
0.000700000000000145
0.0
0.0051000000000001044
0.008299999999999974
0.005300000000000082
0.0040999999999999925
0.0041999999999999815
9.999999999998899e-05
0.0008000000000001339
0.0019000000000000128
0.0017000000000000348
0.0024999999999999467
0.011300000000000088
0.0025999999999999357
0.0016000000000000458
0.00039999999999995595
0.0044000000000001815
0.0049000000000001265
0.0004999999999999449
0.014800000000000146
0.000300000000000189
0.010800000000000143
0.001100000000000101
0.0033000000000000806
0.006099999999999994
9.999999999998899e-05
0.0007999999999999119
0.001000000000000112
0.00039999999999995595
0.011600000000000055
0.0020000000000000018
0.0008000000000001339
0.0032999999999998586
0.0051000000000001044
0.0028999999999999027
0.0040000000000000036
0.0009000000000001229
0.0
0.001000000000000112
0.00990000000000002
0.001100000000000101
0.00039999999999995595
0.0028000000000001357
0.005700000000000038
9.999999999998899e-05
0.0028000000000001357
0.0019000000000000128
0.00029999999999996696
0.008799999999999919
9.999999999998899e-05
0.0
0.0020000000000000018
0.01550000000000007
0.0017000000000000348
0.00019999999999997797
0.0
0.019400000000000084
0.018199999999999994
0.0015000000000000568
0.0007999999999999119
0.0009000000000001229
0.0020000000000000018
0.0047999999999999154
0.0022999999999999687
0.0052000000000000934
0.48019999999999996
0.005900000000000016
0.0023999999999999577
0.0045000000000001705
0.001100000000000101
0.0017000000000000348
0.006699999999999928
0.007200000000000095
0.0015000000000000568
0.005600000000000049
0.00019999999999997797
0.0
0.0042999999999999705
0.0018000000000000238
0.0025999999999999357
0.0007999999999999119
0.0031000000000001027
0.0009000000000001229
0.0014000000000000679
0.0009000000000001229
0.001000000000000112
0.001100000000000101
0.000300000000000189
0.02450000000000019
0.006399999999999961
0.0012000000000000899
0.0009000000000001229
9.999999999998899e-05
0.000700000000000145
0.021200000000000108
