0.0019000000000000128 0.00043575107573016455
0.007800000000000029 0.0008809778657832418
0.0017000000000000348 0.00041212012811800067
0.0022999999999999687 0.00047939023769784584
0.0007999999999999119 0.0002828002828852819
0.000700000000000145 0.00026450519843662407
0.0 0.0
0.0051000000000001044 0.0007133996075132066
0.008299999999999974 0.000907433193133245
0.005300000000000082 0.0007269133373380916
0.0040999999999999925 0.0006392863208297195
0.0041999999999999815 0.00064757856666199
9.999999999998899e-05 9.999499987499086e-05
0.0008000000000001339 0.0002827967467988309
0.0019000000000000128 0.0004355904039346991
0.0017000000000000348 0.00041215894992102577
0.0024999999999999467 0.0004995067567110567
0.011300000000000088 0.0010605918159216565
0.0025999999999999357 0.000509648898752856
0.0016000000000000458 0.0003998924855508004
0.00039999999999995595 0.00019995999599920291
0.0044000000000001815 0.000662750330064051
0.0049000000000001265 0.000699124452440336
0.0004999999999999449 0.00022357772697654513
0.014800000000000146 0.001208968982232383
0.000300000000000189 0.00017317909804592886
0.010800000000000143 0.0010346583977332824
0.001100000000000101 0.0003315373282150911
0.0033000000000000806 0.0005738980745742262
0.006099999999999994 0.0007801736986082007
9.999999999998899e-05 9.999499987499087e-05
0.0007999999999999119 0.0002828002828852819
0.001000000000000112 0.00031617083989514215
0.00039999999999995595 0.0001999799989998856
0.011600000000000055 0.0010725530289920403
0.0020000000000000018 0.0004469339996017293
0.0008000000000001339 0.0002827967467988309
0.0032999999999998586 0.0005741384850364915
0.0051000000000001044 0.0007125875384821144
0.0028999999999999027 0.0005382462261827725
0.0040000000000000036 0.0006319636065470861
0.0009000000000001229 0.0002999516627725204
0.0 0.0
0.001000000000000112 0.00031615502526450423
0.00990000000000002 0.0009922837295854455
0.001100000000000101 0.0003315524091301466
0.00039999999999995595 0.00019998499943744773
0.0028000000000001357 0.0005288610403499227
0.005700000000000038 0.0007538666990920891
9.999999999998899e-05 9.999499987499086e-05
0.0028000000000001357 0.0005288383495927614
0.0019000000000000128 0.00043573042124690157
0.00029999999999996696 0.00017319064639869137
0.008799999999999919 0.0009354987974337529
9.999999999998899e-05 9.999499987499086e-05
0.0 0.0
0.0020000000000000018 0.0004470548064835004
0.01550000000000007 0.001235551293957477
0.0017000000000000348 0.00041213953947661605
0.00019999999999997797 0.00014141428499270803
0.0 0.0
0.019400000000000084 0.0013838981176372785
0.018199999999999994 0.0013447624325508196
0.0015000000000000568 0.00038704392515579046
0.0007999999999999119 0.0002827543103119704
0.0009000000000001229 0.0002999549966245008
0.0020000000000000018 0.00044706375384277774
0.0047999999999999154 0.0006914159384914381
0.0022999999999999687 0.0004792608892868223
0.0052000000000000934 0.0007194400600466997
0.48019999999999996 0.00516585772161797
0.005900000000000016 0.0007671864180236784
0.0023999999999999577 0.0004896039215529224
0.0045000000000001705 0.0006699902984372241
0.001100000000000101 0.0003315524091301465
0.0017000000000000348 0.00041218078557836576
0.006699999999999928 0.0008164281964753574
0.007200000000000095 0.0008460910116530028
0.0015000000000000568 0.00038707492814699275
0.005600000000000049 0.0007471720016167622
0.00019999999999997797 0.00014140721339449809
0.0 0.0
0.0042999999999999705 0.0006549312941064863
0.0018000000000000238 0.00042412733936873526
0.0025999999999999357 0.0005096645955920384
0.0007999999999999119 0.000282800282885282
0.0031000000000001027 0.0005562328649046175
0.0009000000000001229 0.00029993165888247774
0.0014000000000000679 0.0003740454517836053
0.0009000000000001229 0.00029989164709941837
0.001000000000000112 0.0003161740027263534
0.001100000000000101 0.0003316006634492819
0.000300000000000189 0.00017317909804592883
0.02450000000000019 0.0015536560108338016
0.006399999999999961 0.0007975926278495789
0.0012000000000000899 0.0003462600179056154
0.0009000000000001229 0.000299944994957412
9.999999999998899e-05 9.999499987499087e-05
0.000700000000000145 0.0002645203205804735
0.021200000000000108 0.0014484605621141362
