RA_r1_rl
02h17m56s__113
1e-06
5.85447318633801
5.386041556754404
4.313423261495126
2.737544145455854
2.3729151293364192
3.3770790982795322
4.937172585716281
2.5249217788608127
3.040596108840041
3.237887302073153
4.834596434434351
3.1111499003872485
1.5757002735684034
1.5649915362970557
2.9278026816924303
1.2452783803850558
1.6921018579533171
3.654066256221136
1.9444857423221702
3.146222731844397
7.9079887859091205
1.3099286436191087
3.132550815331081
4.830503284620488
4.400937276111929
1.1376481754984185
4.873738736937678
3.9208902501330805
1.3864924559331104
1.4877658969367504
5.191351732651364
1.6600607752436625
1.6141187235471663
1.9135361413857273
1.5874333712196858
3.0009760908839773
2.068812729349732
1.6750148157428542
3.1717946051756067
5.1347157883184
2.4625263995090263
3.8692534112101624
2.390561056908038
3.715014992648773
3.718940716356732
3.1265771787293297
1.4943922859320704
2.874021668188827
1.1437754261824606
3.219104070378798
5.767615451283705
1.3409054737220203
3.0750558951137545
5.432481246915428
5.86833177346817
1.5332628540747248
4.069313102237087
1.9933257879126813
2.9992865494639664
5.703074077767951
2.8686964227547693
4.9118268923163
1.8243794282188526
10.24804399513249
1.799063192761048
4.7448815427369695
3.1503139533560534
4.976419227631607
3.5506799962530518
1.8430689037871697
1.615102426615713
2.352460313039824
1.3968055770625707
1.5754698158621503
1.7249349003249896
2.0447435467135096
3.7969424565695147
2.3488608499243853
7.197715267696631
4.782891659004249
2.7151258912120158
4.306423770747141
3.451409221943362
2.027394851889743
2.4482045683957483
1.581820017953647
2.6532994537532764
2.586882378820939
5.840347248691922
4.344388199524663
2.8733519367809297
4.834796263948294
1.567076838674831
6.743718176531134
1.089726628860931
1.728021004876503
3.310584014378855
2.8152385148362726
3.593100898965746
1.5178891231735483
