5.85447318633801 0.21588498551094704
5.386041556754404 0.18431577830588475
4.313423261495126 0.19348050828752458
2.737544145455854 0.1950165609926661
2.3729151293364192 0.16767169668256693
3.3770790982795322 0.19685316542953485
4.937172585716281 0.21221435453971882
2.5249217788608127 0.21321060127726393
3.040596108840041 0.1760960640588706
3.237887302073153 0.19228898403337089
4.834596434434351 0.20844544227323314
3.1111499003872485 0.20253694892738874
1.5757002735684034 0.19573941164959927
1.5649915362970557 0.1943318976859712
2.9278026816924303 0.14990654332256628
1.2452783803850558 0.20711252101647093
1.6921018579533171 0.1959446291536019
3.654066256221136 0.20394742272408795
1.9444857423221702 0.2030828081590358
3.146222731844397 0.20387313716911024
7.9079887859091205 0.2352816820307036
1.3099286436191087 0.20682774754743113
3.132550815331081 0.20627674223132708
4.830503284620488 0.21075786592995574
4.400937276111929 0.1967252091068129
1.1376481754984185 0.19826061647453197
4.873738736937678 0.22667379431313792
3.9208902501330805 0.20395616413447068
1.3864924559331104 0.19193395571548486
1.4877658969367504 0.194624881813785
5.191351732651364 0.22136188685681787
1.6600607752436625 0.19840960168584393
1.6141187235471663 0.18953438538841916
1.9135361413857273 0.17851320132864557
1.5874333712196858 0.19540504269919626
3.0009760908839773 0.20898015276408216
2.068812729349732 0.20544158031031554
1.6750148157428542 0.20740684216739141
3.1717946051756067 0.20430732910050217
5.1347157883184 0.17114620582739093
2.4625263995090263 0.2150446903657761
3.8692534112101624 0.20178099212608985
2.390561056908038 0.20374473257002537
3.715014992648773 0.2082347081864143
3.718940716356732 0.2111429617947023
3.1265771787293297 0.20182469995717006
1.4943922859320704 0.20346824553398296
2.874021668188827 0.17536360330299153
1.1437754261824606 0.1961482449741922
3.219104070378798 0.20519541381128825
5.767615451283705 0.21212304747400104
1.3409054737220203 0.1920808525887435
3.0750558951137545 0.2202803051471801
5.432481246915428 0.22140566085842242
5.86833177346817 0.20013823331296862
1.5332628540747248 0.19395492776592035
4.069313102237087 0.2006695023991901
1.9933257879126813 0.19044418087922707
2.9992865494639664 0.19558051864004508
5.703074077767951 0.1838107984324747
2.8686964227547693 0.1900448724835801
4.9118268923163 0.1874114647868082
1.8243794282188526 0.19579402883552885
10.24804399513249 0.2378503235425279
1.799063192761048 0.20006434934744338
4.7448815427369695 0.21286331372345
3.1503139533560534 0.20093338167035318
4.976419227631607 0.2038994612772888
3.5506799962530518 0.1964485757165395
1.8430689037871697 0.17904087018789017
1.615102426615713 0.20727093526243393
2.352460313039824 0.19594162479570865
1.3968055770625707 0.20184355628192513
1.5754698158621503 0.21100524877818314
1.7249349003249896 0.20749761122978727
2.0447435467135096 0.19338537089445618
3.7969424565695147 0.20188201340438502
2.3488608499243853 0.19874138083464343
7.197715267696631 0.21739284992565744
4.782891659004249 0.20423647217268978
2.7151258912120158 0.20518442918619686
4.306423770747141 0.21500758545738238
3.451409221943362 0.20552496975408263
2.027394851889743 0.20152071462932142
2.4482045683957483 0.17393890630611838
1.581820017953647 0.195718743797877
2.6532994537532764 0.21448351123059942
2.586882378820939 0.18196168418486877
5.840347248691922 0.16642104408659195
4.344388199524663 0.21301102178029108
2.8733519367809297 0.19843538684122586
4.834796263948294 0.17269973861578564
1.567076838674831 0.19077272663802072
6.743718176531134 0.2202038055226448
1.089726628860931 0.20405322663331632
1.728021004876503 0.2056726880124965
3.310584014378855 0.2028849261269861
2.8152385148362726 0.20760333637483094
3.593100898965746 0.20713462940618654
1.5178891231735483 0.19928903377272122
