With Shot Noise
03/11/2024 03:22:39 

VQEr_100_shots_10000_COBYLA_maxIter_10000_tol_1e-06_RA_r1_rl 

Reference value: 8.8458044387e-01 

Number of pauli strings:  48
Qubits:  4
VQE runs:  100
Optimizer:  COBYLA
Max iterations:  10000
Optimizers's tolerance:  1e-06
Ansatz:  RA_r1_rl 

All run converged!!!
Number of iterations for each converged VQE run:
[112, 113, 110, 116, 118, 122, 121, 117, 112, 115, 106, 116, 129, 113, 119, 115, 112, 107, 107, 119, 92, 113, 105, 101, 112, 119, 110, 114, 114, 115, 108, 118, 116, 129, 103, 122, 139, 95, 104, 105, 124, 108, 119, 102, 96, 107, 117, 108, 105, 111, 105, 135, 102, 118, 111, 110, 112, 111, 115, 98, 111, 122, 104, 113, 124, 109, 106, 111, 111, 102, 108, 142, 121, 115, 108, 119, 109, 109, 121, 130, 131, 125, 116, 113, 124, 118, 118, 103, 100, 112, 101, 100, 121, 114, 120, 119, 120, 108, 115, 107] 

Average iterations of converged run:
113 

VQE eigenvalues:
[5.85447318633801, 5.386041556754404, 4.313423261495126, 2.737544145455854, 2.3729151293364192, 3.3770790982795322, 4.937172585716281, 2.5249217788608127, 3.040596108840041, 3.237887302073153, 4.834596434434351, 3.1111499003872485, 1.5757002735684034, 1.5649915362970557, 2.9278026816924303, 1.2452783803850558, 1.6921018579533171, 3.654066256221136, 1.9444857423221702, 3.146222731844397, 7.9079887859091205, 1.3099286436191087, 3.132550815331081, 4.830503284620488, 4.400937276111929, 1.1376481754984185, 4.873738736937678, 3.9208902501330805, 1.3864924559331104, 1.4877658969367504, 5.191351732651364, 1.6600607752436625, 1.6141187235471663, 1.9135361413857273, 1.5874333712196858, 3.0009760908839773, 2.068812729349732, 1.6750148157428542, 3.1717946051756067, 5.1347157883184, 2.4625263995090263, 3.8692534112101624, 2.390561056908038, 3.715014992648773, 3.718940716356732, 3.1265771787293297, 1.4943922859320704, 2.874021668188827, 1.1437754261824606, 3.219104070378798, 5.767615451283705, 1.3409054737220203, 3.0750558951137545, 5.432481246915428, 5.86833177346817, 1.5332628540747248, 4.069313102237087, 1.9933257879126813, 2.9992865494639664, 5.703074077767951, 2.8686964227547693, 4.9118268923163, 1.8243794282188526, 10.24804399513249, 1.799063192761048, 4.7448815427369695, 3.1503139533560534, 4.976419227631607, 3.5506799962530518, 1.8430689037871697, 1.615102426615713, 2.352460313039824, 1.3968055770625707, 1.5754698158621503, 1.7249349003249896, 2.0447435467135096, 3.7969424565695147, 2.3488608499243853, 7.197715267696631, 4.782891659004249, 2.7151258912120158, 4.306423770747141, 3.451409221943362, 2.027394851889743, 2.4482045683957483, 1.581820017953647, 2.6532994537532764, 2.586882378820939, 5.840347248691922, 4.344388199524663, 2.8733519367809297, 4.834796263948294, 1.567076838674831, 6.743718176531134, 1.089726628860931, 1.728021004876503, 3.310584014378855, 2.8152385148362726, 3.593100898965746, 1.5178891231735483] 

VQE eigenvalues standard deviation:
[0.21588498551094704, 0.18431577830588475, 0.19348050828752458, 0.1950165609926661, 0.16767169668256693, 0.19685316542953485, 0.21221435453971882, 0.21321060127726393, 0.1760960640588706, 0.19228898403337089, 0.20844544227323314, 0.20253694892738874, 0.19573941164959927, 0.1943318976859712, 0.14990654332256628, 0.20711252101647093, 0.1959446291536019, 0.20394742272408795, 0.2030828081590358, 0.20387313716911024, 0.2352816820307036, 0.20682774754743113, 0.20627674223132708, 0.21075786592995574, 0.1967252091068129, 0.19826061647453197, 0.22667379431313792, 0.20395616413447068, 0.19193395571548486, 0.194624881813785, 0.22136188685681787, 0.19840960168584393, 0.18953438538841916, 0.17851320132864557, 0.19540504269919626, 0.20898015276408216, 0.20544158031031554, 0.20740684216739141, 0.20430732910050217, 0.17114620582739093, 0.2150446903657761, 0.20178099212608985, 0.20374473257002537, 0.2082347081864143, 0.2111429617947023, 0.20182469995717006, 0.20346824553398296, 0.17536360330299153, 0.1961482449741922, 0.20519541381128825, 0.21212304747400104, 0.1920808525887435, 0.2202803051471801, 0.22140566085842242, 0.20013823331296862, 0.19395492776592035, 0.2006695023991901, 0.19044418087922707, 0.19558051864004508, 0.1838107984324747, 0.1900448724835801, 0.1874114647868082, 0.19579402883552885, 0.2378503235425279, 0.20006434934744338, 0.21286331372345, 0.20093338167035318, 0.2038994612772888, 0.1964485757165395, 0.17904087018789017, 0.20727093526243393, 0.19594162479570865, 0.20184355628192513, 0.21100524877818314, 0.20749761122978727, 0.19338537089445618, 0.20188201340438502, 0.19874138083464343, 0.21739284992565744, 0.20423647217268978, 0.20518442918619686, 0.21500758545738238, 0.20552496975408263, 0.20152071462932142, 0.17393890630611838, 0.195718743797877, 0.21448351123059942, 0.18196168418486877, 0.16642104408659195, 0.21301102178029108, 0.19843538684122586, 0.17269973861578564, 0.19077272663802072, 0.2202038055226448, 0.20405322663331632, 0.2056726880124965, 0.2028849261269861, 0.20760333637483094, 0.20713462940618654, 0.19928903377272122] 

Median VQE eigenvalues:
2.9635446155781984 

Min eigenvalue after 100 VQE steps on Aer qasm simulator: 1.08973e+00
Delta from reference energy value is 2.05146e-01 

Optimizer history of the smallest VQE eigenvalue:
[10.203467992864294, 15.650293818722142, 6.43222352836637, 14.067515473384375, 6.409863723815556, 8.292427716063264, 6.84737193537887, 8.253161591347112, 6.562549277922385, 3.8370564316760056, 12.118741716220134, 4.808610861215464, 4.192984615905497, 4.11847279756455, 3.354053482596943, 4.813778026678, 3.2903531037239553, 3.11835537315235, 2.7343055852942078, 4.653399100191225, 2.3060557634393666, 2.4211067001584, 1.821918885295898, 1.4918653632952898, 2.1335687784989164, 1.569745934339473, 2.647761858246224, 1.6724446725236735, 1.6179047395304675, 1.5600682243413098, 1.6050504882071657, 1.7148483537141805, 1.3037141937715366, 1.4381622858268017, 1.5656761393943235, 1.3339792144799498, 1.6382989643509107, 1.2760167769430795, 1.332749793203358, 1.2295638807771332, 1.3934368515259439, 1.7560786160576334, 1.1445869703317544, 1.2676546510450635, 0.8332407421087018, 1.0894069063078153, 1.2930677091290508, 1.2191242288955983, 1.1358606619836762, 1.2063025772149791, 1.1914580288627123, 1.036108333453069, 1.3075315400554866, 1.1103364504354316, 1.2448481200668402, 1.1846737478430873, 1.239560769228684, 1.431850123444476, 1.6048014665123147, 1.1244717169241332, 1.2165244815391327, 1.1658618571544863, 1.729478527598176, 1.218355331927864, 1.4820375523091418, 1.287779574751082, 1.4381225438174519, 0.9246497887662507, 1.3774301883640625, 1.293628549743784, 1.0694380478656154, 1.549535843855083, 0.9898111402397041, 1.4100184563422005, 1.0258197807270224, 1.0526215005169401, 1.4166692624287525, 1.484047269864488, 1.301459112235726, 1.370135923719579, 1.4653940640754157, 1.3740452985288096, 1.2155535793740697, 1.1420168114246134, 1.220400671995999, 1.454348281322402, 1.1984444306383433, 1.3394206486379612, 1.5276265616731188, 1.2144588074587754, 1.39521708209943, 1.4373840033671728, 1.1037463212399412, 1.1075153278959897, 1.0816922379634004, 1.18874219124914, 1.2280198439594707, 1.2261250354556945, 1.3913457571198955, 1.2958799961192653, 1.5325550864629924, 1.2516713228682783, 1.4502616484174586, 1.365232681902942, 0.9962471153908701, 1.1428097719372639, 1.2807950915254573, 1.4643590588094488, 0.9959480778949913, 1.2392936270364316, 1.0691402236603789, 1.3823521952644635, 1.1884078134032399, 1.327187076845012, 1.3576832285821554, 1.2263141652969458, 1.2319452051595143, 1.3637511108938827, 1.39697817225632, 1.089726628860931] 

Optimizer history of the smallest VQE eigenvalue standard deviation:
[0.2297593410863961, 0.22962239823450586, 0.20718395598046932, 0.22509269349060074, 0.2008611031051515, 0.19057802114578126, 0.22170674795413164, 0.21484556562937335, 0.2007634792132778, 0.19066116391706536, 0.19600083885230973, 0.17596799676174654, 0.19831527195423024, 0.18513381089781378, 0.195413024436838, 0.19733574465419237, 0.21056419630185955, 0.21049402441119877, 0.20124683534829485, 0.2101492991781673, 0.19731173931396748, 0.1988190624142991, 0.20586035572452008, 0.20006057022989165, 0.199274409241299, 0.20838081420887997, 0.20297241264759416, 0.20121029409737398, 0.20301351036177498, 0.19712492589608097, 0.2025174611276976, 0.19941110463559739, 0.19685591391354101, 0.19341529402660418, 0.1969623691499938, 0.19611232792950595, 0.19554197684630178, 0.19847965107744173, 0.19746558954802115, 0.2010953587396223, 0.19853089851292455, 0.2013827301096616, 0.20319893731602537, 0.2023141487855272, 0.20321348027216257, 0.19923357641329975, 0.20259810914070842, 0.20608723145273017, 0.20479096095558721, 0.20400593488036323, 0.20269379027364365, 0.202450280260192, 0.20320741761641525, 0.20352815890784937, 0.20319420153145337, 0.2052965128898129, 0.20375218933579123, 0.20384107328213474, 0.20421338736887348, 0.2033877842902626, 0.20375741864917382, 0.20382978673568533, 0.2040439948837368, 0.2035299304727035, 0.20412818832549232, 0.2035119300173629, 0.20397809406276773, 0.20408951936113237, 0.20344621377422215, 0.2039463357668562, 0.2036160936877232, 0.20370323509399943, 0.20351041123836974, 0.20441242647264982, 0.2039530542665836, 0.20380954432308382, 0.20397743930411893, 0.2042267502775086, 0.20381383247000606, 0.2038214177983548, 0.203738916000355, 0.20338091968730934, 0.20414013289594923, 0.20353531400568692, 0.20391771214557092, 0.20371012972972682, 0.2033221958225557, 0.20408628028651665, 0.2037410938030656, 0.20324398329844964, 0.20381548181028358, 0.20423521637933353, 0.20360452996523876, 0.20387920013207378, 0.203629079638324, 0.20334107048533887, 0.20350850177778804, 0.2039038103433117, 0.20353747600831007, 0.2033861110404965, 0.2040129217874586, 0.20340000941172381, 0.203714839316616, 0.20338754818047833, 0.20369354311639623, 0.203549260141933, 0.20336361069893155, 0.20395008898978179, 0.2034267415150499, 0.20402794728834733, 0.20417057082061904, 0.2036721840699028, 0.20383806398130666, 0.20357217085738996, 0.2033579522466275, 0.2033109583245742, 0.20398280501420607, 0.20323994870351147, 0.20381165325132677, 0.20405322663331632] 

Smallest VQE eingenvalue optimizer final message:
{   'aux_operators_evaluated': None,
    'cost_function_evals': 120,
    'eigenvalue': 1.089726628860931,
    'optimal_circuit': <qiskit.circuit.library.n_local.real_amplitudes.RealAmplitudes object at 0x000001FC85DFAB40>,
    'optimal_parameters': {   ParameterVectorElement(θ[0]): -2.7597603138011584,
                              ParameterVectorElement(θ[1]): -1.7847856216859364,
                              ParameterVectorElement(θ[2]): 1.5487797860125356,
                              ParameterVectorElement(θ[3]): -1.5354458721766144,
                              ParameterVectorElement(θ[4]): 2.8035060702546972,
                              ParameterVectorElement(θ[5]): -2.0691349841785267,
                              ParameterVectorElement(θ[6]): 1.9439788248223548,
                              ParameterVectorElement(θ[7]): -0.8870225464833692},
    'optimal_point': array([-2.75976031, -1.78478562,  1.54877979, -1.53544587,  2.80350607,
       -2.06913498,  1.94397882, -0.88702255]),
    'optimal_value': 1.089726628860931,
    'optimizer_evals': None,
    'optimizer_result': <qiskit_algorithms.optimizers.optimizer.OptimizerResult object at 0x000001FC85A9B1A0>,
    'optimizer_time': 85.74601721763611}
     ┌──────────┐ ░                 ░ ┌──────────┐
q_0: ┤ Ry(θ[0]) ├─░─────────────■───░─┤ Ry(θ[4]) ├
     ├──────────┤ ░           ┌─┴─┐ ░ ├──────────┤
q_1: ┤ Ry(θ[1]) ├─░────────■──┤ X ├─░─┤ Ry(θ[5]) ├
     ├──────────┤ ░      ┌─┴─┐└───┘ ░ ├──────────┤
q_2: ┤ Ry(θ[2]) ├─░───■──┤ X ├──────░─┤ Ry(θ[6]) ├
     ├──────────┤ ░ ┌─┴─┐└───┘      ░ ├──────────┤
q_3: ┤ Ry(θ[3]) ├─░─┤ X ├───────────░─┤ Ry(θ[7]) ├
     └──────────┘ ░ └───┘           ░ └──────────┘
The number of ansatz parameters is: 
 8
Line for latex table
RA r1 rl & $1\mathrm{e}{-06}$ & 10000 & 100/100 &113 & $1.0897\mathrm{e}{+00}$ & $2.0405\mathrm{e}{-01}$ & $2.0515\mathrm{e}{-01}$ & $2.9635\mathrm{e}{+00}$ & $2.079\mathrm{e}{+00}$ & - & 02h 17m 56s\\

