RA_r1_rl
56m22s__111
1e-06
18.75649292531334
4.924396731177759
14.07646602859538
9.272398467715373
18.09697929419164
2.8530830360998722
1.073353851121368
7.1434050174852946
6.056098106616124
17.766104882591197
23.436194451532597
16.935814390118832
6.790598375881572
13.5085557501744
8.0461108485744
21.35355420775718
2.2466138684377874
5.35701300661408
13.279095961778182
4.017836699526079
5.307206475629023
2.809762631859895
0.07429251480425236
9.638751256081138
25.604164753716784
2.060319232120013
6.356284866420108
17.93180164047442
1.334529061986144
6.525020225831784
2.229730752490749
7.7311377493351205
11.151433309158978
13.61006348304424
21.178127827130727
16.248641093995314
5.17829315839824
7.317301240041058
8.530717349243426
7.218904193458931
6.147017395275146
8.023386567213233
13.915218767088614
9.068089515311271
5.149384883015598
10.661250722803295
5.840889416449525
14.57051129622716
4.793998655277759
10.521624951202586
0.7359315710847634
17.283582801912594
6.154270711613993
13.26014493461904
7.998891765210793
6.203714298777524
4.920953180123719
28.540782114243214
18.175449818926527
6.100600869382526
0.7471488348511279
7.022012696238001
8.547467234579031
16.582641507984164
11.216517373452689
3.133919283585449
8.071156462645742
12.737610198204088
3.591632603001223
2.489381336318612
13.475513527489163
10.273953456662165
5.957698718491606
6.017665729979544
3.4771392258976483
7.442128177852121
3.265804849217865
3.652488897741586
6.742539239746581
11.055631521045312
12.237343071135362
23.102448375807878
14.02204289337434
4.144941128127627
7.505548794306444
12.947782019246834
6.348251793668387
11.193612461082072
8.38426982984734
6.867896185001527
2.1427211491304554
11.287506762453045
3.0021484875833746
7.548537221740137
17.21164771986267
18.171587516592894
18.46420023714326
11.313021492729597
0.558627026365496
6.511461068867263
