18.75649292531334 1.4142451101273754
4.924396731177759 1.402355048218817
14.07646602859538 1.476202550449728
9.272398467715373 1.4951501988069116
18.09697929419164 1.3962108256716146
2.8530830360998722 1.4394758273244797
1.073353851121368 1.2028979459492826
7.1434050174852946 1.4713338617569778
6.056098106616124 1.333841621908532
17.766104882591197 1.4192280363896361
23.436194451532597 1.286154519858486
16.935814390118832 1.5542054281514426
6.790598375881572 1.344656324528073
13.5085557501744 1.450082795997798
8.0461108485744 1.4358831715890024
21.35355420775718 1.5077230276403517
2.2466138684377874 1.4129767366535941
5.35701300661408 1.320988182664834
13.279095961778182 1.3886573178921682
4.017836699526079 1.2108346765509066
5.307206475629023 1.2068174084053138
2.809762631859895 1.3509920583953445
0.07429251480425236 1.2475881354679328
9.638751256081138 1.464423250397333
25.604164753716784 1.4499749394275623
2.060319232120013 1.1843636632702113
6.356284866420108 1.26915758831466
17.93180164047442 1.313967156511023
1.334529061986144 1.3715129580037364
6.525020225831784 1.2974835364890667
2.229730752490749 1.1442202180845014
7.7311377493351205 1.2866106306326692
11.151433309158978 1.4737602871551843
13.61006348304424 1.4142143928773676
21.178127827130727 1.478621115593494
16.248641093995314 1.1223011540047247
5.17829315839824 1.4323947912426596
7.317301240041058 1.4141183819721452
8.530717349243426 1.3872535031000879
7.218904193458931 1.3054943080129118
6.147017395275146 1.4398637458984254
8.023386567213233 1.3468859352020237
13.915218767088614 1.3890388346459441
9.068089515311271 1.4037066681426809
5.149384883015598 1.3700937281557204
10.661250722803295 1.3851574735595773
5.840889416449525 1.5234710822896274
14.57051129622716 1.4230975843340241
4.793998655277759 1.23851694364458
10.521624951202586 1.5111351707934686
0.7359315710847634 1.2156627263680546
17.283582801912594 1.4839082371079844
6.154270711613993 1.1937437511852527
13.26014493461904 1.4638047943462473
7.998891765210793 1.2250593453353582
6.203714298777524 1.4700519136046757
4.920953180123719 1.4604241900647357
28.540782114243214 1.2794906481014552
18.175449818926527 1.492520304121048
6.100600869382526 1.1410798307678591
0.7471488348511279 1.3240420080366113
7.022012696238001 1.3588443559890204
8.547467234579031 1.096604616645781
16.582641507984164 1.2975004758353657
11.216517373452689 1.4163005865137908
3.133919283585449 1.3040729775298057
8.071156462645742 1.474958316626694
12.737610198204088 1.442759054235905
3.591632603001223 1.417124307602929
2.489381336318612 1.0563973248444176
13.475513527489163 1.3871161797981286
10.273953456662165 1.3916579675693093
5.957698718491606 1.3796006029272014
6.017665729979544 1.4833291022485091
3.4771392258976483 1.3328220658828431
7.442128177852121 1.3048025911237433
3.265804849217865 1.373740196951864
3.652488897741586 1.256253141541201
6.742539239746581 1.3913528398427253
11.055631521045312 1.3404682475005318
12.237343071135362 1.3092704905125967
23.102448375807878 1.4444079552657267
14.02204289337434 1.362003653706458
4.144941128127627 1.45694935928552
7.505548794306444 1.4595807674485066
12.947782019246834 1.1436919039863125
6.348251793668387 1.3958114094630787
11.193612461082072 1.4129445109586642
8.38426982984734 1.3979525824523387
6.867896185001527 1.4490133635348947
2.1427211491304554 1.3420596886585379
11.287506762453045 1.4438940262583502
3.0021484875833746 1.3587292685180852
7.548537221740137 1.4172447142948896
17.21164771986267 1.4158818882890438
18.171587516592894 1.2129627388625837
18.46420023714326 1.5395889804441056
11.313021492729597 1.2118583658776587
0.558627026365496 1.3436504432467815
6.511461068867263 1.2354300593831566
