With Shot Noise
02/11/2024 04:35:02 

VQEr_100_shots_10000_COBYLA_maxIter_10000_tol_1e-06_RA_r1_rl 

Reference value: 3.2010110009e-02 

Number of pauli strings:  34
Qubits:  4
VQE runs:  100
Optimizer:  COBYLA
Max iterations:  10000
Optimizers's tolerance:  1e-06
Ansatz:  RA_r1_rl 

All run converged!!!
Number of iterations for each converged VQE run:
[94, 125, 111, 114, 124, 102, 106, 105, 106, 109, 111, 116, 101, 101, 118, 115, 124, 105, 115, 115, 109, 133, 107, 101, 108, 133, 100, 114, 120, 109, 112, 130, 105, 107, 106, 118, 106, 109, 112, 118, 97, 105, 115, 120, 125, 104, 112, 101, 112, 108, 103, 102, 108, 96, 117, 140, 110, 104, 104, 110, 100, 112, 94, 145, 104, 113, 109, 100, 122, 113, 108, 113, 112, 99, 109, 114, 111, 111, 107, 110, 106, 108, 110, 123, 106, 122, 120, 111, 114, 96, 115, 108, 109, 120, 101, 102, 122, 125, 110, 112] 

Average iterations of converged run:
111 

VQE eigenvalues:
[18.75649292531334, 4.924396731177759, 14.07646602859538, 9.272398467715373, 18.09697929419164, 2.8530830360998722, 1.073353851121368, 7.1434050174852946, 6.056098106616124, 17.766104882591197, 23.436194451532597, 16.935814390118832, 6.790598375881572, 13.5085557501744, 8.0461108485744, 21.35355420775718, 2.2466138684377874, 5.35701300661408, 13.279095961778182, 4.017836699526079, 5.307206475629023, 2.809762631859895, 0.07429251480425236, 9.638751256081138, 25.604164753716784, 2.060319232120013, 6.356284866420108, 17.93180164047442, 1.334529061986144, 6.525020225831784, 2.229730752490749, 7.7311377493351205, 11.151433309158978, 13.61006348304424, 21.178127827130727, 16.248641093995314, 5.17829315839824, 7.317301240041058, 8.530717349243426, 7.218904193458931, 6.147017395275146, 8.023386567213233, 13.915218767088614, 9.068089515311271, 5.149384883015598, 10.661250722803295, 5.840889416449525, 14.57051129622716, 4.793998655277759, 10.521624951202586, 0.7359315710847634, 17.283582801912594, 6.154270711613993, 13.26014493461904, 7.998891765210793, 6.203714298777524, 4.920953180123719, 28.540782114243214, 18.175449818926527, 6.100600869382526, 0.7471488348511279, 7.022012696238001, 8.547467234579031, 16.582641507984164, 11.216517373452689, 3.133919283585449, 8.071156462645742, 12.737610198204088, 3.591632603001223, 2.489381336318612, 13.475513527489163, 10.273953456662165, 5.957698718491606, 6.017665729979544, 3.4771392258976483, 7.442128177852121, 3.265804849217865, 3.652488897741586, 6.742539239746581, 11.055631521045312, 12.237343071135362, 23.102448375807878, 14.02204289337434, 4.144941128127627, 7.505548794306444, 12.947782019246834, 6.348251793668387, 11.193612461082072, 8.38426982984734, 6.867896185001527, 2.1427211491304554, 11.287506762453045, 3.0021484875833746, 7.548537221740137, 17.21164771986267, 18.171587516592894, 18.46420023714326, 11.313021492729597, 0.558627026365496, 6.511461068867263] 

VQE eigenvalues standard deviation:
[1.4142451101273754, 1.402355048218817, 1.476202550449728, 1.4951501988069116, 1.3962108256716146, 1.4394758273244797, 1.2028979459492826, 1.4713338617569778, 1.333841621908532, 1.4192280363896361, 1.286154519858486, 1.5542054281514426, 1.344656324528073, 1.450082795997798, 1.4358831715890024, 1.5077230276403517, 1.4129767366535941, 1.320988182664834, 1.3886573178921682, 1.2108346765509066, 1.2068174084053138, 1.3509920583953445, 1.2475881354679328, 1.464423250397333, 1.4499749394275623, 1.1843636632702113, 1.26915758831466, 1.313967156511023, 1.3715129580037364, 1.2974835364890667, 1.1442202180845014, 1.2866106306326692, 1.4737602871551843, 1.4142143928773676, 1.478621115593494, 1.1223011540047247, 1.4323947912426596, 1.4141183819721452, 1.3872535031000879, 1.3054943080129118, 1.4398637458984254, 1.3468859352020237, 1.3890388346459441, 1.4037066681426809, 1.3700937281557204, 1.3851574735595773, 1.5234710822896274, 1.4230975843340241, 1.23851694364458, 1.5111351707934686, 1.2156627263680546, 1.4839082371079844, 1.1937437511852527, 1.4638047943462473, 1.2250593453353582, 1.4700519136046757, 1.4604241900647357, 1.2794906481014552, 1.492520304121048, 1.1410798307678591, 1.3240420080366113, 1.3588443559890204, 1.096604616645781, 1.2975004758353657, 1.4163005865137908, 1.3040729775298057, 1.474958316626694, 1.442759054235905, 1.417124307602929, 1.0563973248444176, 1.3871161797981286, 1.3916579675693093, 1.3796006029272014, 1.4833291022485091, 1.3328220658828431, 1.3048025911237433, 1.373740196951864, 1.256253141541201, 1.3913528398427253, 1.3404682475005318, 1.3092704905125967, 1.4444079552657267, 1.362003653706458, 1.45694935928552, 1.4595807674485066, 1.1436919039863125, 1.3958114094630787, 1.4129445109586642, 1.3979525824523387, 1.4490133635348947, 1.3420596886585379, 1.4438940262583502, 1.3587292685180852, 1.4172447142948896, 1.4158818882890438, 1.2129627388625837, 1.5395889804441056, 1.2118583658776587, 1.3436504432467815, 1.2354300593831566] 

Median VQE eigenvalues:
7.639837485537629 

Min eigenvalue after 100 VQE steps on Aer qasm simulator: 7.42925e-02
Delta from reference energy value is 4.22824e-02 

Optimizer history of the smallest VQE eigenvalue:
[173.7748263210384, 289.3534304737449, 167.49583692432793, 209.27379223524355, 196.90881681989876, 137.74574648069236, 72.70404191546709, 79.54323882283465, 73.16856638503198, 27.542293513528875, 72.90992399919148, 27.68105724316841, 71.19108114006215, 33.93247974417684, 21.017996068432055, 11.650251486106637, 7.7544956643287035, 2.432351781414887, 3.7275027165169243, 8.199024023029711, 2.8964034461807158, 6.766131970110502, 2.0461955815862725, 1.6670389039236095, 1.1365250615479319, 3.045005338902957, 4.098700794052757, 2.464619288139371, 1.8420244868982625, -1.7837177722870656, 1.3429113311451442, 0.7166620865997473, 1.8369256396939289, 1.9546970257470466, 1.5750287362017872, 0.8897272751228762, 0.8545919018702239, 1.3626289820616897, 1.5666971204959754, 1.5335055132961237, 0.059476330984281844, -0.08653641675966028, 1.1381198255040932, 2.687407343916247, 1.5850965247632907, 2.04129662452209, 1.4230614293365864, -0.5655632691893242, 0.8232025068042752, 2.1282897217890753, 1.7301845700199507, -0.6087864473099689, 1.0486709334819384, 3.167575744358256, 0.713802205475293, -0.34824335322550937, 2.0499662799848313, 1.1637466526098947, 2.6111677299562963, -0.17054194596888372, 0.05666379351512596, 1.8017515761667031, 3.811558479158327, 0.6915635958322692, 2.7521376302355165, 1.8658131453961246, 1.9892280868283265, 1.3450883332272046, 1.71032554826696, 0.9120790044835942, 2.5091298972034934, 2.4694770857757486, 0.19456989293873228, 1.8249119856698872, -0.6322409423462183, 1.4106404268136785, 0.783269293682805, 3.179542026434662, 2.2001657482788772, 0.830329776774219, 0.8616552163175601, 2.061701839178008, 1.085737603807127, 1.3402981854860823, 1.3164141066504929, 1.7219138779061538, 1.3033226421029838, 0.9530402972876804, 1.806447283982969, 2.3970109539806845, 0.923654508094442, 2.8362218370845245, 1.9840659317900897, -1.048341877917494, 0.7016173759258137, 0.24002099134115618, 1.225816897245597, 2.3414243947667295, 1.776852964755264, 0.8363703224493353, 0.09307231812113059, 1.053038018743699, 2.5456739666040047, 1.5988266556189945, 2.4249476230538995, -0.28349489253720606, 0.07429251480425236] 

Optimizer history of the smallest VQE eigenvalue standard deviation:
[1.5378805382356806, 1.4972850659532992, 1.5229316832351694, 1.4520396440091503, 1.497241172144762, 1.5481543549546968, 1.5201102962084025, 1.3890799692095113, 1.5212831453612705, 1.4983595421155553, 1.5299987972321076, 1.425463101693232, 1.363286970700418, 1.5147431271412788, 1.4889116365158666, 1.3995615933637373, 1.3537414324622141, 1.1452390092352325, 1.2073549761434539, 0.9652284220460049, 1.0956823160147213, 1.1406053385678652, 1.1083560063370888, 1.2328661523198985, 1.2695348579597925, 1.2983712885217356, 1.307354986226776, 1.2291334640683007, 1.3114654818649696, 1.2464171450569863, 1.2788025397961853, 1.2744268069459246, 1.2043126798480421, 1.2769981407100908, 1.2171282419398017, 1.2507770959133613, 1.2614569789193468, 1.2342194508550781, 1.2326706845056874, 1.2545041473815164, 1.2228481567132015, 1.2585388953049428, 1.2443833099292885, 1.2517978208228642, 1.2421102086004923, 1.2513130496047629, 1.249258787852858, 1.2507366798450805, 1.2487509282591653, 1.2491460991458136, 1.2485860392975057, 1.2472681010721418, 1.2487894866360865, 1.2411670571855142, 1.246429219042636, 1.2463378368533156, 1.2452576193896734, 1.2540154690294856, 1.2507079935900742, 1.2475224825583793, 1.2444859006332696, 1.244960933241723, 1.2542745409312064, 1.2494692923373143, 1.2492447763124954, 1.2521679998844053, 1.2501524321099438, 1.2508335093705507, 1.2441266169254892, 1.242813392828295, 1.243110341426836, 1.2467325302250696, 1.2490190977827826, 1.2444346025898125, 1.2416957524361782, 1.2468950358376338, 1.2519876312722753, 1.2535537338047367, 1.2493278872742497, 1.2425431736972543, 1.251755940822202, 1.2438059465570213, 1.24972884604867, 1.2471470899536172, 1.2420464482480595, 1.2528496639232083, 1.2482740087869444, 1.247286548724785, 1.2489879354527285, 1.2492248315400654, 1.249519320892562, 1.2504386004304497, 1.242104498022497, 1.2431370430229944, 1.249172175469992, 1.2495175263852063, 1.2529327807227706, 1.2497050451259515, 1.2460755407365531, 1.2478703777408946, 1.2472415759614242, 1.2447865525884685, 1.2483850500441258, 1.2536526046792107, 1.2472270798440357, 1.2458484160074907, 1.2475881354679328] 

Smallest VQE eingenvalue optimizer final message:
{   'aux_operators_evaluated': None,
    'cost_function_evals': 107,
    'eigenvalue': 0.07429251480425236,
    'optimal_circuit': <qiskit.circuit.library.n_local.real_amplitudes.RealAmplitudes object at 0x0000020B9C7DDD00>,
    'optimal_parameters': {   ParameterVectorElement(θ[3]): 1.7472370283992742,
                              ParameterVectorElement(θ[4]): 3.2655788414728857,
                              ParameterVectorElement(θ[5]): 2.4057731518011205,
                              ParameterVectorElement(θ[6]): 1.615044849217889,
                              ParameterVectorElement(θ[7]): 2.2556189846073904,
                              ParameterVectorElement(θ[0]): -2.966323427428011,
                              ParameterVectorElement(θ[1]): 0.17416319679821377,
                              ParameterVectorElement(θ[2]): -1.4489297893844704},
    'optimal_point': array([-2.96632343,  0.1741632 , -1.44892979,  1.74723703,  3.26557884,
        2.40577315,  1.61504485,  2.25561898]),
    'optimal_value': 0.07429251480425236,
    'optimizer_evals': None,
    'optimizer_result': <qiskit_algorithms.optimizers.optimizer.OptimizerResult object at 0x0000020B98535400>,
    'optimizer_time': 33.41795539855957}
     ┌──────────┐ ░                 ░ ┌──────────┐
q_0: ┤ Ry(θ[0]) ├─░─────────────■───░─┤ Ry(θ[4]) ├
     ├──────────┤ ░           ┌─┴─┐ ░ ├──────────┤
q_1: ┤ Ry(θ[1]) ├─░────────■──┤ X ├─░─┤ Ry(θ[5]) ├
     ├──────────┤ ░      ┌─┴─┐└───┘ ░ ├──────────┤
q_2: ┤ Ry(θ[2]) ├─░───■──┤ X ├──────░─┤ Ry(θ[6]) ├
     ├──────────┤ ░ ┌─┴─┐└───┘      ░ ├──────────┤
q_3: ┤ Ry(θ[3]) ├─░─┤ X ├───────────░─┤ Ry(θ[7]) ├
     └──────────┘ ░ └───┘           ░ └──────────┘
The number of ansatz parameters is: 
 8
Line for latex table
RA r1 rl & $1\mathrm{e}{-06}$ & 10000 & 100/100 &111 & $7.4293\mathrm{e}{-02}$ & $1.2476\mathrm{e}{+00}$ & $4.2282\mathrm{e}{-02}$ & $7.6398\mathrm{e}{+00}$ & $7.6078\mathrm{e}{+00}$ & - & 00h 56m 22s\\

