RA_r1_rl
48s__167
1e-03
2.031831042526022e-06
2.5249952105288465e-06
1.3665362244008605e-06
9.815940625323982e-07
3.0480882413641552e-06
7.94671165788019e-06
6.247547307824952e-07
1.097591138088383e-06
7.611275861962863e-06
3.1726211328353404e-05
1.3204150581813678e-06
4.288222670234543e-06
1.0187955652440905e-06
1.6942294201460761e-06
8.839872628341183e-07
2.9440085808074556e-06
1.4882617381251073e-06
2.7325027039948324e-06
1.5574060405754153e-06
1.1565112258971055e-06
1.5186844576353664e-06
1.0810784009107621e-06
8.79725316205171e-07
4.3452249248732144e-07
1.1644431948121259e-06
7.768443897049337e-07
1.0096889597743797e-06
1.224363579688248e-06
4.2253341401288225e-06
8.485641469491156e-07
1.284891049557757e-06
1.6746501414477422e-06
4.019595218285321e-06
5.793677453902468e-07
5.776683101865743e-07
2.014953595586011e-06
6.465352673845626e-06
6.013862159370831e-07
1.242183844951672e-06
1.3916025414228983e-06
2.369134984692156e-06
1.3587477722398766e-06
4.822502919221705e-07
7.148905751264145e-07
1.5694688589862338e-06
4.679015369879469e-06
1.841067142460684e-06
1.1145044611304833e-05
2.831500410638288e-06
3.063291225641196e-05
1.178021650227734e-06
3.7424054811774354e-06
2.2634823233502743e-06
0.000187237619808156
2.261123553359834e-05
2.3579897413528172e-06
1.0558903413282472e-06
1.2883820276754498e-06
1.1740640318835815e-06
7.889336388511303e-06
3.2935320866123163e-06
5.494998732147316e-07
3.5418838342793357e-06
1.7378328770467633e-06
3.4508098538110765e-06
8.906485000237385e-06
4.684704562274433e-06
1.4212103732758052e-06
2.934306562174527e-06
1.255772281438805e-06
1.2782883554995905e-06
1.9360928737999217e-06
7.289182620273671e-07
1.0390484425915059e-05
9.352092373848819e-07
2.6893152734630554e-05
2.3110738065379444e-05
5.345592314909275e-07
9.436477386159936e-07
3.8324966018576934e-05
2.333655886743724e-05
1.8356332756985783e-05
7.379117811789904e-07
1.045621637052463e-06
6.40083011399506e-06
1.2806794603692495e-06
1.4420186277841474e-06
9.888270216529271e-07
1.1081801357115673e-06
4.3202340160863884e-07
8.008051880503686e-07
4.6203978149028657e-07
2.6138705877531976e-06
7.556382278450791e-06
1.2612628701447193e-06
5.184467649360647e-05
5.327142555799913e-06
7.677632904989906e-07
8.096652779343572e-07
6.334336883351277e-07
