RA_r1_rl
07m11s__33
1e-01
1.0023394255173403
0.6701588026572847
0.5754882712333116
0.03597863867100859
0.3506101213802255
0.35416801233486606
1.1037170488676455
0.05895786162240224
0.15868506316809405
0.04954116407420006
0.9655180536154323
0.8733026271906766
0.6062502299516224
1.5051196498207253
-0.04933129386881152
1.1895323509359326
0.7998745522982555
0.18788748158829627
0.023762243017615425
0.820748166009265
-0.06592271263223903
0.4026902572923534
0.38487116831668233
0.08403697066469462
0.16542315735997715
0.1901573102003189
0.640977254576057
0.7382261331875797
0.29284831528638744
0.5149687315222424
0.10993372313261407
0.7363231302096271
0.38936416409136587
0.9586752536035176
0.06688035472146758
0.08664880579004475
0.6788013055908471
1.3448302624387822
0.0711663579005668
0.9582903989981209
0.6869026064662522
0.5499770943767364
0.1923616128799548
0.7783368208310657
0.4732161255633498
1.0098809929087975
0.22454384570515273
-0.04404334420008471
-0.0591224363588978
0.3553941900371993
0.44512777461685893
0.26156919080874363
-0.05894394937148295
1.4541590622578786
1.6684627466203263
0.9020413989431488
1.2600443645549078
0.5297029086035239
0.6905919846239557
0.04689705056927984
-0.02095241577504492
0.6016322749309939
0.7266815432322365
0.5927643213111153
0.9863857081551741
0.2893569413661785
-0.0056510241487659485
2.2798612160921468
0.3824010194084595
0.6252746113712369
0.6080857446310945
0.9361433874078605
0.1458640475504609
0.38975840298617204
0.7312841466397312
1.5640127071494343
-0.015232747154760418
0.9268527190375959
-0.16046798980112165
0.768358193116508
1.1398219977749529
0.27853360444378783
0.30877355231096093
0.7464068446142423
-0.03434798184730603
0.4938541609769622
0.011844850941746365
0.09866703239458552
-0.07949250514457962
0.7212073930169022
1.3785484368380114
0.7495702697276344
0.015355720923425409
0.7389789777218458
0.6712504666185306
0.8292263833372089
0.003991721161266781
0.5564786167355367
0.12002093692916116
0.4754174215303575
