RA_r1_rl
14m03s__177
1e-08
0.0023999999999997357
0.00019999999999997797
0.006399999999999739
0.028300000000000658
0.0011999999999998678
0.006699999999999928
0.0022999999999999687
0.0026999999999999247
0.015699999999999825
0.04079999999999995
0.040300000000000225
0.0051000000000005485
0.001100000000000101
0.006699999999999928
0.001300000000000523
0.009200000000000319
0.008799999999999919
0.0017000000000000348
0.009500000000000508
0.0048000000000003595
0.0016999999999995907
0.0039000000000002366
0.0052000000000003155
0.00140000000000029
0.031099999999999905
0.0028999999999999027
0.015900000000000247
0.0016000000000002679
0.0034000000000000696
0.022299999999999986
0.0047999999999999154
0.0019000000000004569
0.0036999999999998145
0.017799999999999816
0.0005999999999994898
0.0693999999999999
0.002400000000000624
0.002100000000000435
0.014200000000000212
0.0013999999999998458
0.0052000000000003155
0.012499999999999734
0.004300000000000637
0.0033000000000003027
0.0049000000000001265
0.0047999999999999154
0.033500000000000085
0.0052000000000003155
0.0037000000000002586
0.016799999999999926
0.0040999999999997705
0.0036000000000004917
0.00040000000000040004
0.0054000000000002935
0.045800000000000285
0.020600000000000396
0.001000000000000334
0.0032000000000000917
0.01330000000000009
0.0024999999999999467
0.03159999999999963
0.027599999999999625
0.008800000000000363
0.012299999999999756
0.0045999999999999375
0.04720000000000013
0.007600000000000051
0.007199999999999651
0.000600000000000378
0.005799999999999805
0.04559999999999986
0.0411999999999999
0.03940000000000099
0.006000000000000227
0.007199999999999651
0.010000000000000231
0.009500000000000064
0.018500000000000405
0.0017000000000000348
0.010499999999999954
0.0038000000000000256
0.008799999999999919
0.0029000000000003467
0.009500000000000508
0.01130000000000031
0.008199999999999985
0.009700000000000042
0.007400000000000073
0.0043999999999999595
0.017999999999999794
0.02150000000000052
0.0009999999999998899
0.04560000000000031
0.01639999999999997
0.01849999999999996
0.013900000000000023
0.0009000000000001229
0.06310000000000038
0.004999999999999893
0.002200000000000646
