0.0023999999999997357 0.0005997032599544526
0.00019999999999997797 0.00019998999974998175
0.006399999999999739 0.0009152398592718751
0.028300000000000658 0.00248535611130478
0.0011999999999998678 0.0005098509586143493
0.006699999999999928 0.001260163878231726
0.0022999999999999687 0.0008060229525267948
0.0026999999999999247 0.0007675356669236891
0.015699999999999825 0.0018968392130067262
0.04079999999999995 0.0030540464960442217
0.040300000000000225 0.002804292245826033
0.0051000000000005485 0.0009843591824126047
0.001100000000000101 0.00047945489881739137
0.006699999999999928 0.0011263449737979874
0.001300000000000523 0.0005566821355136126
0.009200000000000319 0.0013626239393170817
0.008799999999999919 0.0013477551706448734
0.0017000000000000348 0.0005566084799928895
0.009500000000000508 0.001343748116277755
0.0048000000000003595 0.0009371958173188791
0.0016999999999995907 0.0005743770538591937
0.0039000000000002366 0.0009106914955131662
0.0052000000000003155 0.0011386360261294965
0.00140000000000029 0.0005290935645043986
0.031099999999999905 0.002675881723843562
0.0028999999999999027 0.0008885274334538064
0.015900000000000247 0.0018603894753518786
0.0016000000000002679 0.0006781091357591437
0.0034000000000000696 0.0008479882074651683
0.022299999999999986 0.0019759248467489847
0.0047999999999999154 0.0009481814172403823
0.0019000000000004569 0.0006081471861317696
0.0036999999999998145 0.00100397659335264
0.017799999999999816 0.0020353997150437
0.0005999999999994898 0.0003999749992186854
0.0693999999999999 0.004355937556944546
0.002400000000000624 0.0005097568047608523
0.002100000000000435 0.0006854480286644719
0.014200000000000212 0.0016161150949112572
0.0013999999999998458 0.0005476604787639545
0.0052000000000003155 0.000948229929922072
0.012499999999999734 0.001581629855560393
0.004300000000000637 0.0009212496947082241
0.0033000000000003027 0.0008989744156537489
0.0049000000000001265 0.0012029351603473888
0.0047999999999999154 0.0010383043869694353
0.033500000000000085 0.002298350930558689
0.0052000000000003155 0.0011569701811196358
0.0037000000000002586 0.0008767228752576248
0.016799999999999926 0.0017889225807731256
0.0040999999999997705 0.0009324253321311996
0.0036000000000004917 0.0008243858319985932
0.00040000000000040004 0.0003463928405726554
0.0054000000000002935 0.0012137429711433932
0.045800000000000285 0.003534740160181507
0.020600000000000396 0.0020552342932133104
0.001000000000000334 0.0005290935645044012
0.0032000000000000917 0.0009478670792890622
0.01330000000000009 0.001457025394425223
0.0024999999999999467 0.0007675291525407974
0.03159999999999963 0.0020830285643744836
0.027599999999999625 0.0024246649253041193
0.008800000000000363 0.0012556321117270064
0.012299999999999756 0.0017086822407925955
0.0045999999999999375 0.0009584925664813466
0.04720000000000013 0.0036304313793267054
0.007600000000000051 0.0013918591882802
0.007199999999999651 0.0009469213272495088
0.000600000000000378 0.0003999749992186854
0.005799999999999805 0.0011570254966940022
0.04559999999999986 0.0029599398642539995
0.0411999999999999 0.002514805757906563
0.03940000000000099 0.0032155235965546924
0.006000000000000227 0.001308224751332888
0.007199999999999651 0.0013917585997578713
0.010000000000000231 0.0013619970631392707
0.009500000000000064 0.0016216907843359016
0.018500000000000405 0.001909666201198521
0.0017000000000000348 0.0004997829528905585
0.010499999999999954 0.0016877425751577132
0.0038000000000000256 0.0006780058996793427
0.008799999999999919 0.001505286683658631
0.0029000000000003467 0.0008060390809383808
0.009500000000000508 0.001169546493304131
0.01130000000000031 0.001744182043251213
0.008199999999999985 0.001353713411324559
0.009700000000000042 0.0013572520031298562
0.007400000000000073 0.0012705872657948363
0.0043999999999999595 0.0009268894216679667
0.017999999999999794 0.0018459447445684815
0.02150000000000052 0.0021088340380409245
0.0009999999999998899 0.0003741176285608403
0.04560000000000031 0.002403940099087333
0.01639999999999997 0.002128338318970926
0.01849999999999996 0.0021986570901347926
0.013900000000000023 0.0013033713975686258
0.0009000000000001229 0.00043585662780321326
0.06310000000000038 0.003755374149136138
0.004999999999999893 0.0007736743500982844
0.002200000000000646 0.00076131727945711
