With Shot Noise
01/11/2024 19:07:58 

VQEr_100_shots_10000_COBYLA_maxIter_10000_tol_1e-08_RA_r1_rl 

Reference value: 0.0000000000e+00 

Number of pauli strings:  8
Qubits:  4
VQE runs:  100
Optimizer:  COBYLA
Max iterations:  10000
Optimizers's tolerance:  1e-08
Ansatz:  RA_r1_rl 

All run converged!!!
Number of iterations for each converged VQE run:
[173, 194, 182, 192, 169, 184, 169, 159, 159, 176, 193, 157, 172, 186, 185, 162, 184, 181, 159, 156, 173, 202, 177, 199, 164, 168, 170, 185, 186, 190, 163, 156, 222, 179, 183, 200, 159, 171, 157, 163, 192, 176, 147, 208, 165, 186, 178, 174, 179, 152, 200, 174, 161, 180, 203, 161, 177, 230, 174, 189, 193, 208, 182, 180, 175, 147, 175, 203, 174, 169, 164, 162, 185, 145, 160, 181, 169, 163, 208, 158, 177, 194, 162, 171, 156, 226, 168, 171, 162, 157, 138, 186, 198, 192, 161, 195, 168, 179, 163, 166] 

Average iterations of converged run:
177 

VQE eigenvalues:
[0.0023999999999997357, 0.00019999999999997797, 0.006399999999999739, 0.028300000000000658, 0.0011999999999998678, 0.006699999999999928, 0.0022999999999999687, 0.0026999999999999247, 0.015699999999999825, 0.04079999999999995, 0.040300000000000225, 0.0051000000000005485, 0.001100000000000101, 0.006699999999999928, 0.001300000000000523, 0.009200000000000319, 0.008799999999999919, 0.0017000000000000348, 0.009500000000000508, 0.0048000000000003595, 0.0016999999999995907, 0.0039000000000002366, 0.0052000000000003155, 0.00140000000000029, 0.031099999999999905, 0.0028999999999999027, 0.015900000000000247, 0.0016000000000002679, 0.0034000000000000696, 0.022299999999999986, 0.0047999999999999154, 0.0019000000000004569, 0.0036999999999998145, 0.017799999999999816, 0.0005999999999994898, 0.0693999999999999, 0.002400000000000624, 0.002100000000000435, 0.014200000000000212, 0.0013999999999998458, 0.0052000000000003155, 0.012499999999999734, 0.004300000000000637, 0.0033000000000003027, 0.0049000000000001265, 0.0047999999999999154, 0.033500000000000085, 0.0052000000000003155, 0.0037000000000002586, 0.016799999999999926, 0.0040999999999997705, 0.0036000000000004917, 0.00040000000000040004, 0.0054000000000002935, 0.045800000000000285, 0.020600000000000396, 0.001000000000000334, 0.0032000000000000917, 0.01330000000000009, 0.0024999999999999467, 0.03159999999999963, 0.027599999999999625, 0.008800000000000363, 0.012299999999999756, 0.0045999999999999375, 0.04720000000000013, 0.007600000000000051, 0.007199999999999651, 0.000600000000000378, 0.005799999999999805, 0.04559999999999986, 0.0411999999999999, 0.03940000000000099, 0.006000000000000227, 0.007199999999999651, 0.010000000000000231, 0.009500000000000064, 0.018500000000000405, 0.0017000000000000348, 0.010499999999999954, 0.0038000000000000256, 0.008799999999999919, 0.0029000000000003467, 0.009500000000000508, 0.01130000000000031, 0.008199999999999985, 0.009700000000000042, 0.007400000000000073, 0.0043999999999999595, 0.017999999999999794, 0.02150000000000052, 0.0009999999999998899, 0.04560000000000031, 0.01639999999999997, 0.01849999999999996, 0.013900000000000023, 0.0009000000000001229, 0.06310000000000038, 0.004999999999999893, 0.002200000000000646] 

VQE eigenvalues standard deviation:
[0.0005997032599544526, 0.00019998999974998175, 0.0009152398592718751, 0.00248535611130478, 0.0005098509586143493, 0.001260163878231726, 0.0008060229525267948, 0.0007675356669236891, 0.0018968392130067262, 0.0030540464960442217, 0.002804292245826033, 0.0009843591824126047, 0.00047945489881739137, 0.0011263449737979874, 0.0005566821355136126, 0.0013626239393170817, 0.0013477551706448734, 0.0005566084799928895, 0.001343748116277755, 0.0009371958173188791, 0.0005743770538591937, 0.0009106914955131662, 0.0011386360261294965, 0.0005290935645043986, 0.002675881723843562, 0.0008885274334538064, 0.0018603894753518786, 0.0006781091357591437, 0.0008479882074651683, 0.0019759248467489847, 0.0009481814172403823, 0.0006081471861317696, 0.00100397659335264, 0.0020353997150437, 0.0003999749992186854, 0.004355937556944546, 0.0005097568047608523, 0.0006854480286644719, 0.0016161150949112572, 0.0005476604787639545, 0.000948229929922072, 0.001581629855560393, 0.0009212496947082241, 0.0008989744156537489, 0.0012029351603473888, 0.0010383043869694353, 0.002298350930558689, 0.0011569701811196358, 0.0008767228752576248, 0.0017889225807731256, 0.0009324253321311996, 0.0008243858319985932, 0.0003463928405726554, 0.0012137429711433932, 0.003534740160181507, 0.0020552342932133104, 0.0005290935645044012, 0.0009478670792890622, 0.001457025394425223, 0.0007675291525407974, 0.0020830285643744836, 0.0024246649253041193, 0.0012556321117270064, 0.0017086822407925955, 0.0009584925664813466, 0.0036304313793267054, 0.0013918591882802, 0.0009469213272495088, 0.0003999749992186854, 0.0011570254966940022, 0.0029599398642539995, 0.002514805757906563, 0.0032155235965546924, 0.001308224751332888, 0.0013917585997578713, 0.0013619970631392707, 0.0016216907843359016, 0.001909666201198521, 0.0004997829528905585, 0.0016877425751577132, 0.0006780058996793427, 0.001505286683658631, 0.0008060390809383808, 0.001169546493304131, 0.001744182043251213, 0.001353713411324559, 0.0013572520031298562, 0.0012705872657948363, 0.0009268894216679667, 0.0018459447445684815, 0.0021088340380409245, 0.0003741176285608403, 0.002403940099087333, 0.002128338318970926, 0.0021986570901347926, 0.0013033713975686258, 0.00043585662780321326, 0.003755374149136138, 0.0007736743500982844, 0.00076131727945711] 

Median VQE eigenvalues:
0.006199999999999983 

Min eigenvalue after 100 VQE steps on Aer qasm simulator: 2.00000e-04
Delta from reference energy value is 2.00000e-04 

Optimizer history of the smallest VQE eigenvalue:
[3.6251, 3.6669, 2.9914, 3.4089, 3.3247, 3.8137000000000003, 3.4802, 2.8970000000000002, 2.7533000000000003, 3.0168, 2.7018, 2.6538, 2.6305, 2.4322, 2.1611, 1.7885000000000002, 1.6157000000000001, 1.6317000000000002, 1.6832, 1.5449, 1.6154000000000002, 1.2437, 1.1682000000000001, 1.2440000000000002, 1.1751, 1.0793, 1.3588000000000005, 1.0815000000000001, 1.1215000000000002, 1.2088, 1.0084, 0.9581, 0.9348000000000001, 1.0821999999999998, 0.8467000000000002, 0.8497000000000003, 0.9909999999999997, 0.8840000000000003, 1.0137999999999998, 0.9694000000000003, 0.8532999999999995, 0.8142, 1.1396000000000002, 0.9112999999999998, 0.7069999999999999, 1.1147999999999998, 0.5477000000000003, 0.5644, 0.5617000000000001, 0.5204, 0.5544000000000002, 0.5196999999999998, 0.49060000000000015, 0.38450000000000006, 0.44399999999999995, 0.41890000000000027, 0.30989999999999984, 0.23650000000000038, 0.28930000000000033, 0.238, 0.22399999999999975, 0.17180000000000017, 0.1283000000000003, 0.11949999999999994, 0.08720000000000017, 0.11550000000000038, 0.11619999999999964, 0.09750000000000014, 0.1482000000000001, 0.05109999999999992, 0.03319999999999945, 0.06259999999999977, 0.027699999999999836, 0.01429999999999998, 0.017999999999999794, 0.015100000000000335, 0.0033999999999996255, 0.009100000000000108, 0.019300000000000317, 0.008199999999999985, 0.012799999999999923, 0.009000000000000341, 0.030899999999999928, 0.0019000000000000128, 0.0046000000000003816, 0.0032000000000000917, 0.004100000000000659, 0.005899999999999128, 0.001700000000000479, 0.0029000000000003467, 0.0027000000000003688, 0.0026000000000001577, 0.0013000000000000789, 0.0019000000000004569, 0.002300000000000413, 0.0007999999999999119, 0.002000000000000224, 0.0029000000000003467, 0.0026999999999999247, 0.001000000000000334, 0.00019999999999997797, 0.0024999999999999467, 0.0026000000000001577, 0.0016000000000002679, 0.0017000000000000348, 0.0009000000000001229, 0.001100000000000545, 0.000500000000000167, 0.000500000000000167, 0.001200000000000312, 0.0008999999999996788, 0.0032000000000000917, 0.000600000000000378, 0.0011999999999998678, 0.0021999999999997577, 0.0015999999999998238, 0.0017999999999998018, 0.0011999999999998678, 0.0018000000000002458, 0.0018000000000002458, 0.001000000000000334, 0.001100000000000101, 0.0024999999999999467, 0.0013000000000000789, 0.0024000000000001798, 0.0018000000000002458, 0.0016000000000002679, 0.0017999999999998018, 0.001200000000000312, 0.0006999999999997009, 0.0008999999999996788, 0.002100000000000435, 0.0011999999999998678, 0.001000000000000334, 0.0015999999999998238, 0.0009999999999998899, 0.0027000000000003688, 0.001400000000000734, 0.0025999999999997137, 0.0002999999999997449, 0.0019999999999997797, 0.001400000000000734, 0.0015999999999998238, 0.0012999999999996348, 0.0031000000000003247, 0.0018000000000002458, 0.0010999999999996568, 0.0017000000000000348, 0.0007999999999999119, 0.0013000000000000789, 0.00140000000000029, 0.001000000000000334, 0.0012999999999996348, 0.001100000000000101, 0.0005999999999999339, 0.000500000000000167, 0.0007999999999994678, 0.00140000000000029, 0.001200000000000312, 0.0017999999999998018, 0.0019000000000000128, 0.000300000000000189, 0.0013999999999998458, 0.000800000000000356, 0.001000000000000334, 0.0009999999999998899, 0.00039999999999951186, 0.0009000000000001229, 0.0031999999999996476, 0.001100000000000101, 0.00019999999999997797, 0.0026000000000001577, 0.001400000000000734, 0.002000000000000668, 0.002300000000000413, 0.001000000000000334, 0.0009000000000001229, 0.0013999999999998458, 0.00140000000000029, 0.0008999999999996788, 0.00140000000000029, 0.0022999999999999687, 0.0002999999999993008, 0.0011999999999998678, 0.000800000000000356, 0.000600000000000378, 0.001100000000000101, 0.00039999999999995595, 0.0020999999999999908, 0.0010999999999996568, 0.0015999999999998238, 0.002000000000000224, 0.0019000000000000128, 0.00019999999999997797] 

Optimizer history of the smallest VQE eigenvalue standard deviation:
[0.016939480068762443, 0.016824844872984714, 0.014973249346751694, 0.013334677536408596, 0.013829124231129026, 0.01616703105087635, 0.016494619971372484, 0.018513244772324487, 0.01821037360956661, 0.01867119449847813, 0.018135000744416856, 0.018123467659363648, 0.016917891505740305, 0.01587963185971262, 0.014514108756654678, 0.012109439995309446, 0.011255653912589885, 0.011006270985215656, 0.0116602936498186, 0.011401611596612122, 0.011891454747002152, 0.00957128429208954, 0.00924647759960516, 0.009815991035040732, 0.00995581674198556, 0.007955199368966189, 0.01148832677111859, 0.00935611441785531, 0.008708630144862048, 0.008830519350525201, 0.00803229680726503, 0.008862372086524014, 0.008357101650692061, 0.009535619119910358, 0.008336725796138433, 0.00810310995852827, 0.011778589049627294, 0.008552901028306128, 0.009549900732468374, 0.00796922279773881, 0.010132288833230129, 0.009150457474902556, 0.011151132677894207, 0.00978263446112549, 0.009909229838892626, 0.01377419529409976, 0.009055669439638354, 0.009187386135348835, 0.009027044200622924, 0.009069306257922929, 0.009501069834497588, 0.009284718035567905, 0.009101325837481042, 0.008613369085323118, 0.00927967025276222, 0.008849034354097625, 0.008026534432742441, 0.007232677166858755, 0.007706047689964032, 0.007084201578159673, 0.007054624015495083, 0.006358984510124238, 0.0055105652160191325, 0.005546988281941831, 0.004858957912968584, 0.005070244471423446, 0.005474169526055986, 0.004911473811393075, 0.006306771915964618, 0.003602568944517229, 0.002729194753036137, 0.003694729760077185, 0.002367226013713102, 0.0015951134755872334, 0.0018734193337317682, 0.0015633518477937045, 0.0007207967813468476, 0.0011348643090695859, 0.001831116326179193, 0.0011735740283424826, 0.0016537641911711528, 0.0013329321062980006, 0.002934539316485638, 0.00045800327509745384, 0.000706639936601375, 0.0007997899724302665, 0.0007545442332958171, 0.0012281111513214042, 0.0005384301254573262, 0.0006853809159875894, 0.0008423128872337239, 0.0007998074768342779, 0.0005384412688492561, 0.000685420309007526, 0.0007548185212354129, 0.0003999399954993136, 0.0005829922812525033, 0.0007414141892356889, 0.0007414303743440622, 0.0004242310691120929, 0.000244924478156005, 0.0007679433572862007, 0.0006926673083089589, 0.0005830197252237441, 0.0005915310642730167, 0.0004795258074389691, 0.0003605038141268444, 0.000264558122158429, 0.000360487170368105, 0.0005476604787639646, 0.000387232488306439, 0.0008122068701999604, 0.0003999749992186854, 0.00034634087255188886, 0.000616314854599492, 0.0005655934935976496, 0.0005999233284345411, 0.0005830094338859114, 0.0005290633232421143, 0.0005290633232421143, 0.000489844873403808, 0.0003872454002309016, 0.0006706854702466546, 0.0005195507674905258, 0.0007613908326214724, 0.0006479722216268362, 0.000582968266717832, 0.0005476385669399079, 0.0005098352675129395, 0.0003605038141268444, 0.000458210650247232, 0.0006402101217568915, 0.00042419335214026856, 0.00034636974463713767, 0.0005290708837197469, 0.00044717781698110483, 0.00064016169832316, 0.00046893496350773785, 0.0006631832325986332, 0.000264554342243692, 0.0006163473046910906, 0.0005476604787639646, 0.0005290822242336239, 0.0004999409965185816, 0.0008304571030462753, 0.0005999199946659322, 0.0004122487113381918, 0.0005384338399469267, 0.0002828144267889962, 0.0005566641716510838, 0.0005290708837197469, 0.0004689946694792952, 0.0005915209210162972, 0.000458210650247232, 0.00037410693658363766, 0.000264558122158429, 0.0004471733444649752, 0.0005830231556293251, 0.0005290633232421195, 0.0005999166608788042, 0.0004581233458360253, 0.00026455056227494737, 0.0005656182458160046, 0.00031619614165892974, 0.00034636974463713767, 0.00044717781698110483, 0.00019998999974998175, 0.0004122826700214127, 0.0008122019453313388, 0.0004581408080492193, 0.00019998999974998175, 0.0006780943887099867, 0.0005097646515795283, 0.0006323574938276402, 0.0007414047477592633, 0.0003463581960918537, 0.0004122341567604482, 0.0004897877091148747, 0.0005098391903335682, 0.0004582128326443899, 0.00044712861684307806, 0.0006706973982355779, 0.0001731964202863277, 0.000489844873403808, 0.00031619614165892974, 0.0003999749992186854, 0.0005195449932392717, 0.00031618981640780093, 0.0006402054357782107, 0.00047953414894039435, 0.0005290708837197469, 0.000616314854599492, 0.0006556271806445887, 0.00019998999974998175] 

Smallest VQE eingenvalue optimizer final message:
{   'aux_operators_evaluated': None,
    'cost_function_evals': 194,
    'eigenvalue': 0.00019999999999997797,
    'optimal_circuit': <qiskit.circuit.library.n_local.real_amplitudes.RealAmplitudes object at 0x00000290DAE66B10>,
    'optimal_parameters': {   ParameterVectorElement(θ[0]): 0.02463826507051549,
                              ParameterVectorElement(θ[1]): 3.134590988187647,
                              ParameterVectorElement(θ[2]): -3.2481759932861323,
                              ParameterVectorElement(θ[3]): 1.3929455091697212,
                              ParameterVectorElement(θ[4]): -0.02772668340909624,
                              ParameterVectorElement(θ[5]): 3.1531603048091266,
                              ParameterVectorElement(θ[6]): -0.1107152249720975,
                              ParameterVectorElement(θ[7]): 1.3721829905287113},
    'optimal_point': array([ 0.02463827,  3.13459099, -3.24817599,  1.39294551, -0.02772668,
        3.1531603 , -0.11071522,  1.37218299]),
    'optimal_value': 0.00019999999999997797,
    'optimizer_evals': None,
    'optimizer_result': <qiskit_algorithms.optimizers.optimizer.OptimizerResult object at 0x00000290D88B7230>,
    'optimizer_time': 9.48596477508545}
     ┌──────────┐ ░                 ░ ┌──────────┐
q_0: ┤ Ry(θ[0]) ├─░─────────────■───░─┤ Ry(θ[4]) ├
     ├──────────┤ ░           ┌─┴─┐ ░ ├──────────┤
q_1: ┤ Ry(θ[1]) ├─░────────■──┤ X ├─░─┤ Ry(θ[5]) ├
     ├──────────┤ ░      ┌─┴─┐└───┘ ░ ├──────────┤
q_2: ┤ Ry(θ[2]) ├─░───■──┤ X ├──────░─┤ Ry(θ[6]) ├
     ├──────────┤ ░ ┌─┴─┐└───┘      ░ ├──────────┤
q_3: ┤ Ry(θ[3]) ├─░─┤ X ├───────────░─┤ Ry(θ[7]) ├
     └──────────┘ ░ └───┘           ░ └──────────┘
The number of ansatz parameters is: 
 8
Line for latex table
RA r1 rl & $1\mathrm{e}{-08}$ & 10000 & 100/100 &177 & $2\mathrm{e}{-04}$ & $1.9999\mathrm{e}{-04}$ & $2\mathrm{e}{-04}$ & $6.2\mathrm{e}{-03}$ & $6.2\mathrm{e}{-03}$ & - & 00h 14m 03s\\

