-0.43749999998486433
-0.43749999998412215
-0.4374999999170306
-0.43749999996013744
-0.4374999999579785
-0.4374999999757956
-0.4374999999491187
-0.43749999889006586
-0.43749999991832556
-0.4374999999849585
-0.43749999936610395
-0.43749999888808966
-0.4374999999344218
-0.43749999989472466
-0.4374999999207988
-0.4374999996577631
-0.4374999999916087
-0.43749999993936994
-0.43749999994316724
-0.4374999999515432
-0.43749999994795385
-0.43749999998890665
-0.43749999994772915
-0.4374999999494342
-0.43749999991954636
-0.4374999999293856
-0.4374999900296396
-0.43749999993584576
-0.4374999999062579
-0.4374999999913234
-0.43749999995034083
-0.43749999996357847
-0.4374999999679814
-0.4374999999625495
-0.4374999997922464
-0.4374999995813642
-0.4374999986240382
-0.4374999999573692
-0.43749999998675504
-0.4374999999703941
-0.4374999998048419
-0.43749999997606914
-0.4374999999555702
-0.43749999994056454
-0.43749999997430533
-0.43749999877809675
-0.4374999997096145
-0.43749999983649657
-0.437499999992649
-0.43749999989945687
-0.43749998624276687
-0.4374999998590633
-0.4374999999000271
-0.4374999999736394
-0.43749999993534283
-0.4374999994573894
-0.4374999999026019
-0.4374999999786635
-0.4374999998552054
-0.4374999996501645
-0.43749999993828825
-0.43749999994528876
-0.43749999981509324
-0.4374999984158766
-0.43749999980622123
-0.43749999998898637
-0.43749999926640526
-0.4374999999484315
-0.43749999944733053
-0.43749999552930974
-0.4374998673983641
-0.43749999991898514
-0.43749999993737876
-0.43749999993972044
-0.437499999850961
-0.43749999992130517
-0.4374999999866316
-0.43749999999605493
-0.43749999839904485
-0.43749999991244526
-0.43749999992527777
-0.4374999998476172
-0.43749999993456257
-0.4374999999619822
-0.43749999986821764
-0.43749999919578286
-0.43749999997013
-0.43749999971591635
-0.4374999865127862
-0.4374999989591737
-0.43749999999251066
-0.4374999970102089
-0.43749999965105313
-0.43749984703767264
-0.43749999988900257
-0.4374999999910154
-0.43749999963579733
-0.43749999989840205
-0.43749999999987677
-0.4374999996250819
