RA_r1_rl
01m59s__300
1e-02
4.107392379416519
7.1054664069192555
1.170078611069161
1.6739056757103854
1.5448390705217796
1.9240873487166517
2.138068326808155
11.310695261141447
6.35692985110109
1.0186373180594497
2.170996864896403
0.7709335046063845
7.306252436858255
0.893946641260805
2.8170568145987844
0.8769580492461173
10.213369965842096
20.78537005667883
38.196029642071245
6.492439408403567
10.133345358853704
20.787765734905566
1.1434527509465333
16.372773552095637
5.371196972336664
0.7440930163492413
0.13613945936295668
1.9974453380605142
6.4927324847126755
8.92264470311804
3.066250571291122
13.252169173936105
2.4027076760565773
5.106881637698445
1.4037641799806884
11.46910262263729
4.800645727238411
1.5548223196266535
2.3702727757180844
1.673227819142561
3.5372727182956236
1.4249568397880612
2.264600685594657
0.7547040488923453
0.7420845863419474
5.400989864864503
0.4904658157085058
2.5612399874157563
8.72458582795532
4.622532702655989
1.4504379608938958
19.55841546808211
1.546951613576964
3.0661779703081375
0.656089121647439
0.7981311561521596
1.757008793462926
9.055473079337984
7.444669264557687
0.316789112979721
0.33386310467036856
11.0195090034699
14.788255850949332
6.961762449416644
1.3395527670567
1.8581214094914877
18.180827624844166
1.836492737613093
7.903393102761164
1.566879450722998
1.2729641121545485
0.6224492315201626
2.080913527708693
1.584549860923749
10.858941645412429
1.276080870342408
3.0613940793833088
12.644931979681084
18.660453969565395
1.9360854913836814
20.78012161859844
0.9230815720058302
2.650306324503368
1.021331042545687
26.87175115496334
4.9678451755931325
2.414396806567103
13.873205721356
14.812287134893591
1.2893400027972237
7.276276513077263
1.9944515641262734
4.220240366470933
1.2921467302283998
34.41228936942056
7.628441265840321
3.6035831612777716
13.957958958028444
1.3741990455989015
0.5310564724172889
