RA_r1_rl
03h27m11s__68
1e-02
6.297120532197259
10.468764401079165
3.6717172256877437
5.838793914551409
4.614316880127875
12.879704754092439
9.257335932983116
10.650073416574925
5.728276892009068
6.963579225100548
8.021693599569682
12.235288754998967
4.608616641999742
9.07821932069691
9.200951502711824
2.6553872936810574
8.263802706310388
4.266788568980146
7.73896686453981
5.574589530854274
16.053688160664855
6.718873771596874
17.712520206856524
12.187319857033984
15.394186582915369
7.4997942718750945
5.516164200827383
6.040482760864271
7.898601389074568
5.084494834029557
11.895918019367976
4.74853487525343
8.902900302660473
10.088576518575024
6.182395354839074
6.804782978408349
16.082787855761524
4.703627189686118
2.245688660374685
4.576109837373575
10.263380879297237
15.024151468752759
8.041950845764749
6.213303870420459
6.949776446584251
2.3537935775647347
4.034565151946108
6.101523650689454
1.5396557256657863
5.793356324398942
7.302709752408947
3.249641469808774
7.341767799973098
2.75487104479441
15.513875269365055
5.247288408225119
9.156166132654583
7.974379010031144
31.741078271142218
6.106002405803752
7.88544100079581
4.6404057979661815
12.981869552642937
2.562175666803362
12.412683343813699
16.02011943074954
5.053128425432763
5.782942896028519
9.733601995973586
6.9256419763732175
6.527393139136818
9.082458975103709
8.45168445643438
18.301718800971482
9.989017006737493
5.146528094174942
4.32866219488229
6.602013575438617
18.930030442922455
8.451434797315471
5.7734986962266355
5.5867003332776255
2.4426904628983332
3.135488411754905
6.197907130392066
4.531571419695822
4.632875465877622
7.374318687755019
5.752688393845221
2.8017170665503803
3.219397448928194
20.685615381091154
3.8688116984921805
13.483900946676254
9.098588177160641
5.568599702530408
5.060648990690889
5.955348799719512
3.2062901889326096
2.1746412999755376
