6.297120532197259 0.7155861328867874
10.468764401079165 0.6519203846392594
3.6717172256877437 0.7166409361106849
5.838793914551409 0.7660260752369321
4.614316880127875 0.8244143834620165
12.879704754092439 0.7853270979976223
9.257335932983116 0.840867326216647
10.650073416574925 0.9220817840431504
5.728276892009068 0.6374104551961666
6.963579225100548 0.8626076956264499
8.021693599569682 0.8131670567727031
12.235288754998967 0.8666037260297436
4.608616641999742 0.805299561991434
9.07821932069691 0.7333692684462222
9.200951502711824 0.804272387244765
2.6553872936810574 0.8353554642465949
8.263802706310388 0.7762219879452079
4.266788568980146 0.833149831822987
7.73896686453981 0.7666515910421985
5.574589530854274 0.8212588600593178
16.053688160664855 0.9012520475734631
6.718873771596874 0.8206348625604176
17.712520206856524 0.8361523384479003
12.187319857033984 0.8632155325642497
15.394186582915369 0.8951214720273913
7.4997942718750945 0.8446816811286132
5.516164200827383 0.7146818102233146
6.040482760864271 0.8594211533875652
7.898601389074568 0.7318990253919289
5.084494834029557 0.7807902794893333
11.895918019367976 0.819779387102066
4.74853487525343 0.7910703181080196
8.902900302660473 0.8040838313012444
10.088576518575024 0.8697034819405687
6.182395354839074 0.7640585878348608
6.804782978408349 0.8529421254498111
16.082787855761524 0.9209551221780766
4.703627189686118 0.7381268924543541
2.245688660374685 0.7108992395978555
4.576109837373575 0.6852535072644975
10.263380879297237 0.7861667333646539
15.024151468752759 0.8553192842279785
8.041950845764749 0.8721668614902245
6.213303870420459 0.8139132471929882
6.949776446584251 0.7756727842020472
2.3537935775647347 0.7551012088613356
4.034565151946108 0.7457076695189758
6.101523650689454 0.7601261494027677
1.5396557256657863 0.7966043313353106
5.793356324398942 0.8325489240347994
7.302709752408947 0.8106355493933308
3.249641469808774 0.8191062822900428
7.341767799973098 0.8354760395542855
2.75487104479441 0.7877681484703388
15.513875269365055 0.8498340221126489
5.247288408225119 0.7200027932286136
9.156166132654583 0.872830254853732
7.974379010031144 0.850818338296521
31.741078271142218 0.8943414220389809
6.106002405803752 0.7983006806951911
7.88544100079581 0.8652509522013413
4.6404057979661815 0.7332462244190651
12.981869552642937 0.7652911050842149
2.562175666803362 0.6643339547065732
12.412683343813699 0.8638948573284159
16.02011943074954 0.8012278249600654
5.053128425432763 0.6547023260116897
5.782942896028519 0.7885263408587143
9.733601995973586 0.8442760528557974
6.9256419763732175 0.8365148911565365
6.527393139136818 0.7386319488700301
9.082458975103709 0.8831311901164393
8.45168445643438 0.8039529186316665
18.301718800971482 0.8274424648948067
9.989017006737493 0.8625981230476211
5.146528094174942 0.6491899284371789
4.32866219488229 0.7088950166581953
6.602013575438617 0.7089732168677699
18.930030442922455 0.8931610225877459
8.451434797315471 0.8122562263956092
5.7734986962266355 0.7556822023274948
5.5867003332776255 0.772414429493341
2.4426904628983332 0.8487076619011278
3.135488411754905 0.8180665006923907
6.197907130392066 0.634466157250201
4.531571419695822 0.7668798759585019
4.632875465877622 0.835273919756621
7.374318687755019 0.8660930103153853
5.752688393845221 0.7925815930382822
2.8017170665503803 0.7365438603163951
3.219397448928194 0.8260991451608439
20.685615381091154 0.9555464524423523
3.8688116984921805 0.7212989496128974
13.483900946676254 0.9205668118376366
9.098588177160641 0.8551247913533649
5.568599702530408 0.8152684442291978
5.060648990690889 0.8054698005049203
5.955348799719512 0.8420157793915682
3.2062901889326096 0.8018622057642164
2.1746412999755376 0.7871261488864164
