RA_r1_rl
26m04s__4045
1e-07
0.032010110058550145
0.03201011007001331
0.03201011002915266
0.03201011010293031
0.03201011007264909
0.03201011014475763
0.032010110055209595
0.03201011008031518
0.03201011004939025
0.032010110109050305
0.03201011020465594
0.03201011001139076
0.03201011002535936
0.03201011013233912
0.032010110055235574
0.03201011002138643
0.032010110073014686
0.03201011001388365
0.032010110047425155
0.03201011004034526
0.032010110104527145
0.0320101102357877
0.03201011001303977
0.0320101100430924
0.032010110016740256
0.032010110055362806
0.032010110020060045
0.032010110062503205
0.03201011007388921
0.032010110130833214
0.03201011003660237
0.03201011016123334
0.032010110026848726
0.03201011006003285
0.03201011001890719
0.032010110053970475
0.0320101100957626
0.03201011010833177
0.03201011006914978
0.03201011011483024
0.032010110034460415
0.03201011006117527
0.03201011003663856
0.03201011007709442
0.03201011002640364
0.032010110033742656
0.032010110014118465
0.032010110015488924
0.032010110090217814
0.03201011008261989
0.032010110014963344
0.03201011010727217
0.032010110014532134
0.03201011009217458
