No Shot Noise
01/11/2024 01:46:20 

VQEr_100_COBYLA_maxIter_10000_tol_1e-07_RA_r1_rl 

Reference value: 3.2010110009e-02 

Qubits:  4
VQE runs:  100
Optimizer:  COBYLA
Max iterations:  10000
Optimizers's tolerance:  1e-07
Ansatz:  RA_r1_rl 

Only 54 runs out of 100 converged
Number of iterations for each converged VQE run:
[3401, 3865, 3854, 4944, 2610, 8462, 5659, 3721, 2937, 4228, 6247, 2265, 2934, 7209, 2480, 2755, 7549, 6073, 3482, 3193, 4755, 6335, 2399, 4935, 2946, 3531, 1921, 3368, 4140, 5637, 3341, 8289, 3360, 3857, 2799, 3071, 3157, 6145, 3188, 4845, 5011, 2486, 2724, 3930, 2911, 4032, 3141, 2264, 4936, 2709, 2564, 4690, 2034, 5088] 

Average iterations of converged run:
4045 

VQE eigenvalues:
[0.032010110058550145, 0.03201011007001331, 0.03201011002915266, 0.03201011010293031, 0.03201011007264909, 0.03201011014475763, 0.032010110055209595, 0.03201011008031518, 0.03201011004939025, 0.032010110109050305, 0.03201011020465594, 0.03201011001139076, 0.03201011002535936, 0.03201011013233912, 0.032010110055235574, 0.03201011002138643, 0.032010110073014686, 0.03201011001388365, 0.032010110047425155, 0.03201011004034526, 0.032010110104527145, 0.0320101102357877, 0.03201011001303977, 0.0320101100430924, 0.032010110016740256, 0.032010110055362806, 0.032010110020060045, 0.032010110062503205, 0.03201011007388921, 0.032010110130833214, 0.03201011003660237, 0.03201011016123334, 0.032010110026848726, 0.03201011006003285, 0.03201011001890719, 0.032010110053970475, 0.0320101100957626, 0.03201011010833177, 0.03201011006914978, 0.03201011011483024, 0.032010110034460415, 0.03201011006117527, 0.03201011003663856, 0.03201011007709442, 0.03201011002640364, 0.032010110033742656, 0.032010110014118465, 0.032010110015488924, 0.032010110090217814, 0.03201011008261989, 0.032010110014963344, 0.03201011010727217, 0.032010110014532134, 0.03201011009217458] 

Median VQE eigenvalues:
0.032010110056956476 

Min eigenvalue after 100 VQE steps on Aer qasm simulator: 3.20101e-02
Delta from reference energy value is 2.08806e-12 

Optimizer history of the smallest VQE eigenvalue:
[44.04674222490912, 133.27546670479572, 52.49328055080377, 40.6090652722522, 42.712459014778204, 55.603757911714325, 147.62902699340682, 63.63473690154342, 37.36184280567267, 44.54390290512721, 63.23099374076718, 34.44442383094988, 33.96880227337092, 41.65917692438336, 37.529744274441605, 23.147658135362953, 15.472958665144521, 17.340250183664335, 19.6470817281399, 16.727348470619358, 22.28498703493174, 17.825413265519177, 17.672606241136812, 15.423816076569535, 13.778102040553488, 11.517915661487248, 13.954059868318378, 12.155877011731066, 15.985966031959315, 11.702537077486884, 12.264033818412816, 10.614400960097218, 11.180654277682613, 10.286478836586888, 10.916588064869028, 10.806737730582748, 9.575852064921955, 8.014788035546339, 7.861764319569992, 7.889766271101501, 7.824149233734563, 7.611280382138891, 6.703461551390326, 5.678270435531649, 5.582193659299194, 5.305460586382219, 4.610343953734272, 4.962067249145898, 4.477588982399185, 4.674304002888637, 4.741049141276436, 4.201552335744371, 3.969531966228061, 4.527306035409582, 3.774261339166276, 3.9360801187777374, 3.718801538756211, 3.8758610249336605, 3.5177795428506515, 3.5064450160442093, 3.62650269527709, 3.1530101652899716, 2.954381583115397, 2.933434901810444, 2.9122667672826403, 2.5724087513177762, 2.4353959258968194, 2.492809960194826, 2.4330315825559383, 2.442806903611385, 2.443638335464636, 2.3866028200278246, 2.2679490121998973, 2.3049832897634652, 2.2131725951166645, 2.5680085991016313, 2.138776641755156, 2.0201664890334805, 1.9426387195195802, 1.958323428009256, 1.924458063863959, 1.962071853291207, 1.9640163403811273, 1.980499410779607, 2.013869875433176, 1.8280558975499819, 1.905875944998915, 1.8743906475875458, 1.902811431654349, 1.8488082645374608, 1.842884860547711, 1.8467073358009058, 1.8167372749583433, 1.8242459267300588, 1.819377155307426, 1.83743187190916, 1.8147814284153323, 1.7975540393597895, 1.7645843589483081, 1.7489922264141442, 1.7376852981016178, 1.717898357517884, 1.7153479727871124, 1.726531285221944, 1.6907081195573246, 1.6569808308175265, 1.6347100750141306, 1.61513672709488, 1.6123776896360202, 1.6255090778778996, 1.612621786305386, 1.6049844488934888, 1.59055057173305, 1.5831043706250343, 1.5771210553462716, 1.5665459804998616, 1.5910364823893488, 1.5585938404601083, 1.5379063013152434, 1.5347609970251506, 1.533535951878903, 1.5279625694137517, 1.5265438472091999, 1.5251294854481379, 1.5121177717447092, 1.5628536984898582, 1.5066222179401452, 1.4802391484228774, 1.4709139403470488, 1.4627967756422444, 1.4621305461841982, 1.4673502479134277, 1.4609235996478491, 1.475409879418887, 1.4618399903931176, 1.4740422450516124, 1.4441628995235527, 1.4726947124755785, 1.4458149185653542, 1.428897361224943, 1.4313204338022025, 1.4304490152814144, 1.4280018166502855, 1.4282417738607545, 1.4065550615193583, 1.3884731775047365, 1.37267168868566, 1.3615814171751313, 1.348778526134763, 1.334802427108683, 1.3324484400830292, 1.3325575406440038, 1.311858721804283, 1.3076952198460878, 1.3107256478951381, 1.3067438253783759, 1.3149315673762973, 1.3070770741783597, 1.3108877142176572, 1.2984548149262674, 1.2982429452721025, 1.3044528587190705, 1.3038283239365214, 1.2951857304671606, 1.2890468305287166, 1.2878947860503664, 1.286966575290142, 1.2879037810281566, 1.2903030331239167, 1.279834937415864, 1.2731813382716375, 1.266635242480152, 1.2611185297235754, 1.2564373110482059, 1.2494528017522926, 1.2453952387142389, 1.2418638798159685, 1.2427021305665682, 1.2423075162404904, 1.235012812161806, 1.2315995305604377, 1.2340965447541232, 1.2315472881735139, 1.223864658047071, 1.2220435011370983, 1.2206621513485507, 1.2211959198810904, 1.2169053825983889, 1.2149849363252583, 1.2223223482667191, 1.2147491896644929, 1.207527078642674, 1.2029917816511608, 1.1979429165041164, 1.1965871252401175, 1.1951090842779892, 1.1947167793278515, 1.1938156519520102, 1.190126373532651, 1.1869153774885688, 1.1791863075952485, 1.1761314560083522, 1.1747562270902197, 1.1685122576641755, 1.1627181367964807, 1.1590792252802244, 1.1595113551689331, 1.1606769524046474, 1.1607085872534217, 1.1600531906594593, 1.152932401865701, 1.1486650209093023, 1.1494284413673295, 1.1485451311047188, 1.1453677453740623, 1.1437030282213396, 1.1440957729376857, 1.1415991430157248, 1.1383730264749052, 1.1337596386603899, 1.1312771462943323, 1.1340608716244358, 1.127501805275391, 1.1243505933692455, 1.1230870445171048, 1.1234776757791265, 1.1212151901485263, 1.119279086070152, 1.1133363762106019, 1.1082737016552617, 1.1094208446991127, 1.1073127702351004, 1.10127168801706, 1.0948905658410393, 1.0923267314995233, 1.0853783778690036, 1.0789385862108978, 1.0730715838725111, 1.0666421906719306, 1.0607640809733543, 1.0550129444771048, 1.049309229084056, 1.0441739362067681, 1.03917784490997, 1.0344217213484568, 1.0290630605490234, 1.0268005681435608, 1.0261426611596378, 1.0201652263969792, 1.0172081690763894, 1.010647865628981, 1.0040961987761325, 0.9979503932291084, 0.9924863208049515, 0.9908807536824249, 0.9888130352805894, 0.9843209216289156, 0.9796130224184141, 0.9788547365498883, 0.9793811867446394, 0.9733406379817534, 0.9690373407461264, 0.9671739406378386, 0.9637247878911624, 0.9689082249052187, 0.9621179944287158, 0.954522169956675, 0.9530844499890867, 0.9548456790443383, 0.9521128806091619, 0.946135657306753, 0.9420079134653581, 0.9415962806207624, 0.9432328813277668, 0.9421103344953963, 0.9427244272879403, 0.9352597350684108, 0.9310333504853883, 0.9345903040394636, 0.931314051402138, 0.9246191190595437, 0.9219850333334143, 0.9213632937281642, 0.9209226938598092, 0.9176867445409129, 0.9143189856925729, 0.9109207021351057, 0.9047244418857034, 0.9015363630322215, 0.8977806398615434, 0.9002842792375253, 0.8959542092440793, 0.8998698441122175, 0.8940809715445162, 0.8887703594366374, 0.8864174222793215, 0.8817988816773112, 0.8862299816540505, 0.8843794066308963, 0.8779025792968662, 0.8729750605500594, 0.8690478174239806, 0.8661505400810645, 0.8640639865735124, 0.8630203890498038, 0.8675670365126447, 0.8555903260136245, 0.8518041406515244, 0.8502020219827413, 0.8497823708857931, 0.8487868618385372, 0.8475173784240244, 0.8525524734616747, 0.8476040568269692, 0.8395482962077683, 0.8340359398675113, 0.8332545664292068, 0.8345574143889873, 0.8273583593732541, 0.8231122956178327, 0.8219270049743985, 0.8223908359880638, 0.8236659575095353, 0.8208134632122054, 0.8142916996699074, 0.8084759926749413, 0.8086939875489405, 0.8112212772242666, 0.8047866681355861, 0.799718870886007, 0.7952277403364781, 0.7908505770452592, 0.7897935136903516, 0.7900095384252617, 0.785589355738535, 0.782152625543631, 0.7807473363868216, 0.7854718790590695, 0.7773658880987355, 0.7681576087397406, 0.7620822989365847, 0.7605266869429146, 0.7610162037637556, 0.7598052773000805, 0.7624856709472616, 0.7585117044023302, 0.7557299677204674, 0.7533456126838041, 0.7507614895459238, 0.7434453723738724, 0.7376538582208017, 0.7335551332823913, 0.7302156507587109, 0.7280347839767023, 0.7286420028729368, 0.7290675427773385, 0.730669327355218, 0.7265631175278451, 0.719441308561009, 0.7146867282198905, 0.7139033464764847, 0.7148701396452242, 0.712954024053269, 0.7159713183059834, 0.7056291947626061, 0.6989856306809354, 0.696021655498379, 0.6956938911886043, 0.694567358732171, 0.689829265972884, 0.6843867676476181, 0.678222926458184, 0.672719392911721, 0.6698015125269643, 0.6636398641980663, 0.6582371717221382, 0.6526976500380863, 0.6488570011720258, 0.6440500205694892, 0.6403670347731986, 0.6421659319622971, 0.6423030558162074, 0.634822957798204, 0.6309128872238345, 0.6296562951852351, 0.6337259033816984, 0.6308687474337149, 0.630470271603505, 0.6323675339531085, 0.624090728200575, 0.6198677881224626, 0.6174530244815621, 0.6189101411884388, 0.6154941543991701, 0.6100672828227399, 0.6071287039259254, 0.6054529525438461, 0.6048204940795098, 0.6008862600847071, 0.5987956183469407, 0.6049276725331547, 0.5961175464033683, 0.5894692669060759, 0.58624456810377, 0.5856093753229519, 0.5852561374997186, 0.5870107963217194, 0.5870681199040665, 0.5808098536742676, 0.5766103743266802, 0.5785607922827721, 0.5760803296330854, 0.5693825303634746, 0.5643308353435597, 0.5602723230019, 0.5548275868677671, 0.5506547113193024, 0.5474678332464314, 0.5443276698083716, 0.5440485086113307, 0.5441365451574003, 0.5387953505407931, 0.5341267049406667, 0.5302052654372778, 0.5322077093804964, 0.530289809509774, 0.5229289920551533, 0.5200153486689633, 0.520210782665357, 0.5197322481700798, 0.5173262390369324, 0.5156333359806221, 0.519835073446891, 0.5161755525283725, 0.509500048627504, 0.5048237754275814, 0.5049223098432063, 0.5062694192252479, 0.49939487846840164, 0.494861662461289, 0.4894003901302151, 0.48442610145835, 0.48141123093526594, 0.47644362557434017, 0.477395727523854, 0.4757890436213361, 0.47205032316953366, 0.4700326171787102, 0.4695207346996679, 0.46531453681766155, 0.4657141594357496, 0.4683312697509394, 0.45947313801625456, 0.4551128662656234, 0.4506459101242548, 0.444610050413133, 0.4395485971949553, 0.43407807668583803, 0.429389456452452, 0.42464608818985566, 0.4237402934598895, 0.419567565203709, 0.4166212416722479, 0.4158757437790097, 0.41145952115217627, 0.40764140706691954, 0.40523045191688056, 0.4026307218776435, 0.40271588196387864, 0.399944926544062, 0.3961659145532587, 0.39357924746124096, 0.39208814914776513, 0.39155254537451945, 0.3889126538536446, 0.39642755171315003, 0.3912663472747304, 0.3843048811974835, 0.37955930911944274, 0.3792335301389145, 0.3793668538531543, 0.38023637727234794, 0.37918329544102347, 0.37391569219297216, 0.37583735648552796, 0.3740308507308, 0.36878288320640745, 0.3646679033657629, 0.36264847106454345, 0.36211203768702704, 0.3600027308982089, 0.3571136678091127, 0.3524969291773691, 0.35151326114343817, 0.3503509325180945, 0.34531697379438087, 0.3416127557289269, 0.3367636423465476, 0.3369136453107724, 0.3368470145953967, 0.3328711348579718, 0.3285747013418363, 0.3279499186915147, 0.3278868511150739, 0.3234689643450223, 0.3239736890147484, 0.32450024457384297, 0.31844248916472684, 0.31612075953071966, 0.31587226152838, 0.31567249441067474, 0.3145311402225145, 0.3161586111708982, 0.3182672795582416, 0.3086736835881455, 0.30741294945213143, 0.307049830002437, 0.30361753564760935, 0.3003728124028414, 0.3009657160063619, 0.2993921127159811, 0.29418812339699085, 0.2907901391347094, 0.2861252482875667, 0.28126005253797715, 0.2775745371180285, 0.27261835610447893, 0.2680038030980437, 0.2632999356283483, 0.2594622900653921, 0.2561046890101776, 0.2534811646206321, 0.2521476480405034, 0.25274745662342013, 0.24803491243542386, 0.2436226853973017, 0.23953292340828447, 0.23570058721309706, 0.23276421808465986, 0.23050369276130378, 0.22918700859768992, 0.2301709459160911, 0.22655273059580971, 0.2223243810618939, 0.21973908082347937, 0.22014868097723161, 0.2199128967078734, 0.2193547730881893, 0.21836587443290578, 0.22170040191063656, 0.21779518832136313, 0.2131741283897477, 0.21030869852345746, 0.21149961090010405, 0.21135632119706882, 0.20659933279851717, 0.2050452769275778, 0.20523561548698366, 0.205026401355068, 0.20518448982053117, 0.2039410400127848, 0.20658145279406437, 0.2015237685156841, 0.19743810451627553, 0.1954781523690856, 0.19726165652819483, 0.19566119256882808, 0.19187731905202177, 0.18832815549411408, 0.1861486603346928, 0.18524984371345665, 0.1859319439593753, 0.1838903451808307, 0.18080693428807781, 0.17958127559347314, 0.1770629802054826, 0.17595683546847374, 0.17388063663595743, 0.17236262013623782, 0.176656775128872, 0.17285522182273128, 0.1671025134659888, 0.16499216917346893, 0.1623204152964357, 0.16163648367958783, 0.161675652171277, 0.16304131238967423, 0.16134348829810874, 0.1633098388043297, 0.16359176886017734, 0.15746745886140712, 0.15702840219941538, 0.1587746389585979, 0.15471533693616113, 0.15096448601220913, 0.14772216591065335, 0.1468807567140471, 0.1461172008378553, 0.14612720907501986, 0.14557120851513117, 0.1418896549398766, 0.14041791138685156, 0.14165999178497835, 0.1392979490823163, 0.1362104344603351, 0.1340432417401527, 0.13570126715011432, 0.13431373372163447, 0.13685921980961568, 0.13360767767024995, 0.13127310572342132, 0.13075204942858942, 0.1278855463604187, 0.1254911899648291, 0.12369238534038696, 0.12383727986521742, 0.12352190552170039, 0.12051307129882183, 0.11981058958005464, 0.11939973093247136, 0.11832770871340714, 0.11661698511598229, 0.1141240254885264, 0.11523211985771253, 0.11559244691113058, 0.11232749823938581, 0.11046902655117896, 0.10932825155429793, 0.1089616348468917, 0.1099477675755165, 0.10947885613736208, 0.10841681545133408, 0.10517606783004096, 0.10278135600625393, 0.10165041162238053, 0.10298045636411968, 0.10266686353920185, 0.09944016864734162, 0.09951057823117382, 0.09892180608355183, 0.09848796706493457, 0.09843164053856612, 0.0990150487131366, 0.09725446810047977, 0.09807340038785373, 0.09723065664094221, 0.0961417836104198, 0.0963354468796832, 0.09603164370294237, 0.09541952882620308, 0.09424687738837256, 0.09311284082188553, 0.09216506453788675, 0.09116153069153177, 0.09045664629275763, 0.08958351677559995, 0.0888284803865288, 0.08852339967755207, 0.0880126504047255, 0.08674707580919427, 0.08587340354691242, 0.08507826788554229, 0.08468081786381587, 0.0853875175604698, 0.08525629362446296, 0.08389174767589092, 0.08272575628606327, 0.0823077114294859, 0.0820302520352637, 0.08129183034286713, 0.08114676559828737, 0.08069274126161996, 0.07985560879863018, 0.07873800164288058, 0.0780833747802474, 0.07691925068265948, 0.07635511637773196, 0.07563654745568849, 0.07498818165036891, 0.07491131799791806, 0.07460411703431513, 0.07322668425392043, 0.07229435572112586, 0.07204803731229648, 0.07179821060513825, 0.07094039777000472, 0.07017690309612656, 0.06991291705439406, 0.06972145848034095, 0.06979836190486499, 0.06950721386599723, 0.06841406006895556, 0.0674782723124816, 0.06672049087877951, 0.06630022583664952, 0.06543555250151856, 0.06450337833029995, 0.06371474790318243, 0.06318286951212493, 0.06247476881481884, 0.061729315762541814, 0.060776894828735384, 0.05989733562137789, 0.059435860328875045, 0.05946148846636745, 0.05935946578719453, 0.05859812147158594, 0.05891189845768552, 0.0584557793952607, 0.05819951474868734, 0.05798677594732604, 0.05793770305635526, 0.058683697989206696, 0.05785026994432152, 0.058013014853404155, 0.05665483935760107, 0.05594100159371873, 0.05594356991787086, 0.05588136066625948, 0.05522724049489025, 0.055472737911952175, 0.0551067464900058, 0.055924300344515676, 0.05520611443341661, 0.05430528596187123, 0.05399348400793502, 0.05411927650573134, 0.05418901491121009, 0.053993979322851215, 0.054239562536660624, 0.05318055934215715, 0.052758925752353525, 0.052336107329484016, 0.05250247818588183, 0.05235696485640462, 0.05254322341652495, 0.05229011655027893, 0.05204859777827375, 0.05242859421129642, 0.051675839806925694, 0.051375182298920574, 0.051401943977060216, 0.05119896428268389, 0.05037320073324714, 0.04986604035359221, 0.049298806892394964, 0.049037863201242815, 0.04921278607741564, 0.04898292014527339, 0.04915832646215279, 0.04914879226600266, 0.04857691443521983, 0.048247680601721576, 0.04811515219912532, 0.0483615003110901, 0.04817900652360174, 0.04824174420730054, 0.04805398427603891, 0.04772238489840641, 0.04720713153539702, 0.04728678178899359, 0.0475405498595699, 0.04671565631093999, 0.04670365823722811, 0.04666038194844646, 0.046075173375090706, 0.04611625389577545, 0.045876930777072444, 0.04561252829855378, 0.045013723444766285, 0.04522510178693817, 0.044907834392980295, 0.04434090432772997, 0.04407108845811991, 0.04392739801936152, 0.043949985572628414, 0.04358695490635334, 0.044149204177210466, 0.04368598642045696, 0.04301537668714084, 0.04293118664844042, 0.043010434502149475, 0.04344437416826763, 0.04331021199245921, 0.0424231197937146, 0.042267188192081306, 0.042169325969807936, 0.042097618291362604, 0.04249000103109701, 0.04147642489262049, 0.041160885740402, 0.041193637129130156, 0.041200130274452906, 0.04140519701191958, 0.041175689356975353, 0.041428048973929155, 0.04103038847661733, 0.04058029438378796, 0.04051705377226855, 0.04090152292052418, 0.04000922537553997, 0.03977082327012127, 0.03954698347968244, 0.039469632101963414, 0.03931668286342804, 0.03929263652439141, 0.039683191525623274, 0.039137207723632494, 0.038976356065024365, 0.03931742809703531, 0.038976321947673864, 0.03945945538569162, 0.03898073388473278, 0.038902438484323065, 0.03863655399707688, 0.03859743477516209, 0.038647445467115626, 0.038441154484722295, 0.0382654935146538, 0.03853678503725766, 0.03829078821717924, 0.038114151099264304, 0.03801882772257481, 0.038034860634140744, 0.03794257447628624, 0.037739543933348885, 0.037543222383721986, 0.03735747338386386, 0.0371791758421004, 0.0370387289307581, 0.036941645692009306, 0.036809687561831006, 0.036848449527934424, 0.03689122308854831, 0.03661489175420063, 0.03647557636911114, 0.036364987874244914, 0.03629611749649431, 0.03628836267927249, 0.0362504391040841, 0.036291700465892474, 0.036317969516898696, 0.03607257132207675, 0.03601311717004507, 0.03611213028539928, 0.03599782076517999, 0.03617396034579112, 0.03596713960635056, 0.03582806689364859, 0.0358441887515466, 0.03569962299538465, 0.03572986292968228, 0.03571965695218837, 0.035570915044352946, 0.035642297247008514, 0.03558418167953037, 0.03554600475418457, 0.03553454613439799, 0.03558907524828092, 0.0355194692352383, 0.035549925339719235, 0.0354914413993318, 0.03541684906731257, 0.0354063503006018, 0.03540799705903375, 0.03542049497215838, 0.03540057865634294, 0.03532296740720664, 0.035309706338270685, 0.035318797411455605, 0.0352764632366781, 0.03522659179543319, 0.03522578611768157, 0.03518789101577291, 0.03510826184825444, 0.035050593255124274, 0.03499776735696447, 0.03501829446025373, 0.034995940606812215, 0.034928805871370816, 0.03486387023305337, 0.034833789251945024, 0.03484984755969878, 0.0348359378445704, 0.034780715189319245, 0.034770863409015584, 0.03481377233616023, 0.03470874458012019, 0.03464209072221025, 0.034593066457028865, 0.0345465938161742, 0.03451908062287401, 0.034511368175781265, 0.03449504118986013, 0.034436482362572796, 0.0344518438053808, 0.034436105789820814, 0.03436868809068239, 0.03436316242622184, 0.03436457053226005, 0.034365778296771454, 0.034348620327790624, 0.03429667446686513, 0.03424586966267884, 0.034224179223282025, 0.03423952979264866, 0.03421010164573468, 0.03415547049869616, 0.034142438660429764, 0.03413182480755117, 0.03411654160044153, 0.03406841033476293, 0.03401831007467215, 0.0339931630494692, 0.03397237552483601, 0.03395230232607671, 0.033884287150429904, 0.03384939707366186, 0.03382084211256553, 0.03378626193377354, 0.03374476086453371, 0.033714546666571144, 0.03375123622053866, 0.03373579558037587, 0.03371895522496482, 0.033724127706385665, 0.03364913446335038, 0.033633913629811496, 0.03363256575372586, 0.03360848788701254, 0.03357190469141458, 0.033614211396398974, 0.03357926562769287, 0.0335284960517892, 0.03349258965087498, 0.03349920975307863, 0.03345309830645815, 0.03340287963176314, 0.033364392579449786, 0.033345536801865916, 0.03334474292458145, 0.0333632526361598, 0.033299768817209974, 0.03324358706623998, 0.0332119127111532, 0.033209158836767005, 0.03319614319167474, 0.03316025359253427, 0.03313287549566446, 0.033139400616303716, 0.033120514990411576, 0.033092894676045814, 0.03305788719119318, 0.03306874809361382, 0.033042047304560396, 0.033028187730020364, 0.0330294335501401, 0.0330107496710611, 0.03303172485877881, 0.03300771849960871, 0.03300608198976229, 0.03304528195618783, 0.0329511857474345, 0.032926857802055065, 0.032937193805935294, 0.03292209587306805, 0.03289575459496907, 0.032916891560203276, 0.03290276446086127, 0.032858543682324326, 0.03283704009763588, 0.03282852894868726, 0.032858663651942455, 0.03282324291462968, 0.03279105649363612, 0.03279219537394129, 0.03279496079510602, 0.0327707105691466, 0.03278943781407284, 0.0327974238217591, 0.03273806832621107, 0.03272337831306704, 0.032733901596769255, 0.032728164420548045, 0.03271704830511546, 0.03269785995920227, 0.0327323648337815, 0.03268635685951626, 0.032656634824487885, 0.03266888098789489, 0.0326620697957144, 0.03266152032588243, 0.03265179648728611, 0.03264769749742724, 0.03263781421142398, 0.032622758575890254, 0.03261495434226991, 0.03261209461864034, 0.03259597875798881, 0.03259507957633356, 0.03259419041450218, 0.03259019721221945, 0.03259749602569273, 0.03256908338300335, 0.03255379238945544, 0.03254457730109883, 0.03254475223479314, 0.032542263404535365, 0.0325479745635594, 0.03254303818079207, 0.03252948729891214, 0.03251838397088036, 0.03251219771662417, 0.03250904628682205, 0.032516722876707926, 0.032515798138972096, 0.032488227277354675, 0.03248218811399006, 0.03247771858995163, 0.03247646502647106, 0.032469379250161134, 0.03246081395678502, 0.03246306574434321, 0.03247013226141271, 0.03245187286716955, 0.032435754368857705, 0.03242124152287518, 0.032408967387641874, 0.03239771813162484, 0.03239297291985066, 0.03239126755605526, 0.032390711538090144, 0.032396282609839844, 0.032393842732981515, 0.03237712829605188, 0.03236740942419858, 0.03236317043685388, 0.03236537949795504, 0.03236961544151706, 0.0323540493408605, 0.03234986504833326, 0.03234757831723056, 0.03234442229728007, 0.03234219332135457, 0.032332137949977025, 0.03233113856358649, 0.032338840013904746, 0.03231602665877331, 0.03230835570484902, 0.03230925756298697, 0.03230830151999664, 0.03230569365538771, 0.03231129130507693, 0.03229533744494295, 0.032285307437380895, 0.032278249895596356, 0.03228281226729468, 0.03228033233430927, 0.03227666764971149, 0.03227800192230501, 0.032265074105352176, 0.03225939810283007, 0.032257411612103715, 0.03225513091246379, 0.03225262396350004, 0.03224070032896975, 0.03223615100681432, 0.032235605548831536, 0.03223292493803853, 0.03222248487158963, 0.03222082552427097, 0.03223074188152186, 0.032217748643877164, 0.03221094459564611, 0.0322024429381762, 0.03219971386037912, 0.032192552778569916, 0.03219019720814986, 0.032191864226216116, 0.03218601109335162, 0.03219746938366297, 0.032184228828218364, 0.0321748859130474, 0.03217604319422651, 0.032172716141178004, 0.03217463453520619, 0.032172595589955666, 0.0321726389238387, 0.032168941745324475, 0.03216917235625194, 0.032168462161123346, 0.032165321492545806, 0.03216546914799445, 0.032164951073129, 0.03216061858189545, 0.032157541985587734, 0.03215518592499145, 0.032152648700414455, 0.03215466783396992, 0.03215309677511424, 0.03215018376267098, 0.03214887522075771, 0.03214934794390478, 0.03214741550201172, 0.03214419097412924, 0.03214355882183051, 0.03214284604420081, 0.032137890343353015, 0.03213662547799412, 0.032137118470704884, 0.032133590553511726, 0.032131872843288445, 0.0321287524554662, 0.03212639564330544, 0.032122851964513366, 0.032119940943580505, 0.032117575352444416, 0.03211676033170374, 0.03211739730969443, 0.032115511885772, 0.03211146603372461, 0.03210854994065704, 0.03210915325623209, 0.03210870120336018, 0.03210634528211753, 0.03210619712574048, 0.03210758246083678, 0.03210628157781237, 0.03210595917561465, 0.03210287707677195, 0.032101217031553775, 0.03210020715078277, 0.03210154444297708, 0.0321001183793036, 0.03209627526217529, 0.03209532624922229, 0.032095927428783644, 0.03209305410334662, 0.03209112052854668, 0.03209452953202352, 0.03208994497914919, 0.032089126727263606, 0.032089402715059445, 0.032086136531103926, 0.03208330779644353, 0.03208109989626595, 0.032080269214767254, 0.03207956918086163, 0.03207922369485361, 0.03207831535431527, 0.03207853299856678, 0.032078748016261316, 0.03207460445769006, 0.03207299772079453, 0.03207279467539714, 0.03207349685047656, 0.032073309928374316, 0.03207183207168285, 0.03207427330013857, 0.03207312183090938, 0.03207098979381473, 0.032068014016500945, 0.032069844505009604, 0.03206779513371283, 0.032066011899643754, 0.032068010701654104, 0.03206592016165977, 0.032066217492055404, 0.03206585811961726, 0.03206531555673364, 0.03206759049284458, 0.032062177240803846, 0.032061377053371753, 0.032059907549785605, 0.03205786030491009, 0.032056407752036886, 0.032057079806304234, 0.032056545696461436, 0.03205548228777444, 0.03205316945512493, 0.03205176509519214, 0.0320500483267091, 0.032051540659734146, 0.03205051339315024, 0.03204915596024638, 0.032048164603827534, 0.0320484504647488, 0.032047662119394915, 0.03204754355384398, 0.03204920037005832, 0.032046702169784114, 0.03204423392875799, 0.03204349781243232, 0.03204376150674704, 0.032046578461627506, 0.03204333172643248, 0.0320434080469465, 0.03204282047883489, 0.0320410551528032, 0.03204157961180032, 0.03204202321190963, 0.03204017200664255, 0.0320403942011972, 0.032040265671657187, 0.032040005817603134, 0.03203994287673195, 0.03203951626913171, 0.0320395993290552, 0.03203951925365567, 0.032038688620146694, 0.03203818292270788, 0.032037255223090644, 0.03203644547274043, 0.032035975488101665, 0.03203564697316641, 0.03203541117819175, 0.03203533771360878, 0.032034472749676524, 0.03203363827397698, 0.03203326601567413, 0.03203237492733013, 0.03203155003786251, 0.03203092352473158, 0.03203021250936322, 0.03203022106236031, 0.03203017415481679, 0.032029608380630736, 0.03202938808946765, 0.03202853607579392, 0.03202824449008457, 0.032027880198845726, 0.03202812913876729, 0.032028240342188985, 0.03202777870970308, 0.03202785758139759, 0.032027308829305934, 0.03202831979991516, 0.03202725390347072, 0.03202634511745228, 0.03202660378107447, 0.03202624099110185, 0.03202580930327281, 0.03202525282286961, 0.032024918470139885, 0.0320248737222506, 0.03202512962369641, 0.032024690065431294, 0.03202399350876872, 0.03202341667253039, 0.032022945876316156, 0.032022831668745866, 0.032022618319171525, 0.03202183599483277, 0.032021410348269885, 0.03202116560011936, 0.032021560205014565, 0.03202132140862024, 0.03202124031620113, 0.032020904047505905, 0.03202113330577516, 0.0320208720284878, 0.032020490953700964, 0.032020965978833194, 0.03202037454698492, 0.032020087104652206, 0.032020574047399, 0.032020015703069005, 0.032019632335339665, 0.03201963500044158, 0.03201968987878301, 0.03201915921387366, 0.03201960607544785, 0.03201920854254592, 0.03201875379229635, 0.032018977683498706, 0.03201879774717864, 0.03201912184107136, 0.03201893084945984, 0.03201849202784368, 0.03201861143277507, 0.032018768195757885, 0.032018053624152, 0.032018293121141794, 0.03201794355099996, 0.03201780521585662, 0.03201769293512291, 0.032017814914620635, 0.03201779578713626, 0.032017668189695536, 0.0320176987653622, 0.03201821267104876, 0.032017066535213745, 0.032016896268361905, 0.03201702152685104, 0.032016753623330674, 0.032017291314599516, 0.032016998813723774, 0.032016598667050755, 0.032016566839734195, 0.032016569710933473, 0.0320161881831188, 0.03201594276220798, 0.03201661470428785, 0.03201587602017453, 0.03201551165413263, 0.03201546558158508, 0.03201562293063542, 0.03201569668277837, 0.03201561771029848, 0.03201544501194342, 0.03201526567267454, 0.032014796475434926, 0.03201451091067653, 0.032014483332585164, 0.032014525925167736, 0.03201484402787458, 0.03201447252876066, 0.03201419871431377, 0.03201409933666366, 0.03201436954156345, 0.03201407738705064, 0.03201428339140433, 0.03201381049730756, 0.03201349130564546, 0.03201375318763511, 0.03201337126013526, 0.03201344089100966, 0.032013425245765004, 0.03201328875778575, 0.03201314905657737, 0.032012999984845525, 0.03201354881504126, 0.03201314078263551, 0.03201284999362919, 0.03201306344565624, 0.03201286474168763, 0.03201296640981677, 0.03201293650604509, 0.032013221211838916, 0.03201268650167477, 0.03201273120784287, 0.03201266881069742, 0.03201279415937208, 0.032012668732100735, 0.03201256642068162, 0.032012515144431264, 0.03201252831765633, 0.03201251554155149, 0.03201258661505535, 0.032012428231411594, 0.032012372975429915, 0.032012447616119655, 0.032012337196992924, 0.03201223092070504, 0.032012213375055776, 0.032012288512919596, 0.03201221638549345, 0.032012257796404486, 0.032012078361713936, 0.03201198512864756, 0.03201203274278497, 0.03201198812833861, 0.032011945936630926, 0.03201194935241514, 0.03201188703096025, 0.03201184570628968, 0.03201186235521203, 0.03201180055859221, 0.03201180772042955, 0.03201184300150217, 0.03201177235341501, 0.03201186348967411, 0.032011812371891324, 0.032011686472256384, 0.032011636264362986, 0.03201161693373178, 0.032011600034743126, 0.03201170993225011, 0.032011626345609945, 0.03201158698944917, 0.032011678420540535, 0.03201144206166151, 0.032011427447332874, 0.032011461509914074, 0.03201145967757568, 0.032011422493240405, 0.03201142122104683, 0.032011418481182274, 0.03201137140816546, 0.032011309318147885, 0.03201140091410504, 0.032011270971477934, 0.032011226457760555, 0.03201115177899572, 0.03201119515758566, 0.03201116765310197, 0.032011138539419615, 0.032011207711472034, 0.032011061421119646, 0.03201114045545739, 0.03201103053277221, 0.03201108268077313, 0.03201106935716247, 0.03201098165742444, 0.03201101811139906, 0.03201098821929471, 0.032010972471682275, 0.032010997718838974, 0.03201101048830968, 0.03201092833214958, 0.03201090189903599, 0.03201104826913992, 0.03201090670863449, 0.03201086476020443, 0.032010865209707196, 0.03201085640764856, 0.03201082356485563, 0.03201084313004099, 0.032010823032247115, 0.03201079211036473, 0.032010768258324274, 0.0320107774886077, 0.03201077675840214, 0.0320107546061672, 0.03201075497108097, 0.03201076619738852, 0.03201072019182183, 0.032010716959611996, 0.0320107204512361, 0.032010697687835044, 0.03201067994157969, 0.03201065022552052, 0.03201064774571716, 0.03201065873097897, 0.0320106158100576, 0.03201058840112536, 0.032010571278696, 0.03201058467386364, 0.03201056802540725, 0.032010584197631364, 0.03201057373150129, 0.03201056016783166, 0.03201055610354486, 0.032010554783604483, 0.03201057598355972, 0.03201057180168576, 0.03201056277230041, 0.03201052440073404, 0.03201052757707279, 0.03201052439539731, 0.03201051882218631, 0.03201053772458118, 0.03201052324513931, 0.03201056403060487, 0.03201050356415225, 0.032010481069963514, 0.032010481127264456, 0.03201047694172665, 0.032010470006769154, 0.03201046977546529, 0.03201047254616096, 0.032010466536362414, 0.03201047030989024, 0.03201045862365648, 0.032010454932345556, 0.032010466607222954, 0.03201044623058846, 0.032010433677578054, 0.03201042666553344, 0.03201042620910688, 0.03201042625733663, 0.032010428719260964, 0.03201042911131724, 0.03201041945004157, 0.0320104090678357, 0.03201041212744671, 0.03201040814701939, 0.03201040028256874, 0.0320103968138612, 0.032010385797181184, 0.032010383622662286, 0.03201038420657765, 0.03201037919206229, 0.03201037001280238, 0.03201037392259576, 0.032010369038872555, 0.03201035977129041, 0.032010357868238026, 0.03201034880549858, 0.032010352513990425, 0.032010346562732606, 0.032010347255029936, 0.0320103516177046, 0.032010336488746294, 0.0320103294431594, 0.0320103316588779, 0.03201032902556067, 0.03201032178570262, 0.032010323868088, 0.032010323786097805, 0.032010318922216174, 0.03201032026432893, 0.03201031906151797, 0.032010322325653706, 0.03201031834712942, 0.03201031543803046, 0.032010312593501955, 0.03201031091932727, 0.03201030745383726, 0.03201030456118503, 0.0320103079508558, 0.032010304941011314, 0.03201030119657977, 0.032010299052597224, 0.03201029928437671, 0.032010294946144824, 0.032010290639110095, 0.032010287386962655, 0.03201028535762618, 0.03201028223172564, 0.03201028121318006, 0.032010278442564655, 0.0320102766713819, 0.03201027622695718, 0.032010272066195555, 0.03201026878725499, 0.03201026547834307, 0.032010263438265074, 0.03201026350882519, 0.0320102653971549, 0.032010260678048796, 0.03201025785301603, 0.0320102557584635, 0.032010253211673056, 0.03201025535655966, 0.032010252690022, 0.03201025098539634, 0.03201024748188974, 0.032010249115113854, 0.032010247474473896, 0.03201024534037755, 0.032010244250183284, 0.032010245256210434, 0.032010243374959724, 0.032010239513314165, 0.03201023860000107, 0.03201023921722235, 0.03201023565523786, 0.03201023195476427, 0.03201023109735135, 0.03201023015285909, 0.03201023003985237, 0.032010229834380066, 0.03201022434296952, 0.03201022035749368, 0.0320102189278485, 0.03201021631629464, 0.0320102137833006, 0.0320102112268662, 0.03201020803248711, 0.03201020439466473, 0.03201020130594068, 0.03201019859909471, 0.03201019727281729, 0.03201019686744877, 0.032010196999745166, 0.03201019429135643, 0.03201019114309123, 0.032010189039971215, 0.03201018588673943, 0.0320101832010089, 0.032010180477170413, 0.03201017796866501, 0.03201017799964889, 0.03201017785581384, 0.032010176768831, 0.03201017481654156, 0.03201017336612888, 0.0320101718570337, 0.03201017124101413, 0.03201017009485296, 0.03201016908778165, 0.03201016941325163, 0.03201017123202177, 0.0320101679646827, 0.03201016489438879, 0.032010164400890884, 0.03201016476881391, 0.032010164737971025, 0.03201016355491393, 0.03201016185226313, 0.032010161610412924, 0.03201016283536595, 0.032010162732521774, 0.03201016160601278, 0.03201015954323494, 0.032010160034500856, 0.03201015998972667, 0.03201015817037767, 0.03201015620759817, 0.032010156012027946, 0.03201015635086313, 0.03201015496320592, 0.03201015481130287, 0.03201015698292409, 0.03201015161637988, 0.03201015030393717, 0.032010149432466606, 0.03201014917680145, 0.0320101492319963, 0.0320101490805228, 0.03201015046338995, 0.03201014853818174, 0.03201014649554079, 0.032010144865952106, 0.032010144618422665, 0.03201014572065908, 0.03201014235595745, 0.03201014101622779, 0.03201014126060353, 0.0320101413030468, 0.03201014033481375, 0.032010140684353594, 0.03201013981856393, 0.03201013864931512, 0.032010137261179405, 0.03201013668715402, 0.03201013693453303, 0.032010136906636455, 0.032010136518926924, 0.032010138039483826, 0.032010134825359304, 0.03201013655973661, 0.03201013487834836, 0.03201013544356157, 0.032010134454030226, 0.03201013434288358, 0.03201013404158326, 0.03201013384830231, 0.032010133984484046, 0.03201013332599123, 0.03201013330836111, 0.03201013318745105, 0.0320101321425984, 0.03201013170663103, 0.03201013159253685, 0.03201013162525457, 0.03201013145038378, 0.03201013158234578, 0.03201013128148533, 0.03201013070647696, 0.03201013013293541, 0.03201012935365999, 0.032010129457120784, 0.032010129233799534, 0.03201012906594802, 0.032010129068174575, 0.03201012846008522, 0.03201012809928838, 0.0320101281076095, 0.03201012799542524, 0.0320101274981166, 0.0320101273547011, 0.032010127421905565, 0.03201012702131378, 0.03201012640260603, 0.03201012605055997, 0.032010126527797, 0.03201012619735666, 0.03201012608868781, 0.03201012586412211, 0.03201012610905973, 0.03201012579619156, 0.03201012530495373, 0.03201012536116399, 0.032010125052358784, 0.03201012511525192, 0.03201012514303081, 0.03201012479039733, 0.0320101247171517, 0.03201012448750584, 0.03201012435864792, 0.03201012448057039, 0.03201012408377368, 0.03201012380950585, 0.03201012359442812, 0.03201012336739539, 0.03201012306329187, 0.03201012282007332, 0.03201012258888358, 0.03201012245308699, 0.03201012214314136, 0.032010121924756274, 0.03201012164552075, 0.03201012147889115, 0.03201012127644909, 0.032010121105263134, 0.032010121106231804, 0.03201012108184342, 0.032010121060578545, 0.03201012091188271, 0.03201012063995734, 0.03201012044473506, 0.03201012033353334, 0.03201012028649386, 0.03201012042092233, 0.032010120298303524, 0.03201012030883266, 0.03201011993793568, 0.03201011984772284, 0.03201011965589995, 0.03201011967920342, 0.03201011968153644, 0.032010119486634014, 0.0320101194672775, 0.03201011959714206, 0.03201011939422638, 0.03201011939949927, 0.03201011910970053, 0.032010118892631945, 0.03201011866607373, 0.03201011850378077, 0.03201011831232348, 0.03201011818965238, 0.03201011803079745, 0.03201011794167408, 0.032010117867705024, 0.032010117721710696, 0.0320101175769647, 0.03201011746942317, 0.03201011754005978, 0.032010117404304705, 0.03201011744830662, 0.03201011740678328, 0.03201011718143543, 0.032010117048863806, 0.032010116941134426, 0.03201011704123846, 0.03201011702639733, 0.03201011681038268, 0.03201011664394082, 0.03201011658404718, 0.03201011659171993, 0.03201011653826169, 0.03201011668066289, 0.03201011667445852, 0.03201011627550643, 0.03201011616256477, 0.032010116119827514, 0.03201011612351701, 0.03201011616501792, 0.03201011614000804, 0.03201011594944392, 0.032010115870254596, 0.032010115728735467, 0.03201011565865064, 0.03201011578689572, 0.03201011556155409, 0.03201011539346188, 0.032010115311032594, 0.03201011531330056, 0.03201011522405239, 0.032010115264780814, 0.03201011533399756, 0.03201011504214257, 0.03201011512765095, 0.03201011501145079, 0.03201011485560634, 0.03201011467863968, 0.03201011453011582, 0.032010114432104664, 0.03201011435933043, 0.032010114352836294, 0.03201011445208668, 0.03201011415707322, 0.032010113999665024, 0.032010113956479236, 0.032010113945833085, 0.03201011387757724, 0.03201011377559593, 0.032010113707959476, 0.03201011353958749, 0.03201011337839699, 0.03201011327800907, 0.032010113123760564, 0.032010113011918806, 0.03201011290719136, 0.0320101128570951, 0.032010112838579796, 0.03201011279249433, 0.03201011279591914, 0.032010112758365517, 0.03201011268411014, 0.03201011252408892, 0.032010112459291085, 0.03201011251070207, 0.032010112439906924, 0.03201011256353581, 0.032010112502592225, 0.03201011236338536, 0.03201011230264239, 0.032010112384241673, 0.03201011218541594, 0.032010112219852394, 0.032010112228196275, 0.0320101122047447, 0.032010112179118755, 0.03201011220332883, 0.032010112226768306, 0.03201011209575666, 0.03201011206393045, 0.03201011210555116, 0.0320101120132138, 0.03201011198581649, 0.03201011195798842, 0.03201011191175296, 0.03201011187961178, 0.03201011186300595, 0.03201011187588465, 0.032010111821005216, 0.03201011176721047, 0.032010111752824755, 0.03201011171001056, 0.03201011164936396, 0.03201011162847178, 0.03201011163697787, 0.03201011162625411, 0.032010111604007685, 0.0320101116149184, 0.032010111563245736, 0.032010111572858824, 0.03201011158788325, 0.032010111518554485, 0.03201011150399358, 0.032010111553778864, 0.03201011149149058, 0.03201011144810795, 0.03201011145482402, 0.03201011141812793, 0.03201011140026433, 0.03201011138798615, 0.03201011142528709, 0.032010111340176506, 0.03201011132393494, 0.03201011130386122, 0.03201011136617038, 0.03201011130001008, 0.03201011125772035, 0.03201011125536568, 0.03201011124724873, 0.03201011130028242, 0.032010111230268534, 0.03201011117812358, 0.03201011114025076, 0.032010111095721605, 0.03201011106425067, 0.03201011104620555, 0.0320101110424722, 0.03201011106092699, 0.032010111027853005, 0.032010111005573605, 0.032010110966106176, 0.03201011098317319, 0.0320101109622799, 0.032010110947294335, 0.0320101109573564, 0.03201011094439998, 0.032010110908726075, 0.032010110940856484, 0.032010110903966105, 0.03201011088652994, 0.03201011089213435, 0.03201011088066841, 0.03201011084324101, 0.032010110840491546, 0.03201011083447458, 0.03201011080740346, 0.03201011078320137, 0.03201011076951321, 0.03201011073830884, 0.032010110722863305, 0.032010110755849364, 0.03201011072285931, 0.03201011069571558, 0.03201011068388293, 0.03201011067771353, 0.03201011068170445, 0.03201011067962112, 0.03201011068800641, 0.03201011065246484, 0.032010110670953607, 0.032010110658951985, 0.0320101106488736, 0.03201011065824466, 0.03201011063710757, 0.032010110636702005, 0.03201011061679471, 0.032010110593430396, 0.032010110609627884, 0.0320101105759214, 0.03201011057424996, 0.03201011055768799, 0.0320101105444196, 0.03201011055012448, 0.032010110547950554, 0.03201011054672931, 0.03201011051829661, 0.03201011049255009, 0.0320101105208882, 0.032010110491115684, 0.03201011047086344, 0.0320101104451741, 0.032010110423878135, 0.03201011040760171, 0.03201011041758772, 0.03201011041229851, 0.03201011038537127, 0.03201011036829393, 0.0320101103945275, 0.0320101103703172, 0.03201011037041046, 0.03201011036593293, 0.03201011037254786, 0.03201011036056545, 0.03201011034603696, 0.032010110342659326, 0.032010110349692256, 0.032010110337955644, 0.0320101103688788, 0.03201011035926271, 0.03201011030972345, 0.03201011030393164, 0.032010110307470585, 0.03201011031922352, 0.03201011030466372, 0.03201011032141199, 0.032010110285763616, 0.03201011028305778, 0.032010110280154325, 0.03201011032264833, 0.03201011027678413, 0.032010110258184454, 0.03201011027516176, 0.032010110261719515, 0.03201011026860534, 0.03201011027308387, 0.03201011025260858, 0.03201011025572864, 0.03201011024995459, 0.03201011024546274, 0.032010110245607515, 0.03201011025047373, 0.032010110252109425, 0.03201011024437772, 0.03201011023596656, 0.03201011023895095, 0.03201011023328382, 0.032010110230997424, 0.032010110227037925, 0.032010110222460364, 0.03201011023181044, 0.03201011022834899, 0.03201011021512201, 0.032010110208884446, 0.03201011020678146, 0.03201011020329381, 0.03201011020610922, 0.032010110204218845, 0.03201011019517641, 0.032010110193375074, 0.032010110192382424, 0.0320101101854815, 0.03201011018946709, 0.03201011018863342, 0.03201011017858435, 0.032010110182415175, 0.03201011018055522, 0.032010110179269136, 0.03201011017966815, 0.03201011017526867, 0.032010110178186, 0.03201011017586275, 0.03201011017439015, 0.03201011017936206, 0.032010110174091166, 0.03201011016942279, 0.03201011016691924, 0.03201011016640598, 0.032010110166578065, 0.03201011016438415, 0.03201011016325894, 0.0320101101698701, 0.03201011016225297, 0.03201011015666655, 0.03201011015422195, 0.0320101101523933, 0.032010110150449744, 0.03201011015072808, 0.032010110149299664, 0.032010110150434534, 0.032010110148658844, 0.03201011015238331, 0.0320101101485194, 0.03201011014430377, 0.03201011014296573, 0.0320101101447785, 0.032010110143420256, 0.03201011013928623, 0.03201011013737143, 0.032010110136203807, 0.03201011013622368, 0.03201011013598065, 0.032010110137215886, 0.032010110132173475, 0.03201011012936561, 0.03201011013014066, 0.032010110129737424, 0.03201011012628163, 0.03201011012635402, 0.03201011012609434, 0.032010110123914415, 0.03201011012241728, 0.032010110122201785, 0.03201011012374, 0.03201011011887234, 0.03201011011855226, 0.03201011011973087, 0.032010110114921164, 0.03201011011123356, 0.032010110108061096, 0.032010110104922496, 0.032010110102613676, 0.032010110099494504, 0.032010110096358346, 0.032010110093871, 0.0320101100919441, 0.032010110092196675, 0.03201011009226584, 0.032010110088819044, 0.032010110086168386, 0.03201011008472521, 0.03201011008188581, 0.032010110079949916, 0.032010110079690235, 0.03201011008052579, 0.03201011007879517, 0.03201011007965071, 0.03201011007693366, 0.03201011007691468, 0.03201011007862753, 0.03201011007331456, 0.03201011007157495, 0.03201011006972021, 0.03201011006846033, 0.032010110069800035, 0.032010110068369624, 0.03201011006923993, 0.032010110068135034, 0.032010110065651465, 0.032010110064673136, 0.03201011006450993, 0.03201011006540022, 0.03201011006387344, 0.032010110066822084, 0.032010110063804054, 0.03201011006018095, 0.03201011006044574, 0.032010110059706665, 0.032010110058012464, 0.03201011005752741, 0.03201011005746757, 0.0320101100563317, 0.03201011005882182, 0.032010110056236774, 0.03201011005372423, 0.03201011005189647, 0.03201011005140819, 0.0320101100523269, 0.03201011005028076, 0.03201011004824106, 0.0320101100482566, 0.032010110048327545, 0.03201011004865828, 0.03201011004843579, 0.03201011004804888, 0.032010110047086426, 0.03201011004688703, 0.032010110046991724, 0.03201011004637122, 0.03201011004634535, 0.03201011004666676, 0.03201011004600307, 0.0320101100452429, 0.032010110044850326, 0.032010110045216034, 0.03201011004399801, 0.03201011004340093, 0.03201011004293364, 0.03201011004254295, 0.03201011004227483, 0.03201011004272114, 0.032010110041697626, 0.03201011004136434, 0.03201011004088339, 0.032010110040171846, 0.03201011003945964, 0.03201011003917231, 0.032010110038811046, 0.032010110037919426, 0.032010110037127726, 0.0320101100364224, 0.032010110035778916, 0.03201011003548637, 0.032010110035134764, 0.032010110034857875, 0.032010110034403794, 0.03201011003382248, 0.03201011003310228, 0.03201011003241838, 0.03201011003187337, 0.03201011003155618, 0.03201011003122656, 0.03201011003073928, 0.03201011003065313, 0.03201011003080223, 0.032010110030535555, 0.03201011003028986, 0.03201011002973664, 0.03201011002965948, 0.03201011002966836, 0.03201011003038301, 0.03201011002961196, 0.03201011002898413, 0.03201011002873655, 0.032010110028706906, 0.03201011002832421, 0.03201011002854892, 0.03201011002826781, 0.032010110027741234, 0.032010110027820504, 0.03201011002779153, 0.0320101100275163, 0.03201011002762966, 0.0320101100277167, 0.03201011002748222, 0.032010110027276606, 0.03201011002653931, 0.0320101100261474, 0.032010110025913474, 0.032010110025879945, 0.03201011002577203, 0.032010110025533, 0.03201011002533194, 0.032010110025736616, 0.032010110025521565, 0.03201011002479803, 0.03201011002522003, 0.032010110024876526, 0.032010110024822236, 0.032010110024839555, 0.032010110024365046, 0.0320101100244522, 0.03201011002435383, 0.032010110024062954, 0.03201011002435583, 0.03201011002446308, 0.0320101100234258, 0.032010110023286464, 0.032010110023103944, 0.03201011002304188, 0.03201011002328691, 0.032010110023149685, 0.032010110023030225, 0.032010110023347305, 0.0320101100225193, 0.0320101100224125, 0.0320101100219905, 0.03201011002217169, 0.032010110022046456, 0.03201011002149001, 0.03201011002126686, 0.032010110020983085, 0.03201011002065213, 0.03201011002053167, 0.03201011002003962, 0.03201011001988663, 0.0320101100197846, 0.032010110019751625, 0.03201011001945886, 0.03201011001970133, 0.03201011001951737, 0.032010110019475846, 0.03201011001973231, 0.032010110018984905, 0.03201011001867471, 0.032010110018330984, 0.03201011001804377, 0.032010110017834714, 0.03201011001763732, 0.03201011001757492, 0.03201011001759346, 0.03201011001785903, 0.03201011001777254, 0.03201011001760423, 0.0320101100173652, 0.03201011001710452, 0.03201011001724652, 0.03201011001718723, 0.03201011001689735, 0.0320101100165634, 0.032010110016327364, 0.032010110016306714, 0.03201011001641463, 0.032010110015897375, 0.032010110015595505, 0.03201011001540632, 0.032010110015318394, 0.03201011001540832, 0.032010110015116555, 0.032010110015476045, 0.032010110015197824, 0.03201011001496967, 0.03201011001483467, 0.03201011001463494, 0.03201011001477283, 0.03201011001472087, 0.03201011001447607, 0.032010110014341064, 0.03201011001459675, 0.032010110014259574, 0.03201011001397347, 0.03201011001382725, 0.032010110013836135, 0.03201011001374543, 0.03201011001358045, 0.032010110013478976, 0.03201011001326959, 0.032010110013483195, 0.03201011001323428, 0.032010110013042326, 0.0320101100134087, 0.03201011001319454, 0.032010110012894444, 0.03201011001292153, 0.032010110012927195, 0.03201011001274168, 0.03201011001278797, 0.032010110012763215, 0.032010110012510085, 0.03201011001248821, 0.03201011001247567, 0.032010110012223314, 0.03201011001197218, 0.03201011001175336, 0.03201011001165366, 0.03201011001161569, 0.03201011001153875, 0.03201011001150944, 0.03201011001144882, 0.032010110011498116, 0.032010110011406856, 0.03201011001132548, 0.0320101100117246, 0.03201011001121534, 0.03201011001139076] 

Smallest VQE eingenvalue optimizer final message:
{   'aux_operators_evaluated': None,
    'cost_function_evals': 2265,
    'eigenvalue': 0.03201011001139076,
    'optimal_circuit': <qiskit.circuit.library.n_local.real_amplitudes.RealAmplitudes object at 0x00000204102B3E00>,
    'optimal_parameters': {   ParameterVectorElement(θ[3]): -1.5707962829277986,
                              ParameterVectorElement(θ[2]): 4.751677982277431,
                              ParameterVectorElement(θ[1]): 0.546858419002709,
                              ParameterVectorElement(θ[0]): 1.950544919224379e-07,
                              ParameterVectorElement(θ[4]): -1.565488972871867e-06,
                              ParameterVectorElement(θ[5]): -0.9779009208143736,
                              ParameterVectorElement(θ[6]): -1.4749086412577055,
                              ParameterVectorElement(θ[7]): -1.5707975518908208},
    'optimal_point': array([ 1.95054492e-07,  5.46858419e-01,  4.75167798e+00, -1.57079628e+00,
       -1.56548897e-06, -9.77900921e-01, -1.47490864e+00, -1.57079755e+00]),
    'optimal_value': 0.03201011001139076,
    'optimizer_evals': None,
    'optimizer_result': <qiskit_algorithms.optimizers.optimizer.OptimizerResult object at 0x0000020419EB0980>,
    'optimizer_time': 5.109966993331909}
     ┌──────────┐ ░                 ░ ┌──────────┐
q_0: ┤ Ry(θ[0]) ├─░─────────────■───░─┤ Ry(θ[4]) ├
     ├──────────┤ ░           ┌─┴─┐ ░ ├──────────┤
q_1: ┤ Ry(θ[1]) ├─░────────■──┤ X ├─░─┤ Ry(θ[5]) ├
     ├──────────┤ ░      ┌─┴─┐└───┘ ░ ├──────────┤
q_2: ┤ Ry(θ[2]) ├─░───■──┤ X ├──────░─┤ Ry(θ[6]) ├
     ├──────────┤ ░ ┌─┴─┐└───┘      ░ ├──────────┤
q_3: ┤ Ry(θ[3]) ├─░─┤ X ├───────────░─┤ Ry(θ[7]) ├
     └──────────┘ ░ └───┘           ░ └──────────┘
The number of ansatz parameters is: 
 8
Line for latex table
RA r1 rl & $1\mathrm{e}{-07}$ & 54/100 &4045 & $3.201\mathrm{e}{-02}$ & $2.0881\mathrm{e}{-12}$ & $3.201\mathrm{e}{-02}$ & $4.7654\mathrm{e}{-11}$ & - & 00h 26m 04s\\

