RA_r1_rl
03m34s__488
1e-06
3.367134349119283e-11
9.399148126476575e-13
1.3705148127485245e-12
2.8294977472143046e-11
1.8101631305000865e-12
2.15322204510926e-12
1.1002865285547614e-12
2.0655144261638725e-12
1.2619905120914154e-12
7.108980071279802e-12
1.9881873924987303e-12
9.556799795973347e-13
4.5862758035752904e-12
8.676948048957911e-12
2.5028312755637216e-12
6.139422303874653e-12
1.1875500582902987e-12
3.795519454286023e-12
3.921141189522359e-12
5.369038547087257e-13
7.672751323184457e-13
5.023204074916521e-13
4.048400503720018e-11
1.0754508394938966e-11
1.4613865673140936e-12
2.4683033394978793e-12
1.1969314428483813e-12
4.0831060754698e-11
9.523493105234593e-13
1.4582612894997737e-10
1.5853596213588617e-11
1.855959830265874e-12
1.4560574967958928e-12
1.4458434449693414e-12
2.5954238758174597e-12
1.5120016350067544e-11
4.942213305270116e-12
6.211697822777751e-13
2.793820730317975e-12
5.62161428518948e-13
3.0559443864319746e-12
9.471867734589523e-13
1.1962653090336062e-12
7.765454945740657e-13
8.245626403891038e-13
1.1048439940708477e-11
2.009614696873996e-12
1.227151713578678e-11
9.577894033441225e-13
8.027023490342344e-12
1.5524803664845876e-12
1.8895995879120164e-12
1.6420198534206065e-12
3.790107117040975e-11
5.663247648612924e-13
2.355171613288576e-12
8.594791545135649e-13
2.7198243657267085e-12
8.159584119482588e-13
1.8158252679256748e-12
1.0302869668521453e-12
9.590106486712102e-13
8.70248317852429e-13
6.52145004664817e-13
4.1761039071275263e-13
1.7347789871280384e-12
4.2274850287071786e-11
1.2317924458216112e-12
7.111256028480284e-12
1.009359262837961e-12
9.264450318013928e-11
4.107714168810617e-12
1.6609491559904654e-12
5.196398866758045e-13
2.1619928070037986e-12
3.1367075603583316e-11
1.863842413740713e-12
1.0871858968641845e-12
3.385902669350571e-12
6.261657858885883e-13
7.555012171422959e-12
2.951289213015684e-11
5.907496714030458e-13
4.968803146709888e-13
6.230571614196379e-13
4.465594560798536e-12
2.341460358934455e-13
7.92310661523743e-13
2.0823842650230517e-11
2.3094415269042656e-11
1.0486056467584604e-12
3.713640506219917e-12
1.9329537970236288e-12
1.501299085049368e-12
1.5791812302268227e-12
2.200317705813859e-11
1.3863687975401717e-11
2.955025113493548e-12
