RA_r1_rl
01m27s__327
1e-05
7.571961335717248e-09
4.5152935834735786e-09
3.8294034609975824e-11
5.4701299045945007e-11
1.0224004975967205e-10
2.648202768185115e-10
5.384602208557965e-10
1.1136734062722198e-07
2.3484515998539734e-09
4.522970886711164e-11
1.550330419597401e-10
7.393768930441524e-11
7.131500945334324e-11
1.8057622064304724e-10
8.865719269834926e-11
4.2666475907893187e-10
4.1203651601762203e-11
4.073930082171273e-11
2.7235325106289565e-11
1.3061840498096444e-10
1.2509682734140881e-09
9.777068044058979e-11
9.607503681507978e-11
9.639422593465952e-11
1.533985105606206e-09
9.255139432617909e-10
5.0475512658465505e-11
6.725723311618026e-10
8.2666928857833e-11
1.0909474990050683e-09
3.0353275448646855e-10
1.4205570053604788e-10
8.379857918683342e-11
1.7267700047618462e-09
2.0934032285424564e-11
8.33265123567628e-11
2.8895154602359696e-09
5.786610079994148e-11
3.706923656920935e-11
4.229061545402146e-11
6.594658152891952e-11
8.03461741583078e-11
9.128220401777298e-11
6.459927037738566e-11
4.6000310782723375e-09
1.1088518991897445e-11
2.870111925901142e-10
3.8738845464791893e-11
4.5579057195155315e-10
4.385675156370894e-11
9.153588997889983e-11
8.736522616459297e-11
3.1453006865689304e-11
7.590506001520225e-11
5.814743131438149e-11
1.7309792488262588e-10
5.939665426168972e-11
4.545913645515043e-11
9.77275482760831e-11
3.1061098137996623e-11
1.3850504076984294e-10
4.511357953873585e-11
3.14933079614832e-11
2.2221280371326202e-11
4.354150373586663e-11
1.456477161099201e-10
3.7347741566051695e-10
2.9778146615200285e-10
6.163952681603746e-11
6.456246648411934e-11
1.1502513941330506e-09
8.269490647805355e-11
1.4398571224205625e-10
4.490757765651665e-11
5.214473297598943e-11
7.909056742860798e-11
2.1577450937115827e-10
5.6025684092020356e-11
6.391953633055891e-11
1.6184265039242973e-10
9.678718937422559e-11
3.151116589883429e-10
4.4510617414061926e-11
4.035051737183437e-10
6.053857415366792e-11
1.621237033511136e-10
2.1359969348822005e-11
1.8218304642658723e-10
1.0887019064043102e-10
1.218480039089087e-09
7.433326176808919e-11
3.562428130265971e-11
4.2125458676878225e-10
4.370948047949241e-11
4.6870396452902696e-11
1.488195067178566e-09
5.269035763255658e-10
1.5189699498208142e-10
7.223313336357506e-09
6.57564891426432e-10
