RA_r1_rl
19s__58
1e-03
-0.4374984839709879
-0.437499475904614
-0.4374619048293089
-0.43749812012881906
-0.43749773071206066
-0.43749897683557715
-0.4374993188007308
-0.4374965672830998
-0.4374995067550653
-0.43749949563348245
-0.4374993396403233
-0.43749929507726937
-0.43749991500925756
-0.43749907947781974
-0.4374994982346616
-0.43749838863316803
-0.4374981081703818
-0.4374572317255132
-0.43749916629900376
-0.4374994335133827
-0.4374973990671811
-0.4374989701733699
-0.43749927527589716
-0.43749952921659974
-0.4374994400007878
-0.43749971441622537
-0.4374991466744146
-0.4374986054711556
-0.43749702031881177
-0.43749940492489026
-0.4374995099794431
-0.43749982724911574
-0.43749936911994713
-0.4374975934467482
-0.4374964440122169
-0.43749924497499304
-0.4374995663996182
-0.4374998471107123
-0.43749942270147213
-0.43749989168260917
-0.4374997534258681
-0.43748636617181913
-0.43749594021653926
-0.43749699544090037
-0.4374993387772421
-0.4374986245910233
-0.437497457181401
-0.4374991874839893
-0.43749905031515657
-0.43749460221639636
-0.43749941648437296
-0.43749912531304624
-0.43749953647995565
-0.43749973216294546
-0.4374999657372538
-0.43749938268240307
-0.43749899167917183
-0.4374994874546938
-0.43749999248296945
-0.4374980153995047
-0.4374997463269543
-0.4374994686506567
-0.4374946699370872
-0.43749971865354775
-0.43749883267341794
-0.4374969455332819
-0.4374985554454248
-0.4374997710164831
-0.4374999630298052
-0.437493633011931
-0.43748348691176364
-0.43749965146755976
-0.4374966515848746
-0.4374992021948316
-0.4374993023028182
-0.4374981039137703
-0.43749919144730254
-0.43749952975232353
-0.4374990695064387
-0.43749850097535836
-0.4374994173611859
-0.4374992387216754
-0.43749794779042017
-0.437497699727313
-0.4374925897757833
-0.4374992923987038
-0.43749904294072217
-0.4374573813341305
-0.4374988387845974
-0.43749930990258146
-0.43749986764952453
-0.4374991859590034
-0.43749985213484854
-0.4374983364552356
-0.43749834869559434
-0.4374995359854075
-0.43749821388999977
-0.43749779539463796
-0.43749967555905145
-0.4374985136305296
