RA_r1_rl
15m44s__96
1e-08
0.3648947786066514
0.35760583923976696
0.35787152466471617
0.3600505614549032
0.3618425924765818
0.3572744683898683
0.39482505267459533
0.3612061963735136
0.35835436737719073
0.36194294961032836
0.361559749764107
0.3583008139865975
0.3586907634802585
0.35911416535183527
0.3572744683898683
0.3572330470336311
0.3581028955146146
0.3581644178835295
0.3712970693387736
0.3581443168708518
0.3572744683898683
0.35734517906798713
0.3572330470336311
0.365844526074957
0.3692453882720923
0.42455416868612117
0.3869737287416606
0.37208802895921145
0.4008490208840243
0.36249944672607404
0.376010063570265
0.3795447352790624
0.36147690705163216
0.3574280217804615
0.3591150275489703
0.35813721008966537
0.3791284401886723
0.3572330470336311
0.3613890390859884
0.36431366028844714
0.35880081398659724
0.35985056145490324
0.3622053341763787
0.3639885340225999
0.36348559029744765
0.3573573111023429
0.36999894166268543
0.3627902584168703
0.35851710907698764
0.35802507805530936
0.36624366387782215
0.3601304604422255
0.36809132981811077
0.35980705857064876
0.36534416894121025
0.3587079207677837
0.3579229965272923
0.3735409293567751
0.36077396332647993
0.36632787385082
0.3604840138328189
0.35926649941154665
0.37014437814531576
0.3657219864005157
0.37443590410360583
0.38387904985411314
0.35852005280213994
0.5358277215665366
0.36238228943854844
0.3583857382270892
0.3573573111023429
0.35763512856164814
0.3572330470336311
0.35822005280214
0.37054280168068665
0.3590555867080727
0.6767884027643881
0.36599269707863424
0.3606103594295478
0.3581443168708518
0.37664315881443367
0.3586907634802583
0.36730102319070257
0.3589150275489703
0.3579401538148175
0.35766441788352976
0.3763676320872511
0.3591200528021399
0.35938487602995384
0.35762299652729235
0.3580664994115468
0.3586878197551062
0.35898071297391976
0.35811294602095334
0.359394926536293
0.36140827790153063
0.3583392916176824
0.3573573111023429
0.4103766470860992
0.38130474245781265
