0.3648947786066514 0.0022063254519675956
0.35760583923976696 0.0005193813627769162
0.35787152466471617 0.000640029686811468
0.3600505614549032 0.0012127664655654101
0.3618425924765818 0.0015102758026267957
0.3572744683898683 0.00017319642028632774
0.39482505267459533 0.004598801039401466
0.3612061963735136 0.0014139386478910615
0.35835436737719073 0.0006554342072244816
0.36194294961032836 0.001829702024920996
0.361559749764107 0.0014772342400580867
0.3583008139865975 0.0006517073729826807
0.3586907634802585 0.0008089465371704173
0.35911416535183527 0.0011423738442383855
0.3572744683898683 0.00017319642028632774
0.3572330470336311 0.0
0.3581028955146146 0.0007928915436552431
0.3581644178835295 0.0004898122089127598
0.3712970693387736 0.00310885614012614
0.3581443168708518 0.0008115097041933585
0.3572744683898683 0.00017319642028632774
0.35734517906798713 0.00023450906165859955
0.3572330470336311 0.0
0.365844526074957 0.002376916910621824
0.3692453882720923 0.00244707549944827
0.42455416868612117 0.0063377325992818615
0.3869737287416606 0.004241637714374013
0.37208802895921145 0.002688776394570588
0.4008490208840243 0.005162271883579942
0.36249944672607404 0.0017385226486876734
0.376010063570265 0.0032093610734848766
0.3795447352790624 0.0034729739417392685
0.36147690705163216 0.0014568586067288723
0.3574280217804615 0.00033908479765391007
0.3591150275489703 0.0008272378738911764
0.35813721008966537 0.0007412563659085853
0.3791284401886723 0.003404912553943201
0.3572330470336311 0.0
0.3613890390859884 0.0014621632945741748
0.36431366028844714 0.001961720928164863
0.35880081398659724 0.0005872252549064906
0.35985056145490324 0.0012453876906409558
0.3622053341763787 0.0016429808276422495
0.3639885340225999 0.0020376041077697095
0.36348559029744765 0.002071378888566743
0.3573573111023429 0.0002999549966245008
0.36999894166268543 0.002475290084010358
0.3627902584168703 0.00169166737274205
0.35851710907698764 0.0009628691499887198
0.35802507805530936 0.0007032222266111943
0.36624366387782215 0.0024906052477259417
0.3601304604422255 0.001358343660492442
0.36809132981811077 0.002683223434602492
0.35980705857064876 0.0011564116913971452
0.36534416894121025 0.0021163672885394927
0.3587079207677837 0.0007838070553395101
0.3579229965272923 0.0004794966110412105
0.3735409293567751 0.0033653483474968835
0.36077396332647993 0.0014964989141325827
0.36632787385082 0.002083106574325949
0.3604840138328189 0.0013819681617171986
0.35926649941154665 0.0006816879784769512
0.37014437814531576 0.003006315602194819
0.3657219864005157 0.0022030099863595736
0.37443590410360583 0.0033771562001186748
0.38387904985411314 0.003495776165603283
0.35852005280213994 0.00074113021797791
0.5358277215665366 0.008594108912505125
0.36238228943854844 0.0017957742062965469
0.3583857382270892 0.0008537616763476788
0.3573573111023429 0.0002999549966245008
0.35763512856164814 0.0005146197625431785
0.3572330470336311 0.0
0.35822005280214 0.0007805773504272386
0.37054280168068665 0.0027582695662317007
0.3590555867080727 0.0011463821352411272
0.6767884027643881 0.0074693816678490866
0.36599269707863424 0.002204223786279428
0.3606103594295478 0.0015166774541740863
0.3581443168708518 0.0008115097041933585
0.37664315881443367 0.003073148466963481
0.3586907634802583 0.0008450269226480383
0.36730102319070257 0.0024283553076104823
0.3589150275489703 0.0009076136292498014
0.3579401538148175 0.0003605190702306625
0.35766441788352976 0.0005097872105104094
0.3763676320872511 0.003616598056184844
0.3591200528021399 0.0007806753486565368
0.35938487602995384 0.0011708977325112547
0.35762299652729235 0.0004794934827502748
0.3580664994115468 0.0007241867852978284
0.3586878197551062 0.00098620560736593
0.35898071297391976 0.0009611147173985051
0.35811294602095334 0.0006925799592826742
0.359394926536293 0.0010782752431545556
0.36140827790153063 0.0015107656999018765
0.3583392916176824 0.0008793284369335501
0.3573573111023429 0.0002999549966245008
0.4103766470860992 0.005792385777898431
0.38130474245781265 0.003997681953332455
