With Shot Noise
02/11/2024 18:35:45 

VQEr_100_shots_10000_COBYLA_maxIter_10000_tol_1e-08_RA_r1_rl 

Reference value: 3.5723304703e-01 

Number of pauli strings:  4
Qubits:  2
VQE runs:  100
Optimizer:  COBYLA
Max iterations:  10000
Optimizers's tolerance:  1e-08
Ansatz:  RA_r1_rl 

All run converged!!!
Number of iterations for each converged VQE run:
[100, 82, 92, 121, 97, 91, 86, 113, 94, 92, 81, 81, 96, 109, 115, 83, 95, 85, 107, 97, 100, 94, 109, 112, 89, 105, 112, 93, 87, 78, 95, 90, 112, 100, 87, 88, 84, 91, 109, 83, 99, 93, 98, 94, 103, 104, 95, 110, 100, 88, 95, 97, 122, 93, 104, 92, 98, 101, 118, 81, 86, 94, 117, 83, 113, 78, 86, 124, 98, 114, 91, 95, 84, 87, 94, 77, 103, 78, 107, 113, 120, 96, 106, 83, 89, 102, 91, 89, 92, 85, 79, 107, 98, 92, 80, 81, 92, 84, 100, 105] 

Average iterations of converged run:
96 

VQE eigenvalues:
[0.3648947786066514, 0.35760583923976696, 0.35787152466471617, 0.3600505614549032, 0.3618425924765818, 0.3572744683898683, 0.39482505267459533, 0.3612061963735136, 0.35835436737719073, 0.36194294961032836, 0.361559749764107, 0.3583008139865975, 0.3586907634802585, 0.35911416535183527, 0.3572744683898683, 0.3572330470336311, 0.3581028955146146, 0.3581644178835295, 0.3712970693387736, 0.3581443168708518, 0.3572744683898683, 0.35734517906798713, 0.3572330470336311, 0.365844526074957, 0.3692453882720923, 0.42455416868612117, 0.3869737287416606, 0.37208802895921145, 0.4008490208840243, 0.36249944672607404, 0.376010063570265, 0.3795447352790624, 0.36147690705163216, 0.3574280217804615, 0.3591150275489703, 0.35813721008966537, 0.3791284401886723, 0.3572330470336311, 0.3613890390859884, 0.36431366028844714, 0.35880081398659724, 0.35985056145490324, 0.3622053341763787, 0.3639885340225999, 0.36348559029744765, 0.3573573111023429, 0.36999894166268543, 0.3627902584168703, 0.35851710907698764, 0.35802507805530936, 0.36624366387782215, 0.3601304604422255, 0.36809132981811077, 0.35980705857064876, 0.36534416894121025, 0.3587079207677837, 0.3579229965272923, 0.3735409293567751, 0.36077396332647993, 0.36632787385082, 0.3604840138328189, 0.35926649941154665, 0.37014437814531576, 0.3657219864005157, 0.37443590410360583, 0.38387904985411314, 0.35852005280213994, 0.5358277215665366, 0.36238228943854844, 0.3583857382270892, 0.3573573111023429, 0.35763512856164814, 0.3572330470336311, 0.35822005280214, 0.37054280168068665, 0.3590555867080727, 0.6767884027643881, 0.36599269707863424, 0.3606103594295478, 0.3581443168708518, 0.37664315881443367, 0.3586907634802583, 0.36730102319070257, 0.3589150275489703, 0.3579401538148175, 0.35766441788352976, 0.3763676320872511, 0.3591200528021399, 0.35938487602995384, 0.35762299652729235, 0.3580664994115468, 0.3586878197551062, 0.35898071297391976, 0.35811294602095334, 0.359394926536293, 0.36140827790153063, 0.3583392916176824, 0.3573573111023429, 0.4103766470860992, 0.38130474245781265] 

VQE eigenvalues standard deviation:
[0.0022063254519675956, 0.0005193813627769162, 0.000640029686811468, 0.0012127664655654101, 0.0015102758026267957, 0.00017319642028632774, 0.004598801039401466, 0.0014139386478910615, 0.0006554342072244816, 0.001829702024920996, 0.0014772342400580867, 0.0006517073729826807, 0.0008089465371704173, 0.0011423738442383855, 0.00017319642028632774, 0.0, 0.0007928915436552431, 0.0004898122089127598, 0.00310885614012614, 0.0008115097041933585, 0.00017319642028632774, 0.00023450906165859955, 0.0, 0.002376916910621824, 0.00244707549944827, 0.0063377325992818615, 0.004241637714374013, 0.002688776394570588, 0.005162271883579942, 0.0017385226486876734, 0.0032093610734848766, 0.0034729739417392685, 0.0014568586067288723, 0.00033908479765391007, 0.0008272378738911764, 0.0007412563659085853, 0.003404912553943201, 0.0, 0.0014621632945741748, 0.001961720928164863, 0.0005872252549064906, 0.0012453876906409558, 0.0016429808276422495, 0.0020376041077697095, 0.002071378888566743, 0.0002999549966245008, 0.002475290084010358, 0.00169166737274205, 0.0009628691499887198, 0.0007032222266111943, 0.0024906052477259417, 0.001358343660492442, 0.002683223434602492, 0.0011564116913971452, 0.0021163672885394927, 0.0007838070553395101, 0.0004794966110412105, 0.0033653483474968835, 0.0014964989141325827, 0.002083106574325949, 0.0013819681617171986, 0.0006816879784769512, 0.003006315602194819, 0.0022030099863595736, 0.0033771562001186748, 0.003495776165603283, 0.00074113021797791, 0.008594108912505125, 0.0017957742062965469, 0.0008537616763476788, 0.0002999549966245008, 0.0005146197625431785, 0.0, 0.0007805773504272386, 0.0027582695662317007, 0.0011463821352411272, 0.0074693816678490866, 0.002204223786279428, 0.0015166774541740863, 0.0008115097041933585, 0.003073148466963481, 0.0008450269226480383, 0.0024283553076104823, 0.0009076136292498014, 0.0003605190702306625, 0.0005097872105104094, 0.003616598056184844, 0.0007806753486565368, 0.0011708977325112547, 0.0004794934827502748, 0.0007241867852978284, 0.00098620560736593, 0.0009611147173985051, 0.0006925799592826742, 0.0010782752431545556, 0.0015107656999018765, 0.0008793284369335501, 0.0002999549966245008, 0.005792385777898431, 0.003997681953332455] 

Median VQE eigenvalues:
0.35995056145490323 

Min eigenvalue after 100 VQE steps on Aer qasm simulator: 3.57233e-01
Delta from reference energy value is 4.44089e-16 

Optimizer history of the smallest VQE eigenvalue:
[0.9280598128423226, 0.8123180238393026, 0.8135046829871005, 1.4037748737341529, 0.8717572875253811, 0.700845134464953, 0.7155233598194329, 0.9791604299416026, 0.6444457515642331, 0.6869912852150768, 0.5160858205276249, 0.5736881979149249, 0.48888385103549936, 0.5381084468572441, 0.49370243685801185, 0.52625643403753, 0.42480219176015677, 0.4101467914263657, 0.3938809834524888, 0.49529121778221885, 0.4117288585968828, 0.36172751671707326, 0.3700450311383454, 0.37230604844387205, 0.3629446740045985, 0.38422097627373875, 0.35998990128312336, 0.36021416535183537, 0.3594242158581742, 0.3584664994115465, 0.3573866004242243, 0.35781294602095315, 0.3578108644929363, 0.35839578873342814, 0.35734517906798713, 0.36076858093956377, 0.3574987324585803, 0.3572330470336311, 0.35864726059600427, 0.3572744683898683, 0.3575866004242243, 0.3572330470336311, 0.3572330470336311, 0.3576280217804615, 0.3575866004242243, 0.3572330470336311, 0.3572330470336311, 0.3572330470336311, 0.3572330470336311, 0.3572330470336311, 0.3572330470336311, 0.3572330470336311, 0.3575866004242243, 0.3572330470336311, 0.3572330470336311, 0.3572330470336311, 0.3572330470336311, 0.3572330470336311, 0.35739873245858034, 0.3572330470336311, 0.3572330470336311, 0.3572744683898683, 0.3572330470336311, 0.3572330470336311, 0.3572330470336311, 0.3572330470336311, 0.3572330470336311, 0.3572744683898683, 0.3572330470336311, 0.3572330470336311, 0.3572330470336311, 0.3572744683898683, 0.3575866004242243, 0.3572330470336311, 0.3572744683898683, 0.3572330470336311, 0.3572330470336311, 0.3572330470336311, 0.3572330470336311, 0.3572744683898683, 0.3572330470336311, 0.3572330470336311, 0.3572330470336311] 

Optimizer history of the smallest VQE eigenvalue standard deviation:
[0.011511558886614795, 0.008513636355870505, 0.004675984281410707, 0.012790756916617562, 0.004793817685310947, 0.010282814911297393, 0.009945613379777037, 0.013093875724933394, 0.010288517580293092, 0.009261686239557029, 0.008454977557628406, 0.008763608161025914, 0.0076956617324308125, 0.00840946838391108, 0.007848718271157401, 0.007806826595999171, 0.0063704672905525546, 0.0055444167411910885, 0.003749004667908539, 0.005930767024593025, 0.004475633307142132, 0.0015575989535178798, 0.0018201332368812972, 0.0024809294629231206, 0.0015059420639586358, 0.0028683538833275085, 0.0011903289461321137, 0.0012354549769214604, 0.0011035519924317153, 0.0007773895419929404, 0.00029152958683467006, 0.0006476202591025122, 0.00041827443144424025, 0.000677881258038597, 0.00023450906165859955, 0.0008058225611137977, 0.0003741269837902465, 0.0, 0.0005097999607689355, 0.00017319642028632774, 0.0002549382278121433, 0.0, 0.0, 0.000308198799478504, 0.0002549382278121433, 0.0, 0.0, 0.0, 0.0, 0.0, 0.0, 0.0, 0.0002549382278121433, 0.0, 0.0, 0.0, 0.0, 0.0, 0.0003463408725518889, 0.0, 0.0, 0.00017319642028632774, 0.0, 0.0, 0.0, 0.0, 0.0, 0.00017319642028632774, 0.0, 0.0, 0.0, 0.00017319642028632774, 0.0002549382278121433, 0.0, 0.00017319642028632774, 0.0, 0.0, 0.0, 0.0, 0.00017319642028632774, 0.0, 0.0, 0.0] 

Smallest VQE eingenvalue optimizer final message:
{   'aux_operators_evaluated': None,
    'cost_function_evals': 83,
    'eigenvalue': 0.3572330470336311,
    'optimal_circuit': <qiskit.circuit.library.n_local.real_amplitudes.RealAmplitudes object at 0x000001D3435D9FD0>,
    'optimal_parameters': {   ParameterVectorElement(θ[0]): 0.000780047146978928,
                              ParameterVectorElement(θ[1]): -0.18389843607831244,
                              ParameterVectorElement(θ[2]): -1.564868292220253,
                              ParameterVectorElement(θ[3]): 0.17661719821790436},
    'optimal_point': array([ 7.80047147e-04, -1.83898436e-01, -1.56486829e+00,  1.76617198e-01]),
    'optimal_value': 0.3572330470336311,
    'optimizer_evals': None,
    'optimizer_result': <qiskit_algorithms.optimizers.optimizer.OptimizerResult object at 0x000001D347446FC0>,
    'optimizer_time': 8.144503831863403}
     ┌──────────┐ ░       ░ ┌──────────┐
q_0: ┤ Ry(θ[0]) ├─░───■───░─┤ Ry(θ[2]) ├
     ├──────────┤ ░ ┌─┴─┐ ░ ├──────────┤
q_1: ┤ Ry(θ[1]) ├─░─┤ X ├─░─┤ Ry(θ[3]) ├
     └──────────┘ ░ └───┘ ░ └──────────┘
The number of ansatz parameters is: 
 4
Line for latex table
RA r1 rl & $1\mathrm{e}{-08}$ & 10000 & 100/100 &96 & $3.5723\mathrm{e}{-01}$ & $0\mathrm{e}{+00}$ & $4.4409\mathrm{e}{-16}$ & $3.5995\mathrm{e}{-01}$ & $2.7175\mathrm{e}{-03}$ & - & 00h 15m 44s\\

