0.018088279009783825
0.01775411736249244
0.017630875352795172
0.018397619769585205
9.442638752459922
0.03933744101017811
0.018234913656312357
0.028361727629137357
0.018039837409682846
0.018869922803299577
0.017823746530121753
0.017447642257807816
0.0185643257348026
0.01857812647314272
0.018166998490087516
0.01812468476724194
0.01853219230791825
0.01889775319262499
0.018176485006939247
0.019307608444114388
0.017942201350164
0.018136174890540646
0.017591725782645895
0.01785879982132932
0.01756559156385773
0.01774077434571386
0.018340449086388655
0.01799134562663174
0.0181841646478601
0.017745712097916422
0.01689820766070338
0.01995289302744896
0.017555239851166804
9.440865029732876
0.01886852060666777
0.01839242326995505
0.018443467985278184
0.018077866988464142
0.018471486992433173
0.017585120818268574
0.021309133899248267
0.018022553318601142
0.0184996783690492
0.01852533637102194
0.017643866847679157
0.017630687554432423
0.01824760295968675
0.017840879345643823
0.03771734248444725
0.01813861066411715
0.01856715022696076
0.019227103931096723
0.01817696570268601
0.018670472242574343
0.019350145746377723
0.018316579838242086
0.017632715143920952
0.03751091703574705
0.017766199523207238
0.018405987517051692
0.017803465945718355
0.018307622930023748
0.01619308832120059
0.024415034299350324
0.017831143775742797
0.01790288162974596
0.017727205729246798
