No Shot Noise
01/11/2024 13:07:20 

VQEr_100_COBYLA_maxIter_10000_tol_1e-04_RA_r1_rl 

Reference value: -1.1669756808e-03 

Qubits:  5
VQE runs:  100
Optimizer:  COBYLA
Max iterations:  10000
Optimizers's tolerance:  1e-04
Ansatz:  RA_r1_rl 

Only 67 runs out of 100 converged
Number of iterations for each converged VQE run:
[4466, 3463, 5528, 7270, 1545, 7543, 8322, 9340, 6730, 5707, 5865, 3112, 8023, 5359, 5212, 7569, 6654, 8560, 7039, 8824, 5219, 5892, 5734, 5612, 4850, 3321, 6236, 5676, 5422, 7693, 8153, 5695, 8962, 1855, 7508, 5885, 7145, 7257, 4595, 6004, 6256, 6141, 6901, 4657, 4290, 4065, 7185, 9411, 5935, 3627, 4799, 6231, 7860, 7698, 6426, 6613, 9112, 8951, 4950, 6423, 5301, 7867, 3953, 5560, 6984, 6279, 4892] 

Average iterations of converged run:
6167 

VQE eigenvalues:
[0.018088279009783825, 0.01775411736249244, 0.017630875352795172, 0.018397619769585205, 9.442638752459922, 0.03933744101017811, 0.018234913656312357, 0.028361727629137357, 0.018039837409682846, 0.018869922803299577, 0.017823746530121753, 0.017447642257807816, 0.0185643257348026, 0.01857812647314272, 0.018166998490087516, 0.01812468476724194, 0.01853219230791825, 0.01889775319262499, 0.018176485006939247, 0.019307608444114388, 0.017942201350164, 0.018136174890540646, 0.017591725782645895, 0.01785879982132932, 0.01756559156385773, 0.01774077434571386, 0.018340449086388655, 0.01799134562663174, 0.0181841646478601, 0.017745712097916422, 0.01689820766070338, 0.01995289302744896, 0.017555239851166804, 9.440865029732876, 0.01886852060666777, 0.01839242326995505, 0.018443467985278184, 0.018077866988464142, 0.018471486992433173, 0.017585120818268574, 0.021309133899248267, 0.018022553318601142, 0.0184996783690492, 0.01852533637102194, 0.017643866847679157, 0.017630687554432423, 0.01824760295968675, 0.017840879345643823, 0.03771734248444725, 0.01813861066411715, 0.01856715022696076, 0.019227103931096723, 0.01817696570268601, 0.018670472242574343, 0.019350145746377723, 0.018316579838242086, 0.017632715143920952, 0.03751091703574705, 0.017766199523207238, 0.018405987517051692, 0.017803465945718355, 0.018307622930023748, 0.01619308832120059, 0.024415034299350324, 0.017831143775742797, 0.01790288162974596, 0.017727205729246798] 

Median VQE eigenvalues:
0.01817696570268601 

Min eigenvalue after 100 VQE steps on Aer qasm simulator: 1.61931e-02
Delta from reference energy value is 1.73601e-02 

Optimizer history of the smallest VQE eigenvalue:
[1148.4250717457435, 1018.1963819459817, 588.001712132385, 572.4578234431187, 976.1281818390132, 685.8061630370767, 619.9401113144291, 497.6620528567369, 304.6372721152402, 182.46282369327895, 185.62476567799067, 163.10762675384905, 138.35326374531883, 166.91380086568645, 243.54418644213916, 513.0823260079994, 151.66637814998478, 207.85642571657687, 135.26334691273615, 159.4796217616018, 72.29283938845393, 406.577328326552, 49.05945481033517, 48.10496466462253, 78.40600762112098, 44.42167310040849, 52.7117133540614, 47.32150689264831, 36.353878667787725, 31.067150892562022, 23.895170571107727, 28.13474219481513, 77.71233672219044, 38.56541008852332, 86.98672090274515, 26.70311877791425, 23.377142997025594, 25.498483352517464, 25.65546352203207, 26.667226131357683, 24.509751716007603, 25.810827678469742, 26.07820458889793, 23.389720481601326, 22.690730237936087, 22.271219854004897, 27.86625221248711, 22.299710148671554, 22.69030261759787, 22.561460054189837, 24.04189085285368, 19.7295801963287, 22.643172533899147, 20.419147446275996, 21.07530687194517, 19.076313546776188, 19.161897669127903, 19.143002127334917, 18.805630826985123, 19.817109474398947, 18.69557456720429, 18.855148941415898, 19.493344928410597, 18.652888533752733, 17.88016186425039, 18.250030804740025, 18.067177582866137, 18.25000654421732, 18.77705295488988, 17.428756720239605, 17.460166076175984, 17.483748190888306, 17.43909017505674, 17.37397415005615, 17.409966645890275, 17.227655245358957, 16.78701041588224, 16.75712233514941, 16.80548483836194, 16.614734242655143, 16.096675785935194, 15.72388606120708, 15.382912185574762, 15.319698073227485, 15.416281119993263, 15.130498778491633, 15.14097148520771, 15.193012475951026, 15.116658360734837, 14.743493677117181, 14.573076294209667, 14.234801006457483, 13.888888654841596, 13.606940121706646, 13.304106644890386, 13.092606089750037, 13.515818885715666, 13.080487328424333, 12.888176084754987, 12.786236148659212, 12.749958085511574, 12.577626633219793, 12.695014715621989, 12.477958142696087, 12.383116895756839, 12.516991727676743, 12.049861788249759, 11.904062347130854, 11.824495605554292, 11.867123112412921, 11.649186041093783, 11.623575962042692, 11.836384491168584, 11.393559244971772, 11.136679086276459, 11.041828233162938, 11.091573769196454, 10.955211725296982, 10.83139010463584, 10.557171319549042, 10.468164964026437, 10.469727265816413, 10.446068816610047, 10.540482163033312, 10.59800404462363, 10.183270166130374, 10.11439345810984, 10.145044458132432, 10.035843958710258, 10.019589812528444, 10.037242498398287, 10.126408085152317, 9.83622135940702, 9.67588754037604, 9.81115376725922, 9.681937389655992, 9.590570976255716, 9.507597419230366, 9.440834630062197, 9.474214916297104, 9.375146269428186, 9.435117967043102, 9.32940279254685, 9.492112807386077, 9.487674827812471, 9.122140406643636, 9.153632831369178, 9.116306671106829, 9.129929295817185, 9.125747061426292, 9.110213327096385, 9.049148963304217, 8.88429818783032, 8.749690965991928, 8.544369566646058, 8.54409623786165, 8.748660619798432, 8.298480719554677, 8.28761426639136, 8.27017074126952, 8.272149330351477, 8.236553865032931, 8.187765552699059, 8.208807325225091, 8.209479114122104, 8.24941238687097, 8.464295389700942, 8.293516357322975, 8.065378077982764, 8.179798051881887, 8.057969380816271, 8.134439854930578, 8.07484068144434, 8.02198280315101, 8.031388344541076, 8.041154292396914, 8.020160596290895, 8.031621051101746, 8.014993145844683, 8.065956735235627, 7.943212549603031, 7.898169107823508, 7.8751461411282495, 7.860851038160479, 7.855143231294185, 7.849125544140506, 7.843774239953907, 7.832627538523786, 7.748345852827014, 7.700720081881795, 7.668015710670566, 7.625500396105603, 7.626746091686968, 7.629469145804101, 7.631609050297329, 7.638135286324159, 7.686631670787571, 7.625324143261549, 7.608188433779228, 7.592767418314418, 7.551121053857929, 7.602527896873946, 7.540149460623637, 7.489773576551506, 7.470522206499582, 7.453372337559955, 7.4540985775712105, 7.425705941959301, 7.4282171551149, 7.41359798198731, 7.417569836842515, 7.359895489568469, 7.329906044095231, 7.27550577280264, 7.250125584210572, 7.251806748533591, 7.264274371447376, 7.238165482825156, 7.204106884863834, 7.205348834608252, 7.206390152677577, 7.202944741284483, 7.215854919606132, 7.236996997705865, 7.198432943155781, 7.164234023292325, 7.150309597444285, 7.190407319457876, 7.148064137527958, 7.1218199338137, 7.086107945566273, 7.046207369993616, 7.019356615561667, 6.991321042658203, 6.950118036336036, 6.9199460412319365, 6.8912641993741675, 6.885541999102804, 6.905427993176447, 6.86685673803, 6.8395298443046615, 6.842393677209525, 6.824321665973955, 6.8113147331060535, 6.802669748995962, 6.757640077470606, 6.7539910352902615, 6.7609542824832465, 6.724527269379845, 6.714465688397741, 6.702970262023012, 6.7814891292578166, 6.6861056434882, 6.639919067127355, 6.632004751944372, 6.637661557726499, 6.62839833827195, 6.614792249264278, 6.617467740571673, 6.6215287889997665, 6.609504877911409, 6.582924156825611, 6.560823013418846, 6.588995469380159, 6.5743569396801425, 6.519948650264519, 6.52603552960965, 6.520297374019912, 6.517769068782765, 6.529446408784025, 6.518322711761267, 6.5324431899416044, 6.5128655645552715, 6.495903828067096, 6.469256760078775, 6.453843783132463, 6.478357792903055, 6.41793206026529, 6.481228677242944, 6.428104507971441, 6.395089673631832, 6.394176891727112, 6.4011438818795146, 6.402274110862026, 6.403222830430322, 6.403857076339188, 6.410391442636044, 6.404034670729379, 6.413813821651676, 6.414546261681518, 6.3885017645727755, 6.370032893481341, 6.356055395619978, 6.3390257737374025, 6.333808691789942, 6.328019272108972, 6.310901535309073, 6.308898827564323, 6.3047410437220925, 6.290728133257554, 6.293789852409737, 6.286522321022225, 6.287039114075358, 6.280892909733687, 6.266748047686734, 6.26804111218514, 6.262807178580241, 6.2594717726841145, 6.243167738701805, 6.246021617383131, 6.252770220466294, 6.228455964859078, 6.217557780008017, 6.210830850414428, 6.200144900482023, 6.2048609956633625, 6.205447188090718, 6.189408245321626, 6.198376600059447, 6.188851602733773, 6.182209367613359, 6.190343097735618, 6.183555927437238, 6.182099200537251, 6.184541841194613, 6.199250853568862, 6.167328105877956, 6.149642509593148, 6.142902482021969, 6.147253005309334, 6.14227286693657, 6.138611421982253, 6.154382932400902, 6.121125461444024, 6.108749231041748, 6.095782291922756, 6.089975895694887, 6.090662023664418, 6.095441413910526, 6.101409099654458, 6.087354512294179, 6.086093549711373, 6.059601244504286, 6.047086440534287, 6.042426227032465, 6.04065438613202, 6.05554531652359, 6.022029354150631, 6.011529962020247, 6.001401546407901, 6.005188480875671, 6.007300177098141, 5.996016312949887, 5.995492072505926, 5.994406345971526, 6.005770993726436, 5.974191212899919, 5.961210064106797, 5.961364566659289, 5.958077324113204, 5.949746391534182, 5.946937297931871, 5.940501354151009, 5.931239599061593, 5.928686828999518, 5.906694116047379, 5.887852932414186, 5.87310164324149, 5.860844258827609, 5.844519083001602, 5.845336975279788, 5.839360590522241, 5.842457408707225, 5.840408700168266, 5.832802985955804, 5.8223684804121, 5.820662425730698, 5.811161633403204, 5.808338831755674, 5.816062496575588, 5.80593990334053, 5.79479488031008, 5.792178608677505, 5.7863359623995025, 5.766047419584643, 5.775168057171016, 5.765057339929021, 5.760678776718905, 5.775285697825476, 5.741670301006129, 5.7319951481679245, 5.723356541897999, 5.722971784641819, 5.72298755644214, 5.726393407685589, 5.71951123790736, 5.701853805949433, 5.680876392179628, 5.665746775478807, 5.661519205543611, 5.655781442742189, 5.655928040644284, 5.6444379940558465, 5.649229737960589, 5.652863615192179, 5.620919376124054, 5.62035526453236, 5.6240861467333865, 5.603717558265935, 5.6116461360822, 5.596403037071091, 5.590285625861676, 5.590214885036022, 5.588008574057387, 5.59378597191533, 5.573020534936934, 5.5587952923353665, 5.536980975435389, 5.519148083497029, 5.504396415849828, 5.484904805575595, 5.4637125658347045, 5.442104139602264, 5.420441910160382, 5.398906053070381, 5.377561031704283, 5.356208952626702, 5.337219618843276, 5.318104096477959, 5.29739324559505, 5.278220920809185, 5.257293269459955, 5.237289021522413, 5.2200035329450625, 5.198297331015874, 5.17774752423505, 5.155808403126815, 5.13418680433151, 5.1120832117803765, 5.0904412169938515, 5.068372409635575, 5.046301638728809, 5.024325268037647, 5.002243650592359, 4.980328835296822, 4.958220854405406, 4.9361071176322575, 4.913966970565696, 4.891872744122716, 4.8697281773865075, 4.8475722877934935, 4.825414100499608, 4.803244507105341, 4.781074840422356, 4.758909837986778, 4.7367424565176615, 4.714574515421083, 4.692433597686273, 4.670268430211142, 4.648114856327376, 4.626188825062591, 4.6044657209601265, 4.581825866620472, 4.559113291201037, 4.5361994140261075, 4.51396648841383, 4.490324648712182, 4.467271412284127, 4.444848726151334, 4.419116298579806, 4.397253932384964, 4.372365978824956, 4.350681274320661, 4.328832968339438, 4.305758793944451, 4.283609258463543, 4.262005541999008, 4.24525634343158, 4.227359619394105, 4.2031898974609865, 4.179950160944511, 4.156251379435525, 4.132604968435139, 4.109130645757869, 4.085809830429911, 4.062559905539081, 4.039323203260337, 4.016079604695363, 3.9929487260102228, 3.969683712582866, 3.946807547180008, 3.923540229016892, 3.9014222043960802, 3.8781817513367085, 3.8564369534036897, 3.833219898414215, 3.81055729153337, 3.7874013728048093, 3.764323138165439, 3.7420026399929602, 3.718253049248492, 3.6945754272384828, 3.6710138841422917, 3.6477303833676906, 3.6244951310221434, 3.6014865222029897, 3.579988856677896, 3.5658355469119063, 3.5549559345838766, 3.5643839960854287, 3.5638327755310404, 3.564061336919285, 3.5535297982996434, 3.5415478583345856, 3.5255941914748457, 3.4869283513444467, 3.463955203297807, 3.438486550833913, 3.4297409955331113, 3.421727031051616, 3.4252414695095177, 3.399541042445226, 3.3886110638067, 3.3721103278838678, 3.351109655644715, 3.3433920954066303, 3.343768920148687, 3.3191858194325787, 3.2932484071092376, 3.2696847730741405, 3.251319945532353, 3.227106775566141, 3.2036231694524813, 3.185077965138355, 3.1619115997738914, 3.1336081148016564, 3.1066117722348596, 3.0801165155662256, 3.0534214947463445, 3.027701416030875, 3.0006323556508385, 2.9737885606977885, 2.954507615152694, 2.927646668352884, 2.9021460893841686, 2.882687343080038, 2.8611670491088788, 2.8464719162729066, 2.8594975622136194, 2.8505247973236583, 2.831481580403082, 2.8243311695433952, 2.8114763064500434, 2.800072605660141, 2.790196698783517, 2.791233543550071, 2.7886685964299036, 2.787753286116176, 2.806814856247913, 2.7517722889909777, 2.730850954643359, 2.724466050650118, 2.7237734621069176, 2.7123674010131107, 2.737292028296481, 2.7170446539540385, 2.7040732373468512, 2.7053988345702877, 2.678535725404659, 2.6615061948860195, 2.6587032170710843, 2.6595646042759316, 2.665109911796799, 2.6614409567552397, 2.6303680766247264, 2.6288574256487056, 2.629976059305184, 2.6075751834666394, 2.593865127703084, 2.5811699573131106, 2.593887369958566, 2.5730881522321347, 2.558110476319582, 2.561541584164014, 2.546361886996733, 2.544059730677488, 2.535642764529242, 2.513426087440972, 2.511332757348867, 2.5052600756998817, 2.4800931114663225, 2.469640669602653, 2.4406085568886193, 2.418790311333601, 2.3965863230979787, 2.3853567057688156, 2.369984401093025, 2.3635559024166115, 2.360207097944412, 2.367187051862956, 2.3663895886776896, 2.343535097847912, 2.318271193343006, 2.3012804294624067, 2.294166901028794, 2.279524287847502, 2.28753519479672, 2.277700840671689, 2.2682990476511726, 2.2442045158284505, 2.236628666436522, 2.231998648994656, 2.2246953983481252, 2.2072959233746747, 2.2014085568032806, 2.244634614655588, 2.2090434439848656, 2.174715437051661, 2.15569972908176, 2.1574366299057517, 2.1547738136518664, 2.1426834641122396, 2.157272641378047, 2.1413834776262957, 2.1540364066946323, 2.1337753815464446, 2.1092154402273895, 2.105709379216038, 2.104500646460925, 2.0977215786891894, 2.0740573832433578, 2.0500600063942653, 2.032021575265631, 2.0233000263176906, 2.014090548251754, 2.0170403255742837, 1.9937860610783074, 1.9757077966047878, 1.9509264980025036, 1.9475627603886918, 1.9473430477312679, 1.9317742465454784, 1.9028441639906366, 1.8841990031271327, 1.860740715960055, 1.8473204161244088, 1.824880983652883, 1.807902444816983, 1.7853293361726505, 1.7717778993103774, 1.7568565576007442, 1.7617158605080472, 1.7636469770020524, 1.763188405467659, 1.7533134127668446, 1.728034825108531, 1.7110847579280415, 1.700402309198963, 1.6922662498554564, 1.6828045962719507, 1.6801117248037254, 1.6891019425003484, 1.660348533293777, 1.6393943164168743, 1.6263268685635217, 1.6262685308599543, 1.601034539467726, 1.5844350839077885, 1.5809652283638802, 1.5810964269164995, 1.5681194174800128, 1.5506403500913564, 1.5290282602653673, 1.5211922021502289, 1.4991871879236605, 1.4918824411129419, 1.4667162961857936, 1.4440582340408474, 1.4305915586203584, 1.4240476834797313, 1.423593948919791, 1.4277737660580074, 1.4243258232806602, 1.4010830834901506, 1.3834285770429415, 1.3734947509087665, 1.3493849950311598, 1.3310369807252145, 1.3121487147188278, 1.2960314961878119, 1.293481648637045, 1.2962326212930892, 1.2773300330358421, 1.2658167415456985, 1.2519381157459173, 1.2363572124226179, 1.2175500621822448, 1.2070280266001845, 1.1993116840970766, 1.1924983739363315, 1.1855533427344493, 1.197007712610373, 1.195197568356913, 1.1828543403624365, 1.1784832934493032, 1.157801841112261, 1.1403230651059677, 1.1280400728017508, 1.1088898029230854, 1.1056872178166248, 1.104242655507088, 1.107707015558089, 1.1089251908818738, 1.0870812265551488, 1.065951745529655, 1.0559166434611522, 1.051710987779841, 1.0530634308929876, 1.030954679668724, 1.0099199946834807, 0.992589362841264, 0.9823390796058735, 0.9726254794200148, 0.973323523532704, 0.9706861717751947, 0.9633769446129001, 0.9626794735523365, 0.9555072954466186, 0.9495222469114386, 0.9437235336111199, 0.931167053190225, 0.9140855316223941, 0.9144974186058417, 0.9142440289532655, 0.907346632553135, 0.9074618607073182, 0.9075911425844289, 0.8997222599345157, 0.8985541533318936, 0.9230291699230861, 0.9007030766505668, 0.8799465960088851, 0.8848110838165175, 0.8854049303135588, 0.8640544014957544, 0.844621727951805, 0.8258213369369976, 0.8159838757696578, 0.8109969417109069, 0.8141041001105432, 0.8010330089243732, 0.7970894148706338, 0.8005712406811734, 0.7779954828010713, 0.7603948863725251, 0.7561318789937714, 0.7400041946200849, 0.7298379880969268, 0.7245729903875041, 0.7273927287678009, 0.7291626420099587, 0.7289137267179008, 0.7208212111828792, 0.7215338331079078, 0.7141744848485012, 0.6975523303346277, 0.7030663817331965, 0.6945201678918859, 0.6848296994762632, 0.6927978868426592, 0.6847038612787237, 0.6745124422803759, 0.6662538505865949, 0.6595451251256692, 0.6582242212221058, 0.6540743183118874, 0.6482309874480169, 0.6408275976756858, 0.6195723788175301, 0.6116751321752404, 0.6021288725882871, 0.602960469628174, 0.6036760386952428, 0.5983911555628331, 0.5924513883052153, 0.5942859028074705, 0.5861263268555745, 0.5816144239920975, 0.5837667600457608, 0.566534826926214, 0.5629940941991628, 0.5613485461420096, 0.5686306307352035, 0.5422962486635026, 0.5344598620785072, 0.5300484967192248, 0.5326909678121727, 0.5195207655964574, 0.5240098964758144, 0.5197321435620021, 0.5138319535329765, 0.5084867689642921, 0.49333617315071787, 0.4875465577290843, 0.48393162824309066, 0.4856604145562664, 0.4849415028004049, 0.4869790645308023, 0.49048885290307365, 0.4670070250288041, 0.4568212011661603, 0.458734923881094, 0.4588715148750988, 0.45541106832665584, 0.4561167331402093, 0.47271781843459143, 0.45251377999875053, 0.4476525208486086, 0.44636773856307277, 0.44330045707685817, 0.4338040866898612, 0.44148442255946146, 0.44136343459713095, 0.4199488854273277, 0.42571874119283665, 0.42032867665565243, 0.4154738149110336, 0.4148848926262312, 0.4127901279443195, 0.41474991590341836, 0.41907368976868875, 0.4171567732125217, 0.4070082570322206, 0.4053947169168781, 0.41723457170973965, 0.3913965312560968, 0.3852493884370282, 0.38608270404019535, 0.39167546086800686, 0.3825955003044849, 0.3844134342165245, 0.3800223040503077, 0.3778940473881119, 0.38745694130559716, 0.3764031385751735, 0.3649574430625964, 0.36838320394582336, 0.3694510688716634, 0.3717288036447693, 0.3591100969457578, 0.35514457115004816, 0.3582487087138356, 0.34646181947625754, 0.3450303046465941, 0.3458729976901445, 0.34554884165696614, 0.34810081502962287, 0.34298180315608945, 0.3443089821844007, 0.33604252417564573, 0.33181795523279495, 0.33858218997724093, 0.33065627453624563, 0.331202744232026, 0.32930158100918305, 0.3376368487558742, 0.32982376816809816, 0.3304287467025564, 0.33347025068594244, 0.3303644346909121, 0.3252975708579606, 0.3280003040961713, 0.3217312083415305, 0.3181844037476583, 0.3176276180141116, 0.3192805919636248, 0.31343219628062574, 0.30931079255119753, 0.3095274833117018, 0.31015829551440954, 0.30840797285906846, 0.30778505241248383, 0.30225304263755587, 0.2967485874748625, 0.2920632206831322, 0.2873668190204513, 0.2840910644406556, 0.28188947129075753, 0.28057306181697145, 0.27926314645641054, 0.27732326271495017, 0.2799855142062059, 0.27848596153320687, 0.27952088502506073, 0.2701586253921962, 0.2664999258179276, 0.2641397718547137, 0.26454823313218323, 0.2642426855735733, 0.26736731624947785, 0.2652996632280871, 0.26503891671691093, 0.2648333733900725, 0.25988631665638245, 0.2564919849753793, 0.25234488422163986, 0.25086166079654815, 0.24691791332130836, 0.2483497154837605, 0.24632468939133684, 0.24432083598090726, 0.2423709363847456, 0.24318791018159053, 0.23939388915470938, 0.23945377906796822, 0.23773998752955577, 0.23787696880422715, 0.24016422872292542, 0.23652412119658484, 0.23530797936543985, 0.23371514202478538, 0.2290839551153111, 0.2307271296007778, 0.22912435522997687, 0.22654782192014322, 0.22328546879687206, 0.2229702280237062, 0.2236516220717344, 0.22190806329122315, 0.22344951013368797, 0.22382142247036252, 0.22163109058978392, 0.21886902078487802, 0.22010488376537662, 0.21884898748621556, 0.21364139798751214, 0.21286280136781122, 0.21450282661847797, 0.21067831955321314, 0.20763744432217857, 0.21122140926741895, 0.20875524506107068, 0.20515363239086026, 0.20885286142568138, 0.20498069289102094, 0.20207757386215103, 0.20193450157205117, 0.1987065436925708, 0.19875695331620624, 0.20007073076942916, 0.1964461172223304, 0.19880929886610332, 0.19683264485843732, 0.19254992351494737, 0.1944834104092794, 0.1928450412276992, 0.19182704009177387, 0.19115413422422078, 0.1910950720789597, 0.19294853731344386, 0.18682708077344723, 0.18323848218534666, 0.18535079914810992, 0.18309653580511775, 0.18203542803294526, 0.17892897439450228, 0.17833357283918072, 0.17920767072449073, 0.17969533505048407, 0.17693153114371651, 0.17573099280235027, 0.17493961266223435, 0.17454340065525953, 0.174630603735082, 0.1699271211503005, 0.17298775693812551, 0.17125170476722262, 0.1666277733365178, 0.16563749392572424, 0.16589383759510923, 0.16470066276528383, 0.16579048620032055, 0.16410266879940594, 0.16190308647928775, 0.16142278569863622, 0.16256262630321106, 0.15739609749306926, 0.1553247550850444, 0.15437563197421278, 0.15349877682567703, 0.15411217150959577, 0.15537981582191418, 0.15464260243505834, 0.15696194290036092, 0.15299650930912212, 0.149236976107878, 0.14688115852709183, 0.14724030900187357, 0.14681157240949883, 0.1484058034069482, 0.1470698089301119, 0.14408530931575958, 0.14248910245150503, 0.14382329662561133, 0.14279109355809239, 0.14217464236671284, 0.14213897935058584, 0.14145219287590804, 0.13999823350278418, 0.13823008243481516, 0.1376548378737794, 0.13419264226905514, 0.13279343598277182, 0.13272311801599845, 0.13313320456026756, 0.13260261352382818, 0.13155574101606793, 0.13086302765062074, 0.13173317720440836, 0.13537946390763667, 0.1293878861161749, 0.1268332910114418, 0.12404117162981665, 0.12685140252322125, 0.12333232867018962, 0.1229941329393337, 0.12236345674794835, 0.1200727074100768, 0.11903657971380399, 0.12055476204000215, 0.11789736406896023, 0.11798115440701906, 0.11565912736562234, 0.11303910590155841, 0.11420445335946572, 0.1132691172459308, 0.11272338955972694, 0.11280661163124206, 0.11562439618841369, 0.11398527080804133, 0.11055756165596464, 0.11169270660540853, 0.11158539845693449, 0.11217768587824606, 0.11077487643317863, 0.10900689357649873, 0.10811819611598683, 0.10743732212395563, 0.10771700545397578, 0.10748562750208523, 0.10714504715438289, 0.10772739537760956, 0.10587826615704055, 0.10517309654027562, 0.10473510771370809, 0.10442832481945019, 0.10320384584931441, 0.10309397772096651, 0.10331571669751027, 0.10267039445944759, 0.10130223498077584, 0.10057394723759616, 0.09960859511045173, 0.10013235762424955, 0.09936818833323269, 0.09796903843309701, 0.09752329684742655, 0.09660409889134147, 0.09619772457060094, 0.09585109919544677, 0.09537909965885172, 0.09550216132503386, 0.09585859850516398, 0.09466947116543933, 0.09472915430950835, 0.09464930911442238, 0.09319933955927262, 0.09312073797693377, 0.09323840004395889, 0.0926304925677991, 0.09118015611597963, 0.09101048133903256, 0.09126459654832009, 0.09046092015869389, 0.09023120403138152, 0.090291977674684, 0.08925368825528945, 0.08852647845289685, 0.08851063248546376, 0.08816534163009504, 0.08939242098910638, 0.08819099471925063, 0.08638460071548781, 0.08542090641552447, 0.0848352844877116, 0.08527481171981155, 0.0847423228725781, 0.08455278313016756, 0.08490962998193152, 0.08404396812959891, 0.08415538356218522, 0.08346475628093497, 0.08298759543471079, 0.08206450772082274, 0.0817437151741005, 0.08174551957897691, 0.08168510409279783, 0.08058187684776863, 0.08102034180478634, 0.08033121887832928, 0.07967932047707738, 0.07926887339379685, 0.07889417988572511, 0.078836230705152, 0.07960488882485128, 0.07914540713353557, 0.07972105336116297, 0.078849967810117, 0.07832500476503457, 0.07713127306227208, 0.07707770001934666, 0.0769666497224244, 0.07782654329121386, 0.07736706439379581, 0.07586681589252176, 0.07570729018617983, 0.0757023765361714, 0.07616870776413087, 0.07567346848223888, 0.07624236822739416, 0.07594387622234056, 0.07456312073644622, 0.07404016195401353, 0.0743601918982908, 0.07402103827904183, 0.07373461696039019, 0.0733115514079925, 0.07320782805609927, 0.07249706897818287, 0.07260815456035419, 0.07257722095122465, 0.07240992929137324, 0.07248143089269976, 0.07287815583223467, 0.07256978830798122, 0.071391010522182, 0.07267888523940935, 0.07142605162460658, 0.07097491730705363, 0.07090588330114933, 0.07130088116563205, 0.06975735260420823, 0.06977957593177364, 0.07001364480334604, 0.06953389108948616, 0.06975649677735174, 0.0685064689281637, 0.06797822777996232, 0.06701777873413983, 0.06634012164499925, 0.06550285090388086, 0.06485268323977478, 0.0648258062989473, 0.0649481342310283, 0.06451551464552074, 0.06459994676989134, 0.06479830656960628, 0.06370994894540749, 0.0646693493842897, 0.06359115054866415, 0.06271742277191228, 0.06338694906055453, 0.06270908711183121, 0.06284317921678784, 0.06259720703376004, 0.06281968791388359, 0.06284007021334514, 0.06212858489665074, 0.06190567698811056, 0.06144437765135591, 0.06163735596691822, 0.06211585350768456, 0.06048830559505258, 0.060347707840429976, 0.060162805071650616, 0.060209988070898945, 0.06005401556708767, 0.06044381780831476, 0.060071674008506215, 0.060254254463789514, 0.060480320456280934, 0.05923987829358379, 0.05929918181514482, 0.059467879847604155, 0.058571109233873875, 0.05886452015888366, 0.05847801966252342, 0.05807057183725928, 0.05780787535391951, 0.05798579167477946, 0.05774938423394427, 0.05815379951011479, 0.057350995106238645, 0.05718533567197526, 0.05737711666597345, 0.05757822079596375, 0.0569182173625572, 0.056221942615751086, 0.05623162886431543, 0.05665702463559874, 0.056293226304768185, 0.05617686781468134, 0.055314213130867707, 0.05534134351658615, 0.05526286562558669, 0.05502360890115743, 0.05538977628294828, 0.05499746586991339, 0.054769361411889594, 0.05418443135378603, 0.0544432874057984, 0.05447810641843476, 0.054180274358809455, 0.05451777844894434, 0.05351528884065493, 0.052946436834875876, 0.053396849756647935, 0.053109705715718714, 0.05353527054926177, 0.05319468342885214, 0.05284973399998316, 0.052516591996835005, 0.05187567898933754, 0.05191667734393213, 0.05180379768524512, 0.05207907999711303, 0.05184395040998524, 0.05170807497820784, 0.05168092512916744, 0.051286405141436786, 0.051094531237558694, 0.05134751021391992, 0.0510404714348599, 0.051688542481686084, 0.05037772074623326, 0.05065430428850681, 0.050904078412406184, 0.049905463912073844, 0.05006202506923396, 0.04981898942681706, 0.04991631801551055, 0.04988592339836495, 0.05028729791168518, 0.04927638323731387, 0.04957441254552386, 0.0497607729901427, 0.049242575113215836, 0.04947892857016001, 0.0487642738309616, 0.049197060095263145, 0.0485464320842649, 0.04817520943501674, 0.04767662244266291, 0.04760551165427129, 0.04757902526450464, 0.04838290756224517, 0.047420824702292586, 0.047084222081182125, 0.046849927002317826, 0.0472646521064487, 0.04679133371549049, 0.046703766461349216, 0.04687514332007647, 0.04704371396818707, 0.04597751349658519, 0.04546401939620437, 0.045317509388312804, 0.04527706101712137, 0.04517699239932427, 0.0452181776590288, 0.044785510553718155, 0.04501986124753987, 0.04462965725683632, 0.04501875516455123, 0.04475026131300974, 0.04402432443555537, 0.044086405345357904, 0.044240221957935866, 0.04439579238371483, 0.04355924233091646, 0.0434536204305801, 0.04351273833640523, 0.04427109401342111, 0.04339772400016373, 0.043113407634457146, 0.04308185693716604, 0.0435969549461761, 0.04283468465296414, 0.042847072470485026, 0.043069238159657575, 0.04362276417963851, 0.04280615902490903, 0.042069733621485694, 0.04188059007596079, 0.04188144524892978, 0.04193248621254042, 0.04231230366416838, 0.0421249472923374, 0.04222075727701935, 0.04192879557218787, 0.04281908654983668, 0.04187585741129696, 0.041403700255272624, 0.041475267892342904, 0.04154851553863914, 0.04155002861747337, 0.04134448483507103, 0.04128718938301512, 0.0413470286761255, 0.04143291685909767, 0.041181099769408536, 0.04127343208191059, 0.0412328614972276, 0.0410684093170568, 0.04090486552906547, 0.04064643017451164, 0.04046431224372127, 0.040506470963796115, 0.040470181574335684, 0.04025517996925787, 0.040034250170813634, 0.04017985544027747, 0.040104099201605736, 0.03988152841136283, 0.03974301852273521, 0.039617731543104884, 0.039524940916091045, 0.03946470343316233, 0.03954527586603762, 0.039429754427130814, 0.03951072351754625, 0.039385326791848585, 0.039011081397767544, 0.038785455701717986, 0.038654606290055904, 0.038698727615790296, 0.03859718630101494, 0.038720424406423426, 0.03859330318595444, 0.038441971060974245, 0.038312479506484975, 0.038336721954347674, 0.038203323271387424, 0.03820937990017814, 0.03813805852332741, 0.038256686778749605, 0.03820176777094475, 0.037862648152953704, 0.037774125123541835, 0.03778333467200268, 0.037779382147629215, 0.03780575239920092, 0.037818264063033236, 0.037538382841523665, 0.0375884681576204, 0.03759105615054292, 0.03747642684127572, 0.037550238401875324, 0.037376869137616175, 0.03736586662324204, 0.03759320543947775, 0.037375136418241306, 0.037371248606039686, 0.03720414385734572, 0.03714132276125537, 0.03713855219105622, 0.03698173058397369, 0.0368158343538777, 0.03689467866718055, 0.036954956814221895, 0.03661093172251617, 0.036599727622379286, 0.036507152310814917, 0.03649952763664832, 0.03643096567662252, 0.036272533017826625, 0.036230522529800635, 0.03625891410718263, 0.03626253012050751, 0.036349770716862295, 0.03607652901085878, 0.03630243833117841, 0.03604894559262728, 0.03594174429895691, 0.03599912621465806, 0.0359470124675465, 0.03600355543316702, 0.035950606036503796, 0.03592960419251556, 0.0360047334123198, 0.03583283855518693, 0.035825400864590184, 0.035704898148151476, 0.03562541301143107, 0.03558338725408283, 0.03560524795782838, 0.03561496031390632, 0.03555315658707392, 0.035464525792368584, 0.03550829914612663, 0.035443823416207, 0.035361046914978544, 0.035237106044342936, 0.03513940928282322, 0.0350786043072866, 0.03505189701918132, 0.0350249159820436, 0.03492396934580777, 0.0349407581478004, 0.03493497835265036, 0.034807704381407234, 0.03474315866946631, 0.03472426637041037, 0.0347160654173021, 0.03461213259028606, 0.034609346669956964, 0.03464359991282051, 0.03450705885100658, 0.03437694753693554, 0.03430383765563694, 0.03422227044167048, 0.03412258883063535, 0.03405735487444317, 0.03404071160372091, 0.03404682501821221, 0.034003251455564376, 0.033919406489856585, 0.03382495719697898, 0.03383424300139526, 0.0338065488859427, 0.033693225556764905, 0.03363462847444709, 0.03355764730842259, 0.0335704481679866, 0.03353823508355569, 0.0334600148187858, 0.03348797512980972, 0.033467570339818065, 0.03336937538568685, 0.033326768789839645, 0.03326247278854122, 0.033186068960351034, 0.033179357439507284, 0.033246991569489404, 0.033055010418523434, 0.03299629264206083, 0.03295103527137355, 0.032883269008827765, 0.032789871629282596, 0.03269084005939138, 0.03267227746189272, 0.03266524240954649, 0.03261093531779824, 0.032516616602647375, 0.032430056057995094, 0.03238396557803014, 0.032299485355152036, 0.03231674942855456, 0.0323095889645566, 0.03217872902438412, 0.03209945092389166, 0.03213970677127953, 0.0321131699267333, 0.03204709024343522, 0.032028477650497544, 0.031982630460574146, 0.03195719564788102, 0.03199633373953481, 0.031901577382141055, 0.031876601807757754, 0.03185842659183846, 0.03176019931347451, 0.03168580459504755, 0.03161449030274999, 0.031560078866209595, 0.03145318348727211, 0.03139961636483879, 0.031309984443426475, 0.03124555502947013, 0.03123399581536168, 0.031237132587443095, 0.03120373289941869, 0.031127397949146207, 0.03116070541362259, 0.031086453060091057, 0.031071816494037452, 0.031042245003304658, 0.030952991058265877, 0.030900917682881057, 0.03087292260501351, 0.030848407659245236, 0.030837198799754106, 0.03083054883806391, 0.030891651126513153, 0.030799975660268597, 0.030705337108968944, 0.030657268139829275, 0.030673272882541625, 0.03065365164289191, 0.03059990008557667, 0.030513570295026438, 0.030546016466838743, 0.03052380187476944, 0.030533557832700953, 0.030498928844696516, 0.030443091033201863, 0.03036469461021707, 0.03033559274607056, 0.03031632639807691, 0.030315323933210125, 0.030346548434763365, 0.03035927302239605, 0.030230634655560085, 0.0302342177483389, 0.030214413490754932, 0.030174089820268035, 0.03016548018758769, 0.030158347604280156, 0.030208117214924002, 0.030055157630044738, 0.02997597431551291, 0.029955216233603754, 0.029926293432168682, 0.029937128567692928, 0.029967264162566565, 0.029894321316343953, 0.029916398562519708, 0.02979626215536957, 0.02971820966087546, 0.029669253358456493, 0.029632143579626957, 0.029628195388789802, 0.02962268915560662, 0.029606166314780524, 0.02954958934446117, 0.02950887289907389, 0.029575168950476627, 0.029481012455391142, 0.029380577456814327, 0.029309672592397584, 0.02928118628390952, 0.029231130556295337, 0.02917421465778669, 0.029164626045833586, 0.029168186697376752, 0.029140248525550083, 0.02904773123580473, 0.029004625364696945, 0.028934026306497218, 0.02884527398960679, 0.028796939465704385, 0.028756824476049436, 0.028765166267483377, 0.028771984869770062, 0.028690926843869646, 0.0286155198895488, 0.028617916582959313, 0.028630273456516142, 0.02856580615792481, 0.028527077129964606, 0.028476477430778635, 0.028551800833022223, 0.028497865837825875, 0.02846813125260561, 0.028440192651955187, 0.028378649733695527, 0.028353335727986706, 0.028290323667800488, 0.028286996787319052, 0.02834295957434041, 0.028197806897150124, 0.028134084729366293, 0.028098755983080537, 0.028097544152445253, 0.028076117299208114, 0.028030934836572374, 0.028025745804521773, 0.028060946472452386, 0.028005804908887266, 0.027959918191009958, 0.027871433502323684, 0.027805027162897678, 0.027786411264150934, 0.027770791107511128, 0.027754460266973147, 0.027694197820903543, 0.027710801136083596, 0.02767505003324311, 0.027618100675847135, 0.027562420228151585, 0.02753972514064218, 0.02751442418250738, 0.027534598987338565, 0.02753253131014155, 0.027589356725018832, 0.02751064839439843, 0.027454686023679176, 0.027443788429608373, 0.02741054432144996, 0.02738385165809909, 0.02738314732195113, 0.027397759309767955, 0.027348577889165893, 0.027409723033803957, 0.02731015439936979, 0.027231562593064695, 0.027273399400708498, 0.027233476159558734, 0.02716057107487202, 0.0271247307851481, 0.02718032308864915, 0.027106973883454732, 0.02709117680664852, 0.02708036916517864, 0.027055004144439176, 0.027029684817327926, 0.027052900642048128, 0.027013809978845837, 0.026939720818951463, 0.026925376316196514, 0.02686517072947847, 0.02693683426157556, 0.02685519081142007, 0.026819279281058872, 0.02682842284675757, 0.02682532834110729, 0.026848357645782306, 0.026807493426426743, 0.026752248484893215, 0.026739716885539555, 0.02670594578162333, 0.026631176572091464, 0.026616401752480146, 0.026554116295525954, 0.026511393154383334, 0.02650279817527046, 0.02651822432599793, 0.026468961418184667, 0.02646593811166109, 0.02647732626825472, 0.02643416941523602, 0.026388439322171275, 0.026367894425259664, 0.026335500327023476, 0.026387212955020667, 0.026308768071775734, 0.02630327989402892, 0.02629177319867504, 0.026276675630044544, 0.026326839531399804, 0.02619726381111742, 0.02614074048166737, 0.02612475418693294, 0.026160034422973988, 0.026057732085647434, 0.026094588449469214, 0.026037126181846393, 0.026002271332659088, 0.02594982613198482, 0.02591906083666118, 0.02592342262822911, 0.02591406718180711, 0.02592765206949932, 0.025890389416455273, 0.025856646883762657, 0.025858482431931673, 0.025844917313450733, 0.025815277523355107, 0.02583831097722733, 0.025802139061511742, 0.02582136673782931, 0.025814217735961154, 0.025848650381846028, 0.025759772640372325, 0.025741877278908754, 0.02576526520288014, 0.0257838230340115, 0.025703901378155147, 0.025738849187984414, 0.025734537882860953, 0.02565096410722667, 0.025604622876754246, 0.025595893360941036, 0.025589879625598333, 0.025600220943674756, 0.0255658863333299, 0.02556421354454763, 0.025563869929077332, 0.02554948129930068, 0.025479007651664554, 0.02541823129022125, 0.025411358311688725, 0.025400800032863158, 0.025423696655128003, 0.02542926683537261, 0.02535213629863997, 0.02531073955880969, 0.025270491508457726, 0.025272765105961326, 0.02527396624494871, 0.025275031057622965, 0.02524314517699111, 0.025236228441998576, 0.0252172869558851, 0.02514677013087674, 0.02512329038349026, 0.025121571682981347, 0.02506827718036264, 0.025080277555347363, 0.02508149238051116, 0.02508401747248734, 0.025071962603433362, 0.025014915183295905, 0.02501309430721066, 0.025044003166791118, 0.02497125130825928, 0.024946713032366286, 0.024942989075914523, 0.024967147817560487, 0.02495157703632256, 0.02498423766755864, 0.024904275438915158, 0.02490407905747949, 0.02490836194110735, 0.024855315700318847, 0.02482795218318834, 0.02485597213854751, 0.024834904547512915, 0.02485133797135819, 0.02481589011380725, 0.02475535095303305, 0.024745599972861076, 0.024752217120056152, 0.024727607892519265, 0.0247269405418038, 0.024783414552035365, 0.024715982097288425, 0.02471047041519947, 0.024702745188629804, 0.02464189595362698, 0.024643294774960633, 0.024631677177668454, 0.024662311745423326, 0.024632536950775163, 0.024566284220995382, 0.024553950473218733, 0.02455377063166131, 0.0245429835377875, 0.024534956668209484, 0.024544273392617666, 0.024563065961676123, 0.02446369741554233, 0.024427435620415716, 0.024357451912395356, 0.024361890112976292, 0.02437077182389369, 0.024344775315020217, 0.024336564589569787, 0.024316358136489136, 0.02427348600219692, 0.02425493426505909, 0.02428909151197789, 0.024238047836103727, 0.024247893240050278, 0.024277294560069662, 0.024168831438368676, 0.024126625406788116, 0.024096801703300752, 0.02413361427712024, 0.024086035957222918, 0.024088793847038215, 0.02407799521031151, 0.024054760776625717, 0.0240105567231913, 0.024003336950073395, 0.023997015736336835, 0.024014396810027483, 0.024027257565588545, 0.023942880916354325, 0.023934843794282123, 0.023961710063515995, 0.02394572968609132, 0.023945796377842776, 0.023936803102416748, 0.023930258701027607, 0.023909258476952355, 0.023885671405297515, 0.02383408822665234, 0.02384604822098657, 0.023861573678923387, 0.023793416572836512, 0.023762390053498117, 0.02371174730374226, 0.02373326481257565, 0.02371237583895358, 0.02370890445805318, 0.023714865996383172, 0.023717360936736598, 0.023736614966232583, 0.02366280076795535, 0.02364640578926569, 0.02368414111734074, 0.023617276536931686, 0.023592041104059214, 0.023542416682397427, 0.023547297260080757, 0.023537557137354503, 0.02350744245010239, 0.023517969240096526, 0.02350571574828486, 0.023515544655827614, 0.02347514257515504, 0.02345136117403135, 0.02351340002459601, 0.02343142791376207, 0.02340859149952923, 0.023384075030585927, 0.023383028403634487, 0.023405560775592082, 0.023373600197227784, 0.0233829710391662, 0.02336329785642377, 0.02341214595609664, 0.023304141971710823, 0.023284833120503556, 0.02330747940100686, 0.023261446559461496, 0.02324101366560416, 0.023242559837608923, 0.023242125342374353, 0.023191173619429795, 0.023179719148055944, 0.023163531635627788, 0.023154840551179, 0.02314906225644464, 0.02312416898664471, 0.023067764277128755, 0.02303333944913266, 0.02306296645395689, 0.023051070202419255, 0.02302585486495179, 0.023011959628897682, 0.023037044540405227, 0.022995461691000196, 0.022954202033841464, 0.0229399664997062, 0.022947999828378585, 0.022966411802731845, 0.022962717427197243, 0.02296362994402601, 0.022934607671935225, 0.022921560208791658, 0.022904424960469738, 0.022865429250976232, 0.022875027214750987, 0.022879565755012043, 0.022859315356776322, 0.02283548997246887, 0.02277371587212962, 0.022739952030175647, 0.02273257828134012, 0.02273271433409374, 0.02275021796223131, 0.022729653427909002, 0.022715749630365267, 0.022736105096210935, 0.022683973681985492, 0.022667248103508397, 0.022663846013767586, 0.022631988149744764, 0.02267964798970279, 0.022628287263726787, 0.022592591689485797, 0.022567113380087767, 0.022525022674856232, 0.02252209713443276, 0.022544985317076383, 0.022522539228022276, 0.022528267121792123, 0.022471669176282738, 0.022449083453275898, 0.022481286432601055, 0.022455676480311437, 0.022461630081584305, 0.022453321637445622, 0.022466299369661824, 0.022466979591088454, 0.022406203435529126, 0.022423633713501423, 0.022405963107305138, 0.02244538090917292, 0.022403016022291222, 0.02236922116075757, 0.02238806204552546, 0.022369765259188767, 0.022336459440590817, 0.02233591708148741, 0.022385305223252105, 0.022364736271933916, 0.02228267841055709, 0.022281599494942905, 0.02228073029860178, 0.022256467084454057, 0.022260139702777515, 0.022294879399046064, 0.022274414770234396, 0.022204656249412036, 0.022235748807344025, 0.022201759539680843, 0.022168154420962538, 0.02219963301373118, 0.02216301294613221, 0.022157527647233888, 0.02215964732881126, 0.022130301832554267, 0.022159639101435258, 0.022128208376739567, 0.02215135899181231, 0.022124030179010323, 0.02207406958037883, 0.022121608406675985, 0.022026021637565285, 0.022043606951254402, 0.022042854644197307, 0.022046931659660096, 0.02202448244538968, 0.021993758636444594, 0.021982858889354806, 0.02197499169770145, 0.02198323173464689, 0.022002686487845646, 0.021920678111860603, 0.02192369973581143, 0.021933748282588872, 0.021905110727465926, 0.021902002283757382, 0.02191294381787412, 0.021908995096901362, 0.021897956738279323, 0.021916644137569774, 0.021865962919071835, 0.021885548449573133, 0.021904055501261177, 0.021828720727978146, 0.02180940564302325, 0.02183873791870783, 0.021811651964777523, 0.02180283200196187, 0.02178189298953037, 0.021777281960245976, 0.021750312033887553, 0.021809186343048848, 0.021757631196875127, 0.021706587424286217, 0.02174582425748739, 0.0217179050258971, 0.021709880230095346, 0.0217151889626378, 0.021665007543572257, 0.021628116932889685, 0.021577132110555786, 0.021544787740017002, 0.0215588499085263, 0.021555682094366202, 0.021517544825737422, 0.021512267497656556, 0.02151628852720111, 0.02147214733891223, 0.021507867550381032, 0.021467866478730557, 0.021474868901449007, 0.021468940295150896, 0.02146114173627156, 0.021489662128178377, 0.021437023692050472, 0.021427703168575785, 0.02142988576904692, 0.021471801116465294, 0.021463756944736567, 0.021368221824617506, 0.021337262924133182, 0.021307406834311093, 0.02125240363506864, 0.02121117941344297, 0.02117267276637025, 0.02113263948888955, 0.021096063233321027, 0.02105923955049749, 0.021035432200975368, 0.021031165521777972, 0.021031655102526137, 0.02099108626158186, 0.02098431042339033, 0.021000272835588696, 0.020940096368775363, 0.02091525368150693, 0.020904242204505263, 0.02091054828932093, 0.02092121107077627, 0.0208962815749254, 0.020922625247039806, 0.0208931628585719, 0.020894101167293067, 0.020871817911313983, 0.020847015702124327, 0.020852491844777, 0.020876013532111437, 0.020831652121611977, 0.020833655297967435, 0.020836052145117856, 0.02081685021523183, 0.020822266936426193, 0.020817877414838648, 0.020817855015433318, 0.020821376620887677, 0.020803327254132253, 0.02080542453463241, 0.020817689406868345, 0.020780014862804896, 0.020768991907008427, 0.02076298499398932, 0.02075353748605835, 0.02074855271069953, 0.020753109269920134, 0.020733120481597367, 0.02073631051861169, 0.020742053348830947, 0.0207131188051648, 0.020709667103585905, 0.020707393103616356, 0.020687133164248972, 0.020691085619225058, 0.020684363932327976, 0.02068975856012878, 0.020685097434232302, 0.020664702789449874, 0.02065064517255666, 0.020641493686771706, 0.02063120217703107, 0.020627858518536324, 0.02062961032655275, 0.020625095445552133, 0.020625717348887518, 0.020628438845259445, 0.020591983739375652, 0.020584253855773227, 0.020588237177443958, 0.020565711181038893, 0.020556761559442416, 0.020549420051183875, 0.020547375256425027, 0.02054400451525129, 0.020540047293825525, 0.02055694990335788, 0.020541248973371284, 0.020516311799706366, 0.020506927752705906, 0.020508517473594945, 0.020507577249238795, 0.020490769985426316, 0.020474642175780877, 0.020475864739301297, 0.020473926087312355, 0.020475200255491544, 0.020480328564568606, 0.020462379270771658, 0.020447581970540196, 0.020437160130665988, 0.020461791319139944, 0.020448835928695508, 0.020427429447237522, 0.02041093418798734, 0.02040184375339238, 0.020386161382274004, 0.020375209069502076, 0.020369279017333097, 0.02038611055510653, 0.020373613843431726, 0.020365594015028576, 0.020365274421022095, 0.020362502713764608, 0.02037767775167354, 0.02034102403036908, 0.020313236694866732, 0.020301484958861193, 0.02031079495738275, 0.020297431542385724, 0.020284328396460327, 0.020286026498341103, 0.020284529765108084, 0.02027400708059557, 0.02025774936976532, 0.02026028223524101, 0.020264452688602552, 0.02023684507208212, 0.020228768319522916, 0.020213891052055732, 0.02020890370620565, 0.02021420296114973, 0.020196596073227435, 0.020199959698328107, 0.020203941282399995, 0.02017712019680995, 0.02016594431428509, 0.0201621330580799, 0.02015032646317838, 0.020182316210216156, 0.020149930274079075, 0.020132798880745928, 0.020120792056879444, 0.020115368578980664, 0.020118533468262978, 0.020101123658395115, 0.020097155457178606, 0.020102593744061426, 0.020084272321885144, 0.020086423693821964, 0.02009528422571738, 0.02009077886869004, 0.020083401255375888, 0.02006094985396356, 0.02004642517779076, 0.020043861360186543, 0.020040672367239387, 0.020032188681669783, 0.020015755624231635, 0.020015753338066933, 0.020021524345707475, 0.019995340217415558, 0.019983777633161615, 0.0199841040499924, 0.01998112915662109, 0.01996277282294845, 0.019955988343374198, 0.019966816956816458, 0.019960132212325954, 0.019940670313663977, 0.019936098427253968, 0.01993595634443579, 0.01993172194013315, 0.01993010467748768, 0.019945407575886698, 0.019932632622922664, 0.01994016171335322, 0.019903260623395536, 0.01988863627583881, 0.0199013730237112, 0.01988935599472552, 0.019882270867612295, 0.01986604076755305, 0.019860813250585863, 0.01985658799678658, 0.019855885320706035, 0.019849929164004076, 0.01983599178737938, 0.01982809631719662, 0.01982015986856689, 0.019797903077917622, 0.019786825725769397, 0.01979441437293905, 0.019788147233653297, 0.019767302359733674, 0.01976369272600198, 0.019758120478709507, 0.019746284634100997, 0.019737237144624276, 0.019744137372669335, 0.019742851129925798, 0.01971588268210611, 0.019708888251487977, 0.019699055331400928, 0.019698064081983824, 0.019690579439416322, 0.01967131577215564, 0.01965581868668853, 0.019643582747418176, 0.019640949329236213, 0.019642275429876954, 0.019631314509174214, 0.019612821654165447, 0.01959171188918185, 0.019589008179720868, 0.019591997679908157, 0.019575404144571706, 0.01955459208969712, 0.01954425742888566, 0.019537145640496356, 0.019540306768390914, 0.019531573708176264, 0.019521257289785265, 0.019516875030520353, 0.019508856037103395, 0.019496542416302387, 0.01949598502736183, 0.019498442908031932, 0.019482183426802302, 0.019476670540024443, 0.019491477060116003, 0.019468442462311164, 0.019451356558770172, 0.01945353025169483, 0.01945463936766878, 0.019440105532745555, 0.01943846653901571, 0.019433552676482724, 0.019433464878942375, 0.019444518518062837, 0.019415622043325365, 0.01940488390311046, 0.019398963731937724, 0.01938612436566345, 0.019379074016613984, 0.019373260335129427, 0.019374140580682764, 0.019383471516438044, 0.01937438745307185, 0.019355144775293653, 0.019350633371951753, 0.019347688105543437, 0.019349500280618548, 0.019354013784076862, 0.019348861288073227, 0.0193543498861527, 0.019339951419937607, 0.019325798899465618, 0.019333353401544517, 0.019324693862743048, 0.019319237772078002, 0.0193003503033915, 0.019302373991141875, 0.019296577130742065, 0.01928522588266135, 0.01928421014398629, 0.019287228536260304, 0.01927136538289298, 0.019270098993676155, 0.01927494190684853, 0.019252497355395026, 0.019276011441793695, 0.019257790088271665, 0.01923426743375989, 0.019230318028124582, 0.01922936069434611, 0.019232638820796066, 0.019228510564266665, 0.019228434637994285, 0.019237122894079084, 0.01923231795526048, 0.019224914296531503, 0.01920574641382966, 0.01919784848134687, 0.019191066049218053, 0.019183539181999776, 0.01919949065834481, 0.019190969243445877, 0.019179329429680814, 0.01917189524119367, 0.01915893815617664, 0.019169070568199942, 0.019153162798668744, 0.019139100110244, 0.01913482693178148, 0.019137552654184264, 0.019145083117288464, 0.019147905322715375, 0.019130355687832723, 0.01911321089220208, 0.019100402618782097, 0.01909858514291629, 0.019097207105887026, 0.019086205673291223, 0.019100692593039148, 0.019088988204343127, 0.019072431873548235, 0.019070233961222982, 0.01907605131321144, 0.01908234665721431, 0.019075838325511407, 0.019056747036301447, 0.019070036442787597, 0.019056676539997874, 0.019040309612532003, 0.01904170994760368, 0.019039364664091063, 0.019042529044313583, 0.019041761044127026, 0.019028585675037735, 0.019031822537096676, 0.019027824214037703, 0.01902732453342426, 0.019026743015685854, 0.0190058956539203, 0.018998130085542297, 0.018999916440202158, 0.01899946977884459, 0.018983157036273623, 0.01898041301311537, 0.018980961704767152, 0.018977355750109726, 0.01897876186782832, 0.01895933737569555, 0.018948297761361976, 0.018938940945495863, 0.01892464061413246, 0.018947326059242098, 0.01892539933600379, 0.018921887360493383, 0.018922991084504237, 0.01890505459056968, 0.018901750896106573, 0.01890388264324705, 0.018897488770068804, 0.018895370757234464, 0.01891395090580117, 0.0188867821765919, 0.01886715421160101, 0.01885336181763919, 0.018838506156304002, 0.01882731521598202, 0.018823298077086714, 0.018819750531133272, 0.018821225305737044, 0.018819062368733763, 0.01881201566570423, 0.018824416060252425, 0.018809744274885687, 0.018794335567223985, 0.018794835936651322, 0.018795609579184358, 0.018797616690789276, 0.01879172036873389, 0.01877976074301435, 0.018775361895977838, 0.01878156979978718, 0.018776274376339663, 0.01877737547539715, 0.01878074756146919, 0.018771556686161595, 0.018771403998525615, 0.018775964260702604, 0.018746605065899202, 0.018741465502231103, 0.018742143112358778, 0.01872736563303612, 0.01871701054297925, 0.01871672536390112, 0.01871826386132125, 0.018728503655920825, 0.018712850114737778, 0.018727221498199276, 0.018707151651930487, 0.01868964725054434, 0.018680495149562826, 0.018664930397837343, 0.018659228315428766, 0.018667233234314073, 0.018662030845720712, 0.018646615569172686, 0.01865040074206037, 0.018646251516622803, 0.018639951778836372, 0.01863215612683433, 0.018628536400940532, 0.018642345188207732, 0.01864007111610244, 0.018608485897511295, 0.01859920045171981, 0.018602126768739513, 0.018596025232032742, 0.018597344149362205, 0.018595132267713033, 0.01858701243710814, 0.01858891798550344, 0.01859031828899471, 0.018584047447697816, 0.01857646365237431, 0.01857053824289312, 0.018579213246490145, 0.01858231360744589, 0.01855528085584035, 0.01855071871935532, 0.018550414635909562, 0.018559495791036662, 0.01855083801876345, 0.018543003344372866, 0.018550411474192674, 0.01853761234404161, 0.01852516759996614, 0.018516239857352734, 0.018523926462586826, 0.018524477573482856, 0.018500157540726758, 0.018488175187101552, 0.018487477472972635, 0.018490280510561785, 0.018488547726794313, 0.018488568096573288, 0.018481929937862684, 0.018481189624627747, 0.01848643404674266, 0.018489902757242827, 0.01847060316924043, 0.018458455265486395, 0.01845632190570845, 0.018456285789969717, 0.0184530256920572, 0.018448314261167775, 0.018455745298142756, 0.018450255216060363, 0.01843229836000937, 0.01842406172814337, 0.018408268205632794, 0.018403937743563303, 0.018396591673323304, 0.018381139393379375, 0.018367494393189965, 0.01836600319580206, 0.018369900131873562, 0.018363304878770692, 0.018366658047839768, 0.01835566960955226, 0.018352185816525535, 0.018344274933704385, 0.01833794037159009, 0.018355960330505794, 0.01833880703742241, 0.01832738189000227, 0.018318877954301982, 0.018314146591754676, 0.01831403663125475, 0.018324037139438865, 0.018315678452439532, 0.018336099938314754, 0.018318123511326667, 0.01829560802881902, 0.018280684530062263, 0.018267446688316924, 0.018255863499703096, 0.018254281204920786, 0.018252969448847245, 0.018252012629301984, 0.018250723210060826, 0.01824964386581729, 0.01824928640532697, 0.018244864196190314, 0.018237258300510262, 0.018220915528314285, 0.01821809695132548, 0.018224554378084012, 0.018212750138349443, 0.018207631168343563, 0.018211794674637405, 0.01820621587495519, 0.018201283243724387, 0.018220260136921462, 0.01820661936990331, 0.018197477260898043, 0.018203311611672768, 0.018184307189997195, 0.018176814821529663, 0.018189175559935933, 0.018179251947420982, 0.018161853095567948, 0.0181562674236464, 0.018153124501660622, 0.01815427378172807, 0.018165968206866223, 0.018155293246077675, 0.018138793934485586, 0.01814293657398136, 0.018137103993528303, 0.01813148413283594, 0.018135965313584523, 0.01813019024414453, 0.01814157337795519, 0.018123052397527095, 0.018127029312698828, 0.018130887684090435, 0.01812724669855248, 0.018117380946276906, 0.018100672174868437, 0.0181008971531883, 0.018099012734059672, 0.01808899168634759, 0.01808350911069634, 0.018082836691030835, 0.01808701959193515, 0.018084990828968195, 0.01806997951642142, 0.01806109342110529, 0.018060786612030477, 0.01806548892544002, 0.018046084945459007, 0.018032192771483935, 0.018033308422639616, 0.018036237311672587, 0.01802258814706259, 0.018015466198478935, 0.018014224036762116, 0.018014498959361913, 0.01802142822398234, 0.0180134727047776, 0.018000816615176052, 0.017997310925541132, 0.018000499775217116, 0.018001681476409237, 0.017991255945369655, 0.01799333662865432, 0.017992237103137243, 0.017987630365078888, 0.017979413223622398, 0.01797508018031102, 0.017974556423343557, 0.017978185564240134, 0.017983413763210887, 0.01796319743116459, 0.01795869933137817, 0.01796689629620396, 0.01795927792389529, 0.017950447806489578, 0.01794943088362977, 0.017961640151573754, 0.017957054438679454, 0.017943534139414963, 0.01794414416785095, 0.017941964834226498, 0.017950914231331327, 0.017932725163666396, 0.017939389308736287, 0.01793342564197542, 0.01791915529247401, 0.01792914679417823, 0.017919127959490688, 0.017920220218598404, 0.017922209861157223, 0.01790927939687359, 0.017901563084903205, 0.017899897834147582, 0.017900143124158996, 0.017906426271773634, 0.017904214392753803, 0.017902530594421373, 0.017904347541682242, 0.017885475278234586, 0.017885616305454155, 0.017886538154349707, 0.017882811037610802, 0.01788989097881255, 0.017873826558871597, 0.01786081306913989, 0.017864340638018117, 0.017860208154999557, 0.01785403631729998, 0.017854577505264535, 0.01785579776066426, 0.017852351955145562, 0.017853726300829154, 0.017846210906709348, 0.01785296106967804, 0.017853750965683535, 0.017848069480216888, 0.01785254160713401, 0.017834305307317333, 0.017835552971219193, 0.017834550268418847, 0.01783500365575097, 0.017835917413559832, 0.017836304165985917, 0.017831548841823808, 0.01782461796456114, 0.01782320099702328, 0.017827885049206627, 0.017836871351959327, 0.017821736015836587, 0.01780409609964373, 0.017800806206928477, 0.017802117367792025, 0.017797170101489068, 0.017797871912289875, 0.01780579328948728, 0.01780232184780073, 0.01779073456745195, 0.01778788697029443, 0.017781894825581568, 0.017776398157636986, 0.017776699142861396, 0.017774859609912874, 0.017775128235662296, 0.01775965875427088, 0.01776106363186747, 0.0177608184088085, 0.017750451310242443, 0.017760684659658077, 0.017752012389128713, 0.017744180980513113, 0.017744249404816115, 0.017746115554353126, 0.01773948670013037, 0.01775485306227853, 0.017741981275316343, 0.017737012620603898, 0.017737329198139307, 0.017721148814748955, 0.01772403827525737, 0.017721102391565657, 0.017724218944034753, 0.01772340468417377, 0.017711421110446324, 0.01771666337361144, 0.01771261583420569, 0.017712104409435048, 0.017710360702645422, 0.01772231006026581, 0.017707902601145742, 0.01770668471541892, 0.017703618079655814, 0.017695115648636017, 0.01769670171413562, 0.017700422611642175, 0.01769835061692815, 0.01769761718138141, 0.01768307461527885, 0.017682811907549056, 0.01768419039007796, 0.017689774493834687, 0.01768203430002846, 0.017677545849950627, 0.017673911583305224, 0.017687737810994086, 0.017665110077697777, 0.0176583764559054, 0.01766206761129807, 0.017660586222802754, 0.017652049003572645, 0.017649949228196737, 0.01764474821490969, 0.01763760834061756, 0.017636412380049094, 0.017640328265113858, 0.01764209945446582, 0.01764156016065599, 0.017639767419919794, 0.017629835123754933, 0.01762234503072091, 0.017618263827615777, 0.017621799317843467, 0.017617109380299478, 0.017612021696708613, 0.017616038329575034, 0.017612917093929537, 0.01760046012530414, 0.017600656686467264, 0.017597984315264603, 0.017599404650601835, 0.017593504915740077, 0.017590560645601605, 0.01758893794302585, 0.0175917874840259, 0.017593615249959837, 0.01758915039086628, 0.01758859667191026, 0.017592505009948356, 0.01758918099415463, 0.0175911161136294, 0.017583204063843838, 0.017581294524271485, 0.017581449052499698, 0.017580020232601967, 0.01757555404062161, 0.0175732534999522, 0.01757369619222715, 0.01757303257550058, 0.01757100069204176, 0.017570686092645005, 0.017568884660659645, 0.0175683156648343, 0.017562868927125996, 0.017557970420111646, 0.017554808161962088, 0.01755335620392362, 0.017547798255826752, 0.01754379096106462, 0.01753980455727777, 0.017538622954710092, 0.017538399272325922, 0.017540318339046013, 0.01753455203825982, 0.017532650967148733, 0.01753169215586814, 0.017528921545940768, 0.017523505347731838, 0.01751935229689139, 0.017515647405842216, 0.017513035110556796, 0.01751000798919322, 0.01750712276446298, 0.017511613554334504, 0.01750867793655031, 0.017506807694931403, 0.017506991319519605, 0.017503401623365833, 0.017498021632363026, 0.017495802953452877, 0.01749434599477362, 0.017495981343788602, 0.017496104475433483, 0.017490391499280777, 0.017491208565027394, 0.017489013090294825, 0.01748599389409089, 0.017486353782910635, 0.017485245700351038, 0.017480906659561812, 0.017479909309274677, 0.017476252098757472, 0.017475818150176625, 0.01747433634787965, 0.017470024315499932, 0.01746709576615091, 0.017464891587640863, 0.017459977209971278, 0.01745659745052619, 0.01745250529028375, 0.017448430241306823, 0.017444712359935166, 0.017441450914152612, 0.017441450099792033, 0.0174417302769021, 0.017440376784550904, 0.017440487063886567, 0.01743776423931942, 0.017432044805236746, 0.01743036380117413, 0.017425214976831693, 0.017422347520226533, 0.01742143113681216, 0.017419792874829088, 0.017416174477985713, 0.017411555195775308, 0.01740954235468406, 0.017407105758592945, 0.017406069077798958, 0.017405004783685896, 0.017403549295080256, 0.017399443098920164, 0.017398615672702622, 0.01740043411521397, 0.017394689294153, 0.017389621925311682, 0.01738531164934054, 0.01738276442775899, 0.017381242706693945, 0.017381216294094837, 0.01737978596659262, 0.017377543844075527, 0.017377449313210946, 0.01737636845434065, 0.01737133097338006, 0.017367948021864588, 0.017362945986176603, 0.01735915473532934, 0.017355381553931792, 0.01735446261574225, 0.017354930569458915, 0.017353926010091225, 0.017353136181477602, 0.017352617141347615, 0.017352748247888794, 0.017347301568834905, 0.01734351465638495, 0.017338527778857027, 0.017334688602473447, 0.017331815825323837, 0.017328221783353692, 0.01732390765623293, 0.017320541765688646, 0.017316982319239838, 0.01731352677396636, 0.017310901083215757, 0.01731041329830285, 0.017309403335528772, 0.017304537309559276, 0.01730084329523307, 0.017296482158313253, 0.017292316510757688, 0.01728843537507896, 0.017285595777438933, 0.01728536360138122, 0.017284346216289825, 0.017283089971042886, 0.017282766944258343, 0.017277967517567383, 0.017274038466470132, 0.01727261427411908, 0.017270781703015547, 0.01726630961760034, 0.017264701285280903, 0.017263257346112337, 0.017260334551468248, 0.017262499801270592, 0.017260214293893905, 0.01725936575517728, 0.017258509390119192, 0.017253918791988565, 0.01725048093977588, 0.01724696422024341, 0.017244866465623843, 0.0172398696007503, 0.01723960706137495, 0.01724051558270412, 0.017237124460328768, 0.01723381461526763, 0.01723042348111614, 0.017226236036243292, 0.017221589537981252, 0.017217197084057667, 0.01721284388555311, 0.017209994618952007, 0.017208391730660022, 0.017205593455666635, 0.01720454013798045, 0.017200890537494296, 0.0171988490250935, 0.0171945549643443, 0.017191742584359737, 0.01718834767900279, 0.017185325739608626, 0.01718417226478719, 0.017184381446947894, 0.017184387649740285, 0.017187157013834442, 0.017186610126128432, 0.01718162027492287, 0.017179460571104754, 0.01717516527801588, 0.01717341722380361, 0.01717145236867712, 0.01717226832084917, 0.01717083813492626, 0.017167674842367364, 0.017168025174301382, 0.017168961774196134, 0.01717062317536988, 0.01716767705699551, 0.017165415962512642, 0.017161805283800735, 0.017160244641512667, 0.01715918269868677, 0.017155619300271208, 0.017155273836746643, 0.017156107100353535, 0.017151640218675435, 0.017151965813410386, 0.017153107641632692, 0.01714778948258444, 0.017147968547605807, 0.017147099228152052, 0.017143439255424164, 0.017140731109080987, 0.017139438699059317, 0.017139762372476386, 0.01713847321836104, 0.01713718012772303, 0.017135047194619557, 0.017136614981943077, 0.017135946272956226, 0.017130814827320706, 0.017130117226966446, 0.01712954213093032, 0.017126391122824547, 0.017123963189268232, 0.017126200208571363, 0.01712544975874397, 0.017119959359190307, 0.01712009260316094, 0.017120363973818775, 0.01711712457852177, 0.01711440193310665, 0.017111251854494802, 0.017108471998277586, 0.017105150864542673, 0.017102101716221396, 0.017100547640936492, 0.017104732783006504, 0.017102771733720434, 0.01709610489201152, 0.017092054665928558, 0.01708943449522149, 0.017086900898637958, 0.017083775946112656, 0.017081634580732308, 0.017082729444798828, 0.0170827104643948, 0.017081892331469728, 0.017082518857309825, 0.017082584953084012, 0.01708259905929399, 0.017077049875504846, 0.017073462696462594, 0.017073247787345203, 0.017074435181410386, 0.017070418924545527, 0.017069591334883838, 0.017069262629011095, 0.017065622336309483, 0.017062743938248248, 0.017061056140659336, 0.017061421507393093, 0.017057945315021805, 0.01705530105777442, 0.01705207036116929, 0.01704914420894288, 0.017049065756783444, 0.017049756900175406, 0.01704950154391882, 0.017049628472651568, 0.017043645910352123, 0.017040120107818524, 0.017038228760287266, 0.017037600920490004, 0.01703831880788642, 0.017034931048689805, 0.017034106746047994, 0.017034372229087658, 0.017034957442759957, 0.017033140541236058, 0.017031175043904945, 0.01702972603403896, 0.017029590781395876, 0.01702589940899657, 0.017024404645340052, 0.017022407001880513, 0.01702204158938614, 0.017024798560490217, 0.01701874504459744, 0.017016455851998624, 0.017017420190170163, 0.01701658887201929, 0.017012959070867195, 0.017012870853765127, 0.017012550291816364, 0.017014325207419967, 0.017014454201438767, 0.017008520936158122, 0.01700687136122636, 0.017006637305811423, 0.01700816908187619, 0.017005872235442587, 0.01700604927042182, 0.01700441529616059, 0.017000184984153233, 0.01699622646217791, 0.016994146276830713, 0.01699125327095341, 0.01698996901839145, 0.01698871970588567, 0.01698532823981813, 0.01698312719034134, 0.016981610312965634, 0.01698095718871917, 0.01698297111366287, 0.016977924389108612, 0.01697419164820846, 0.016973329874456544, 0.016972540997448604, 0.01697094588725001, 0.016972520243895062, 0.01696978996585563, 0.016967887644766533, 0.01696610678621313, 0.016966279079701385, 0.01696202844495387, 0.01696028023521845, 0.016957712125730162, 0.016954492303755564, 0.01695509537816131, 0.016954225520406596, 0.016951797806299296, 0.016949614294949567, 0.0169491586470204, 0.016949425878827085, 0.01694627020374173, 0.016941920214651796, 0.01693794097550272, 0.016934947259393485, 0.01693311914162854, 0.016931953914280595, 0.016933378327758764, 0.016931034025168046, 0.016926886398238028, 0.016923719291002226, 0.016922083260894505, 0.01692148344555411, 0.01692084084139822, 0.0169186666112765, 0.016917967039689952, 0.016917267634104394, 0.016913764802313658, 0.016911365650043364, 0.016912358132126104, 0.016911478616956077, 0.01690861425259027, 0.016908102510749035, 0.016909043139202717, 0.016910914398744592, 0.01690729694701487, 0.0169045240299317, 0.01690395126619093, 0.0169040118692948, 0.01690147384550056, 0.016898759706216238, 0.016899229868827637, 0.01690048839013869, 0.016894642364007284, 0.016892713168716433, 0.016892667736927658, 0.01689271503514722, 0.016890733344790188, 0.016889594403043717, 0.016889615495325305, 0.01688934057534064, 0.016891163923516084, 0.016891618222070748, 0.01688546095112975, 0.01688216767680384, 0.016881597183216468, 0.01688187690059817, 0.016880940061063443, 0.016882979136359055, 0.016877447351145825, 0.016873805076320858, 0.016872545522555682, 0.016873293468359085, 0.01687287530017878, 0.01687007037820798, 0.01686804281640808, 0.016864164182664232, 0.016861651221261043, 0.01686010746215383, 0.01685856766839544, 0.016855063318896968, 0.01685415831353254, 0.016855421375266855, 0.016854981432139038, 0.01685422422577698, 0.01685047725390909, 0.01685220377724661, 0.016850034087850685, 0.016847131394555293, 0.01684571726159967, 0.01684822602673064, 0.016845645817576194, 0.016844492935235378, 0.01684241555806021, 0.016842051108897027, 0.01684194030282049, 0.016840880803892233, 0.01683627869104798, 0.016836621153801024, 0.016836542984644987, 0.016832606299712838, 0.016829107409528588, 0.016827727846817186, 0.01682574876259213, 0.01682659054564495, 0.01682585851073115, 0.016826193549061008, 0.01682662335928997, 0.016826290845456615, 0.016826093479402116, 0.01682209900607501, 0.016820012394827444, 0.016817943023708315, 0.016817259809394858, 0.016818846635684448, 0.016817432614389838, 0.016819641429246635, 0.01681532319391632, 0.016814325343114445, 0.016814345786244744, 0.01681204721254348, 0.01680919988486662, 0.01680935463493538, 0.016810229294666468, 0.016809207141422866, 0.01680839029006298, 0.016806023910547974, 0.016807382762561218, 0.016805334108600523, 0.016803927492065718, 0.01680443158113054, 0.016804043580562644, 0.01680309257106427, 0.016801136483931, 0.0168037574782669, 0.016802336368609172, 0.016797491984933632, 0.016794383885709974, 0.01679294528248465, 0.016792612129606366, 0.016793243964770332, 0.016791464636446207, 0.016790791757823276, 0.016789096856793972, 0.016785230775476112, 0.016786305825876258, 0.016786917366213405, 0.016781991649350902, 0.016780850814689496, 0.01678221728357654, 0.016779942403665316, 0.0167798877143277, 0.01677828086296096, 0.01677903980171247, 0.016778582515974638, 0.016774866313685077, 0.016772116204550547, 0.016771857900861997, 0.016773068521445778, 0.01676841782446692, 0.016766144395174765, 0.016769217136905046, 0.016766224859783962, 0.016763039919300393, 0.01676284381683868, 0.016762578684736074, 0.016762053108133612, 0.016762927317894194, 0.016760171401933643, 0.01676011056887361, 0.016762403064716436, 0.01675557234166314, 0.016754203008902402, 0.016751199475862677, 0.01674953592209738, 0.016748772684156754, 0.01674775302749565, 0.016746061062687723, 0.01674592706536937, 0.016746561461247422, 0.016744835725607143, 0.016742675605511792, 0.01674002444924605, 0.016738411739363968, 0.01673704940443732, 0.016740675386720194, 0.016737928865129592, 0.016734165282147884, 0.016732894310949376, 0.016731282863263197, 0.01673157546380666, 0.016730408809664254, 0.01673137626504062, 0.016730653097249082, 0.01673152173023318, 0.016727554143565748, 0.01673067150142904, 0.016727617507113268, 0.016724510921138802, 0.016723945437762455, 0.016724223259313775, 0.016723236864675695, 0.0167238855486167, 0.01672246301268876, 0.01672350491457697, 0.01671853944618462, 0.01671510337436155, 0.01671363447043528, 0.016712366682840374, 0.01670970775288827, 0.016707634332867927, 0.01670930908962076, 0.01670712280102382, 0.016706898522018898, 0.016707444949580097, 0.016704829115534614, 0.016701535081683483, 0.016699557977920776, 0.01669965538776408, 0.01669953164969662, 0.016698630708020135, 0.016698029058609842, 0.01669734576238857, 0.01669352870448082, 0.01669342616304359, 0.01669321122101941, 0.016692941301583608, 0.016692356497741145, 0.016690078015898724, 0.016689504195104066, 0.016690153894032278, 0.016691803200777455, 0.016687526717780843, 0.01669048103011983, 0.016688386915692854, 0.016687236777815917, 0.016687423931801892, 0.016683027778320203, 0.016680876321310878, 0.016680998752968246, 0.01668227701607572, 0.016678687521227697, 0.01667682141511917, 0.01667562846403292, 0.016676935297418094, 0.016675226585242897, 0.01667575246040509, 0.016674288364754042, 0.016674351807713927, 0.01667089944567879, 0.0166681640912395, 0.016669267947255317, 0.01666844715984661, 0.01666625080710815, 0.016668124969071996, 0.016666577009858963, 0.01666473382930822, 0.016663985013934846, 0.016665235351956076, 0.016665098261205213, 0.016663308489139217, 0.01666228327199437, 0.01666074356954239, 0.016656959426877505, 0.016656438217560465, 0.016656472890969054, 0.016655072051037223, 0.01665463332568029, 0.016654615951674723, 0.01665159628024726, 0.016649800505972534, 0.01664616520879425, 0.016642846270675804, 0.01663982900051031, 0.01663664161737133, 0.01663395465314521, 0.016631185141051996, 0.016629094418040724, 0.016630428112959117, 0.016629326016066703, 0.016626494746360798, 0.016624944815682774, 0.01662579619946536, 0.016625626072077404, 0.016623601453987225, 0.016621306177908357, 0.01662153134095612, 0.016622425574080224, 0.016619464440708276, 0.016619454378636322, 0.016620010712259603, 0.01661740524467259, 0.01661741917720161, 0.01661784965632318, 0.016616868092560022, 0.01661779694238008, 0.016616574191910205, 0.016617987782040933, 0.01661253900146331, 0.016610103288617895, 0.0166080692682522, 0.016607196804998225, 0.016608318860131144, 0.016608641057670015, 0.016606175926012545, 0.016606931061062813, 0.01660467876585414, 0.01660267740827781, 0.01660115788045058, 0.016600576787691446, 0.016600339426987465, 0.01660095405454587, 0.016598674886594056, 0.016596644562192786, 0.01659447599589059, 0.016594210075955407, 0.01659463456143928, 0.016593340168492232, 0.016593106913906697, 0.01659353562756949, 0.01659788065133161, 0.016591631036756094, 0.01658940609805104, 0.016589196893420755, 0.01658605267562896, 0.016586549935043382, 0.016585617181077095, 0.016585234453621034, 0.016584267569639044, 0.016581307402846468, 0.016580638014297655, 0.016581751204709616, 0.016578580316342184, 0.016577602670599045, 0.01657576785343895, 0.016574227536571784, 0.01657190749276194, 0.016569908364370556, 0.016569809864180884, 0.01657005535487277, 0.016569614801943522, 0.01656852693848776, 0.01656741722483912, 0.016567971512946755, 0.01656812296289123, 0.01656857674907708, 0.01656950499069687, 0.016565216237967473, 0.016562950547666433, 0.016561617770203596, 0.016560770433123317, 0.016560555817721645, 0.01656196098647511, 0.01655895662068041, 0.016556645462428077, 0.01655460024718025, 0.016555320763180892, 0.01655447611202776, 0.01655362848646824, 0.01655135463917512, 0.016551203924609736, 0.01655309654048276, 0.016549559792725432, 0.016546907986609405, 0.01654590491998531, 0.016546444253254577, 0.01654337428503405, 0.016541666199752503, 0.016540764489821336, 0.01654113554211789, 0.01654192588319159, 0.016538330737500107, 0.01653751276184756, 0.01653833900755508, 0.016538970780985984, 0.016535793593231096, 0.016535774082334198, 0.01653683235770742, 0.01653671371035048, 0.016534988261896033, 0.01653218538688328, 0.016530220844991783, 0.016531203072108314, 0.016529885707154857, 0.01652964008677338, 0.016529049059943235, 0.016528345222939778, 0.01652596731599376, 0.016526231154932347, 0.016525258726691416, 0.01652497531303876, 0.01652401263756853, 0.016523640753141167, 0.016525048293401068, 0.01652073108864127, 0.016520219983336748, 0.016521032970231775, 0.016520643976723925, 0.016521580031901628, 0.016518164596598384, 0.016517219222197177, 0.016517287914852297, 0.016516244933007962, 0.016515083469716973, 0.016512908278416227, 0.016514124851784162, 0.016513000534157607, 0.016511274178185542, 0.016509477485232904, 0.016511235201637775, 0.016508977743272313, 0.016507707760666346, 0.01650831465291569, 0.016508961517564535, 0.016506466877816428, 0.016507719788750652, 0.016504799897027578, 0.01650372919876064, 0.016501896477676303, 0.016502638244429213, 0.016502338405109174, 0.01650281301069967, 0.016501372426303007, 0.016501405080408538, 0.016501584116037415, 0.01649854908393944, 0.016497771412634532, 0.016498928042130934, 0.016498440730125186, 0.016498132811730848, 0.01649749637506659, 0.016494831990183645, 0.01649417120677288, 0.016494684113433133, 0.016493445243939364, 0.01649339968081287, 0.016492546483779513, 0.0164903219545679, 0.016493620845266954, 0.01648939473920863, 0.016487369517212636, 0.016487079856481235, 0.01648678585718999, 0.016485942719431823, 0.016485858383222696, 0.01648537211229928, 0.01648210551468754, 0.016480060468790136, 0.01648051075504875, 0.016480869941856158, 0.016478634062747854, 0.01647978535140182, 0.01647830328612232, 0.016477945147139295, 0.016476896759479387, 0.016478818550246577, 0.01647680516206551, 0.016476390892956938, 0.016477375282673234, 0.016474464305548997, 0.016473662355098617, 0.016477419859718956, 0.01647287514037199, 0.016470010431078097, 0.01646891565371522, 0.016469117279684142, 0.01646874573333512, 0.016470183781126968, 0.016470053219431735, 0.01646785795582406, 0.01646871107722392, 0.016465513674413068, 0.0164645687664301, 0.016466713994886306, 0.016464194055573755, 0.016463797476657605, 0.016463308380037955, 0.01646117492570487, 0.016459641519987467, 0.016460091973756863, 0.016460667143683216, 0.016459345078461918, 0.0164606397167415, 0.016456472441470194, 0.01645514813151605, 0.016453447974253632, 0.01645246375835352, 0.0164519975306876, 0.016453600027505844, 0.01644999921947843, 0.01644997194456399, 0.016450412934071346, 0.016446979559829433, 0.016446191742956362, 0.01644578387327067, 0.016446547061079175, 0.01644476627887792, 0.016444826427515546, 0.01644411279181124, 0.0164433598629401, 0.01644384641670593, 0.01644166496900945, 0.01644148680399171, 0.016440849663368784, 0.0164400709069078, 0.01643715839888138, 0.01643622622690033, 0.016435051571590198, 0.01643440791762585, 0.016434737770297136, 0.01643499650178526, 0.016433708976880346, 0.016434042732605736, 0.016433436693085057, 0.016432412932592122, 0.016433571900148047, 0.016431521749167732, 0.016431614524713867, 0.016431302365662703, 0.016434130008468606, 0.016431491067792514, 0.016431063035476368, 0.016429274275736705, 0.0164273791464159, 0.016427046832557246, 0.016427039439264046, 0.01642694342273432, 0.016425435778136377, 0.01642504319466309, 0.01642666528957526, 0.01642198692987762, 0.01642161454533131, 0.016422031106957613, 0.016421671438724972, 0.016421752061388517, 0.016421437840030584, 0.01642114037620468, 0.016418244550395533, 0.016420075125335498, 0.016418171696161554, 0.01641578782296038, 0.016414404817506334, 0.01641582985265999, 0.016413774171143425, 0.016413770154951157, 0.016414009515268613, 0.01641401368974127, 0.01641505982524971, 0.016411934525862648, 0.016411038375349296, 0.016408819138979625, 0.016408531299359708, 0.016407587819244895, 0.01640763305061621, 0.016408110155569644, 0.01640546726397263, 0.016405767262432147, 0.016405667275461888, 0.016404561096936332, 0.016404398882007953, 0.01640671591272591, 0.016405375082127027, 0.016402575846648615, 0.01640268282136792, 0.016403767730852947, 0.016402897551525908, 0.016402722101399148, 0.016400978846687453, 0.01639894349492843, 0.016397311447967744, 0.01639804911157494, 0.016396821345126544, 0.01639585512339803, 0.016396559137286215, 0.016394078728236283, 0.016392668499135343, 0.01639180669112905, 0.016395061330898963, 0.016392491834696044, 0.01639012000152451, 0.01638945506262801, 0.016389127999647535, 0.016389193566839433, 0.01638897505535497, 0.01638868563479401, 0.016390878200755576, 0.016390652601157463, 0.016385572599375342, 0.01638410239752186, 0.016385398203282553, 0.016384251806896843, 0.016382444316729528, 0.016381942983132003, 0.01638094104425425, 0.016380327263933125, 0.0163805594857368, 0.016381137518006073, 0.01637849664805402, 0.016378761431854127, 0.016380064268540773, 0.016376636753793083, 0.016377548449669432, 0.01637603705678492, 0.016376744473225346, 0.016375550042181497, 0.016374165983340405, 0.016373324074049456, 0.016373847191409774, 0.01637551836519391, 0.016373896994974046, 0.016373052100248198, 0.01637317510699854, 0.01637232558650703, 0.01636903142313806, 0.016368354090796178, 0.01636817955311043, 0.0163685627647433, 0.01636791818918215, 0.01636770189553094, 0.016367344163249142, 0.016367620239840175, 0.016366244876543257, 0.016365014515931864, 0.016364765452886454, 0.01636488664782365, 0.016365259278683153, 0.016366070338926675, 0.016363529954460998, 0.016363823705067948, 0.016362935877033857, 0.016363128396980398, 0.016362399281243056, 0.016360612021669163, 0.016361490752613728, 0.01635964099717313, 0.0163577868647381, 0.01635551620071074, 0.016353136548383107, 0.016350997651893073, 0.01634961674787727, 0.016349839911731556, 0.01634970486457077, 0.016347520993449494, 0.016346800050001442, 0.01634563163837166, 0.016345119435728916, 0.016345851248871557, 0.016343988612009697, 0.016342228350104793, 0.01634182876505197, 0.016341783213987382, 0.016342952441826597, 0.016341342474340825, 0.01634020092845545, 0.016339754417666552, 0.016339019140256483, 0.01633938315240535, 0.016338089206317408, 0.016336020564152287, 0.016335825842176632, 0.016335182608541277, 0.016334340412611725, 0.016332045301388876, 0.01633075674114215, 0.016329861115377153, 0.016331131766965323, 0.016330088600221226, 0.016328250326805516, 0.016328264505168333, 0.016327771085374865, 0.016325946903007482, 0.016325264509821635, 0.016326159403616924, 0.01632405877175036, 0.016323428657714523, 0.016322298112571354, 0.016321254795542695, 0.016321204341946616, 0.016322248231174785, 0.016319889901414975, 0.016320012301554332, 0.01631971970003221, 0.01631913702866228, 0.016317463559366696, 0.016318414233672307, 0.016317227473958584, 0.016319064940492622, 0.016317197661229077, 0.016315269512071073, 0.016315328207833768, 0.016316450713341646, 0.01631433497163115, 0.016314167455802164, 0.016315392628441283, 0.01631453709783859, 0.016314450370847333, 0.016312299747196612, 0.01631255186069258, 0.016312027333358015, 0.016312829678105878, 0.016312288319838775, 0.01631132445907424, 0.016313054097977564, 0.01631065692920075, 0.01630893149943069, 0.01630768374214553, 0.01630674436762647, 0.016307452280670542, 0.016306765216979158, 0.016306809690519786, 0.016306910369391803, 0.01630467400830493, 0.016304126587554757, 0.016305557264360337, 0.01630453730634851, 0.01630360456603641, 0.01630422132214282, 0.016304837730434563, 0.016301749458595305, 0.01630198564222196, 0.01630142076987051, 0.016301267070463865, 0.016302067668045428, 0.016298643813595692, 0.016296975512399503, 0.01629628070719069, 0.016297951110551545, 0.01629690004314155, 0.01629536251157926, 0.016298082825071947, 0.016295446699486016, 0.0162947901812609, 0.01629439251893572, 0.01629266776745386, 0.016294121325651, 0.016293583833899894, 0.016292689348517797, 0.01629291339226513, 0.0162914315105398, 0.016290193287046395, 0.01629183314411764, 0.01629002264305801, 0.01628931436641201, 0.016289190726591185, 0.016289724067505285, 0.01628949048894557, 0.0162875954613787, 0.016287191941625867, 0.01628760771023574, 0.01628743755111972, 0.016286935450252615, 0.016286448089607664, 0.016283674837046735, 0.01628346682973092, 0.01628465464860407, 0.016282234540584417, 0.01628247672044414, 0.016281824126145317, 0.016281798069133102, 0.016281854497588677, 0.016280187828240256, 0.01627956617963422, 0.016282446514978566, 0.016279887833079876, 0.01627745726348817, 0.016276472618405258, 0.01627619278283232, 0.016275930473599654, 0.01627712925439906, 0.01627624303234021, 0.01627572853724546, 0.01627433488987895, 0.016273522624871917, 0.016273411172702645, 0.01627275793089822, 0.016273467939615704, 0.016274223801574172, 0.016272330327249174, 0.016272378417967137, 0.01627228396686997, 0.016272453277837995, 0.01627260927725993, 0.01627226774993995, 0.01627070888659099, 0.016269335308160326, 0.016268436742834735, 0.016268766463780504, 0.016269413912967434, 0.016267301127436573, 0.016268364441155536, 0.016268915747495227, 0.016267092744448042, 0.016267531791139156, 0.016265699573112746, 0.016265708626936992, 0.016265475021150166, 0.016266490726364435, 0.016267667052316415, 0.016265069672188326, 0.01626308714715563, 0.01626378637536363, 0.016263333095371646, 0.016261442582668373, 0.016261058971983933, 0.01626123927325973, 0.016261226190671274, 0.016261023820499654, 0.016260817265384753, 0.016260251175180485, 0.01626119090289113, 0.01626129572783619, 0.016259131945232763, 0.01625872779906823, 0.01625842110620146, 0.01626030042990012, 0.01625977503664966, 0.016257430140820484, 0.016256958109492792, 0.016258240855939077, 0.016255343693525548, 0.016257122248971023, 0.016255390767286326, 0.016256733302830728, 0.016254565852295677, 0.0162530732532008, 0.01625281495167652, 0.016252774075018017, 0.016253047034257895, 0.016252753755760407, 0.01625545313249077, 0.01625225768247085, 0.016250915662733956, 0.016251036017392306, 0.01625086432318268, 0.01625053023572076, 0.016251480936036677, 0.01625003974883077, 0.016250441105820523, 0.01625169274894367, 0.016248941626911262, 0.016248754528874754, 0.01624941647325695, 0.01624902703305353, 0.016247698705397995, 0.01624606443105281, 0.01624497735811592, 0.0162445443081064, 0.016245425770830324, 0.016243741796161504, 0.016243072015028392, 0.016243472213583132, 0.01624271765928542, 0.01624109956601716, 0.016240572865818925, 0.016240582120724434, 0.016239689891643372, 0.016241103412946045, 0.016239027369776782, 0.01623819598990872, 0.016237389009852166, 0.01623664403870617, 0.016236289647012958, 0.016237199693175053, 0.016236448136779824, 0.01623507027473514, 0.01623353975122821, 0.016232375602105886, 0.016232920097656534, 0.016232879799379485, 0.016232463521624996, 0.01623283513864693, 0.016232784556864055, 0.016232293201505543, 0.016230696083744944, 0.01623156115931168, 0.016230745637340616, 0.016230906355952923, 0.016231336243482386, 0.01622961466675621, 0.016228990855011505, 0.01622857981953829, 0.016229159513793334, 0.016227399287421895, 0.016227803963569265, 0.01622851380679735, 0.016225949437237985, 0.016225845937059113, 0.016226020893738924, 0.016226593585118354, 0.016226577138825138, 0.01622778826254323, 0.016226123480169274, 0.016224431269271644, 0.01622421270535912, 0.01622494965263188, 0.01622258621861572, 0.01622387541865522, 0.016222503294855528, 0.016221630256896824, 0.01622015220748585, 0.016220203891478713, 0.01621980777257892, 0.01622056842442232, 0.016220205993631165, 0.01622031836756399, 0.016219412168185676, 0.016219151276057997, 0.016219047862494063, 0.01621817595693431, 0.016222060207911504, 0.016218368828717522, 0.016217657813421882, 0.016216602565755966, 0.016216822775376505, 0.016215188089961252, 0.01621622285056523, 0.01621559691659713, 0.01621390036306103, 0.016213485599789412, 0.016214915187254042, 0.016213926677831725, 0.01621600054639105, 0.01621434355138829, 0.016213357445784005, 0.0162135971991878, 0.01621280795332558, 0.016212840246982108, 0.016211184801458556, 0.016211128123529317, 0.016211177876255145, 0.016211042014860233, 0.01620948456443838, 0.01620747650709542, 0.0162069259600629, 0.016207374977572186, 0.016206381014475912, 0.016205967092072227, 0.016206557135875155, 0.01620594693050481, 0.01620537432300606, 0.01620379509405101, 0.016203315223468517, 0.01620340524094821, 0.01620343726855633, 0.016203106296550307, 0.016202599768564974, 0.016202894766727316, 0.016202394802648956, 0.016200825143489195, 0.01619957994937149, 0.01619905872503702, 0.016198321611502253, 0.01619954225662279, 0.016198726480423642, 0.016198632365023502, 0.016198281972809814, 0.016199493535906107, 0.016199047056595695, 0.016200376371783953, 0.016197541900104473, 0.016196928765702112, 0.01619824307273343, 0.016196565705431154, 0.016195947160153046, 0.01619564265311324, 0.01619648715252142, 0.016196867037755802, 0.01619518438168166, 0.016195512057682104, 0.016195200387127406, 0.016194509315159866, 0.016192495470742085, 0.016193827850221387, 0.016192309276386374, 0.016192914457464513, 0.016192463531256474, 0.016191499451893576, 0.016191540287723405, 0.01619180402877818, 0.016192841474382824, 0.016191131478205167, 0.016191795490219096, 0.01619308832120059] 

Smallest VQE eingenvalue optimizer final message:
{   'aux_operators_evaluated': None,
    'cost_function_evals': 3953,
    'eigenvalue': 0.01619308832120059,
    'optimal_circuit': <qiskit.circuit.library.n_local.real_amplitudes.RealAmplitudes object at 0x0000021C40245940>,
    'optimal_parameters': {   ParameterVectorElement([1]): 0.28287611584649397,
                              ParameterVectorElement([2]): 1.7212692982645552,
                              ParameterVectorElement([0]): 3.1412657012091802,
                              ParameterVectorElement([9]): -1.5522923101138364,
                              ParameterVectorElement([8]): 1.5449162994479293,
                              ParameterVectorElement([7]): 1.7599991555972547,
                              ParameterVectorElement([6]): 2.429178690800208,
                              ParameterVectorElement([5]): 3.139554613993491,
                              ParameterVectorElement([4]): -1.5707169880849738,
                              ParameterVectorElement([3]): 1.5665670158602902},
    'optimal_point': array([ 3.1412657 ,  0.28287612,  1.7212693 ,  1.56656702, -1.57071699,
        3.13955461,  2.42917869,  1.75999916,  1.5449163 , -1.55229231]),
    'optimal_value': 0.01619308832120059,
    'optimizer_evals': None,
    'optimizer_result': <qiskit_algorithms.optimizers.optimizer.OptimizerResult object at 0x0000021C3F1AFF20>,
    'optimizer_time': 8.266218662261963}
                             
q_0:  Ry([0])  Ry([5]) 
                        
q_1:  Ry([1])  X  Ry([6]) 
                   
q_2:  Ry([2])  X  Ry([7]) 
                   
q_3:  Ry([3])  X  Ry([8]) 
                   
q_4:  Ry([4])  X  Ry([9]) 
                        
The number of ansatz parameters is: 
 10
Line for latex table
RA r1 rl & $1\mathrm{e}{-04}$ & 67/100 &6167 & $1.6193\mathrm{e}{-02}$ & $1.736\mathrm{e}{-02}$ & $1.8177\mathrm{e}{-02}$ & $1.9344\mathrm{e}{-02}$ & - & 00h 28m 59s\\

