RA_r1_rl
42s__148
1e-02
0.9546442645872042
0.9088104431546402
0.9521158955422739
0.9068689727864793
0.95483972309726
0.9189872253599215
0.9516437925409128
1.037101276305179
0.9079411522060081
0.9532390056509934
0.906982030724939
1.0358396988116587
0.9523970934126645
0.9089424517930924
0.9528322652576637
0.908138215020994
0.9512391073217316
0.909750488196047
0.9533417950023906
0.9068998261106846
0.9085734707869222
0.9083051679692296
0.9068326863080974
0.9507614938342007
0.9507853531080221
0.9511511206944396
0.9122744046229164
0.911080106454343
1.0385123226745745
0.9078207210506105
0.90712961411501
0.9070521358430091
0.9114664910046447
0.9531623570912555
0.9073656926008636
0.9069300714574939
0.9075551060152873
0.9075070139084891
0.9068729418674328
0.9526099263129598
0.9068641346960261
0.9507548779898047
0.9522397567460713
0.9068579540137468
0.9084655012388649
0.9534662269433299
0.9532861433871281
0.9071752838144881
0.9087706864972277
0.9077725191890182
0.9070049815878354
0.9074428691512473
0.951296412336888
0.9067065642187981
0.9519840677870526
0.9521664262359011
0.9069395166367414
0.9084431681987434
0.9521433961387327
0.9532150482548245
0.9519689245349763
0.9506849487844012
0.9084099165425055
0.9524337809942942
0.9067847582119519
0.9068794444399948
0.9069817188819321
0.9066262163310193
0.9070662031939694
0.909513974130445
0.9070768996286747
0.9067329737713423
0.9070879596468883
1.032586409934155
0.9508850385823229
0.9081245685476462
0.9540440549123108
0.9523727899440997
0.9543654932435831
0.9100718490696093
0.9067916458472766
0.9509376351754071
0.9084691028042677
0.9113402272814817
0.9515326843683425
0.951756685873331
0.9068941812990503
0.9576688403205633
0.9072061802374701
0.957334226346897
0.9084001003549703
0.9073105055422706
0.9523338484294076
0.952134841550621
0.9088207532971875
0.9515041052345649
0.9068048415621748
0.9522390565578337
0.9517346717384266
1.0330295226975355
