0.1816999999999993 0.00581333406918955
0.04079999999999995 0.004680096580200042
0.038000000000001144 0.003898347342143856
0.03549999999999898 0.0031226311021316576
0.047199999999998354 0.004238565795171768
0.10350000000000037 0.006515033614648497
0.07749999999999968 0.006837130319073929
0.040599999999999525 0.002380186547310939
0.0051000000000005485 0.0013596017799340906
0.007899999999998464 0.001615048915667843
0.41600000000000037 0.008151860401159975
0.06059999999999999 0.005816908457247722
0.012800000000000367 0.0023086818750100374
0.016000000000000014 0.002822610139569415
0.25920000000000165 0.005393534648076352
0.2002000000000006 0.010389873146482593
0.009599999999999831 0.0017972089472290077
0.5621 0.007596523349532987
0.12349999999999994 0.00788137913058368
0.05739999999999945 0.006064834375314797
0.19299999999999873 0.009707300757677182
0.017400000000000304 0.0028463689149511124
0.008899999999998798 0.00189924432340868
0.11739999999999995 0.006874894326460591
0.021099999999998786 0.003506223466922761
0.010699999999999932 0.0014429182236010368
0.025199999999998113 0.0038532573233564338
0.034099999999999575 0.0035170943973683857
0.009899999999999132 0.0024262598789082683
0.0702999999999987 0.00495691406017896
0.041499999999999204 0.004532875136158077
0.06469999999999931 0.004885612653495962
0.14400000000000013 0.008388623486603741
0.054400000000001114 0.005990657726827666
0.008399999999999963 0.0019383704496303256
0.03310000000000102 0.0035427290328220017
0.016700000000001047 0.002744512889384923
0.09529999999999905 0.003746505705320617
0.099800000000001 0.007559188051636233
0.14429999999999943 0.009350062727062321
0.04829999999999934 0.003265217144387183
0.06269999999999953 0.004820864134156856
0.03109999999999946 0.0035337700830699328
0.2087999999999992 0.009645474379210187
0.014200000000000657 0.0030011484468449702
0.10520000000000085 0.007120812594079415
0.01330000000000009 0.0024900315259048407
0.028499999999997527 0.002315603808944865
0.05600000000000005 0.004132511101013517
0.049599999999999866 0.0035450822275371833
0.016800000000000814 0.0031922468576223986
0.024299999999999322 0.003161661114034816
1.1923999999999984 0.01593735185029181
0.043400000000000105 0.004069351299654536
0.051399999999999224 0.0026144383718114325
0.09830000000000005 0.006073820626261541
1.5499 0.01856245358243355
0.8916999999999993 0.012820389424662583
0.021100000000000563 0.003743139724883387
0.010699999999999932 0.0018599836020782572
0.04439999999999866 0.0027444868372794168
1.4879999999999987 0.013750861209393395
0.015799999999999592 0.0026546615603500173
0.008399999999999963 0.0019871789048799696
1.4106000000000005 0.014308410393890724
0.9408000000000003 0.0028484831050929493
0.0779999999999994 0.006347368588635754
0.07650000000000201 0.0033743442325880305
0.12870000000000115 0.008745904698771876
0.13790000000000013 0.007376590065877314
0.0351000000000008 0.004455676716280039
0.2565999999999997 0.007980263654792364
0.010799999999999699 0.0023535420115221813
0.00820000000000043 0.0023607812266281305
0.03160000000000007 0.004587253644611322
0.014800000000001035 0.001965465848087928
0.03589999999999982 0.0028900551897844367
0.19090000000000096 0.010310040397593027
0.03300000000000036 0.004240316969284261
0.12989999999999924 0.007950183960135766
0.034300000000000885 0.0042649570923984515
0.030899999999999928 0.004298668980044892
0.0909999999999993 0.00739758663349068
1.8334000000000001 0.015047510358860034
0.03279999999999994 0.004348171109788561
0.002400000000000624 0.000871600826066615
0.015999999999999126 0.0017897631128168396
0.05339999999999989 0.004896091093923818
0.1504000000000012 0.006628104404729908
0.03390000000000093 0.0030672895200812
0.015100000000000335 0.002469870644386082
0.010299999999999088 0.0023333347380948065
0.04319999999999968 0.002994014028023223
0.015600000000000946 0.0028129024156553894
0.03869999999999951 0.004429454481084557
0.06370000000000076 0.00633327174531458
0.020700000000000607 0.0028215284864767792
0.02129999999999921 0.0029544683108809868
0.07179999999999964 0.005914047683270746
0.06959999999999944 0.004837889622552387
