With Shot Noise
01/11/2024 19:01:37 

VQEr_100_shots_10000_COBYLA_maxIter_10000_tol_1e-06_RA_r1_rl 

Reference value: 0.0000000000e+00 

Number of pauli strings:  16
Qubits:  5
VQE runs:  100
Optimizer:  COBYLA
Max iterations:  10000
Optimizers's tolerance:  1e-06
Ansatz:  RA_r1_rl 

All run converged!!!
Number of iterations for each converged VQE run:
[162, 151, 156, 146, 187, 166, 188, 259, 188, 169, 181, 180, 215, 193, 254, 221, 161, 197, 192, 219, 187, 209, 180, 201, 184, 191, 155, 187, 219, 233, 203, 155, 151, 202, 191, 177, 185, 165, 177, 193, 192, 178, 179, 169, 168, 215, 160, 179, 165, 212, 171, 219, 202, 168, 206, 173, 160, 158, 204, 168, 222, 149, 192, 170, 205, 187, 165, 146, 214, 166, 159, 214, 208, 178, 204, 207, 170, 173, 160, 163, 169, 156, 213, 195, 158, 194, 158, 155, 195, 231, 174, 189, 156, 164, 196, 189, 179, 145, 195, 177] 

Average iterations of converged run:
184 

VQE eigenvalues:
[0.1816999999999993, 0.04079999999999995, 0.038000000000001144, 0.03549999999999898, 0.047199999999998354, 0.10350000000000037, 0.07749999999999968, 0.040599999999999525, 0.0051000000000005485, 0.007899999999998464, 0.41600000000000037, 0.06059999999999999, 0.012800000000000367, 0.016000000000000014, 0.25920000000000165, 0.2002000000000006, 0.009599999999999831, 0.5621, 0.12349999999999994, 0.05739999999999945, 0.19299999999999873, 0.017400000000000304, 0.008899999999998798, 0.11739999999999995, 0.021099999999998786, 0.010699999999999932, 0.025199999999998113, 0.034099999999999575, 0.009899999999999132, 0.0702999999999987, 0.041499999999999204, 0.06469999999999931, 0.14400000000000013, 0.054400000000001114, 0.008399999999999963, 0.03310000000000102, 0.016700000000001047, 0.09529999999999905, 0.099800000000001, 0.14429999999999943, 0.04829999999999934, 0.06269999999999953, 0.03109999999999946, 0.2087999999999992, 0.014200000000000657, 0.10520000000000085, 0.01330000000000009, 0.028499999999997527, 0.05600000000000005, 0.049599999999999866, 0.016800000000000814, 0.024299999999999322, 1.1923999999999984, 0.043400000000000105, 0.051399999999999224, 0.09830000000000005, 1.5499, 0.8916999999999993, 0.021100000000000563, 0.010699999999999932, 0.04439999999999866, 1.4879999999999987, 0.015799999999999592, 0.008399999999999963, 1.4106000000000005, 0.9408000000000003, 0.0779999999999994, 0.07650000000000201, 0.12870000000000115, 0.13790000000000013, 0.0351000000000008, 0.2565999999999997, 0.010799999999999699, 0.00820000000000043, 0.03160000000000007, 0.014800000000001035, 0.03589999999999982, 0.19090000000000096, 0.03300000000000036, 0.12989999999999924, 0.034300000000000885, 0.030899999999999928, 0.0909999999999993, 1.8334000000000001, 0.03279999999999994, 0.002400000000000624, 0.015999999999999126, 0.05339999999999989, 0.1504000000000012, 0.03390000000000093, 0.015100000000000335, 0.010299999999999088, 0.04319999999999968, 0.015600000000000946, 0.03869999999999951, 0.06370000000000076, 0.020700000000000607, 0.02129999999999921, 0.07179999999999964, 0.06959999999999944] 

VQE eigenvalues standard deviation:
[0.00581333406918955, 0.004680096580200042, 0.003898347342143856, 0.0031226311021316576, 0.004238565795171768, 0.006515033614648497, 0.006837130319073929, 0.002380186547310939, 0.0013596017799340906, 0.001615048915667843, 0.008151860401159975, 0.005816908457247722, 0.0023086818750100374, 0.002822610139569415, 0.005393534648076352, 0.010389873146482593, 0.0017972089472290077, 0.007596523349532987, 0.00788137913058368, 0.006064834375314797, 0.009707300757677182, 0.0028463689149511124, 0.00189924432340868, 0.006874894326460591, 0.003506223466922761, 0.0014429182236010368, 0.0038532573233564338, 0.0035170943973683857, 0.0024262598789082683, 0.00495691406017896, 0.004532875136158077, 0.004885612653495962, 0.008388623486603741, 0.005990657726827666, 0.0019383704496303256, 0.0035427290328220017, 0.002744512889384923, 0.003746505705320617, 0.007559188051636233, 0.009350062727062321, 0.003265217144387183, 0.004820864134156856, 0.0035337700830699328, 0.009645474379210187, 0.0030011484468449702, 0.007120812594079415, 0.0024900315259048407, 0.002315603808944865, 0.004132511101013517, 0.0035450822275371833, 0.0031922468576223986, 0.003161661114034816, 0.01593735185029181, 0.004069351299654536, 0.0026144383718114325, 0.006073820626261541, 0.01856245358243355, 0.012820389424662583, 0.003743139724883387, 0.0018599836020782572, 0.0027444868372794168, 0.013750861209393395, 0.0026546615603500173, 0.0019871789048799696, 0.014308410393890724, 0.0028484831050929493, 0.006347368588635754, 0.0033743442325880305, 0.008745904698771876, 0.007376590065877314, 0.004455676716280039, 0.007980263654792364, 0.0023535420115221813, 0.0023607812266281305, 0.004587253644611322, 0.001965465848087928, 0.0028900551897844367, 0.010310040397593027, 0.004240316969284261, 0.007950183960135766, 0.0042649570923984515, 0.004298668980044892, 0.00739758663349068, 0.015047510358860034, 0.004348171109788561, 0.000871600826066615, 0.0017897631128168396, 0.004896091093923818, 0.006628104404729908, 0.0030672895200812, 0.002469870644386082, 0.0023333347380948065, 0.002994014028023223, 0.0028129024156553894, 0.004429454481084557, 0.00633327174531458, 0.0028215284864767792, 0.0029544683108809868, 0.005914047683270746, 0.004837889622552387] 

Median VQE eigenvalues:
0.043299999999999894 

Min eigenvalue after 100 VQE steps on Aer qasm simulator: 2.40000e-03
Delta from reference energy value is 2.40000e-03 

Optimizer history of the smallest VQE eigenvalue:
[9.5938, 9.2871, 8.959, 9.9275, 6.6276, 5.8781, 5.6606, 4.986800000000001, 5.275199999999999, 2.8531999999999984, 2.4649, 3.247299999999999, 2.3108999999999993, 3.2313, 2.1149999999999993, 2.2726999999999995, 2.4574000000000007, 5.0878, 2.1621999999999995, 2.0531999999999986, 1.7087000000000003, 1.1491000000000007, 1.3064999999999989, 1.104800000000001, 1.8716999999999997, 1.4283999999999981, 0.7905999999999986, 0.6980999999999993, 0.594199999999999, 0.557100000000001, 1.1334000000000009, 0.8701999999999996, 0.5008999999999997, 0.7130000000000001, 0.5151000000000003, 0.4568999999999992, 0.6282000000000014, 0.6039999999999992, 0.7758999999999991, 0.5165000000000006, 0.44040000000000035, 0.3272000000000004, 0.3490999999999991, 0.33810000000000073, 0.18350000000000044, 0.24219999999999953, 0.09799999999999898, 0.17680000000000007, 0.07779999999999898, 0.15720000000000045, 0.09749999999999837, 0.08499999999999819, 0.10679999999999978, 0.10460000000000047, 0.08309999999999995, 0.07729999999999926, 0.07060000000000066, 0.08550000000000058, 0.0851999999999995, 0.05539999999999967, 0.049600000000000755, 0.06240000000000112, 0.0771000000000015, 0.0481000000000007, 0.07959999999999923, 0.06789999999999985, 0.014599999999999724, 0.024100000000000676, 0.0409000000000006, 0.0229999999999988, 0.022799999999999265, 0.011799999999999145, 0.01949999999999985, 0.04190000000000005, 0.005299999999998306, 0.0037000000000002586, 0.005000000000000782, 0.0062000000000006494, 0.0038000000000000256, 0.01100000000000012, 0.0062000000000006494, 0.009699999999999598, 0.005099999999997884, 0.00590000000000046, 0.014999999999998792, 0.0025999999999992696, 0.0027999999999996916, 0.0027999999999996916, 0.009700000000002262, 0.0039999999999995595, 0.0058000000000006935, 0.005199999999998539, 0.005299999999999194, 0.004099999999999326, 0.006599999999998829, 0.0021999999999993136, 0.001900000000000901, 0.0045000000000001705, 0.004100000000001103, 0.004799999999999471, 0.003399999999997405, 0.003100000000000769, 0.00859999999999772, 0.0030999999999989925, 0.008199999999999541, 0.006199999999999761, 0.0018999999999991246, 0.0036000000000004917, 0.0033999999999991815, 0.004999999999999893, 0.002400000000001512, 0.0021999999999993136, 0.0022999999999999687, 0.0034999999999998366, 0.004700000000000593, 0.0038000000000000256, 0.0026999999999990365, 0.001200000000000756, 0.0023999999999997357, 0.002100000000000435, 0.004399999999999515, 0.0031999999999987594, 0.0031999999999996476, 0.005899999999998684, 0.0034999999999998366, 0.0033999999999991815, 0.005799999999999805, 0.0027999999999996916, 0.0033999999999991815, 0.0029999999999983373, 0.0038000000000009138, 0.002400000000001512, 0.0033000000000003027, 0.0011999999999989797, 0.0045000000000001705, 0.000900000000000567, 0.002100000000000435, 0.004000000000001336, 0.00140000000000029, 0.002200000000000202, 0.0016999999999995907, 0.00609999999999733, 0.0024999999999995026, 0.00420000000000087, 0.004199999999999093, 0.004499999999998394, 0.00280000000000058, 0.002000000000000668, 0.004400000000000404, 0.0016999999999987025, 0.0036999999999993705, 0.002200000000000202, 0.004399999999999515, 0.001100000000000101, 0.0051000000000005485, 0.0034999999999989484, 0.0018000000000002458, 0.0033999999999991815, 0.0036000000000004917, 0.0020999999999995467, 0.0038000000000009138, 0.0038000000000000256, 0.0033000000000003027, 0.0019999999999997797, 0.0030999999999998806, 0.0021999999999993136, 0.003100000000000769, 0.0034000000000000696, 0.0031999999999987594, 0.0030999999999998806, 0.0036000000000004917, 0.0018000000000002458, 0.0021999999999984254, 0.0036999999999993705, 0.0030999999999998806, 0.002300000000000857, 0.0014999999999982805, 0.002100000000000435, 0.003999999999998671, 0.005300000000000082, 0.0015999999999998238, 0.0008999999999996788, 0.0020999999999995467, 0.0032000000000005357, 0.0019999999999988916, 0.002500000000001279, 0.006599999999999717, 0.005600000000000271, 0.002000000000000668, 0.0021999999999993136, 0.0025999999999992696, 0.0023999999999997357, 0.0022999999999990806, 0.002400000000000624] 

Optimizer history of the smallest VQE eigenvalue standard deviation:
[0.03947446708949977, 0.039537041530696246, 0.03883163483553068, 0.030391745935368704, 0.041526431293815745, 0.038712393558135876, 0.03903853716521662, 0.03877553125361405, 0.039793283051288944, 0.02862778594303094, 0.028588625517852375, 0.034948690261582045, 0.02808018940463187, 0.027706544840524594, 0.02805076826042381, 0.029949003405789654, 0.03127609732687248, 0.04119844327156064, 0.0268380342797307, 0.027910151128218565, 0.024727832921629025, 0.019526466065317608, 0.025576432960833298, 0.01897210710490535, 0.023457567414376115, 0.02323264324178375, 0.015825292414359995, 0.015269378605562177, 0.01432702062537777, 0.01389383053732843, 0.024331160761459778, 0.01775464243514918, 0.014367464042063927, 0.016903427818049214, 0.015286832013206662, 0.013902686970510421, 0.018747837848669378, 0.016523158535824804, 0.02022230019063113, 0.01391173687934041, 0.013668385127731802, 0.012729578783290518, 0.013046001264755426, 0.012985480930639417, 0.007580878906828687, 0.00983600772671514, 0.0065633357372604315, 0.00968375753517198, 0.00568268950409927, 0.009645618279820125, 0.0067814830973762594, 0.004996275412744993, 0.006645219635196422, 0.007524736274448429, 0.006502120500267577, 0.005618621272162776, 0.006317202545431015, 0.006580967937925252, 0.007291180151388386, 0.0049411869019497685, 0.005029224989995986, 0.005880596908477922, 0.006634923134445502, 0.004948256965841626, 0.006479361079612722, 0.006276781101806887, 0.00282006382906485, 0.0034628784269737124, 0.004911336579791689, 0.003347400782696942, 0.0032839293536859053, 0.0020434607899345865, 0.003413210951582083, 0.0029603737939658883, 0.001186836551509935, 0.0012606692666992294, 0.0016896508515074908, 0.001482381867131402, 0.0014556785359411857, 0.002318226908652375, 0.0015990347088165374, 0.0019864961615870444, 0.0018729962626764475, 0.0016397008873572222, 0.0029779187362988808, 0.001216414403071514, 0.0009693668036403711, 0.0012163617882849868, 0.00233357643971654, 0.0014280336130497921, 0.0016548945585746738, 0.0015869492745516046, 0.0017113553108574658, 0.0013888315232597338, 0.0018541844568435034, 0.0007210048543525657, 0.0009326430185231468, 0.0013889748017872165, 0.0013524130286269676, 0.0015553481925279903, 0.0011133696600859647, 0.0011530728511243234, 0.002067969051992813, 0.0011443849876680385, 0.0020291338053465067, 0.0017601636287573111, 0.0007548609143411609, 0.0011220909054082931, 0.0014417572611226377, 0.0016669697057835318, 0.0008483395546595749, 0.0007210048543525657, 0.0008772975549948714, 0.0012203765812239874, 0.001330069547053821, 0.0010195214563705802, 0.0011616604495290098, 0.0006927279408252269, 0.0011399701750484275, 0.0008542253800959133, 0.0014349731704808562, 0.001232603748168886, 0.0011573746152391407, 0.0017742691453102766, 0.0011443168267573334, 0.0011829387135435018, 0.0013995856529701767, 0.001009653405877487, 0.0011659708401156321, 0.0011222922970420559, 0.0012726036303577924, 0.0010580850627430487, 0.0011443710062737445, 0.0006479999999999776, 0.0015325035073368914, 0.0005566893208963224, 0.0009324403466173956, 0.0012077665337307637, 0.0007482085270831713, 0.0008122536549625131, 0.000842347315541516, 0.0017228995908061702, 0.0010439056470773328, 0.0014209081602974364, 0.0013264026537970397, 0.00145225720862383, 0.0010860552472135006, 0.000848306548365613, 0.001232389548803451, 0.0010722177950397635, 0.0012996672651105668, 0.000787248372497506, 0.0014209883884113445, 0.000574403168514922, 0.0013597525510180121, 0.0012763929645685076, 0.0007347162717675404, 0.0011573901675752995, 0.0011659777013304986, 0.0010533987848863086, 0.001311048435413409, 0.0012244998979175044, 0.0012997849822181573, 0.0009482932036031845, 0.0010045939478217042, 0.0007744262392248826, 0.0011871886960378084, 0.001095036072465198, 0.0010672919000910555, 0.0010532335923241398, 0.0012244966312734318, 0.0007998049762285661, 0.0010581720087017715, 0.001053183269901285, 0.0013451278749620123, 0.0009217076543025822, 0.0006854100962197655, 0.0008997438524379982, 0.0012958024540800901, 0.001499665629398718, 0.0009379680165122756, 0.0007138998529205533, 0.0008304607155067637, 0.0013264328102093343, 0.000812248730377568, 0.0011178537471422374, 0.0016304649643582765, 0.0016303790970200304, 0.0006631681536382717, 0.000848301833075934, 0.001232723813349872, 0.0009484070855913975, 0.0008183318397813875, 0.000871600826066615] 

Smallest VQE eingenvalue optimizer final message:
{   'aux_operators_evaluated': None,
    'cost_function_evals': 194,
    'eigenvalue': 0.002400000000000624,
    'optimal_circuit': <qiskit.circuit.library.n_local.real_amplitudes.RealAmplitudes object at 0x000001F36729F620>,
    'optimal_parameters': {   ParameterVectorElement(θ[0]): 1.1735402867939229,
                              ParameterVectorElement(θ[1]): -1.5414977935357512,
                              ParameterVectorElement(θ[2]): -1.5792339645964761,
                              ParameterVectorElement(θ[3]): 1.5710422681525285,
                              ParameterVectorElement(θ[4]): 1.5596886841929707,
                              ParameterVectorElement(θ[5]): -1.1313541015739,
                              ParameterVectorElement(θ[6]): -1.5561250204138726,
                              ParameterVectorElement(θ[7]): 1.596046394893061,
                              ParameterVectorElement(θ[8]): -1.556688613373487,
                              ParameterVectorElement(θ[9]): 1.52118934609982},
    'optimal_point': array([ 1.17354029, -1.54149779, -1.57923396,  1.57104227,  1.55968868,
       -1.1313541 , -1.55612502,  1.59604639, -1.55668861,  1.52118935]),
    'optimal_value': 0.002400000000000624,
    'optimizer_evals': None,
    'optimizer_result': <qiskit_algorithms.optimizers.optimizer.OptimizerResult object at 0x000001F360F831A0>,
    'optimizer_time': 9.755483388900757}
     ┌──────────┐ ░                      ░ ┌──────────┐
q_0: ┤ Ry(θ[0]) ├─░──────────────────■───░─┤ Ry(θ[5]) ├
     ├──────────┤ ░                ┌─┴─┐ ░ ├──────────┤
q_1: ┤ Ry(θ[1]) ├─░─────────────■──┤ X ├─░─┤ Ry(θ[6]) ├
     ├──────────┤ ░           ┌─┴─┐└───┘ ░ ├──────────┤
q_2: ┤ Ry(θ[2]) ├─░────────■──┤ X ├──────░─┤ Ry(θ[7]) ├
     ├──────────┤ ░      ┌─┴─┐└───┘      ░ ├──────────┤
q_3: ┤ Ry(θ[3]) ├─░───■──┤ X ├───────────░─┤ Ry(θ[8]) ├
     ├──────────┤ ░ ┌─┴─┐└───┘           ░ ├──────────┤
q_4: ┤ Ry(θ[4]) ├─░─┤ X ├────────────────░─┤ Ry(θ[9]) ├
     └──────────┘ ░ └───┘                ░ └──────────┘
The number of ansatz parameters is: 
 10
Line for latex table
RA r1 rl & $1\mathrm{e}{-06}$ & 10000 & 100/100 &184 & $2.4\mathrm{e}{-03}$ & $8.716\mathrm{e}{-04}$ & $2.4\mathrm{e}{-03}$ & $4.33\mathrm{e}{-02}$ & $4.33\mathrm{e}{-02}$ & - & 00h 15m 42s\\

