RA_r1_rl
10m36s__95
1e-05
0.0031000000000001027
0.001000000000000112
0.011200000000000099
0.0040000000000000036
0.00039999999999995595
0.0030000000000001137
0.0034000000000000696
0.00029999999999996696
0.0012000000000000899
0.0014000000000000679
0.0036000000000000476
0.0005999999999999339
0.0004999999999999449
0.00029999999999996696
0.00029999999999996696
0.00019999999999997797
0.0028000000000001357
0.0033000000000000806
0.0037000000000000366
0.0014000000000000679
0.014100000000000001
0.00039999999999995595
0.007600000000000051
0.008000000000000007
9.999999999998899e-05
0.0021999999999999797
0.0007999999999999119
0.0011999999999998678
0.0004999999999999449
9.999999999998899e-05
0.010499999999999954
0.00019999999999997797
0.005800000000000027
0.006000000000000005
0.0005999999999999339
0.009100000000000108
0.0014000000000000679
0.0007999999999999119
0.001000000000000112
0.0005999999999999339
0.011500000000000066
0.4677
0.010099999999999998
0.006800000000000139
0.001100000000000101
0.0036000000000000476
0.0036000000000000476
0.0009000000000001229
0.001100000000000101
0.00039999999999995595
0.017300000000000093
0.001100000000000101
0.00029999999999996696
0.0008000000000001339
0.012499999999999956
0.008399999999999963
0.0008000000000001339
0.00039999999999995595
0.0004999999999999449
0.014100000000000001
0.00029999999999996696
0.006899999999999906
0.0035000000000000586
0.006299999999999972
9.999999999998899e-05
0.012600000000000167
0.0029000000000001247
0.013600000000000056
0.02410000000000001
0.0042999999999999705
0.00550000000000006
0.006199999999999983
0.0042999999999999705
0.0036000000000000476
0.0042999999999999705
0.0394000000000001
0.007900000000000018
0.013600000000000056
0.0018000000000000238
0.0038000000000000256
0.47899999999999987
0.0014000000000000679
0.0035000000000000586
0.000500000000000167
0.012399999999999967
0.009800000000000031
0.009200000000000097
0.0014000000000000679
0.0036000000000000476
0.0043000000000001926
0.006000000000000005
0.005600000000000049
0.0007999999999999119
0.0
0.0018000000000000238
0.0009000000000001229
0.007200000000000095
0.038799999999999946
0.3768
0.3671000000000002
