0.0031000000000001027 0.0005564593426298139
0.001000000000000112 0.00031609808604292686
0.011200000000000099 0.001053507475056537
0.0040000000000000036 0.0006319034736413477
0.00039999999999995595 0.0001999749984373068
0.0030000000000001137 0.0005470959696433529
0.0034000000000000696 0.0005827606712879665
0.00029999999999996696 0.0001731964202863277
0.0012000000000000899 0.00034630333524238253
0.0014000000000000679 0.00037407218554712034
0.0036000000000000476 0.0005991377137186404
0.0005999999999999339 0.0002449081460466319
0.0004999999999999449 0.00022358219964925714
0.00029999999999996696 0.00017317909804592886
0.00029999999999996696 0.00017319064639869137
0.00019999999999997797 0.00014141428499270803
0.0028000000000001357 0.000528507332021039
0.0033000000000000806 0.0005740966817531653
0.0037000000000000366 0.0006077359624047247
0.0014000000000000679 0.000374066838947268
0.014100000000000001 0.0011827928812771903
0.00039999999999995595 0.00019998499943744776
0.007600000000000051 0.0008692479508172563
0.008000000000000007 0.0008931102955402505
9.999999999998899e-05 9.999499987499086e-05
0.0021999999999999797 0.0004688432573899285
0.0007999999999999119 0.00028278967449324574
0.0011999999999998678 0.00034626290589665946
0.0004999999999999449 0.00022357772697654513
9.999999999998899e-05 9.999499987499086e-05
0.010499999999999954 0.001020062253002238
0.00019999999999997797 0.00014140721339449809
0.005800000000000027 0.000759776282862262
0.006000000000000005 0.0007728867963680062
0.0005999999999999339 0.00024492039523077284
0.009100000000000108 0.0009519721634585748
0.0014000000000000679 0.0003740507986891574
0.0007999999999999119 0.00028278967449324574
0.001000000000000112 0.0003161740027263534
0.0005999999999999339 0.00024492039523077284
0.011500000000000066 0.0010703153740837343
0.4677 0.005151364382374828
0.010099999999999998 0.0010000974952473374
0.006800000000000139 0.0008236358418621683
0.001100000000000101 0.0003315373282150911
0.0036000000000000476 0.0005995281477962459
0.0036000000000000476 0.0005989774620133887
0.0009000000000001229 0.000299944994957412
0.001100000000000101 0.00033159463204339976
0.00039999999999995595 0.00019998499943744773
0.017300000000000093 0.0013058411082516896
0.001100000000000101 0.00033159463204339976
0.00029999999999996696 0.00017319064639869137
0.0008000000000001339 0.0002827967467988309
0.012499999999999956 0.0011156939544516686
0.008399999999999963 0.0009148562728647626
0.0008000000000001339 0.00028272955275316134
0.00039999999999995595 0.00019998499943744773
0.0004999999999999449 0.00022355088906108006
0.014100000000000001 0.0011805401306181841
0.00029999999999996696 0.0001731964202863277
0.006899999999999906 0.0008281104998730515
0.0035000000000000586 0.0005912114680890372
0.006299999999999972 0.00079238311440868
9.999999999998899e-05 9.999499987499087e-05
0.012600000000000167 0.001120022321206144
0.0029000000000001247 0.000537969329980809
0.013600000000000056 0.0011592195650522812
0.02410000000000001 0.0015390636763954878
0.0042999999999999705 0.0006550274803395656
0.00550000000000006 0.0007407003442688542
0.006199999999999983 0.0007852566459444943
0.0042999999999999705 0.0006550961761451498
0.0036000000000000476 0.0005994180511129132
0.0042999999999999705 0.0006546838931881518
0.0394000000000001 0.0019682672582756644
0.007900000000000018 0.0008873043446304077
0.013600000000000056 0.0011612846334986087
0.0018000000000000238 0.00042410847668963473
0.0038000000000000256 0.0006160357132504547
0.47899999999999987 0.005280513043256308
0.0014000000000000679 0.0003739384976169235
0.0035000000000000586 0.0005910896717081098
0.000500000000000167 0.00022355088906108003
0.012399999999999967 0.0011106367542990806
0.009800000000000031 0.0009866255622068573
0.009200000000000097 0.0009576429397223182
0.0014000000000000679 0.00037407218554712034
0.0036000000000000476 0.0005994881149781016
0.0043000000000001926 0.0006546319576678186
0.006000000000000005 0.0007737945463751985
0.005600000000000049 0.0007476028357356588
0.0007999999999999119 0.0002827543103119704
0.0 0.0
0.0018000000000000238 0.00042412969714463676
0.0009000000000001229 0.0002999516627725204
0.007200000000000095 0.0008465447418772382
0.038799999999999946 0.0019540772758516994
0.3768 0.005301858730671724
0.3671000000000002 0.005177982329054435
