With Shot Noise
01/11/2024 18:10:53 

VQEr_100_shots_10000_COBYLA_maxIter_10000_tol_1e-05_RA_r1_rl 

Reference value: 0.0000000000e+00 

Number of pauli strings:  4
Qubits:  3
VQE runs:  100
Optimizer:  COBYLA
Max iterations:  10000
Optimizers's tolerance:  1e-05
Ansatz:  RA_r1_rl 

All run converged!!!
Number of iterations for each converged VQE run:
[100, 91, 91, 83, 98, 88, 88, 91, 90, 92, 83, 102, 105, 104, 109, 106, 96, 81, 100, 102, 97, 94, 108, 95, 92, 96, 99, 84, 77, 94, 103, 92, 93, 106, 94, 87, 93, 110, 95, 79, 87, 94, 110, 85, 102, 82, 82, 105, 112, 89, 120, 89, 100, 97, 91, 108, 87, 97, 101, 107, 95, 90, 85, 94, 81, 91, 113, 81, 102, 99, 92, 102, 88, 82, 103, 79, 114, 95, 88, 96, 81, 91, 94, 123, 101, 112, 89, 101, 101, 105, 80, 85, 80, 99, 92, 97, 92, 83, 83, 124] 

Average iterations of converged run:
95 

VQE eigenvalues:
[0.0031000000000001027, 0.001000000000000112, 0.011200000000000099, 0.0040000000000000036, 0.00039999999999995595, 0.0030000000000001137, 0.0034000000000000696, 0.00029999999999996696, 0.0012000000000000899, 0.0014000000000000679, 0.0036000000000000476, 0.0005999999999999339, 0.0004999999999999449, 0.00029999999999996696, 0.00029999999999996696, 0.00019999999999997797, 0.0028000000000001357, 0.0033000000000000806, 0.0037000000000000366, 0.0014000000000000679, 0.014100000000000001, 0.00039999999999995595, 0.007600000000000051, 0.008000000000000007, 9.999999999998899e-05, 0.0021999999999999797, 0.0007999999999999119, 0.0011999999999998678, 0.0004999999999999449, 9.999999999998899e-05, 0.010499999999999954, 0.00019999999999997797, 0.005800000000000027, 0.006000000000000005, 0.0005999999999999339, 0.009100000000000108, 0.0014000000000000679, 0.0007999999999999119, 0.001000000000000112, 0.0005999999999999339, 0.011500000000000066, 0.4677, 0.010099999999999998, 0.006800000000000139, 0.001100000000000101, 0.0036000000000000476, 0.0036000000000000476, 0.0009000000000001229, 0.001100000000000101, 0.00039999999999995595, 0.017300000000000093, 0.001100000000000101, 0.00029999999999996696, 0.0008000000000001339, 0.012499999999999956, 0.008399999999999963, 0.0008000000000001339, 0.00039999999999995595, 0.0004999999999999449, 0.014100000000000001, 0.00029999999999996696, 0.006899999999999906, 0.0035000000000000586, 0.006299999999999972, 9.999999999998899e-05, 0.012600000000000167, 0.0029000000000001247, 0.013600000000000056, 0.02410000000000001, 0.0042999999999999705, 0.00550000000000006, 0.006199999999999983, 0.0042999999999999705, 0.0036000000000000476, 0.0042999999999999705, 0.0394000000000001, 0.007900000000000018, 0.013600000000000056, 0.0018000000000000238, 0.0038000000000000256, 0.47899999999999987, 0.0014000000000000679, 0.0035000000000000586, 0.000500000000000167, 0.012399999999999967, 0.009800000000000031, 0.009200000000000097, 0.0014000000000000679, 0.0036000000000000476, 0.0043000000000001926, 0.006000000000000005, 0.005600000000000049, 0.0007999999999999119, 0.0, 0.0018000000000000238, 0.0009000000000001229, 0.007200000000000095, 0.038799999999999946, 0.3768, 0.3671000000000002] 

VQE eigenvalues standard deviation:
[0.0005564593426298139, 0.00031609808604292686, 0.001053507475056537, 0.0006319034736413477, 0.0001999749984373068, 0.0005470959696433529, 0.0005827606712879665, 0.0001731964202863277, 0.00034630333524238253, 0.00037407218554712034, 0.0005991377137186404, 0.0002449081460466319, 0.00022358219964925714, 0.00017317909804592886, 0.00017319064639869137, 0.00014141428499270803, 0.000528507332021039, 0.0005740966817531653, 0.0006077359624047247, 0.000374066838947268, 0.0011827928812771903, 0.00019998499943744776, 0.0008692479508172563, 0.0008931102955402505, 9.999499987499086e-05, 0.0004688432573899285, 0.00028278967449324574, 0.00034626290589665946, 0.00022357772697654513, 9.999499987499086e-05, 0.001020062253002238, 0.00014140721339449809, 0.000759776282862262, 0.0007728867963680062, 0.00024492039523077284, 0.0009519721634585748, 0.0003740507986891574, 0.00028278967449324574, 0.0003161740027263534, 0.00024492039523077284, 0.0010703153740837343, 0.005151364382374828, 0.0010000974952473374, 0.0008236358418621683, 0.0003315373282150911, 0.0005995281477962459, 0.0005989774620133887, 0.000299944994957412, 0.00033159463204339976, 0.00019998499943744773, 0.0013058411082516896, 0.00033159463204339976, 0.00017319064639869137, 0.0002827967467988309, 0.0011156939544516686, 0.0009148562728647626, 0.00028272955275316134, 0.00019998499943744773, 0.00022355088906108006, 0.0011805401306181841, 0.0001731964202863277, 0.0008281104998730515, 0.0005912114680890372, 0.00079238311440868, 9.999499987499087e-05, 0.001120022321206144, 0.000537969329980809, 0.0011592195650522812, 0.0015390636763954878, 0.0006550274803395656, 0.0007407003442688542, 0.0007852566459444943, 0.0006550961761451498, 0.0005994180511129132, 0.0006546838931881518, 0.0019682672582756644, 0.0008873043446304077, 0.0011612846334986087, 0.00042410847668963473, 0.0006160357132504547, 0.005280513043256308, 0.0003739384976169235, 0.0005910896717081098, 0.00022355088906108003, 0.0011106367542990806, 0.0009866255622068573, 0.0009576429397223182, 0.00037407218554712034, 0.0005994881149781016, 0.0006546319576678186, 0.0007737945463751985, 0.0007476028357356588, 0.0002827543103119704, 0.0, 0.00042412969714463676, 0.0002999516627725204, 0.0008465447418772382, 0.0019540772758516994, 0.005301858730671724, 0.005177982329054435] 

Median VQE eigenvalues:
0.003450000000000064 

Min eigenvalue after 100 VQE steps on Aer qasm simulator: 0.00000e+00
Delta from reference energy value is 0.00000e+00 

Optimizer history of the smallest VQE eigenvalue:
[0.8050999999999999, 1.1351, 1.1621, 0.8438, 0.594, 0.8284, 0.9195, 0.3017000000000001, 0.3891, 0.5997, 0.20740000000000003, 0.25859999999999994, 0.21910000000000007, 0.3156000000000001, 0.21980000000000022, 0.3055000000000001, 0.15149999999999997, 0.14080000000000004, 0.13750000000000018, 0.11430000000000007, 0.0838000000000001, 0.07610000000000006, 0.051100000000000145, 0.05900000000000016, 0.06400000000000006, 0.07210000000000005, 0.030899999999999928, 0.03469999999999995, 0.022599999999999953, 0.022299999999999986, 0.02660000000000018, 0.02310000000000012, 0.013900000000000023, 0.024699999999999944, 0.007800000000000029, 0.0030000000000001137, 0.006000000000000005, 0.005700000000000038, 0.005300000000000082, 0.0046999999999999265, 0.01110000000000011, 0.006800000000000139, 0.0017000000000000348, 0.0020999999999999908, 0.0020999999999999908, 0.0012000000000000899, 0.0012000000000000899, 0.000700000000000145, 0.0006999999999999229, 0.002000000000000224, 0.000700000000000145, 0.0009000000000001229, 0.0019000000000000128, 0.0015000000000000568, 0.000700000000000145, 0.00029999999999996696, 0.000500000000000167, 0.000700000000000145, 0.0009999999999998899, 0.00039999999999995595, 0.0007999999999999119, 0.000500000000000167, 0.000700000000000145, 0.00039999999999995595, 0.0009000000000001229, 0.001000000000000112, 0.0008000000000001339, 0.0009000000000001229, 0.0009000000000001229, 0.0005999999999999339, 0.00039999999999995595, 0.00029999999999996696, 0.0005999999999999339, 0.0005999999999999339, 0.0009000000000001229, 0.000500000000000167, 0.0004999999999999449, 0.00039999999999995595, 0.0009000000000001229, 0.0006999999999999229, 0.00019999999999997797, 0.00039999999999995595, 0.000700000000000145, 0.000600000000000156, 0.0016000000000000458, 0.0007999999999999119, 0.0005999999999999339, 0.0009000000000001229, 0.000700000000000145, 0.00039999999999995595, 0.0009999999999998899, 0.000600000000000156, 0.001000000000000112, 0.0008000000000001339, 0.0009000000000001229, 0.00039999999999995595, 0.0008000000000001339, 0.0009000000000001229, 0.0] 

Optimizer history of the smallest VQE eigenvalue standard deviation:
[0.006457262965064997, 0.0068574326828631715, 0.006272739034903334, 0.007290965231023942, 0.00515449764768595, 0.006838298472573422, 0.0068420905431015745, 0.004740813748714454, 0.005753673174590298, 0.006616803835689857, 0.004273051602777574, 0.004797283606375591, 0.004415968636663987, 0.00526156193539523, 0.004416655295582846, 0.005093015904157379, 0.0037229803921052284, 0.003631012806366841, 0.0036000309720889898, 0.003285370450953744, 0.0028202478614476425, 0.0026950092764218827, 0.002227302628741771, 0.0023816343128196657, 0.002472141177198421, 0.00265182295789142, 0.0017379266382675645, 0.0018483481814852956, 0.0014881350745144055, 0.0014780321376749552, 0.0016166421991275642, 0.0015058568989117127, 0.0011712211575957818, 0.0015612120291619588, 0.0008810028376798797, 0.0005470904861172427, 0.0007737428513401592, 0.0007535880837699097, 0.0007273547965058006, 0.0006845750506701192, 0.0010515878470199263, 0.0008230917324332671, 0.00041203519267169164, 0.0004579923580148495, 0.00045781983355900957, 0.0003462022530255959, 0.00034626290589665946, 0.00026450519843662407, 0.00026453544185987214, 0.0004470548064835004, 0.00026453544185987214, 0.000299931658882487, 0.00043574648592960616, 0.0003871937499495584, 0.0002645430021754416, 0.00017319064639869137, 0.00022356878136269533, 0.00026450519843662407, 0.0003161423729903905, 0.0001999799989998856, 0.00028278967449324574, 0.00022356878136269533, 0.0002645392220446758, 0.0001999749984373068, 0.000299944994957412, 0.0003161740027263534, 0.0002828038189275385, 0.00029994166099426764, 0.00029991165365819944, 0.00024491222917608687, 0.00019998499943744776, 0.00017319064639869137, 0.0002448754785600193, 0.00024491222917608687, 0.00029991165365819944, 0.00022356878136269533, 0.0002235866722324783, 0.0001999749984373068, 0.0002999516627725204, 0.0002645430021754416, 0.00014140721339449809, 0.0001999749984373068, 0.0002645430021754416, 0.00024491222917609256, 0.0003998674780474212, 0.000282800282885282, 0.0002449081460466319, 0.00029991165365819944, 0.0002645392220446758, 0.0001999799989998856, 0.0003161423729903905, 0.00024491222917609256, 0.00031612023029220986, 0.000282782602010804, 0.00029994166099426764, 0.0001999799989998856, 0.0002828038189275385, 0.0002999316588824778, 0.0] 

Smallest VQE eingenvalue optimizer final message:
{   'aux_operators_evaluated': None,
    'cost_function_evals': 99,
    'eigenvalue': 0.0,
    'optimal_circuit': <qiskit.circuit.library.n_local.real_amplitudes.RealAmplitudes object at 0x00000200FA51B1D0>,
    'optimal_parameters': {   ParameterVectorElement(θ[0]): -0.019267943664300853,
                              ParameterVectorElement(θ[1]): -3.1388460893700847,
                              ParameterVectorElement(θ[2]): 2.2135887808073376,
                              ParameterVectorElement(θ[3]): -0.040202746177473034,
                              ParameterVectorElement(θ[4]): -3.150112288790424,
                              ParameterVectorElement(θ[5]): 2.239164048846485},
    'optimal_point': array([-0.01926794, -3.13884609,  2.21358878, -0.04020275, -3.15011229,
        2.23916405]),
    'optimal_value': 0.0,
    'optimizer_evals': None,
    'optimizer_result': <qiskit_algorithms.optimizers.optimizer.OptimizerResult object at 0x00000200FA51BDD0>,
    'optimizer_time': 6.870522737503052}
     ┌──────────┐ ░            ░ ┌──────────┐
q_0: ┤ Ry(θ[0]) ├─░────────■───░─┤ Ry(θ[3]) ├
     ├──────────┤ ░      ┌─┴─┐ ░ ├──────────┤
q_1: ┤ Ry(θ[1]) ├─░───■──┤ X ├─░─┤ Ry(θ[4]) ├
     ├──────────┤ ░ ┌─┴─┐└───┘ ░ ├──────────┤
q_2: ┤ Ry(θ[2]) ├─░─┤ X ├──────░─┤ Ry(θ[5]) ├
     └──────────┘ ░ └───┘      ░ └──────────┘
The number of ansatz parameters is: 
 6
Line for latex table
RA r1 rl & $1\mathrm{e}{-05}$ & 10000 & 100/100 &95 & $0\mathrm{e}{+00}$ & $0\mathrm{e}{+00}$ & $0\mathrm{e}{+00}$ & $3.45\mathrm{e}{-03}$ & $3.45\mathrm{e}{-03}$ & - & 00h 10m 36s\\

