RA_r1_rl
01h22s__129
1e-07
18.787787997389508
3.5453989536584465
15.311393023672196
13.998126718950608
16.01353560118433
9.682577966722679
4.196469361019366
7.316121097750121
11.333707120110986
11.920180651072544
4.656865524376244
6.845997621054942
8.17779559310593
5.610824692991358
8.597006073386904
2.35588161508333
13.351788406550117
24.900973996507545
2.7860584118376206
14.048532937570169
18.228586585336107
11.615966368149246
5.627221858408804
6.513734639714455
4.990119568225749
2.519561600998871
7.963373739237874
3.02172358733546
11.46982987960774
7.181993305024465
3.9341747541636494
21.178406843398854
6.746557270231904
4.161098195647552
17.602485712807137
10.070532417600514
18.285875224354182
8.799451322776225
10.86341008944345
8.136189950769309
3.0952020514975773
28.648823815675883
36.456177572736536
7.07801054522978
14.896410512652272
9.625258124605583
13.510235800576838
7.941135117286837
19.719617060462436
9.530653177383485
6.950008864331508
3.9768945662890167
5.72208798774359
41.10838969217528
8.777657170022515
9.645657504184289
19.371976817440768
7.981093257403817
2.3805616989951535
24.970284833659363
8.257130867854208
4.032258428052957
9.784659716650072
23.189046166045085
4.2547045460580275
7.148386768199104
10.077378682581475
15.047974288303113
17.025523968382203
8.63307160188812
2.5185541375498026
5.870317373205701
8.826013675067323
4.226218396096314
7.231227002133906
17.94630635509553
5.887577622071513
18.23325731413342
10.393956306798984
23.45945525090014
2.795854378079305
3.109194774863827
4.422515811181285
5.56871336717958
7.851661358624995
11.941675284320574
10.772340480160825
3.2107479250109403
9.380720422127375
24.943197030416123
9.686523630133097
21.153588243145617
25.27425263977436
6.312064384802149
9.91919972323507
5.551839259825012
21.7901040674342
39.862892520767055
3.25207254722808
29.01939486643845
