18.787787997389508 1.4818421886886937
3.5453989536584465 0.9528262112673305
15.311393023672196 1.402542883292512
13.998126718950608 1.4308040825400006
16.01353560118433 1.2336544971248593
9.682577966722679 1.1853116577266294
4.196469361019366 0.9877722779475893
7.316121097750121 1.1672037858675943
11.333707120110986 1.349209391638119
11.920180651072544 1.2956258320799994
4.656865524376244 1.3257420821023975
6.845997621054942 1.1728106414327875
8.17779559310593 1.3248607766829694
5.610824692991358 1.2909297264039041
8.597006073386904 1.4171910788209934
2.35588161508333 1.2182207790738715
13.351788406550117 1.4983469128706999
24.900973996507545 1.412196277733035
2.7860584118376206 1.4456162841184164
14.048532937570169 1.4496153175438584
18.228586585336107 1.4233482290681572
11.615966368149246 1.4354957223308635
5.627221858408804 1.4846430679097915
6.513734639714455 1.1512431410640418
4.990119568225749 1.4398613130784141
2.519561600998871 0.9380365542154354
7.963373739237874 1.4231764522021397
3.02172358733546 1.299937981748671
11.46982987960774 1.3996529659800547
7.181993305024465 1.2520492643621612
3.9341747541636494 1.2373203205442633
21.178406843398854 1.1791201673434795
6.746557270231904 1.270920115594126
4.161098195647552 1.4062947620641886
17.602485712807137 1.427044132057522
10.070532417600514 1.4731709913707267
18.285875224354182 1.5029034651772293
8.799451322776225 1.5299426347618201
10.86341008944345 1.4331646194736873
8.136189950769309 1.2423996406385698
3.0952020514975773 1.2258845645887622
28.648823815675883 1.3594546265320036
36.456177572736536 1.5252488940814881
7.07801054522978 1.353857562631854
14.896410512652272 1.4246054925105625
9.625258124605583 1.4086551843527615
13.510235800576838 1.3120228900005364
7.941135117286837 1.4201433683655154
19.719617060462436 1.463352124155191
9.530653177383485 1.4517361939475866
6.950008864331508 1.3400157266010333
3.9768945662890167 1.32963050615488
5.72208798774359 1.3753202906860837
41.10838969217528 1.4104430100758847
8.777657170022515 1.4180103883407373
9.645657504184289 1.497539608053325
19.371976817440768 1.1403451237751538
7.981093257403817 1.409320146391599
2.3805616989951535 1.3752130458420926
24.970284833659363 1.5707882634321395
8.257130867854208 1.4212918395248966
4.032258428052957 1.1010635258096175
9.784659716650072 1.415671413316863
23.189046166045085 1.4303503446821766
4.2547045460580275 1.1908850136284055
7.148386768199104 1.4757206882896368
10.077378682581475 1.3626380164497292
15.047974288303113 1.45905769441739
17.025523968382203 1.4397789281008708
8.63307160188812 1.3889670449405118
2.5185541375498026 1.1083503402516361
5.870317373205701 1.1350030218083238
8.826013675067323 1.2643836638509545
4.226218396096314 1.2963765883368006
7.231227002133906 1.2141813557350312
17.94630635509553 1.1543301403500499
5.887577622071513 1.5100679644479598
18.23325731413342 1.4199942458418817
10.393956306798984 1.1880022178364327
23.45945525090014 1.190784709633659
2.795854378079305 1.4775292014323071
3.109194774863827 1.337680811342888
4.422515811181285 1.2494338330753485
5.56871336717958 1.3827669549037427
7.851661358624995 1.2696430006510981
11.941675284320574 1.4764227085069552
10.772340480160825 1.3913758850583706
3.2107479250109403 1.426723821489801
9.380720422127375 1.45968086269588
24.943197030416123 1.357600523416129
9.686523630133097 1.5747139888128976
21.153588243145617 1.4081437342327077
25.27425263977436 1.3424670868178161
6.312064384802149 1.3689659229781797
9.91919972323507 1.4041076797043381
5.551839259825012 1.4502598666936821
21.7901040674342 1.409390657388548
39.862892520767055 1.47482007993381
3.25207254722808 1.3203068151049964
29.01939486643845 1.4626281729857478
