With Shot Noise
02/11/2024 05:35:31 

VQEr_100_shots_10000_COBYLA_maxIter_10000_tol_1e-07_RA_r1_rl 

Reference value: 3.2010110009e-02 

Number of pauli strings:  34
Qubits:  4
VQE runs:  100
Optimizer:  COBYLA
Max iterations:  10000
Optimizers's tolerance:  1e-07
Ansatz:  RA_r1_rl 

All run converged!!!
Number of iterations for each converged VQE run:
[130, 138, 126, 130, 127, 129, 129, 149, 123, 133, 133, 129, 119, 142, 135, 123, 132, 118, 147, 122, 129, 135, 130, 147, 132, 123, 141, 137, 135, 117, 133, 121, 156, 129, 138, 122, 126, 128, 132, 132, 144, 137, 140, 141, 109, 129, 123, 120, 122, 128, 124, 121, 126, 112, 132, 128, 130, 128, 139, 133, 128, 137, 135, 120, 123, 124, 124, 126, 122, 123, 124, 128, 131, 140, 134, 115, 134, 117, 138, 110, 118, 124, 134, 116, 118, 125, 133, 122, 121, 119, 142, 116, 128, 130, 120, 137, 127, 138, 124, 123] 

Average iterations of converged run:
129 

VQE eigenvalues:
[18.787787997389508, 3.5453989536584465, 15.311393023672196, 13.998126718950608, 16.01353560118433, 9.682577966722679, 4.196469361019366, 7.316121097750121, 11.333707120110986, 11.920180651072544, 4.656865524376244, 6.845997621054942, 8.17779559310593, 5.610824692991358, 8.597006073386904, 2.35588161508333, 13.351788406550117, 24.900973996507545, 2.7860584118376206, 14.048532937570169, 18.228586585336107, 11.615966368149246, 5.627221858408804, 6.513734639714455, 4.990119568225749, 2.519561600998871, 7.963373739237874, 3.02172358733546, 11.46982987960774, 7.181993305024465, 3.9341747541636494, 21.178406843398854, 6.746557270231904, 4.161098195647552, 17.602485712807137, 10.070532417600514, 18.285875224354182, 8.799451322776225, 10.86341008944345, 8.136189950769309, 3.0952020514975773, 28.648823815675883, 36.456177572736536, 7.07801054522978, 14.896410512652272, 9.625258124605583, 13.510235800576838, 7.941135117286837, 19.719617060462436, 9.530653177383485, 6.950008864331508, 3.9768945662890167, 5.72208798774359, 41.10838969217528, 8.777657170022515, 9.645657504184289, 19.371976817440768, 7.981093257403817, 2.3805616989951535, 24.970284833659363, 8.257130867854208, 4.032258428052957, 9.784659716650072, 23.189046166045085, 4.2547045460580275, 7.148386768199104, 10.077378682581475, 15.047974288303113, 17.025523968382203, 8.63307160188812, 2.5185541375498026, 5.870317373205701, 8.826013675067323, 4.226218396096314, 7.231227002133906, 17.94630635509553, 5.887577622071513, 18.23325731413342, 10.393956306798984, 23.45945525090014, 2.795854378079305, 3.109194774863827, 4.422515811181285, 5.56871336717958, 7.851661358624995, 11.941675284320574, 10.772340480160825, 3.2107479250109403, 9.380720422127375, 24.943197030416123, 9.686523630133097, 21.153588243145617, 25.27425263977436, 6.312064384802149, 9.91919972323507, 5.551839259825012, 21.7901040674342, 39.862892520767055, 3.25207254722808, 29.01939486643845] 

VQE eigenvalues standard deviation:
[1.4818421886886937, 0.9528262112673305, 1.402542883292512, 1.4308040825400006, 1.2336544971248593, 1.1853116577266294, 0.9877722779475893, 1.1672037858675943, 1.349209391638119, 1.2956258320799994, 1.3257420821023975, 1.1728106414327875, 1.3248607766829694, 1.2909297264039041, 1.4171910788209934, 1.2182207790738715, 1.4983469128706999, 1.412196277733035, 1.4456162841184164, 1.4496153175438584, 1.4233482290681572, 1.4354957223308635, 1.4846430679097915, 1.1512431410640418, 1.4398613130784141, 0.9380365542154354, 1.4231764522021397, 1.299937981748671, 1.3996529659800547, 1.2520492643621612, 1.2373203205442633, 1.1791201673434795, 1.270920115594126, 1.4062947620641886, 1.427044132057522, 1.4731709913707267, 1.5029034651772293, 1.5299426347618201, 1.4331646194736873, 1.2423996406385698, 1.2258845645887622, 1.3594546265320036, 1.5252488940814881, 1.353857562631854, 1.4246054925105625, 1.4086551843527615, 1.3120228900005364, 1.4201433683655154, 1.463352124155191, 1.4517361939475866, 1.3400157266010333, 1.32963050615488, 1.3753202906860837, 1.4104430100758847, 1.4180103883407373, 1.497539608053325, 1.1403451237751538, 1.409320146391599, 1.3752130458420926, 1.5707882634321395, 1.4212918395248966, 1.1010635258096175, 1.415671413316863, 1.4303503446821766, 1.1908850136284055, 1.4757206882896368, 1.3626380164497292, 1.45905769441739, 1.4397789281008708, 1.3889670449405118, 1.1083503402516361, 1.1350030218083238, 1.2643836638509545, 1.2963765883368006, 1.2141813557350312, 1.1543301403500499, 1.5100679644479598, 1.4199942458418817, 1.1880022178364327, 1.190784709633659, 1.4775292014323071, 1.337680811342888, 1.2494338330753485, 1.3827669549037427, 1.2696430006510981, 1.4764227085069552, 1.3913758850583706, 1.426723821489801, 1.45968086269588, 1.357600523416129, 1.5747139888128976, 1.4081437342327077, 1.3424670868178161, 1.3689659229781797, 1.4041076797043381, 1.4502598666936821, 1.409390657388548, 1.47482007993381, 1.3203068151049964, 1.4626281729857478] 

Median VQE eigenvalues:
8.812732498921774 

Min eigenvalue after 100 VQE steps on Aer qasm simulator: 2.35588e+00
Delta from reference energy value is 2.32387e+00 

Optimizer history of the smallest VQE eigenvalue:
[99.91611624501952, 20.197264252468642, 47.629567464949105, 16.416734464040655, 7.566967703264364, 8.3202308595442, 32.33106585915459, 26.15500775202264, 6.9558922101099405, 20.631639282324784, 19.068760785391895, 5.281670227455098, 5.6344786676129175, 3.4248461763810134, 7.555464298324804, 4.9602612942130655, 18.4764424032701, 3.5613683454478995, 8.148159975063084, 6.488459441366189, 4.310988912337407, 5.862231463554597, 5.245900832125706, 2.4772510946498585, 2.7806948220145244, 4.953540991672316, 3.7471654386409803, 3.694521427584114, 4.031201607915616, 6.300409886577334, 4.646216961050797, 3.008176822886412, 1.5252883507307295, 4.098370102912494, 2.5621188547729936, 4.474352992414548, 1.8404692672259486, 2.2568107717616677, 1.7508882181087664, 3.3986370817485003, 2.7883500718746, 2.796248901410518, 4.569712060973249, 4.090840474427598, 2.06299180046857, 1.1941142467072972, 2.4627473133444084, 4.235213676785566, 3.9067398637307207, 1.1482186178887588, 2.4087316716216165, 1.6765763382015244, 2.9060983252051074, 3.0526437230267156, 3.771048062469742, 3.4174190942304, 2.5741847116126806, 2.9807417313541364, 2.697887911518521, 4.357630403807047, 4.717049218969098, 4.446052925868486, 3.1904377281601732, 1.6479963572429206, 3.5341061858448803, 1.669644967744457, 5.062346973994412, 2.9980253553294496, 2.329537423074239, 4.796048871438693, 3.5353496768705597, 4.922708118795569, 5.496388675649122, 3.026611522709551, 1.1509905907859768, 3.8860553824005777, 2.745824548863226, 4.576317499642631, 2.123612182777528, 4.0106518115524175, 1.1759702925520195, 4.511457306668326, 4.567759301441733, 4.264934654163795, 1.9800982441045178, 6.34579009084074, 2.612866048167863, 4.538964416236027, 4.002522298784456, 4.0812613933968365, 3.5594096177459065, 2.5026049455315125, 2.311245874286705, 1.9439039749511515, 3.5498938706135696, 3.9682112248108297, 3.1338507095613473, 4.986994241306064, 1.5683375203375647, 2.191739733429543, 4.86719233561681, 3.367904742194437, 4.027359497000166, 4.197299978116778, 4.397551605894556, 2.90874024149878, 3.6991611954162984, 1.2674151547872086, 3.4808115999116964, 5.163862395452831, 6.719063853008571, 2.056579614742013, 6.147089054179418, 2.951168425629074, 4.212327692168792, 3.0645226228067273, 3.8077939857590586, 1.2063729231995381, 1.34029952215786, 2.6537948365490465, 2.8616404159212045, 3.7723082258073646, 2.35588161508333] 

Optimizer history of the smallest VQE eigenvalue standard deviation:
[1.603462646098616, 1.4083016917815803, 1.489372309073765, 1.4740948778359466, 1.2358250957341559, 1.2372052884366982, 1.4267907200543282, 1.4259062605437944, 1.2371630372848748, 1.0672152602504623, 1.1686625725659388, 1.1962476940097515, 1.283126485821668, 1.20495511921841, 1.334174398910351, 1.2366365114845452, 1.4178605942831128, 1.2062219779952568, 1.0047287557808455, 1.1379185804827865, 1.1720529871453695, 1.0931612806665798, 1.2312770544519551, 1.1982760551955205, 1.2515152745877638, 1.2036061981079205, 1.2131598507820311, 1.1813843702435027, 1.2107589093090219, 1.2173186086494026, 1.1919480328710204, 1.206280018629318, 1.2172962303321, 1.2223079363531686, 1.2127640756024045, 1.2174502654768777, 1.2158304433267426, 1.2278942235658004, 1.2124200178310638, 1.2135007115718628, 1.2156328755266195, 1.2111130204676437, 1.2145012927570653, 1.214773114870642, 1.2245296964736974, 1.222083186299074, 1.22234955231566, 1.220544614623285, 1.2160842219640575, 1.2132316904647151, 1.2181132434455826, 1.2182317198970591, 1.2119295184825785, 1.2079552695448206, 1.2218779192832008, 1.2169655955677388, 1.208843160449448, 1.2108978831923993, 1.222273163416691, 1.2194502883049574, 1.2213703669750962, 1.2096352284395897, 1.210286253395416, 1.2070524758313346, 1.2160811984478066, 1.2169508348270257, 1.227560205130962, 1.2220716794403979, 1.2130090296159253, 1.2243428112371082, 1.217604506381177, 1.2208568726064921, 1.2210783187751337, 1.213613551654226, 1.2119948179204196, 1.2191835910829836, 1.2148682660818613, 1.2198670437559336, 1.2104698118721764, 1.216205769836874, 1.2126781292108744, 1.211311618267193, 1.2158567792475126, 1.2136676911240454, 1.214016906156314, 1.2152078311621162, 1.2172633773660002, 1.21502876636946, 1.212888828276117, 1.2202842945064671, 1.2125149291024502, 1.2199367409902513, 1.2099526916918641, 1.2179861431820622, 1.2222596071207854, 1.2170358063227993, 1.2221412027789877, 1.2159183649816054, 1.2170433083424463, 1.2106993722790498, 1.2082772480037707, 1.2212054594697639, 1.2173337087166147, 1.2203494207623538, 1.2168694337489767, 1.2103738400091966, 1.217040673201546, 1.21941253570369, 1.2195324435645705, 1.221063929941095, 1.2147018197068216, 1.2138363201292568, 1.2133296579830122, 1.221767358679952, 1.218637223684818, 1.2162541130075735, 1.2155200902524965, 1.2163146583703388, 1.2154719339028737, 1.2165188501566464, 1.2157230695648478, 1.2167005729056808, 1.2182207790738715] 

Smallest VQE eingenvalue optimizer final message:
{   'aux_operators_evaluated': None,
    'cost_function_evals': 123,
    'eigenvalue': 2.35588161508333,
    'optimal_circuit': <qiskit.circuit.library.n_local.real_amplitudes.RealAmplitudes object at 0x0000020BA48511F0>,
    'optimal_parameters': {   ParameterVectorElement(θ[3]): -1.8239780944952197,
                              ParameterVectorElement(θ[4]): 2.8464059948973994,
                              ParameterVectorElement(θ[5]): -1.64234496899481,
                              ParameterVectorElement(θ[6]): -1.2600639665797058,
                              ParameterVectorElement(θ[7]): -0.574345464349254,
                              ParameterVectorElement(θ[0]): -0.3470357659157024,
                              ParameterVectorElement(θ[1]): 0.8209433744127005,
                              ParameterVectorElement(θ[2]): -1.6140516401284053},
    'optimal_point': array([-0.34703577,  0.82094337, -1.61405164, -1.82397809,  2.84640599,
       -1.64234497, -1.26006397, -0.57434546]),
    'optimal_value': 2.35588161508333,
    'optimizer_evals': None,
    'optimizer_result': <qiskit_algorithms.optimizers.optimizer.OptimizerResult object at 0x0000020B9BBCE0F0>,
    'optimizer_time': 34.424315452575684}
     ┌──────────┐ ░                 ░ ┌──────────┐
q_0: ┤ Ry(θ[0]) ├─░─────────────■───░─┤ Ry(θ[4]) ├
     ├──────────┤ ░           ┌─┴─┐ ░ ├──────────┤
q_1: ┤ Ry(θ[1]) ├─░────────■──┤ X ├─░─┤ Ry(θ[5]) ├
     ├──────────┤ ░      ┌─┴─┐└───┘ ░ ├──────────┤
q_2: ┤ Ry(θ[2]) ├─░───■──┤ X ├──────░─┤ Ry(θ[6]) ├
     ├──────────┤ ░ ┌─┴─┐└───┘      ░ ├──────────┤
q_3: ┤ Ry(θ[3]) ├─░─┤ X ├───────────░─┤ Ry(θ[7]) ├
     └──────────┘ ░ └───┘           ░ └──────────┘
The number of ansatz parameters is: 
 8
Line for latex table
RA r1 rl & $1\mathrm{e}{-07}$ & 10000 & 100/100 &129 & $2.3559\mathrm{e}{+00}$ & $1.2182\mathrm{e}{+00}$ & $2.3239\mathrm{e}{+00}$ & $8.8127\mathrm{e}{+00}$ & $8.7807\mathrm{e}{+00}$ & - & 01h 00m 22s\\

