1.3843999999999994 0.0224694662152887
0.1396999999999995 0.012567184052125572
1.0163999999999973 0.005777042149750991
0.2027999999999981 0.012270642362973485
0.3916000000000004 0.01577296471814985
0.08910000000000018 0.007190229690350655
0.1532 0.010497206866590742
0.5343 0.020983839567629177
0.05629999999999846 0.006137228120251012
0.41490000000000116 0.018906338011365396
0.29419999999999824 0.011499240322734347
1.0220000000000002 0.023076247528573627
1.407399999999999 0.023117478236174473
0.08910000000000018 0.005675466060157512
0.0387000000000004 0.006876102602492185
0.13999999999999702 0.01068817963920893
0.23909999999999876 0.012087368820384373
0.05719999999999814 0.007588049551762271
0.26819999999999844 0.009503481046437662
0.15590000000000082 0.012451278127164308
0.285400000000001 0.01325292722382494
0.05249999999999844 0.003001185932260791
0.09250000000000114 0.010908204939402262
0.04410000000000025 0.0058563829280537496
0.6370999999999967 0.020675371749983122
0.29799999999999827 0.017185170351206886
1.3925999999999998 0.022762377731686996
1.0891000000000002 0.020613704397802947
0.12849999999999717 0.010523294493645955
0.12889999999999802 0.009286333776038849
0.12169999999999703 0.010367400976136656
0.07280000000000264 0.009330251014844158
0.2560999999999982 0.01648600118282174
0.08280000000000243 0.007035152023943727
0.523399999999997 0.019755855638265846
0.13570000000000348 0.007017917996101158
1.5236000000000018 0.019900639989708858
2.940899999999999 0.026345740433701997
0.3752000000000013 0.012941218026136507
0.20270000000000366 0.015498157793750848
1.609 0.024605143933738746
3.6717999999999975 0.02913499380470158
1.155899999999999 0.02166583501737239
0.06240000000000023 0.0072764002088945515
1.5536999999999974 0.01705466789474366
0.5998000000000001 0.021049602371541364
0.23669999999999725 0.007242331599699109
1.344100000000001 0.022839761491749436
0.6918999999999933 0.018751684697647847
1.1515999999999984 0.011803492703433161
0.08689999999999998 0.007594455543355278
0.7823000000000029 0.00878646589932494
0.2237999999999971 0.013015655035379511
0.23099999999999987 0.007912847780666575
0.3192000000000004 0.006589087949026025
0.04079999999999906 0.004982562392986156
0.5053000000000019 0.02009200286183534
3.9254 0.031019228359196814
0.8652000000000015 0.01302349384765855
3.0913000000000004 0.029127814868266388
0.07069999999999865 0.007544979589104223
0.09720000000000084 0.009074261622853989
0.3755000000000006 0.018520421296504042
0.08959999999999901 0.01066564840973112
0.36100000000000065 0.0110646955674343
0.2276999999999969 0.01209456030618725
0.2944999999999993 0.010762783515429433
0.4685999999999986 0.01702625948351545
1.534799999999997 0.02418158836801257
0.4276 0.007765418211532438
0.031899999999998485 0.004463690737495177
0.1227999999999998 0.004894524287405236
0.6292999999999971 0.009492313785373933
0.7988999999999962 0.012097706435519074
0.24780000000000157 0.013363122688952607
0.15799999999999947 0.013913426321363128
0.18819999999999837 0.01468127324178661
0.39709999999999823 0.009505433025380776
1.107599999999998 0.016402571017983734
1.5022999999999982 0.02177611184302652
2.5276999999999994 0.021501997604873826
1.5231999999999974 0.022370493780871272
1.6739999999999995 0.019647101770999188
0.0605999999999991 0.0073813584115662596
0.11390000000000278 0.010288125339438653
0.09119999999999884 0.006461063070424235
0.1465999999999994 0.011683709684856108
0.15100000000000158 0.007026732384259411
0.045599999999996754 0.005727699014438457
0.23179999999999978 0.007811451081585242
0.07510000000000083 0.007538222270535692
1.3466000000000022 0.023929127689909645
0.10710000000000264 0.01081255080912919
1.4603999999999981 0.020162161987247296
0.04429999999999801 0.00599539781832703
1.9452000000000034 0.016846687745666788
0.31239999999999846 0.015569024503802405
0.05509999999999948 0.0053370209855311546
0.025300000000001432 0.004652414534411174
0.42959999999999887 0.015522487558378002
