With Shot Noise
02/11/2024 03:38:03 

VQEr_100_shots_10000_COBYLA_maxIter_10000_tol_1e-07_RA_r1_rl 

Reference value: 0.0000000000e+00 

Number of pauli strings:  32
Qubits:  6
VQE runs:  100
Optimizer:  COBYLA
Max iterations:  10000
Optimizers's tolerance:  1e-07
Ansatz:  RA_r1_rl 

All run converged!!!
Number of iterations for each converged VQE run:
[213, 234, 236, 251, 233, 233, 205, 245, 245, 250, 222, 215, 246, 297, 249, 299, 240, 244, 274, 224, 230, 273, 327, 243, 231, 263, 204, 214, 278, 265, 238, 222, 221, 231, 322, 290, 229, 224, 229, 271, 214, 183, 226, 200, 235, 301, 253, 217, 259, 203, 224, 267, 227, 258, 246, 275, 195, 203, 202, 201, 238, 222, 231, 238, 255, 253, 252, 229, 216, 276, 234, 252, 230, 214, 252, 234, 331, 192, 252, 209, 222, 224, 211, 250, 275, 227, 226, 249, 260, 258, 234, 233, 241, 201, 204, 220, 259, 223, 214, 209] 

Average iterations of converged run:
239 

VQE eigenvalues:
[1.3843999999999994, 0.1396999999999995, 1.0163999999999973, 0.2027999999999981, 0.3916000000000004, 0.08910000000000018, 0.1532, 0.5343, 0.05629999999999846, 0.41490000000000116, 0.29419999999999824, 1.0220000000000002, 1.407399999999999, 0.08910000000000018, 0.0387000000000004, 0.13999999999999702, 0.23909999999999876, 0.05719999999999814, 0.26819999999999844, 0.15590000000000082, 0.285400000000001, 0.05249999999999844, 0.09250000000000114, 0.04410000000000025, 0.6370999999999967, 0.29799999999999827, 1.3925999999999998, 1.0891000000000002, 0.12849999999999717, 0.12889999999999802, 0.12169999999999703, 0.07280000000000264, 0.2560999999999982, 0.08280000000000243, 0.523399999999997, 0.13570000000000348, 1.5236000000000018, 2.940899999999999, 0.3752000000000013, 0.20270000000000366, 1.609, 3.6717999999999975, 1.155899999999999, 0.06240000000000023, 1.5536999999999974, 0.5998000000000001, 0.23669999999999725, 1.344100000000001, 0.6918999999999933, 1.1515999999999984, 0.08689999999999998, 0.7823000000000029, 0.2237999999999971, 0.23099999999999987, 0.3192000000000004, 0.04079999999999906, 0.5053000000000019, 3.9254, 0.8652000000000015, 3.0913000000000004, 0.07069999999999865, 0.09720000000000084, 0.3755000000000006, 0.08959999999999901, 0.36100000000000065, 0.2276999999999969, 0.2944999999999993, 0.4685999999999986, 1.534799999999997, 0.4276, 0.031899999999998485, 0.1227999999999998, 0.6292999999999971, 0.7988999999999962, 0.24780000000000157, 0.15799999999999947, 0.18819999999999837, 0.39709999999999823, 1.107599999999998, 1.5022999999999982, 2.5276999999999994, 1.5231999999999974, 1.6739999999999995, 0.0605999999999991, 0.11390000000000278, 0.09119999999999884, 0.1465999999999994, 0.15100000000000158, 0.045599999999996754, 0.23179999999999978, 0.07510000000000083, 1.3466000000000022, 0.10710000000000264, 1.4603999999999981, 0.04429999999999801, 1.9452000000000034, 0.31239999999999846, 0.05509999999999948, 0.025300000000001432, 0.42959999999999887] 

VQE eigenvalues standard deviation:
[0.0224694662152887, 0.012567184052125572, 0.005777042149750991, 0.012270642362973485, 0.01577296471814985, 0.007190229690350655, 0.010497206866590742, 0.020983839567629177, 0.006137228120251012, 0.018906338011365396, 0.011499240322734347, 0.023076247528573627, 0.023117478236174473, 0.005675466060157512, 0.006876102602492185, 0.01068817963920893, 0.012087368820384373, 0.007588049551762271, 0.009503481046437662, 0.012451278127164308, 0.01325292722382494, 0.003001185932260791, 0.010908204939402262, 0.0058563829280537496, 0.020675371749983122, 0.017185170351206886, 0.022762377731686996, 0.020613704397802947, 0.010523294493645955, 0.009286333776038849, 0.010367400976136656, 0.009330251014844158, 0.01648600118282174, 0.007035152023943727, 0.019755855638265846, 0.007017917996101158, 0.019900639989708858, 0.026345740433701997, 0.012941218026136507, 0.015498157793750848, 0.024605143933738746, 0.02913499380470158, 0.02166583501737239, 0.0072764002088945515, 0.01705466789474366, 0.021049602371541364, 0.007242331599699109, 0.022839761491749436, 0.018751684697647847, 0.011803492703433161, 0.007594455543355278, 0.00878646589932494, 0.013015655035379511, 0.007912847780666575, 0.006589087949026025, 0.004982562392986156, 0.02009200286183534, 0.031019228359196814, 0.01302349384765855, 0.029127814868266388, 0.007544979589104223, 0.009074261622853989, 0.018520421296504042, 0.01066564840973112, 0.0110646955674343, 0.01209456030618725, 0.010762783515429433, 0.01702625948351545, 0.02418158836801257, 0.007765418211532438, 0.004463690737495177, 0.004894524287405236, 0.009492313785373933, 0.012097706435519074, 0.013363122688952607, 0.013913426321363128, 0.01468127324178661, 0.009505433025380776, 0.016402571017983734, 0.02177611184302652, 0.021501997604873826, 0.022370493780871272, 0.019647101770999188, 0.0073813584115662596, 0.010288125339438653, 0.006461063070424235, 0.011683709684856108, 0.007026732384259411, 0.005727699014438457, 0.007811451081585242, 0.007538222270535692, 0.023929127689909645, 0.01081255080912919, 0.020162161987247296, 0.00599539781832703, 0.016846687745666788, 0.015569024503802405, 0.0053370209855311546, 0.004652414534411174, 0.015522487558378002] 

Median VQE eigenvalues:
0.2767999999999997 

Min eigenvalue after 100 VQE steps on Aer qasm simulator: 2.53000e-02
Delta from reference energy value is 2.53000e-02 

Optimizer history of the smallest VQE eigenvalue:
[4.6479, 5.708800000000002, 5.592799999999999, 4.8421, 9.238699999999998, 7.028699999999997, 5.9932, 4.471399999999997, 4.919900000000002, 5.674199999999999, 7.9064, 10.6416, 4.029299999999999, 4.017700000000003, 4.2256, 3.2811000000000003, 2.4682999999999993, 2.3946999999999985, 2.2438000000000002, 3.5923, 3.133300000000002, 1.9454999999999991, 1.9376000000000015, 2.0470999999999986, 1.5118000000000027, 0.5655999999999999, 1.1746999999999979, 0.5762000000000036, 0.5328999999999997, 0.5763000000000016, 0.6503000000000014, 0.6155000000000026, 0.9742999999999995, 0.5283999999999995, 0.5578000000000003, 0.5472999999999999, 0.5386000000000024, 0.5183000000000018, 0.4814000000000025, 0.41169999999999973, 0.15590000000000082, 0.3080000000000016, 0.42609999999999815, 0.14819999999999922, 0.0990000000000002, 0.08140000000000036, 0.07540000000000013, 0.06709999999999994, 0.08240000000000158, 0.09199999999999875, 0.06260000000000154, 0.15480000000000338, 0.07019999999999804, 0.13269999999999982, 0.08369999999999855, 0.039100000000001245, 0.0478999999999985, 0.04060000000000308, 0.036300000000000665, 0.03280000000000349, 0.033799999999999386, 0.023200000000000998, 0.03900000000000148, 0.02440000000000353, 0.040300000000000225, 0.031200000000000117, 0.03989999999999938, 0.02779999999999916, 0.04239999999999888, 0.0235000000000003, 0.027499999999999858, 0.0235000000000003, 0.03059999999999974, 0.030699999999999505, 0.03490000000000215, 0.032999999999999474, 0.02800000000000047, 0.0406000000000013, 0.02400000000000091, 0.02749999999999808, 0.038399999999999324, 0.022899999999998144, 0.028699999999998838, 0.028700000000000614, 0.0267000000000035, 0.030699999999999505, 0.026599999999998403, 0.02310000000000123, 0.02930000000000277, 0.027100000000002566, 0.028600000000000847, 0.028100000000002012, 0.028699999999998838, 0.02950000000000408, 0.024499999999999744, 0.03310000000000102, 0.02949999999999875, 0.029599999999998516, 0.029899999999999594, 0.036999999999999034, 0.02850000000000108, 0.03149999999999764, 0.026299999999999102, 0.0357999999999965, 0.024299999999998434, 0.02340000000000053, 0.024499999999999744, 0.034199999999998454, 0.031200000000000117, 0.029300000000000992, 0.02680000000000149, 0.02239999999999931, 0.025800000000002044, 0.03399999999999892, 0.03339999999999854, 0.028199999999998226, 0.022900000000001697, 0.02999999999999936, 0.033200000000000784, 0.02519999999999989, 0.0243999999999982, 0.030900000000000816, 0.02300000000000324, 0.03289999999999793, 0.030000000000001137, 0.021000000000002572, 0.029299999999999216, 0.034199999999998454, 0.037200000000000344, 0.024499999999999744, 0.03100000000000236, 0.03229999999999933, 0.021800000000002484, 0.032099999999999795, 0.02880000000000038, 0.027699999999999392, 0.03309999999999924, 0.018599999999999284, 0.02590000000000181, 0.03149999999999942, 0.025600000000000733, 0.03149999999999942, 0.02880000000000038, 0.026299999999999102, 0.021499999999997854, 0.03139999999999965, 0.03280000000000172, 0.027099999999999014, 0.020200000000000884, 0.03930000000000078, 0.028799999999998604, 0.01720000000000077, 0.029999999999997584, 0.029699999999998283, 0.0254000000000012, 0.025699999999998724, 0.03259999999999863, 0.025900000000000034, 0.029199999999997672, 0.031099999999998573, 0.029099999999997905, 0.02930000000000277, 0.023500000000002075, 0.03259999999999863, 0.03879999999999839, 0.03609999999999758, 0.01679999999999815, 0.034399999999999764, 0.02450000000000152, 0.019500000000002515, 0.03130000000000166, 0.03039999999999843, 0.026999999999999247, 0.029700000000001836, 0.031500000000001194, 0.02260000000000062, 0.035400000000000986, 0.02870000000000239, 0.02130000000000365, 0.03300000000000125, 0.030199999999998894, 0.02239999999999931, 0.02420000000000222, 0.02280000000000193, 0.02839999999999776, 0.028100000000000236, 0.023800000000001376, 0.03199999999999825, 0.029500000000000526, 0.03150000000000297, 0.020299999999998875, 0.0276000000000014, 0.026900000000001256, 0.028900000000000148, 0.03270000000000017, 0.023299999999997212, 0.04139999999999766, 0.02820000000000178, 0.029799999999999827, 0.029699999999998283, 0.03409999999999869, 0.02829999999999977, 0.023299999999998988, 0.02850000000000108, 0.02519999999999989, 0.028999999999999915, 0.026500000000000412, 0.033799999999999386, 0.03449999999999953, 0.025500000000002743, 0.029899999999999594, 0.028700000000000614, 0.025200000000003442, 0.025300000000001432] 

Optimizer history of the smallest VQE eigenvalue standard deviation:
[0.058854839894438585, 0.05889735033089349, 0.05927429250526742, 0.059245997679168175, 0.08064211299935041, 0.07539788932722188, 0.07200122748953659, 0.057712667794861124, 0.058882188469859036, 0.059511937726812424, 0.06126309185798575, 0.08422096176130976, 0.056922974825636095, 0.06070077688959179, 0.06350236584569113, 0.05413811894589615, 0.044855564727244265, 0.044674346721580604, 0.044755000793207454, 0.056736597333643474, 0.04885426492129423, 0.04369537976720195, 0.043473137728947044, 0.04505794153087777, 0.03831890353337371, 0.022042999432926546, 0.036007422165436946, 0.021470597569699816, 0.019294732623179833, 0.024696305614403145, 0.02534478472980191, 0.02124306477417982, 0.025739302069015004, 0.01941650081760358, 0.01919991468731048, 0.019115067224574442, 0.019654073165631572, 0.019241608378719296, 0.02004632115875628, 0.018404814668993526, 0.01206500837131911, 0.018255415196593044, 0.022175979053922285, 0.01288517427123126, 0.010041897031935743, 0.00792745406798427, 0.00837215265030445, 0.007604966995326118, 0.008808094459075728, 0.010066202263018588, 0.00815009055164416, 0.013018951417068879, 0.008359232261398137, 0.01191159590483154, 0.00940255566322266, 0.005755510837449659, 0.00597318784235016, 0.0053509602876493445, 0.005115223651024501, 0.005079451938939861, 0.005579188471453564, 0.004214335534814495, 0.006329305807116576, 0.0042828130942173335, 0.005846617056041877, 0.004958948678903649, 0.00623529205410618, 0.004792925202838027, 0.005510830064518438, 0.0037977644740030893, 0.004986592323420845, 0.004393122010597973, 0.004823519047334653, 0.00501515393582295, 0.005677507111400263, 0.005545834112196258, 0.004984928484943344, 0.005976131859321771, 0.004268748762810997, 0.004843132973602959, 0.005811485180227217, 0.00416106248451033, 0.004942794250219174, 0.0050858266781320435, 0.004527234807252702, 0.005036410924458003, 0.004560669249134424, 0.004079413560795131, 0.004994942942617058, 0.004564290196733811, 0.00470128918489389, 0.00467140610523217, 0.00484649656968828, 0.005026818576396, 0.004121878576571528, 0.005600112052450346, 0.004885485543935244, 0.004603262755915556, 0.005162828972569178, 0.005544899638406433, 0.004959539393935674, 0.005078292528005823, 0.004541122878760306, 0.005505280374331521, 0.004497322870330763, 0.004217342765296697, 0.004255480348914821, 0.005432661226323576, 0.005396254256426447, 0.004977873742874547, 0.0047407425578699924, 0.003932898168018011, 0.004522348062677204, 0.005436260111510449, 0.005200148459419207, 0.004979069792641949, 0.0040267586220184524, 0.005027422799009439, 0.005515350940783429, 0.004204918548557132, 0.004258833643146828, 0.005552888527604392, 0.0043133119525487935, 0.00527459012625623, 0.004722328239332824, 0.003765982474733509, 0.004692333854277681, 0.005226577082565602, 0.00582905069458146, 0.004657965113652093, 0.005114963147472304, 0.005404918593281472, 0.003982153186405467, 0.005325900768884034, 0.0049559035503124885, 0.004765888269777243, 0.005470235735322543, 0.003569930531536976, 0.0045870804440297465, 0.004808585134943571, 0.004453431036852407, 0.004949679080506166, 0.004719595745400256, 0.004753001051967057, 0.0035954380817919784, 0.005209711700276681, 0.00516262801294072, 0.0044675538049362504, 0.0039043381001136936, 0.006150061219207492, 0.005089719835118604, 0.0031381459494421167, 0.005187174182539054, 0.005091091926099916, 0.00443214440197972, 0.0046308361016127895, 0.005383616628252776, 0.004613737638834739, 0.005050260191316857, 0.004863028171828776, 0.004820672256024078, 0.00499323612499946, 0.004392863872236466, 0.0051478111853485616, 0.005945103531478704, 0.005826481356702393, 0.0030778849881046323, 0.005485781621610523, 0.00427166653661066, 0.0036627633011156974, 0.00510837772683264, 0.005201870432834686, 0.004338182107749678, 0.004708400259111398, 0.005081925914454081, 0.003942143071984985, 0.005131139444606841, 0.0046084742594485915, 0.0036541254767727574, 0.005100647801995377, 0.004730809655862329, 0.00413435073500053, 0.00424962163021606, 0.0043958762493955805, 0.004609844682849983, 0.004937465645450086, 0.0042415893247695876, 0.005398535356927817, 0.004734334272102085, 0.005651016811158905, 0.003797649404565899, 0.004716842588003159, 0.004507882096949773, 0.004758275002561347, 0.0052370299789097985, 0.0041480820869408234, 0.006281351446941977, 0.004999472772203058, 0.004973342135827756, 0.005235326637374185, 0.0055489681022690895, 0.0043489282587782455, 0.004206053613543244, 0.00485972828458546, 0.004561123545794417, 0.004883649045539611, 0.0046190487115855645, 0.00525549312624418, 0.005903601019716689, 0.004561714918755925, 0.004996721224963397, 0.004846057263384363, 0.004343114550642227, 0.004652414534411174] 

Smallest VQE eingenvalue optimizer final message:
{   'aux_operators_evaluated': None,
    'cost_function_evals': 214,
    'eigenvalue': 0.025300000000001432,
    'optimal_circuit': <qiskit.circuit.library.n_local.real_amplitudes.RealAmplitudes object at 0x000001FDBDE2BF20>,
    'optimal_parameters': {   ParameterVectorElement(θ[0]): 0.094154194073939,
                              ParameterVectorElement(θ[1]): 0.0014721348763740692,
                              ParameterVectorElement(θ[2]): 3.157586751954856,
                              ParameterVectorElement(θ[3]): 0.0027787812484345578,
                              ParameterVectorElement(θ[4]): -0.025690746381124757,
                              ParameterVectorElement(θ[5]): 3.0188139675452392,
                              ParameterVectorElement(θ[6]): -0.0647407148527121,
                              ParameterVectorElement(θ[7]): -0.09546409431700321,
                              ParameterVectorElement(θ[8]): -3.1913189590357103,
                              ParameterVectorElement(θ[9]): -3.1810756775447575,
                              ParameterVectorElement(θ[10]): -0.028847795190910807,
                              ParameterVectorElement(θ[11]): 0.23078136513677652},
    'optimal_point': array([ 9.41541941e-02,  1.47213488e-03,  3.15758675e+00,  2.77878125e-03,
       -2.56907464e-02,  3.01881397e+00, -6.47407149e-02, -9.54640943e-02,
       -3.19131896e+00, -3.18107568e+00, -2.88477952e-02,  2.30781365e-01]),
    'optimal_value': 0.025300000000001432,
    'optimizer_evals': None,
    'optimizer_result': <qiskit_algorithms.optimizers.optimizer.OptimizerResult object at 0x000001FDBD1A1610>,
    'optimizer_time': 19.82520294189453}
     ┌──────────┐ ░                           ░  ┌──────────┐
q_0: ┤ Ry(θ[0]) ├─░───────────────────────■───░──┤ Ry(θ[6]) ├
     ├──────────┤ ░                     ┌─┴─┐ ░  ├──────────┤
q_1: ┤ Ry(θ[1]) ├─░──────────────────■──┤ X ├─░──┤ Ry(θ[7]) ├
     ├──────────┤ ░                ┌─┴─┐└───┘ ░  ├──────────┤
q_2: ┤ Ry(θ[2]) ├─░─────────────■──┤ X ├──────░──┤ Ry(θ[8]) ├
     ├──────────┤ ░           ┌─┴─┐└───┘      ░  ├──────────┤
q_3: ┤ Ry(θ[3]) ├─░────────■──┤ X ├───────────░──┤ Ry(θ[9]) ├
     ├──────────┤ ░      ┌─┴─┐└───┘           ░ ┌┴──────────┤
q_4: ┤ Ry(θ[4]) ├─░───■──┤ X ├────────────────░─┤ Ry(θ[10]) ├
     ├──────────┤ ░ ┌─┴─┐└───┘                ░ ├───────────┤
q_5: ┤ Ry(θ[5]) ├─░─┤ X ├─────────────────────░─┤ Ry(θ[11]) ├
     └──────────┘ ░ └───┘                     ░ └───────────┘
The number of ansatz parameters is: 
 12
Line for latex table
RA r1 rl & $1\mathrm{e}{-07}$ & 10000 & 100/100 &239 & $2.53\mathrm{e}{-02}$ & $4.6524\mathrm{e}{-03}$ & $2.53\mathrm{e}{-02}$ & $2.768\mathrm{e}{-01}$ & $2.768\mathrm{e}{-01}$ & - & 00h 37m 57s\\

