No Shot Noise
01/11/2024 00:34:40 

VQEr_100_COBYLA_maxIter_10000_tol_1e-04_RA_r1_rl 

Reference value: 3.2010110009e-02 

Qubits:  4
VQE runs:  100
Optimizer:  COBYLA
Max iterations:  10000
Optimizers's tolerance:  1e-04
Ansatz:  RA_r1_rl 

Only 96 runs out of 100 converged
Number of iterations for each converged VQE run:
[1828, 1540, 1975, 2477, 2744, 2403, 1678, 2443, 2031, 1488, 1130, 1566, 1117, 1656, 2381, 8515, 1687, 1176, 5319, 3332, 1768, 2312, 1390, 3441, 2306, 3540, 1520, 2450, 1780, 1020, 1259, 1481, 8017, 1905, 1509, 925, 2109, 1979, 2734, 1893, 818, 1315, 2104, 1602, 1271, 1331, 1676, 2347, 2133, 2904, 8201, 1308, 4061, 1466, 2121, 1289, 1369, 1322, 2107, 1056, 1612, 2038, 2994, 1489, 1307, 1730, 2367, 1146, 1291, 2313, 2960, 1499, 9217, 1501, 3087, 1040, 1595, 1832, 1697, 2140, 1310, 3389, 3379, 1399, 3185, 1352, 1745, 6418, 2515, 1251, 2627, 2360, 1377, 4971, 1435, 1664] 

Average iterations of converged run:
2301 

VQE eigenvalues:
[0.032088178870870676, 0.03202405773585282, 0.04103080775546175, 0.03214317272668987, 0.032073176692816174, 0.032068206001654165, 0.0367551977441668, 0.03475094283326663, 0.0320874612384876, 0.032034217772513474, 0.03204376478394333, 0.04104745221028683, 0.032050010141772556, 0.03202610657711358, 0.03207232298980489, 0.032055549017981466, 0.03207158191266446, 0.032024443347970055, 0.03756457016884218, 0.03202065897398798, 0.037507733518630126, 0.03530702041717715, 0.03773426967329918, 0.03211142091136199, 0.03973028691263203, 0.0327140790861884, 0.041572620281077555, 0.03206865879874998, 0.036692586373077374, 0.03201929612118015, 0.03202804183349428, 0.03202295002041988, 0.04129829095428017, 0.040463936224878316, 0.03600661278952744, 0.03209001546784229, 0.03693789455866503, 0.032040531234110214, 0.03207431403088967, 0.03203586228822941, 0.0320144017438303, 0.039191938094023215, 1.833577577649219, 0.04141602796187105, 0.034898349722473854, 0.03201682688479379, 0.03685738981909126, 0.03209206146038801, 0.032031075253902364, 0.03244582727390477, 0.03204280768561585, 0.038195948153231685, 0.03203385293385541, 0.03201952462188218, 0.032133771393382804, 0.03203091266774749, 0.03201735719188259, 0.041171758071372855, 0.03711077633841031, 0.03201354548021451, 0.032033514918738626, 0.03207751963980743, 1.833526651815505, 0.03208514674890006, 0.03203181755578499, 0.034421577776142076, 0.032887377281691, 0.03201439521648963, 0.03204156034030403, 0.03208590440930503, 0.03202321666639607, 0.03204653596511575, 0.032041353154098284, 0.03796266115446578, 0.0320880035363138, 0.03202119234252321, 0.0320440006414171, 0.03658605877021881, 0.03207334834129871, 0.03517965273491397, 0.03202271912362942, 0.03206036486265873, 0.03725763238601543, 0.03202343667407315, 0.03202633080607742, 0.032013476782065786, 0.03201372130264213, 0.03215173768976731, 0.03201824700497946, 0.03696169471117583, 0.041616645038270006, 0.03203845539178596, 0.0320348169052328, 0.038439282854799695, 0.03202127100236052, 0.03205677462558865] 

Median VQE eigenvalues:
0.03207383118609419 

Min eigenvalue after 100 VQE steps on Aer qasm simulator: 3.20135e-02
Delta from reference energy value is 3.36677e-06 

Optimizer history of the smallest VQE eigenvalue:
[27.79296130258875, 84.44322293305369, 73.61374779633492, 36.07166466187315, 17.63203926808913, 23.84631281176856, 18.492092471162103, 14.204893195242052, 15.720263702275663, 35.76529993683434, 22.178261203097932, 16.79950725668094, 19.794240832658513, 15.966869805201604, 15.276262381076053, 16.740015231138514, 12.205084937552833, 23.960340057300215, 12.340255520740913, 14.662080869610447, 8.307119381181183, 21.31464931215498, 8.539583764704892, 8.280767474836788, 7.748937869692649, 7.590690787827998, 8.377008590859816, 8.386864691355767, 8.872188830900168, 7.888177192985932, 8.039740859426399, 7.66378376583714, 7.503342218180407, 7.576437214260648, 7.614912221895217, 7.608244496747803, 7.03350828656439, 6.815662255672978, 6.818910123632614, 6.836339551694782, 6.705110584465248, 6.580178496328241, 6.171269982650229, 6.137889302513099, 6.158496441198644, 5.960594014314204, 6.182794470477909, 6.296380218013924, 5.6810206528309255, 5.6078802604884865, 5.614336860115058, 5.23116322249944, 4.92161155034916, 4.626654008262931, 4.4737540252005905, 4.255580246166819, 4.264087914229229, 4.2481445421599116, 4.043354640232779, 3.9366331983248335, 3.6452442504116487, 3.447872276419005, 3.2211051489635985, 3.0745995220475923, 2.9981251021655435, 2.9630989107814343, 3.0048312129890116, 2.887696028655696, 2.9282264076582543, 2.8565146456335198, 2.946823989236268, 2.8075283984528316, 2.8363466969396423, 2.786004753613427, 2.78048452490753, 2.744482844252482, 2.764145222064464, 2.7883111324989533, 2.742612633476245, 2.692157372990132, 2.6782119828350837, 2.6776360768171013, 2.675656506306667, 2.684713555492904, 2.6421172739114787, 2.5796295804844913, 2.5779327757795496, 2.599921849951987, 2.6001710513088985, 2.566213215590972, 2.521485561428852, 2.5019048173769862, 2.4988693760537575, 2.526702293177282, 2.5830927834331563, 2.464692067346401, 2.4483295555660414, 2.4292735840468214, 2.4414332559310594, 2.42842060203373, 2.4083239417306714, 2.3843677986387197, 2.410961030869726, 2.3866043133113446, 2.3542727064718547, 2.3372334820923775, 2.32192779656249, 2.3166677024379987, 2.31209162929589, 2.3152226247454717, 2.304364804837286, 2.2792388449034875, 2.272508146281558, 2.2640777352010506, 2.2653142516933125, 2.2628374739389177, 2.280152579226732, 2.2516776154379223, 2.224315765314076, 2.2154387523413512, 2.218811566797906, 2.2109403079871046, 2.193458350255533, 2.211353809871933, 2.2018330921378944, 2.1838442657944013, 2.17136587034053, 2.1582643651996194, 2.173678609691605, 2.1445048637468127, 2.1289037439988086, 2.11297023533196, 2.105471962302049, 2.105433191031078, 2.1044963777276067, 2.1023761907986978, 2.0820080273785413, 2.0618887415003795, 2.0376659015011853, 2.033240899861301, 2.034660051365751, 2.0567001837301713, 2.025315857328192, 2.001582170155708, 1.9796230326703357, 1.9634999736986642, 1.9510334519029524, 1.9452731156353942, 1.9420989498965375, 1.9183033395724762, 1.9025609495846274, 1.8873537324350644, 1.866585889983814, 1.8459919138010257, 1.8287766843536752, 1.8204435761935898, 1.820885214282106, 1.8216920000131172, 1.7995737691636937, 1.7800201389995944, 1.7773617572448532, 1.7627684538820838, 1.7408810676783937, 1.7234758367825025, 1.714531964655912, 1.7138610502240665, 1.7118308280070753, 1.7005276246892713, 1.6877423104448754, 1.6711187665772533, 1.6774778879107433, 1.67178600477823, 1.6502456467640012, 1.631697968346486, 1.6296350166358595, 1.6295142791060782, 1.6189148180831108, 1.6142719743940643, 1.6159092196695297, 1.6089162817355023, 1.588380479710975, 1.5699733112902576, 1.5603150554888983, 1.5425305529359512, 1.529859246664146, 1.5278341420348822, 1.5265518021832318, 1.5127504406757952, 1.5102007895194236, 1.5083472057917615, 1.4927233305055991, 1.5088724627774035, 1.497608801941159, 1.4749742577957135, 1.478627919393173, 1.47589373863705, 1.4587171690005067, 1.4424765042017853, 1.4388466092676142, 1.4326472350700679, 1.4270883495881839, 1.4332898788793598, 1.4100543334331437, 1.4023074325054545, 1.4273002907671999, 1.3983470093128627, 1.3838635184385515, 1.3790388085594405, 1.3821862669819878, 1.3795643156382311, 1.3730294582080247, 1.3717802818990517, 1.3621656017862207, 1.3415723411482188, 1.3328086869471827, 1.3247140921856606, 1.3226323156347406, 1.322890750951268, 1.3188615503591103, 1.3069990729865888, 1.2954556569468403, 1.2817311259667323, 1.2777882520151438, 1.291384088536945, 1.2769104403762628, 1.3022212251753345, 1.2748105389856499, 1.2536010973049359, 1.2448521330711615, 1.2430076739129838, 1.248484155279378, 1.2385959506978694, 1.2261580746654523, 1.256311275872876, 1.2279899169547568, 1.2235719021725036, 1.2221787633845245, 1.203404065627232, 1.1910439263135735, 1.1764214412223568, 1.1644004657789764, 1.1513173244077861, 1.1450967444449243, 1.1398512772364124, 1.1222122306996072, 1.1111555452672, 1.099625838301937, 1.0927332934572225, 1.084420070571434, 1.0813737358889572, 1.067296812797083, 1.071340788542599, 1.072273687888453, 1.054172624871458, 1.0537185094786812, 1.0544761648545478, 1.0514368883332252, 1.0539311643190166, 1.0458554204731372, 1.0559615217663212, 1.0563398184753268, 1.0292296882077392, 1.0241096635473306, 1.0286019819148662, 1.0236813503457713, 1.0201609230242417, 1.0217856450080316, 1.0064933419344957, 0.9987841556744667, 0.9958506723240914, 0.9887347500870198, 1.010480540781209, 0.9898181174111311, 0.9676072098763235, 0.9636287658966128, 0.9644212462382644, 0.9665860104170031, 0.9587601182539867, 0.9642562269468025, 0.9462134293786661, 0.947803875597426, 0.9456664411533522, 0.942096315109763, 0.9372188205276358, 0.9483412840364014, 0.9336527011208408, 0.9186926871362215, 0.9163379857391466, 0.9161013020995942, 0.9172528470635475, 0.9171543824438673, 0.9089936510617964, 0.9396316423646114, 0.9087300651227754, 0.8917465363951823, 0.8828944014557144, 0.8810432253293123, 0.8808245823563761, 0.8716238207466737, 0.8623548458838648, 0.871544431551963, 0.8581885574765808, 0.8488674124907578, 0.8398852707956883, 0.8551075151314447, 0.8326852255323602, 0.8235536136360825, 0.8241924174450928, 0.8251230782096659, 0.8198920487832219, 0.8208039589810632, 0.8263469013174327, 0.8110459285334021, 0.7991221094778307, 0.7937846418817873, 0.8105815573330838, 0.7990806213883472, 0.7885608998343833, 0.7832111655377725, 0.776208741756304, 0.7791252145609373, 0.773079601674165, 0.7766319310859613, 0.7615628010667368, 0.76928203438253, 0.7623072622683644, 0.7556072017794424, 0.7573552886532168, 0.7622986039645986, 0.7518462375847383, 0.7373120717387521, 0.7353082487538329, 0.7376961562367166, 0.7286070933960647, 0.7225244951994556, 0.7098300032027007, 0.7068275882009757, 0.7073827113086134, 0.715178237122841, 0.7060509571945202, 0.6925369722534631, 0.6870349765289826, 0.6874807434510262, 0.6937665153624888, 0.6793698384536982, 0.6671187459043433, 0.6690493996623259, 0.6667203692688852, 0.6678404989148055, 0.6731133313037766, 0.6542349128070375, 0.6477562929417409, 0.648368794338591, 0.6470727020455554, 0.6484127364550708, 0.6471695800849969, 0.636762059473893, 0.6368294673404217, 0.6351982818446843, 0.6326039335649918, 0.6462294591528275, 0.6338107533117476, 0.63608909586372, 0.6238230477178488, 0.6143824666076595, 0.6142099409095014, 0.616220976253268, 0.6185565175536291, 0.6081346269232182, 0.5960546870983299, 0.5908198840833465, 0.5874121054879773, 0.5855130086903728, 0.5834021214917109, 0.5672504777066416, 0.5617691383371983, 0.5527371856099507, 0.5555765577935796, 0.5499963031084071, 0.5447741422120458, 0.5310845236472947, 0.5250634862005769, 0.5115397870392844, 0.5019165235874203, 0.4909049762007389, 0.48504791240314993, 0.48861828863167167, 0.48479966113449435, 0.47814939157163444, 0.46561669639709746, 0.45399177133016466, 0.44396907513336625, 0.44003644341079184, 0.4322892934487359, 0.43168793377361864, 0.43065950432736155, 0.42349977895907986, 0.4287823052548887, 0.4110636662422881, 0.4016687992212995, 0.3948373353499277, 0.40189612761862326, 0.3941318374371008, 0.3927827582041943, 0.39510041887824277, 0.38391429567780166, 0.38332999143666, 0.38163379403311243, 0.38537955563526344, 0.3771518308367918, 0.3682298031713883, 0.36208781894440123, 0.36394158856099124, 0.3618558946858772, 0.3621504220261468, 0.3613795991004313, 0.3541645876202544, 0.3559758389177603, 0.3552460672049077, 0.3554969915416466, 0.3536298145335072, 0.35732582534790247, 0.34936656353726525, 0.3474486248164671, 0.3455839002173622, 0.3432731311464904, 0.3433363654572883, 0.34604007436800865, 0.33942301599745106, 0.33543195650647456, 0.3323842096550852, 0.33338738658804445, 0.33386148645272595, 0.32724168397989983, 0.3242169468373542, 0.3241419919608643, 0.32447146614275346, 0.3217819633827229, 0.31862513976706736, 0.318306886588403, 0.3219146978239146, 0.3128677006359203, 0.3074122316473902, 0.30438828368227083, 0.30299639950642887, 0.30318811758845055, 0.3015195659493718, 0.3024387101010375, 0.2961913323551294, 0.2915103661098485, 0.2884363237182823, 0.283716794606096, 0.2796233480267216, 0.2753926194173182, 0.27095843865861735, 0.2672483293859381, 0.26355636764291945, 0.25983972848822146, 0.25661382879122185, 0.2529971898810274, 0.25071132800508467, 0.25010210193635996, 0.25186546726707726, 0.2451334086441087, 0.24031212805335844, 0.23576422569615307, 0.23149125942826654, 0.22797417635567507, 0.22531157436698412, 0.22397609797539286, 0.22525113511751593, 0.22504817986053305, 0.22129747238464603, 0.21845179836615358, 0.21467112358641516, 0.21344204709987613, 0.21242496649009412, 0.21236427801756796, 0.21419603716797586, 0.21193510900676316, 0.2089112429461275, 0.20390109252646293, 0.2009540657808313, 0.19790206208173733, 0.19662295663885665, 0.20002274984282542, 0.1956888273883718, 0.1970410287771741, 0.1969639325964535, 0.19157008894651817, 0.1882571889925183, 0.1869915966093828, 0.1871837909475489, 0.18639358626923452, 0.18354726752291384, 0.18208489401089012, 0.1817456393380279, 0.18080713225430234, 0.179752558563275, 0.18005317373906593, 0.18343288837470773, 0.1762729422002648, 0.17425122408059912, 0.172540895466743, 0.1736665102881607, 0.17295075379909908, 0.171371113234559, 0.17167419080027757, 0.17480887010924107, 0.17340618061287316, 0.16838175638424935, 0.16588605588194594, 0.16750813548215127, 0.1645432591228645, 0.16160298260098016, 0.16047221760349795, 0.1560811117655847, 0.15253531294457878, 0.1501886513062921, 0.14756148409538872, 0.14709020719181065, 0.1469735861010656, 0.14702478536140529, 0.1469146441525404, 0.146744160650076, 0.14539268413919193, 0.14157120955515978, 0.1384043566698553, 0.13515961109004448, 0.132425678223266, 0.12923031387915418, 0.12787825448732315, 0.12629012039199494, 0.1271990574621129, 0.12708626872354511, 0.1252406026233629, 0.12548208705370734, 0.12175570400688929, 0.11932120857558925, 0.1175102193736588, 0.11644798972604187, 0.11906537398775519, 0.11792490719132842, 0.11495444246021591, 0.11351212124375953, 0.11492992087431009, 0.11156482532586787, 0.11105395374877935, 0.10908243557689457, 0.10717219056579996, 0.10846554972134292, 0.10643883694606049, 0.10585075110068132, 0.10692780472265329, 0.10594292671350558, 0.10270728056742218, 0.10295247904630433, 0.10355379040562362, 0.10055718432567184, 0.09984435020017357, 0.09939808591704169, 0.10027851620328676, 0.09830920899947226, 0.10017167780843694, 0.09803414438321101, 0.09758792160234164, 0.09340483885152384, 0.09198047990649583, 0.09077426817725265, 0.0915417736047004, 0.09150308100633886, 0.09157293350022433, 0.090966376746617, 0.09314853028694414, 0.09234883466898325, 0.08848584772202295, 0.08924307251117858, 0.08833438190488563, 0.08690301122523458, 0.08800735400109172, 0.0885722610868368, 0.08567858468534162, 0.08461702139116767, 0.08511204691672658, 0.08366967097263867, 0.08292859846508127, 0.08047927402404309, 0.08048593479416766, 0.08156503741963039, 0.07876114394033162, 0.07722575708984858, 0.0774625299335725, 0.07784542429172014, 0.07626316679416134, 0.07950937357966403, 0.07649556544185376, 0.07445064318536043, 0.07690702525951343, 0.07488584807927834, 0.0751201765991506, 0.07299409051070027, 0.07300876603034157, 0.074018808961264, 0.07278108162651176, 0.07280894302301055, 0.0712129386648005, 0.07145117333487805, 0.07152130418632419, 0.07017659418216493, 0.07246378333403403, 0.07078107627414387, 0.06896548740068997, 0.06962881715690683, 0.06883364114042967, 0.06931102365109776, 0.06897874467343623, 0.06901802975073679, 0.0682635474972646, 0.06802030924584446, 0.06794288526531511, 0.0675990007228291, 0.06746118935264633, 0.06811184722292529, 0.06671421366186858, 0.06637675394968012, 0.06641535937721466, 0.06518848298159796, 0.06423291350633853, 0.06343759651125525, 0.0634162154010317, 0.06353785691926184, 0.06307526488545268, 0.06314311159713804, 0.06362942650431047, 0.06347006879674089, 0.061998084289051736, 0.061354426393639416, 0.06096843295929433, 0.060130508508997926, 0.060276317096486176, 0.059944091723582504, 0.06007348889079167, 0.05996156179018919, 0.059337093723116574, 0.058664919545985184, 0.05892935398021615, 0.058812575641328135, 0.05820571020970866, 0.05779118640116476, 0.0578393366946387, 0.05808053915163214, 0.05690810693281645, 0.05663838568819346, 0.05637108358155152, 0.05613533872391696, 0.05615822671617254, 0.055713520703092434, 0.0555892174289635, 0.05598725114451175, 0.054914712282883915, 0.05427730135700903, 0.05397348449462913, 0.05460611481965483, 0.05405114151896939, 0.0538987542450271, 0.05358580571603, 0.052806416181215954, 0.052652824174565294, 0.052631236757309185, 0.05279346523390538, 0.05247462973570194, 0.051924626318446854, 0.05169885883518277, 0.051941882282128704, 0.051706608113642916, 0.051712971230865046, 0.05166729772687273, 0.05166803797887909, 0.05217812799878507, 0.05096893991141671, 0.05100177342086798, 0.05098091871932253, 0.05090953723140523, 0.0513094139685728, 0.05033596715775612, 0.050644610179005456, 0.050247841585612796, 0.049606047033226575, 0.04914612138790786, 0.04891102914198564, 0.0484854664123513, 0.049020317335800034, 0.04829663855950661, 0.04830047527983128, 0.04817517380102909, 0.04768508633798729, 0.04731780507943917, 0.0480081429358733, 0.04754705710788676, 0.04685547595321282, 0.04684828473945535, 0.047106678352233256, 0.046611669516415044, 0.04647633741573032, 0.046805020721898516, 0.046185338641603346, 0.04559392543227703, 0.04545852598973443, 0.04559477313577032, 0.04563508142289763, 0.045306406006144884, 0.044851280714174435, 0.04497681885023064, 0.044824583759729864, 0.04489257098066257, 0.04491993503693581, 0.04459185463911364, 0.04464969047045042, 0.044621026064661895, 0.04450245729286462, 0.04449733171278869, 0.04458582282503021, 0.04440202564541862, 0.04397993789914978, 0.04393730269398588, 0.04397355950322257, 0.043659152123541434, 0.043530509005853646, 0.04347691686975963, 0.043371086202610876, 0.04337363175745812, 0.04343747720929125, 0.04307298413081706, 0.04284913342854546, 0.04266640360238727, 0.04260182018127645, 0.04258225080858968, 0.04234388706213921, 0.04204562009578705, 0.04178429265934491, 0.04154261234744805, 0.041334679632346716, 0.04119006159491956, 0.04103318429965752, 0.041101553531465274, 0.04099185267513561, 0.04103585371465457, 0.04100225501045485, 0.04075308502518815, 0.040638787928980014, 0.04053045473317207, 0.04046318267945481, 0.04034453348419498, 0.040081430552430186, 0.03996554811754982, 0.03979900694118388, 0.03963124719629585, 0.039496361223766874, 0.039591228493194186, 0.03954711913467168, 0.039478013035679105, 0.03962821397056393, 0.03924499637463896, 0.039156691253398046, 0.03919387909150396, 0.03911542750625818, 0.03912190212059086, 0.03921827165256453, 0.039072162777955666, 0.039117320297925806, 0.03883183242342392, 0.03868574245617007, 0.038733942544191935, 0.038635838321006255, 0.038453063549426014, 0.03836454454161542, 0.03853610142797592, 0.038373232091153064, 0.03824633193600313, 0.03810435507774135, 0.038309402969680995, 0.03816840387141385, 0.03794502844692327, 0.037865243028191053, 0.03780322506989775, 0.037841185889030404, 0.03784956025766828, 0.03790307797984516, 0.03767640229183211, 0.03748704144156778, 0.037397173940692086, 0.037362438023881506, 0.03742201782655796, 0.0373566011827392, 0.037460763452754176, 0.03755862936121446, 0.03731729038530218, 0.03704449649719943, 0.036971504687458356, 0.03701979097322783, 0.0369336283103785, 0.03678957935717675, 0.03668549468998272, 0.03662429566270853, 0.036600576389295814, 0.03667395353386094, 0.036407166601005514, 0.03624111750843939, 0.03611838186718308, 0.03616139934581153, 0.03606625876644698, 0.03600576218012941, 0.03589114756897127, 0.03585033800561166, 0.035859516543744197, 0.035865329338295004, 0.035842126730624035, 0.03588024555364577, 0.03597029280290809, 0.03567150821270859, 0.03573813909354573, 0.03566859861929217, 0.035588342503748205, 0.03564343987709939, 0.03564650109665346, 0.03556373297581361, 0.035554548460502655, 0.035446618048282974, 0.03539807084886526, 0.035189105939970156, 0.03513596256236129, 0.035161192614618475, 0.0351037669117239, 0.03503139849444936, 0.03506795422239872, 0.03502651170338489, 0.034950601415501104, 0.034970091137517034, 0.034933127278702125, 0.03495063677893817, 0.03502097249446501, 0.034836801199837786, 0.03479467673158054, 0.034765303166733985, 0.03475267490854217, 0.034877914189728854, 0.034823634981096085, 0.034693856607454165, 0.03483624795170004, 0.03464149239643677, 0.03458876907980002, 0.0346601153839885, 0.03445163833865916, 0.03443143532643944, 0.03440249433457543, 0.03428714117171239, 0.034306512292599955, 0.03430608252010625, 0.034334931021862025, 0.03436380437426767, 0.03418011412910005, 0.03418601197200122, 0.034171885244301814, 0.03415058718540542, 0.0341688398945037, 0.034222332250711696, 0.03414791962663977, 0.034161214164438514, 0.034123334378106884, 0.0341165304798553, 0.034185316014051725, 0.03400651068024363, 0.03394932963189101, 0.03393783561864849, 0.033948677819290785, 0.03396595819626713, 0.03392950782114823, 0.03388947802835396, 0.03385717440129066, 0.03381012192940691, 0.033779957538489835, 0.03372984383918909, 0.03369944942940928, 0.03369029058068329, 0.033669289067418395, 0.033619502807502255, 0.03359752453724296, 0.03362748381109104, 0.033578242755967214, 0.03354779971173827, 0.03351332260350737, 0.03354695428321863, 0.03352783050076302, 0.033487671619251036, 0.03346923604800356, 0.03343085424613801, 0.03349958953973553, 0.033426847321314956, 0.033380865320336794, 0.033359988564145904, 0.033346652682680666, 0.03333803280157166, 0.03335651948010976, 0.03336700001865378, 0.033284553044634624, 0.03327286016563369, 0.03326109660304499, 0.03325539898177576, 0.033256435926373284, 0.033246137038958956, 0.03322620944327259, 0.033194690246500236, 0.03319722310387152, 0.03319275960622603, 0.03317914252520493, 0.03317233390423058, 0.033218122198367284, 0.03312694128909721, 0.033100960876936814, 0.03308690365451594, 0.03308606011746906, 0.03306479121534289, 0.03304986190665837, 0.03305725398177006, 0.033051240019201567, 0.03299975349659112, 0.03298739598196665, 0.03295922200639434, 0.032955160471664136, 0.03296154213731495, 0.032967883186487024, 0.03298215445493424, 0.03297007551580822, 0.032959419225085274, 0.0329119829372333, 0.032890466701538945, 0.032870203133790854, 0.03287285849106891, 0.03289011777509809, 0.032840483747232696, 0.03281733896470085, 0.03281195976568374, 0.03277242256570512, 0.03276216657465936, 0.03275350991755288, 0.03273453541653726, 0.032710360389605175, 0.032711120770866575, 0.032691488815528635, 0.03268997630089798, 0.03270369477045465, 0.03269834417931694, 0.032672511619238453, 0.03265718721582345, 0.03265881141474003, 0.03266167761081773, 0.032648244364261725, 0.03266133934887505, 0.0326172249441018, 0.03261590347694576, 0.03260884376819517, 0.03258135714073185, 0.0326050792827185, 0.032601850839568236, 0.03257172205556025, 0.03257745847205995, 0.0325393140947281, 0.03253672202582103, 0.03252923948201125, 0.03250309396022533, 0.03247542387648383, 0.03248692585499002, 0.032477878948656835, 0.03247856549936723, 0.03247352486996513, 0.03246568134893357, 0.032439779310764916, 0.03241607166746463, 0.03240827674363789, 0.032427205438285145, 0.03242415533915732, 0.03238432207779962, 0.03236867103051477, 0.0323951220628973, 0.03236457217205346, 0.03235947622675983, 0.032366600173640236, 0.03237887694943775, 0.032347798162111085, 0.03235907938291904, 0.03235279091285348, 0.03234648241430138, 0.03234717509519314, 0.03234850282141355, 0.032356437732365406, 0.03234387807646888, 0.032338793944279964, 0.03233283909219731, 0.03233520560510761, 0.03233234183077027, 0.032334142486073914, 0.032332556297376636, 0.032334069510750796, 0.03233662164605078, 0.03232679693642215, 0.03232407889271105, 0.032322863474493424, 0.032324655695451954, 0.03232652838154382, 0.032321531827428696, 0.03232228730253428, 0.032318006915244224, 0.03231324405980551, 0.03230762234920381, 0.03230274667778965, 0.03229761969917322, 0.03229597142694485, 0.032290834462440854, 0.03229300207882346, 0.03229067310279243, 0.032287655062423926, 0.032284050659846075, 0.03228048633777003, 0.032276987703725224, 0.03227545098905671, 0.03227086479799646, 0.03226858041154779, 0.03226597614085047, 0.032260396900193444, 0.0322572351134236, 0.03225405597250741, 0.03225044312320935, 0.03224786898886978, 0.032250746083056225, 0.03224584870429548, 0.03224207705815474, 0.03224173331166591, 0.03224236002887637, 0.03223819248028392, 0.03223794848453976, 0.03224024333444253, 0.03223295744569299, 0.03223379625908884, 0.03223257364812193, 0.03222750539123498, 0.032223070652517394, 0.03222163984578874, 0.03222019011488919, 0.032220200096306106, 0.032222598099298616, 0.03222182315244326, 0.0322153391806822, 0.03221310606250516, 0.03221026176582953, 0.03220786397586428, 0.03220289212271388, 0.03220312048683238, 0.03220339016465479, 0.032198427899976845, 0.03219504130728468, 0.03219194848448326, 0.03218806366458715, 0.03218457127330754, 0.03218372515048673, 0.03218509841724271, 0.0321797354969634, 0.03217675222706029, 0.03217456825820253, 0.03216996245751247, 0.03216743668331867, 0.03216666721114214, 0.032168024400577755, 0.03216194018465868, 0.032159119060949926, 0.032158597762859675, 0.032159548219611866, 0.0321588436219129, 0.032157697750460956, 0.032153838640432975, 0.03215131014848749, 0.03214776495307847, 0.032145744601729365, 0.03214333047220075, 0.03214043676163714, 0.03214141579436569, 0.032141744050323884, 0.03213931860795993, 0.032139081454505836, 0.03213524826115155, 0.032132644320399306, 0.03213350543272697, 0.0321325697514343, 0.03213054949053196, 0.032128642848112454, 0.03212587547613699, 0.03212633683088295, 0.03212544702745079, 0.03212496152734734, 0.03212240854386006, 0.03212010754802863, 0.03211907319844132, 0.03211507511717826, 0.03211368616261889, 0.03211190128379293, 0.03211016485880758, 0.032107892867658805, 0.03210873701775985, 0.032108614987553796, 0.03210867366304593, 0.03210943671995692, 0.03210460983192054, 0.032102940874183084, 0.032103612040955465, 0.03210371023174419, 0.032102396353001716, 0.032103758179412356, 0.032099940196720356, 0.03209720914696346, 0.032095304116977474, 0.032093950835994534, 0.03209322801141157, 0.03209286298664138, 0.03209102589195334, 0.032089154433230904, 0.03208881554375398, 0.03208977850243577, 0.03208692082027531, 0.03208640915044281, 0.032092471819411994, 0.032087172107752915, 0.03208307279948985, 0.032080516825062855, 0.0320803194447884, 0.032079748743913505, 0.03207985835447391, 0.032078902352579264, 0.032077345330174256, 0.03207711957812753, 0.03207852502021025, 0.03207531911094419, 0.032073448884855305, 0.032072956149606924, 0.03207478991705914, 0.0320721685906179, 0.032072595003148074, 0.032069786376588305, 0.03206725968037705, 0.03206740461053348, 0.03206795555522035, 0.03206732076031915, 0.03206723662233635, 0.03206517708477208, 0.03206433630819239, 0.032063293640015034, 0.03206323138621936, 0.032062123192950875, 0.03206093015818934, 0.032058806885378766, 0.03205725020270844, 0.03205747600330655, 0.03205662852134339, 0.032054429727794265, 0.03205371059218998, 0.03205452024472899, 0.032053439462535804, 0.032054299298516664, 0.03205121508042774, 0.03205155541351934, 0.03205183326957761, 0.032050070148012644, 0.032049375559631055, 0.03204978922642576, 0.03204935091818106, 0.03204720899505609, 0.03204617828725087, 0.032045020132747015, 0.03204543464454379, 0.032046101494185075, 0.03204465521413502, 0.032045645144069046, 0.03204606916160779, 0.032044570793315574, 0.03204243323087108, 0.03204273647179434, 0.032042863252415676, 0.03204128118866778, 0.032043234029405454, 0.03204140507978992, 0.0320397773357991, 0.032038973839059515, 0.03203929564329033, 0.03203972208756156, 0.03203873805202506, 0.03203830221627457, 0.03203655385827475, 0.0320378996253704, 0.032036820493112406, 0.032036752281344616, 0.03203685426909997, 0.03203563021881062, 0.032035521595637606, 0.03203536601539425, 0.03203651291350018, 0.03203713156575483, 0.03203476310271525, 0.032034824460100086, 0.03203462635643384, 0.03203444170929404, 0.0320347929604653, 0.032033829973899475, 0.03203328623749957, 0.03203309344426619, 0.03203286731433741, 0.03203251855026079, 0.03203255073460931, 0.03203268123327563, 0.03203178631249837, 0.03203128859927018, 0.03203098817325567, 0.03203077950626876, 0.03203070049203405, 0.032030862252605874, 0.03203108366807672, 0.03203113225085619, 0.03203055009461486, 0.03203051990154093, 0.03202960805276289, 0.03202924421893827, 0.03202931386105545, 0.032029231105630274, 0.032028830058038804, 0.032028370515614135, 0.032028235165724395, 0.03202816100537098, 0.0320277548674921, 0.032027298822739025, 0.032026902406815494, 0.032027009726620204, 0.032027240975139204, 0.032026276379345076, 0.03202594925461466, 0.03202569407094935, 0.0320257505026712, 0.03202571331203963, 0.032025618559188174, 0.03202577051260325, 0.03202541154757932, 0.03202573526094732, 0.03202519685145344, 0.03202463685830215, 0.032024228617568484, 0.032023832209396086, 0.03202352764956229, 0.03202333088917231, 0.032023453688879266, 0.03202346020017499, 0.03202269365580246, 0.03202220615065732, 0.03202190033086105, 0.032021632852220705, 0.03202160581927849, 0.032021618314251765, 0.0320215315363962, 0.03202161593142627, 0.03202158910699604, 0.032021372180858654, 0.032020933159133236, 0.03202082667405981, 0.032020274283302674, 0.03201996398228657, 0.032020033835693185, 0.03202001424757195, 0.03201998179065624, 0.032020116929489695, 0.03201986899510734, 0.03201970539333632, 0.03201942974518612, 0.03201919139748499, 0.03201937254886067, 0.032019462979973046, 0.03201878065108188, 0.03201881751645086, 0.032018844414169134, 0.032018733512004904, 0.032018725628363054, 0.032018768458904834, 0.03201879849098177, 0.03201847430524407, 0.03201878822533688, 0.032018164024406714, 0.032018168149872794, 0.03201802818888466, 0.032017737324643414, 0.032017683981987344, 0.03201730725123686, 0.03201747170267011, 0.032017398532581676, 0.03201740864792113, 0.03201726466611021, 0.0320170358333256, 0.032016923535119424, 0.03201670774535448, 0.03201663866983451, 0.03201671333525602, 0.03201630552474033, 0.03201618304836196, 0.032016047286750005, 0.032015991511157416, 0.03201618265827677, 0.03201624555841931, 0.032015716068500955, 0.03201579249339925, 0.032015699384769225, 0.03201571635927403, 0.03201583009406994, 0.03201558144740513, 0.03201579744327432, 0.03201581607445103, 0.03201528346824334, 0.03201518070467979, 0.03201522478745411, 0.03201523911505, 0.032014988213237894, 0.03201499086483517, 0.032014881818328234, 0.0320148025002428, 0.03201525490574031, 0.03201486484025162, 0.03201467224290799, 0.03201454323285802, 0.032014471137760236, 0.032014496308541696, 0.032014603145618326, 0.03201443390932768, 0.03201422186970082, 0.03201400286783218, 0.03201426706936272, 0.0320140401712431, 0.032014006698159014, 0.032013835788857525, 0.032014023565199, 0.03201392450797025, 0.03201377580898268, 0.03201385397800405, 0.03201363662502643, 0.03201389443951941, 0.032013824938406765, 0.032013614337801144, 0.03201349560550393, 0.03201351630192506, 0.03201349127926756, 0.032013476782065786] 

Smallest VQE eingenvalue optimizer final message:
{   'aux_operators_evaluated': None,
    'cost_function_evals': 1352,
    'eigenvalue': 0.032013476782065786,
    'optimal_circuit': <qiskit.circuit.library.n_local.real_amplitudes.RealAmplitudes object at 0x0000020413E7BF50>,
    'optimal_parameters': {   ParameterVectorElement(θ[3]): -1.5707329030963357,
                              ParameterVectorElement(θ[2]): -1.6012343774839384,
                              ParameterVectorElement(θ[1]): -2.405445979991872,
                              ParameterVectorElement(θ[0]): 0.0003246002237215562,
                              ParameterVectorElement(θ[4]): 0.0018889853014824333,
                              ParameterVectorElement(θ[5]): 1.9744203787762098,
                              ParameterVectorElement(θ[6]): -1.486043083667253,
                              ParameterVectorElement(θ[7]): -1.5691159094284879},
    'optimal_point': array([ 3.24600224e-04, -2.40544598e+00, -1.60123438e+00, -1.57073290e+00,
        1.88898530e-03,  1.97442038e+00, -1.48604308e+00, -1.56911591e+00]),
    'optimal_value': 0.032013476782065786,
    'optimizer_evals': None,
    'optimizer_result': <qiskit_algorithms.optimizers.optimizer.OptimizerResult object at 0x0000020413D6FE00>,
    'optimizer_time': 3.562502384185791}
     ┌──────────┐ ░                 ░ ┌──────────┐
q_0: ┤ Ry(θ[0]) ├─░─────────────■───░─┤ Ry(θ[4]) ├
     ├──────────┤ ░           ┌─┴─┐ ░ ├──────────┤
q_1: ┤ Ry(θ[1]) ├─░────────■──┤ X ├─░─┤ Ry(θ[5]) ├
     ├──────────┤ ░      ┌─┴─┐└───┘ ░ ├──────────┤
q_2: ┤ Ry(θ[2]) ├─░───■──┤ X ├──────░─┤ Ry(θ[6]) ├
     ├──────────┤ ░ ┌─┴─┐└───┘      ░ ├──────────┤
q_3: ┤ Ry(θ[3]) ├─░─┤ X ├───────────░─┤ Ry(θ[7]) ├
     └──────────┘ ░ └───┘           ░ └──────────┘
The number of ansatz parameters is: 
 8
Line for latex table
RA r1 rl & $1\mathrm{e}{-04}$ & 96/100 &2301 & $3.2013\mathrm{e}{-02}$ & $3.3668\mathrm{e}{-06}$ & $3.2074\mathrm{e}{-02}$ & $6.3721\mathrm{e}{-05}$ & - & 00h 11m 40s\\

