RA_r1_rl
01m24s__283
1e-03
0.9506386786277049
0.9506452930234962
0.9065652232443809
0.9506853652738982
0.906599455955258
0.9506534926200367
0.9506363630358322
0.9506451963746478
0.9065894223689264
0.9065926505628907
0.9506432662051081
0.9508827680214187
0.9065745475835574
0.9506866382728948
0.906577903068949
0.9067210756548332
0.9506547431981687
0.9506364387525156
0.9068532863346959
0.9065796334179475
0.9068469020165244
0.9065674791565393
0.9506835120447683
0.9506651397912536
0.9506974879568729
0.9065823994060351
0.9066461676134745
0.9506698784160512
0.9509914838198379
0.9506592666902599
0.9065643377443948
0.9506841509794018
0.9065753580689213
0.9506471751591508
0.9065635928791178
0.9065786443324473
0.9065613385399324
0.9067099714406085
0.906565779591436
0.9507429514823981
0.9065606391660027
0.9506449963299534
0.9077054575008842
0.9065659013509066
0.9507119745363032
0.950652947257497
0.9065644096207361
0.9067316549664767
0.9065856610644601
0.9065637934770594
0.9506377878825242
0.9066131756908183
0.9065641308678244
0.9065918631510799
0.9065636059550782
0.906563330856637
0.9506789600481798
0.950645890813731
0.9508144641415296
0.9065899818161649
0.9065779364788832
0.9506380161927102
0.9067366372011384
0.9506938743892129
0.9510697261987335
0.9506585154284752
0.9066236275571112
0.906568390146242
0.9065628233040484
0.9506787040988076
0.950640366416989
0.9506796045794743
0.9506395235242588
0.906571601721226
0.9506375592227847
0.9065628193773604
0.9065810113183258
0.9506465975436202
0.9065640123897504
0.9507039420398531
0.9506699692326789
0.9506451003526322
0.9506779432367575
0.9507318596101447
0.9507038885803283
0.9065723224949619
0.9507492150726669
0.9507254007324207
0.9066117181044858
0.9065853989217043
0.9506619666355497
0.9065911857226585
0.9065628478370578
0.9506603145346778
0.9065801297215671
0.9065839045143
0.9506666113876658
0.9065630970482137
0.9506411708912335
0.9506408764744005
