RA_r1_rl
07h01m50s__154
1e-06
800.5764807647089
477.9988623447183
204.3592671926943
224.56276093296734
-66.21972679741299
301.42293361781276
258.7684294278566
1010.6518658324626
392.74637977727326
877.9027476361007
462.0472491248787
753.360785654662
85.89506007081968
434.6823659028082
230.37768363069318
490.91636713840296
842.4084875279254
648.6050425319434
357.49168039625306
1075.0022245531807
431.56244725702453
1070.1651947694857
607.8338993553658
193.22059373601041
1405.597965861726
713.7197866397389
17.205203439293996
56.898179919505
811.7202145821082
507.2397687406588
72.07038515576633
1025.5673533175827
122.38853310791657
774.7425677632889
288.72566288888925
164.01635943890966
704.4150874640255
178.63122529385242
137.30583777712104
2088.125414503929
412.1602506971129
539.047630888775
1255.2075956635404
1987.7881364334323
730.3613175826929
890.4860000705504
360.31064141561376
78.90603715692785
339.3523660506643
1333.9990009974488
196.99620736170698
423.94849903026267
521.9518887488653
711.0171228572665
372.03710885055904
50.376953892792244
272.55568848185476
412.91004303605774
629.4987386140053
223.53442084372008
415.36063407321393
307.58143462046235
407.5057764879891
480.1770199030929
675.3742677593639
1602.3393166849482
274.92849766422734
790.6784655755185
680.3927751340286
819.9315996255509
389.95604889287614
996.5672245489795
419.16734981353545
1038.3280111276677
2044.8407732610924
1331.8746635437424
1468.3767709367762
246.96417137346717
112.54111026352258
242.52628420344558
1035.3327932369757
519.3980903358001
198.47111100209844
72.60205297728905
232.58112525692988
141.3400872586758
670.919553834915
1079.8344357780684
782.2866727299728
927.6307935065472
631.0300153131991
311.37414220093586
1717.9124564437634
378.22668306823465
541.2274074813578
1470.1514401291636
350.6792409475441
1255.1465057066562
452.2913499434225
543.5196733955455
