800.5764807647089 143.73334693633856
477.9988623447183 140.61453160522314
204.3592671926943 103.80780464595045
224.56276093296734 136.5460521560256
-66.21972679741299 128.36535992116245
301.42293361781276 141.6207421877549
258.7684294278566 149.66394214636412
1010.6518658324626 156.58576733334476
392.74637977727326 136.47450557247885
877.9027476361007 144.50315675209245
462.0472491248787 129.57071815887272
753.360785654662 147.73855925774197
85.89506007081968 131.96980024649804
434.6823659028082 130.17074417603766
230.37768363069318 133.70840256819199
490.91636713840296 157.90778010228598
842.4084875279254 142.85055181707227
648.6050425319434 154.51352499009684
357.49168039625306 146.65208571942787
1075.0022245531807 154.49933520928775
431.56244725702453 144.03647581740714
1070.1651947694857 157.84886796863074
607.8338993553658 149.26005175290524
193.22059373601041 125.79549821409768
1405.597965861726 169.43830116551382
713.7197866397389 158.6154871261015
17.205203439293996 151.76108340562843
56.898179919505 109.92090748943427
811.7202145821082 143.85412004394888
507.2397687406588 160.63506861621138
72.07038515576633 132.34039223245907
1025.5673533175827 160.82675848818974
122.38853310791657 137.47050744243697
774.7425677632889 152.04388734796024
288.72566288888925 146.10536218720767
164.01635943890966 145.71539446267928
704.4150874640255 164.4465952289846
178.63122529385242 152.9416679739465
137.30583777712104 146.45961107922096
2088.125414503929 163.73484653413496
412.1602506971129 152.3967968127156
539.047630888775 140.84284462906817
1255.2075956635404 168.96238213017403
1987.7881364334323 167.58569342946709
730.3613175826929 156.79954969548695
890.4860000705504 155.5570445481456
360.31064141561376 151.71527432483285
78.90603715692785 145.5824564591732
339.3523660506643 159.21208188155646
1333.9990009974488 135.2509966189558
196.99620736170698 145.0697771658335
423.94849903026267 125.92572436378566
521.9518887488653 142.7203954627673
711.0171228572665 133.76361194863395
372.03710885055904 138.02185381812916
50.376953892792244 128.24491410883027
272.55568848185476 159.30206491556254
412.91004303605774 142.65996651535298
629.4987386140053 144.86242038356616
223.53442084372008 114.27090144385406
415.36063407321393 156.69787645218932
307.58143462046235 159.0971754082668
407.5057764879891 137.35088549923822
480.1770199030929 167.86158545385186
675.3742677593639 151.64097057382833
1602.3393166849482 170.38785564812844
274.92849766422734 143.14840900308675
790.6784655755185 157.35284008837098
680.3927751340286 167.29909875039138
819.9315996255509 153.2763419651867
389.95604889287614 160.34861099824607
996.5672245489795 153.45024907501747
419.16734981353545 139.05414585634543
1038.3280111276677 160.4646882698009
2044.8407732610924 164.8475102583791
1331.8746635437424 155.03659875191585
1468.3767709367762 165.86566705104963
246.96417137346717 154.1055107114995
112.54111026352258 128.85548065844887
242.52628420344558 144.62829487561845
1035.3327932369757 162.2497914944081
519.3980903358001 157.8479932455662
198.47111100209844 150.1648259491143
72.60205297728905 143.39075648910628
232.58112525692988 145.52408531939295
141.3400872586758 140.51132791809763
670.919553834915 143.81777392155854
1079.8344357780684 154.4185363263417
782.2866727299728 153.4824645763749
927.6307935065472 167.62458192426433
631.0300153131991 156.0602913743797
311.37414220093586 159.24865420936732
1717.9124564437634 171.915031759953
378.22668306823465 171.01875947591853
541.2274074813578 155.57582739419226
1470.1514401291636 143.73190619119708
350.6792409475441 153.7600260440073
1255.1465057066562 161.37707652464647
452.2913499434225 166.52964391018455
543.5196733955455 133.22793267484596
