With Shot Noise
03/11/2024 05:26:04 

VQEr_100_shots_10000_COBYLA_maxIter_10000_tol_1e-06_RA_r1_rl 

Reference value: 6.1822393761e-06 

Number of pauli strings:  270
Qubits:  6
VQE runs:  100
Optimizer:  COBYLA
Max iterations:  10000
Optimizers's tolerance:  1e-06
Ansatz:  RA_r1_rl 

All run converged!!!
Number of iterations for each converged VQE run:
[167, 169, 153, 132, 165, 168, 148, 150, 154, 164, 151, 158, 161, 154, 157, 154, 155, 169, 142, 145, 155, 173, 151, 177, 140, 151, 156, 146, 142, 158, 160, 146, 160, 152, 171, 164, 153, 152, 165, 130, 155, 146, 163, 152, 154, 154, 159, 148, 136, 130, 152, 169, 161, 153, 157, 139, 161, 156, 150, 165, 159, 155, 174, 167, 148, 173, 153, 148, 149, 164, 158, 145, 143, 155, 146, 149, 148, 140, 159, 175, 160, 147, 143, 158, 153, 163, 153, 161, 148, 137, 153, 157, 155, 161, 145, 157, 159, 132, 159, 156] 

Average iterations of converged run:
154 

VQE eigenvalues:
[800.5764807647089, 477.9988623447183, 204.3592671926943, 224.56276093296734, -66.21972679741299, 301.42293361781276, 258.7684294278566, 1010.6518658324626, 392.74637977727326, 877.9027476361007, 462.0472491248787, 753.360785654662, 85.89506007081968, 434.6823659028082, 230.37768363069318, 490.91636713840296, 842.4084875279254, 648.6050425319434, 357.49168039625306, 1075.0022245531807, 431.56244725702453, 1070.1651947694857, 607.8338993553658, 193.22059373601041, 1405.597965861726, 713.7197866397389, 17.205203439293996, 56.898179919505, 811.7202145821082, 507.2397687406588, 72.07038515576633, 1025.5673533175827, 122.38853310791657, 774.7425677632889, 288.72566288888925, 164.01635943890966, 704.4150874640255, 178.63122529385242, 137.30583777712104, 2088.125414503929, 412.1602506971129, 539.047630888775, 1255.2075956635404, 1987.7881364334323, 730.3613175826929, 890.4860000705504, 360.31064141561376, 78.90603715692785, 339.3523660506643, 1333.9990009974488, 196.99620736170698, 423.94849903026267, 521.9518887488653, 711.0171228572665, 372.03710885055904, 50.376953892792244, 272.55568848185476, 412.91004303605774, 629.4987386140053, 223.53442084372008, 415.36063407321393, 307.58143462046235, 407.5057764879891, 480.1770199030929, 675.3742677593639, 1602.3393166849482, 274.92849766422734, 790.6784655755185, 680.3927751340286, 819.9315996255509, 389.95604889287614, 996.5672245489795, 419.16734981353545, 1038.3280111276677, 2044.8407732610924, 1331.8746635437424, 1468.3767709367762, 246.96417137346717, 112.54111026352258, 242.52628420344558, 1035.3327932369757, 519.3980903358001, 198.47111100209844, 72.60205297728905, 232.58112525692988, 141.3400872586758, 670.919553834915, 1079.8344357780684, 782.2866727299728, 927.6307935065472, 631.0300153131991, 311.37414220093586, 1717.9124564437634, 378.22668306823465, 541.2274074813578, 1470.1514401291636, 350.6792409475441, 1255.1465057066562, 452.2913499434225, 543.5196733955455] 

VQE eigenvalues standard deviation:
[143.73334693633856, 140.61453160522314, 103.80780464595045, 136.5460521560256, 128.36535992116245, 141.6207421877549, 149.66394214636412, 156.58576733334476, 136.47450557247885, 144.50315675209245, 129.57071815887272, 147.73855925774197, 131.96980024649804, 130.17074417603766, 133.70840256819199, 157.90778010228598, 142.85055181707227, 154.51352499009684, 146.65208571942787, 154.49933520928775, 144.03647581740714, 157.84886796863074, 149.26005175290524, 125.79549821409768, 169.43830116551382, 158.6154871261015, 151.76108340562843, 109.92090748943427, 143.85412004394888, 160.63506861621138, 132.34039223245907, 160.82675848818974, 137.47050744243697, 152.04388734796024, 146.10536218720767, 145.71539446267928, 164.4465952289846, 152.9416679739465, 146.45961107922096, 163.73484653413496, 152.3967968127156, 140.84284462906817, 168.96238213017403, 167.58569342946709, 156.79954969548695, 155.5570445481456, 151.71527432483285, 145.5824564591732, 159.21208188155646, 135.2509966189558, 145.0697771658335, 125.92572436378566, 142.7203954627673, 133.76361194863395, 138.02185381812916, 128.24491410883027, 159.30206491556254, 142.65996651535298, 144.86242038356616, 114.27090144385406, 156.69787645218932, 159.0971754082668, 137.35088549923822, 167.86158545385186, 151.64097057382833, 170.38785564812844, 143.14840900308675, 157.35284008837098, 167.29909875039138, 153.2763419651867, 160.34861099824607, 153.45024907501747, 139.05414585634543, 160.4646882698009, 164.8475102583791, 155.03659875191585, 165.86566705104963, 154.1055107114995, 128.85548065844887, 144.62829487561845, 162.2497914944081, 157.8479932455662, 150.1648259491143, 143.39075648910628, 145.52408531939295, 140.51132791809763, 143.81777392155854, 154.4185363263417, 153.4824645763749, 167.62458192426433, 156.0602913743797, 159.24865420936732, 171.915031759953, 171.01875947591853, 155.57582739419226, 143.73190619119708, 153.7600260440073, 161.37707652464647, 166.52964391018455, 133.22793267484596] 

Median VQE eigenvalues:
479.0879411239056 

Min eigenvalue after 100 VQE steps on Aer qasm simulator: -6.62197e+01
Delta from reference energy value is -6.62197e+01 

Optimizer history of the smallest VQE eigenvalue:
[3697.6953907640514, 10449.914219438015, 7903.6112297616855, 2732.6583918504507, 2945.725766832477, 1502.5433502890949, 1851.3210531295517, 1830.459211211835, 4824.202113228433, 3407.1754104352344, 3913.69229933651, 3097.567639125498, 1788.115708444409, 1034.3385395383325, 903.0982868352394, 1097.018920453325, 1618.4719612870504, 1120.6163424576857, 411.5344248604249, 352.7804221845243, 419.04290293529584, 107.89338911169749, -24.503523852498006, 208.437222269489, 173.64791976850003, 307.7504562177629, 337.1463998575066, 219.30093121994528, 137.96524113540664, 264.3666730670887, 314.7961732338217, 228.717134328342, 99.73289483772314, 207.08095986003715, 289.66235954581407, 149.4797798315882, -32.762864501917676, 0.7083995304407722, 69.36663964474803, 81.76120336764421, 92.96497401198238, 117.79085153963871, -11.748495965249603, 92.18985325847548, 73.71487807888805, 208.56728596057945, -1.808205486211591, -2.3795952990355147, 198.20321886847128, 113.93876179667186, 62.21648555064921, -32.371163617285234, 166.42866412038308, 210.7801762234955, 50.42441651703179, 297.34006633554435, 14.840470082767439, 165.76935325218125, 211.95141916930882, -37.15456233976312, 124.158913514386, 172.24563471156063, 117.10679428225936, 80.42445394783589, 59.95246999839577, 209.40838281549384, 161.26309168759326, 102.427172371486, 193.9829468371784, 286.2611865570498, 343.44242047850287, 231.66479990117196, -43.4823313639958, 301.69171026656073, 231.75820259564017, 284.3883305405815, 157.19695014579418, 190.46323323262862, 0.8811568638282168, -6.797186035969858, 182.71381403398092, 34.77251975270612, -12.038572839069431, 159.27636258495707, 221.9587320873887, 19.686616299400526, 103.13465658945172, 222.2668986843408, 263.2859976487599, -51.89751723863756, 345.21217058899606, 206.46109707026247, 188.13639483828538, 187.3831869855543, 137.70581176231738, 122.4155688573849, 80.01481693144692, 267.436332298018, 20.582105063728235, 5.565014220795, 235.42558090791934, 103.56225870926778, 200.98863667407275, -100.9344128717529, 117.59784596446063, 412.6653513086905, 171.17272314373398, 113.59037105262263, 154.5606816433462, 311.17806865915975, 170.37996747841328, 296.89348881393266, 212.52312350798098, -125.21893740753427, 92.12548473979697, 117.04666606808154, 147.44173343020339, 131.68494757834412, 260.0953596064863, 323.7417360655245, 167.8894789091891, 34.162739116367376, 301.62554458194234, 302.9522869558275, 88.53896946731932, 34.23423285695018, 195.49538850532224, 163.71232238265281, 45.45050990825981, 1.7683745783892277, 145.68140434761366, 151.53295021057232, 216.17318718344154, 116.93340128929175, 127.74269780953581, 228.24108062882908, 158.8297491558616, 117.39130413950107, 177.8847439727171, -29.346837924968654, 311.28046095123256, -57.14199424304459, 333.69631850252, 172.51973995008586, 168.96879556332834, 225.27269684574003, 48.84901358768755, -11.670769975379713, 47.884290648601564, 61.14754166923437, 226.82529551418133, 130.2000469005869, 112.16460740471652, 71.35486865823245, 84.76455746434394, 137.29490116639096, 64.16152534746422, 144.66217614933316, 147.00165905480122, 198.16781566860607, 216.48112713958866, 85.59892303221358, 217.89519633238802, 29.875333638182767, -66.21972679741299] 

Optimizer history of the smallest VQE eigenvalue standard deviation:
[173.9599660563898, 178.16158389881977, 170.2266443806541, 168.98240125236754, 165.81885150549178, 155.33748332545724, 155.0608612761253, 155.9189102116826, 164.58121739536693, 162.47957858718888, 153.16105806285876, 168.6805147756745, 155.48216947248372, 139.37208233334147, 130.26813106487452, 132.31143312643266, 142.37374929349704, 137.84621605391015, 120.45680696175451, 126.0571964791929, 129.86889787176412, 119.47281515191317, 126.68644851851754, 123.23795790163153, 126.39464623080018, 127.57721465838992, 136.594273134773, 124.69434096096124, 132.79686809052808, 131.20003600876245, 137.70486601100228, 125.57486609774377, 127.32270749978056, 123.76431310574549, 127.4442848251822, 128.93182874315704, 128.0383560483683, 127.73963856794208, 127.91649848695387, 127.12487902547892, 128.2362283887456, 132.20040038438543, 129.3240449148812, 128.10605099050503, 127.5052318783946, 127.98802644486817, 128.19531046396136, 128.0272695528471, 126.53078885272937, 128.4603595121864, 127.66367490879797, 127.49984703798613, 128.42206315122266, 128.75698100250185, 127.73218325890639, 128.14733153711828, 128.2455282384618, 127.88882713109692, 128.17383025904613, 127.7450994842056, 127.67625998731376, 128.17464547991867, 127.8773446066338, 127.92229189500263, 128.35529364939123, 128.801480245991, 128.17022906627676, 128.88964898144593, 127.95600974529808, 128.177367924221, 128.5012328162684, 128.01064449887565, 128.42056154554234, 128.75959757355514, 126.97021721099351, 128.30580713101764, 128.3507579537799, 128.88964494209054, 127.48197983597174, 128.23997066657932, 128.72795290611342, 127.98707501605206, 127.42765449936749, 128.16653372352988, 127.86054761952371, 127.77400286749351, 127.75796213093628, 128.44310489446792, 128.4733622809457, 127.20959935411555, 128.65532922969592, 127.95981409037672, 127.65927155826137, 128.51534682984064, 127.98102736820917, 128.08432028669304, 128.25399163948947, 128.14812934252203, 128.3113937741958, 128.04063410990113, 128.19517278478457, 128.32351614046425, 128.4293276591677, 127.95318785372835, 128.3210143349909, 128.08553502422794, 127.92262599536896, 128.0235062552078, 127.91670758976277, 127.98249482992784, 128.2666170547906, 128.60926859409471, 128.57570116979159, 128.01569032379854, 128.35769974664845, 128.16130242135605, 127.97067466849417, 127.99964683882287, 127.9964187703551, 127.9642426738133, 127.77786075814998, 127.73382997847133, 128.22823775843312, 128.22624120616447, 128.06064303695157, 127.84899534548236, 127.75816346055946, 128.22484139153684, 127.85006577905378, 127.85186927254101, 128.90846460973407, 128.37579505497195, 127.96403280326814, 128.34100160188638, 128.39894321263807, 128.48041193673305, 128.00742469050942, 128.14368785907143, 128.39384296151684, 127.91282600265592, 128.70949080406845, 127.59140606358486, 127.76960449515965, 127.90203138149099, 127.84358537790747, 128.21989265060998, 127.60910053143157, 128.2435517326109, 128.43971392834217, 128.3503331927535, 128.0468781076064, 127.30969047992758, 128.62796059362444, 127.57862820460215, 128.5955547461501, 127.93216886790503, 127.94004251917713, 128.40791952759, 128.46104889620722, 128.1757588590291, 127.22537319015497, 127.93161928732133, 128.13135607299705, 128.06861301302308, 128.36535992116245] 

Smallest VQE eingenvalue optimizer final message:
{   'aux_operators_evaluated': None,
    'cost_function_evals': 165,
    'eigenvalue': -66.21972679741299,
    'optimal_circuit': <qiskit.circuit.library.n_local.real_amplitudes.RealAmplitudes object at 0x00000122192D3440>,
    'optimal_parameters': {   ParameterVectorElement(θ[8]): 1.1241651606584488,
                              ParameterVectorElement(θ[9]): 0.7595368099855615,
                              ParameterVectorElement(θ[5]): -2.4203360033184422,
                              ParameterVectorElement(θ[10]): 2.6194551706936746,
                              ParameterVectorElement(θ[4]): 2.493699815010153,
                              ParameterVectorElement(θ[11]): -0.4515213448114193,
                              ParameterVectorElement(θ[1]): -0.3699250408780673,
                              ParameterVectorElement(θ[2]): -0.25971827471542125,
                              ParameterVectorElement(θ[3]): -0.017677616926120104,
                              ParameterVectorElement(θ[0]): -3.269052712497149,
                              ParameterVectorElement(θ[6]): 0.17914854915415712,
                              ParameterVectorElement(θ[7]): 1.9628315068598439},
    'optimal_point': array([-3.26905271, -0.36992504, -0.25971827, -0.01767762,  2.49369982,
       -2.420336  ,  0.17914855,  1.96283151,  1.12416516,  0.75953681,
        2.61945517, -0.45152134]),
    'optimal_value': -66.21972679741299,
    'optimizer_evals': None,
    'optimizer_result': <qiskit_algorithms.optimizers.optimizer.OptimizerResult object at 0x00000122192D2C60>,
    'optimizer_time': 267.7916634082794}
     ┌──────────┐ ░                           ░  ┌──────────┐
q_0: ┤ Ry(θ[0]) ├─░───────────────────────■───░──┤ Ry(θ[6]) ├
     ├──────────┤ ░                     ┌─┴─┐ ░  ├──────────┤
q_1: ┤ Ry(θ[1]) ├─░──────────────────■──┤ X ├─░──┤ Ry(θ[7]) ├
     ├──────────┤ ░                ┌─┴─┐└───┘ ░  ├──────────┤
q_2: ┤ Ry(θ[2]) ├─░─────────────■──┤ X ├──────░──┤ Ry(θ[8]) ├
     ├──────────┤ ░           ┌─┴─┐└───┘      ░  ├──────────┤
q_3: ┤ Ry(θ[3]) ├─░────────■──┤ X ├───────────░──┤ Ry(θ[9]) ├
     ├──────────┤ ░      ┌─┴─┐└───┘           ░ ┌┴──────────┤
q_4: ┤ Ry(θ[4]) ├─░───■──┤ X ├────────────────░─┤ Ry(θ[10]) ├
     ├──────────┤ ░ ┌─┴─┐└───┘                ░ ├───────────┤
q_5: ┤ Ry(θ[5]) ├─░─┤ X ├─────────────────────░─┤ Ry(θ[11]) ├
     └──────────┘ ░ └───┘                     ░ └───────────┘
The number of ansatz parameters is: 
 12
Line for latex table
RA r1 rl & $1\mathrm{e}{-06}$ & 10000 & 100/100 &154 & $-6.622\mathrm{e}{+01}$ & $1.2837\mathrm{e}{+02}$ & $-6.622\mathrm{e}{+01}$ & $4.7909\mathrm{e}{+02}$ & $4.7909\mathrm{e}{+02}$ & - & 07h 01m 50s\\

