RA_r1_rl
37m21s__69
1e-03
5.959129858368522
6.957486689690047
15.674638081237063
27.89025651170474
10.711427837750165
20.178867515989626
19.618580927231783
7.261994285406331
27.842229756329896
2.21677209563618
7.690939233734567
25.60625416692572
3.745611597358342
10.25931716919273
17.75228287614162
43.03562114995063
13.139937168234022
17.301634874155248
18.656524576802298
15.155074023711418
7.6217227858700625
4.197011605756462
5.94886297356288
5.219137758178565
2.8585699987725253
7.019148494119486
6.128839021097362
6.549918266063862
21.047332661560233
12.169052257259699
7.599132133255868
15.965675178252386
4.285064301393199
24.67526302433517
5.625745466031248
24.056618227617314
22.824266999333027
18.660181976661885
5.5879641034889715
1.9283359491888206
23.82057910184577
10.945523871034684
17.146892291818133
8.306446178356795
9.568413223393666
8.929681481343755
16.81522427886385
7.305544589892328
18.25224992081218
23.231012359452706
6.90616799890898
21.929575721462644
9.931462398800356
18.333514269368848
12.094978226524113
21.09218063120721
19.727660624464885
13.799933995628082
4.831025985139461
3.371643929479319
23.9492368939902
4.560012563635494
14.423405700582883
7.5836991843071715
4.511974157054063
16.06055781670168
8.043297551587486
16.47484028721612
5.2925156676632685
10.787601188972348
12.128258777057752
10.816739169539549
8.905852275074274
6.476923897029231
7.063305775427971
3.5747006708644946
4.45463490732681
6.234337453737142
20.270863323288488
11.659913717279371
17.229963413965105
2.300564069038808
21.33196978554638
3.948684187447639
1.2683546333180225
2.9552467308093657
11.887669402747967
3.237252378033787
8.063642617554322
7.574217501060726
7.002512498735839
3.6124109464587146
1.3839715581112308
8.380060254325198
4.015155859147413
8.997105267323771
10.565425068809763
13.862597060883393
7.106930384806503
7.321063660194483
