5.959129858368522 1.3000428676604106
6.957486689690047 1.3733651155936744
15.674638081237063 1.447871364208711
27.89025651170474 1.3550343833357872
10.711427837750165 1.5060258579558357
20.178867515989626 1.3961096241241098
19.618580927231783 1.4911448890274286
7.261994285406331 1.2771527528086593
27.842229756329896 1.4943998834099885
2.21677209563618 1.2400788608539395
7.690939233734567 1.1954972916488904
25.60625416692572 1.131227624285194
3.745611597358342 1.025142843437503
10.25931716919273 1.5414137546832272
17.75228287614162 1.3519217746038048
43.03562114995063 1.5693491526815382
13.139937168234022 1.1524613222448883
17.301634874155248 1.367363353849179
18.656524576802298 1.36019118996365
15.155074023711418 1.408485729398237
7.6217227858700625 1.0732631705348916
4.197011605756462 1.4375766033757194
5.94886297356288 1.3443522157981747
5.219137758178565 1.4142766174531771
2.8585699987725253 1.212448443639145
7.019148494119486 1.002852008134397
6.128839021097362 1.3916008751771292
6.549918266063862 1.4447758857910327
21.047332661560233 1.4204038309017737
12.169052257259699 1.3326482346161839
7.599132133255868 1.4927881403435646
15.965675178252386 1.085937255873139
4.285064301393199 1.3103720490908342
24.67526302433517 1.4546141272283304
5.625745466031248 1.3873883676238323
24.056618227617314 1.444771779816125
22.824266999333027 1.5168616705816036
18.660181976661885 1.423515363019383
5.5879641034889715 1.3905810537380967
1.9283359491888206 1.256259208150761
23.82057910184577 1.4555282421938134
10.945523871034684 1.0856200204390722
17.146892291818133 1.4393036412356597
8.306446178356795 1.3612978899014085
9.568413223393666 1.071882714282605
8.929681481343755 1.3806083221904228
16.81522427886385 1.4616115310431148
7.305544589892328 1.4828087058942616
18.25224992081218 1.464988613757324
23.231012359452706 1.4626299638297742
6.90616799890898 1.3398262847297409
21.929575721462644 1.2063034057278044
9.931462398800356 1.4195168360267867
18.333514269368848 1.4910617310776906
12.094978226524113 1.468896078537572
21.09218063120721 1.469919561058525
19.727660624464885 1.165886010573368
13.799933995628082 1.414367550558349
4.831025985139461 1.2914124876915098
3.371643929479319 1.3751270265071374
23.9492368939902 1.5493614645382054
4.560012563635494 1.37722188069523
14.423405700582883 1.2680683057569881
7.5836991843071715 1.2595881851674444
4.511974157054063 1.248432924267681
16.06055781670168 1.3870930312012892
8.043297551587486 1.33388574052315
16.47484028721612 1.4190777498351497
5.2925156676632685 1.4019890058342872
10.787601188972348 1.527593438001699
12.128258777057752 1.3954625456251026
10.816739169539549 1.2979019543114207
8.905852275074274 1.3285004670368752
6.476923897029231 1.2541550450741246
7.063305775427971 1.3999903192635965
3.5747006708644946 1.3506466590360682
4.45463490732681 1.3841337594287826
6.234337453737142 1.3906465029887614
20.270863323288488 1.46801613891106
11.659913717279371 1.3954740302566175
17.229963413965105 1.516471220691359
2.300564069038808 1.091503300156219
21.33196978554638 1.5277939819702613
3.948684187447639 1.1736721278376439
1.2683546333180225 1.1273273703464433
2.9552467308093657 1.4585465386242706
11.887669402747967 1.4986491812895513
3.237252378033787 1.3028903619351309
8.063642617554322 1.3269274222945515
7.574217501060726 1.3482431592469213
7.002512498735839 1.1061422867366155
3.6124109464587146 1.2042474802420668
1.3839715581112308 1.3438806090050541
8.380060254325198 1.3218789208703856
4.015155859147413 0.9791526504234612
8.997105267323771 1.1317643814798168
10.565425068809763 1.4738906012611133
13.862597060883393 1.4546922908971263
7.106930384806503 1.3964464370560836
7.321063660194483 1.4686670155301604
