RA_r1_rl
01h25m20s__64
1e-02
199.06472572250394
85.319056513853
54.53980135140054
169.83957034566916
106.30152523574091
13.15361035363118
56.79453138055163
38.048478254344914
45.71297577108033
104.16427970422295
25.489925804649232
92.7819304861299
57.69016799669802
-16.86509467489111
48.46844063554555
33.51391869267681
83.6998184773102
32.982553828889934
108.26012481037365
-9.057793394492734
117.06215687032909
37.71486409391298
42.64271576381489
16.926682188536432
162.7936734027147
67.05082473146729
64.8206890252126
40.78187747086693
47.21850019656881
28.375019420536574
99.70499214669877
81.74336808612136
74.0675670193586
210.12698080539394
39.393998651500226
62.79940308964099
76.33588881571323
52.52572555254676
241.88925747260254
38.962482171315656
55.7719307124714
28.881558839755172
7.364828699737046
126.29112174165047
94.40376370673803
1.8849213412722108
61.02487901329464
90.23371862447013
213.2288526887589
113.21715676816194
25.245315199594682
46.223081924159004
151.1849932798378
92.25728288708291
37.343621839277034
37.157821044053925
125.85052851095276
79.56044943446567
31.057904803400987
68.29322981137364
104.96439493208574
34.96214841732086
49.36765048864588
222.06642022117816
-8.625895795975712
141.9465854235741
2.859305318893544
41.470933495153446
50.782958611437785
-10.668243664104807
76.59027893458749
46.079947519682946
57.39960475614302
43.92316860704091
56.904600073139335
36.691406223094745
13.772972118612863
114.61189316041475
49.87161829758935
43.51281395689645
133.87317625207473
86.87766020595076
97.53809319171724
52.88212855864825
44.82210098232892
26.87166304352064
37.88507224371132
55.65234095743122
35.85644964774538
95.49682049347746
81.97972624039741
189.92350685576994
115.81901547241674
40.16644968559028
41.01192492028055
24.70690730971473
12.336838238593188
26.674842311787046
56.690290629677506
21.696989567741802
