199.06472572250394 16.290484520666617
85.319056513853 17.721307595455748
54.53980135140054 15.394717230345199
169.83957034566916 15.854169298381574
106.30152523574091 16.33014143111628
13.15361035363118 12.052060878736473
56.79453138055163 13.744023079559833
38.048478254344914 13.505281061411658
45.71297577108033 15.590743944700405
104.16427970422295 17.523725428421965
25.489925804649232 13.471712210725249
92.7819304861299 15.12424150529991
57.69016799669802 15.970635851991187
-16.86509467489111 15.872215802274768
48.46844063554555 14.748526842777204
33.51391869267681 15.11962125880819
83.6998184773102 16.823886779481064
32.982553828889934 14.660503551832456
108.26012481037365 15.285555333834852
-9.057793394492734 16.197347824719703
117.06215687032909 15.632057047080028
37.71486409391298 14.643086867603758
42.64271576381489 16.64478099526197
16.926682188536432 14.451341476391153
162.7936734027147 17.71657320153399
67.05082473146729 16.16272261101096
64.8206890252126 15.927343764494843
40.78187747086693 17.228484108019085
47.21850019656881 15.5384556885923
28.375019420536574 13.005687503720814
99.70499214669877 14.712772685784138
81.74336808612136 15.247093417980686
74.0675670193586 14.987771017876733
210.12698080539394 16.792672658394608
39.393998651500226 12.682515838872048
62.79940308964099 16.406180535809554
76.33588881571323 16.913009133953835
52.52572555254676 12.771053423158262
241.88925747260254 16.626894279957998
38.962482171315656 14.594291563780804
55.7719307124714 14.259102751204281
28.881558839755172 13.57252455041125
7.364828699737046 14.632486207110373
126.29112174165047 17.650746282905075
94.40376370673803 16.80310817321615
1.8849213412722108 15.335104447361472
61.02487901329464 14.907596523494433
90.23371862447013 13.381254585425808
213.2288526887589 17.765532930188908
113.21715676816194 16.20530296522829
25.245315199594682 16.397567434260644
46.223081924159004 15.657664155342584
151.1849932798378 15.7967418322617
92.25728288708291 16.735201354662788
37.343621839277034 16.35933501065044
37.157821044053925 14.787484007480453
125.85052851095276 15.690229574121009
79.56044943446567 16.144076092782942
31.057904803400987 15.701356284459113
68.29322981137364 17.898265191668663
104.96439493208574 16.449344964930877
34.96214841732086 14.088047108505794
49.36765048864588 12.41865371491771
222.06642022117816 17.381369086126348
-8.625895795975712 12.449298948400845
141.9465854235741 17.632155916061198
2.859305318893544 14.736236259738634
41.470933495153446 12.749974149204371
50.782958611437785 15.33613435528395
-10.668243664104807 13.53903831345267
76.59027893458749 16.327046481574907
46.079947519682946 11.282905298718363
57.39960475614302 14.211702937436337
43.92316860704091 16.286060166105173
56.904600073139335 15.065302440801586
36.691406223094745 15.037455811777859
13.772972118612863 13.081233047448626
114.61189316041475 16.46206283403753
49.87161829758935 14.417449871541214
43.51281395689645 11.610224281880786
133.87317625207473 17.52308971130836
86.87766020595076 16.5004467859137
97.53809319171724 16.484815548659544
52.88212855864825 13.814448419313534
44.82210098232892 15.202322986750705
26.87166304352064 15.213307842112698
37.88507224371132 15.687901553538238
55.65234095743122 16.007274916248342
35.85644964774538 15.650556486982243
95.49682049347746 15.92789039210188
81.97972624039741 16.9145961560793
189.92350685576994 17.289149464155436
115.81901547241674 16.46313332505035
40.16644968559028 14.489235931551926
41.01192492028055 14.808943263931852
24.70690730971473 15.140559400210831
12.336838238593188 13.084090364944982
26.674842311787046 14.34801146232096
56.690290629677506 14.417093763289405
21.696989567741802 13.525888234050127
