RA_r1_rl
11m13s__1992
1e-03
0.9297066491076964
0.9001799499647601
0.8958518581037935
0.9235522245570545
0.9348200552863735
1.0499942899073444
0.933893306824974
0.8965624623579831
0.8971141250903595
0.8975141187395802
0.9166035246531203
0.9034070827749953
1.0515810161943357
0.8979994346902399
0.9048106376587739
0.9208967338289872
0.9091405846224898
1.057010225428902
0.9023786600406061
0.9330914107499789
0.9060932277982888
0.8988336048213168
0.9053079660599425
0.8974242486808938
0.8964760873672422
0.9172751951377225
0.9188860029327168
1.012777459398434
0.9286306866429564
0.9162273011384632
0.9224729984861114
0.8960267653488734
0.928191637015258
0.9182936079550702
0.9230252754007628
0.9168550201110333
0.900258248985633
0.9234020594021728
0.8954787400039977
0.9215141972580742
0.9050362964664384
0.8998433272231393
0.897492757898638
0.89751852910561
0.8981756031937086
0.918121156349906
0.9236385487185168
0.9356411896611152
0.9232941151886674
0.9181784356399313
0.9113899622001205
0.9212185606885573
0.917015378056628
0.9566312418480467
0.9173595152409834
1.0508310908798861
0.8994756978938888
1.0329497646109649
0.9160332370083523
0.9213952358039363
0.9166375187216135
0.897725614153496
0.8964189902795999
0.9015415585402003
0.89597950672821
0.9187360256134106
0.8993522694369894
0.9446513584820937
1.059429044851916
0.9173551744006936
0.897814580330664
0.952183622844234
0.8990285030058354
0.9028247850522586
0.9203686930207986
0.9163678987904174
0.9186390150613644
0.9377089961858366
0.9193656373179263
0.9167921027965663
0.9219810890038926
0.9000523202128299
0.915299150928135
0.901286320070157
0.8971129819933394
0.9097208893432474
0.918117927624181
0.9210518430737091
0.9319755539167099
0.9468077142334009
0.9147906402263921
0.9165708119311355
0.9063983842664683
1.04374904756706
0.9170415970192336
0.9050099936824552
0.894616051575085
0.921993544325013
0.9154799605890876
1.0546716811735646
