No Shot Noise
31/10/2024 20:36:23 

VQEr_100_COBYLA_maxIter_10000_tol_1e-03_RA_r1_rl 

Reference value: 8.9163237056e-01 

Qubits:  6
VQE runs:  100
Optimizer:  COBYLA
Max iterations:  10000
Optimizers's tolerance:  1e-03
Ansatz:  RA_r1_rl 

All run converged!!!
Number of iterations for each converged VQE run:
[2742, 1808, 2482, 1447, 2049, 1011, 3087, 1189, 1660, 2751, 929, 1670, 548, 3530, 1525, 981, 4486, 870, 2288, 1633, 2509, 2107, 2447, 1722, 1485, 1162, 2487, 1994, 1626, 3974, 1333, 2131, 1352, 1990, 3203, 1001, 1273, 937, 892, 3533, 3295, 867, 1006, 1256, 2434, 2282, 2543, 4035, 3224, 1736, 1358, 1761, 762, 2576, 1350, 992, 4367, 2349, 1497, 1551, 3183, 1972, 4092, 3105, 1070, 860, 908, 2766, 511, 1023, 4090, 1962, 1639, 3050, 1575, 2623, 1520, 2600, 2651, 2987, 2068, 3672, 1059, 1227, 647, 2015, 1490, 1229, 3165, 1693, 993, 2344, 4048, 1724, 1498, 2864, 891, 1715, 841, 782] 

Average iterations of converged run:
1992 

VQE eigenvalues:
[0.9297066491076964, 0.9001799499647601, 0.8958518581037935, 0.9235522245570545, 0.9348200552863735, 1.0499942899073444, 0.933893306824974, 0.8965624623579831, 0.8971141250903595, 0.8975141187395802, 0.9166035246531203, 0.9034070827749953, 1.0515810161943357, 0.8979994346902399, 0.9048106376587739, 0.9208967338289872, 0.9091405846224898, 1.057010225428902, 0.9023786600406061, 0.9330914107499789, 0.9060932277982888, 0.8988336048213168, 0.9053079660599425, 0.8974242486808938, 0.8964760873672422, 0.9172751951377225, 0.9188860029327168, 1.012777459398434, 0.9286306866429564, 0.9162273011384632, 0.9224729984861114, 0.8960267653488734, 0.928191637015258, 0.9182936079550702, 0.9230252754007628, 0.9168550201110333, 0.900258248985633, 0.9234020594021728, 0.8954787400039977, 0.9215141972580742, 0.9050362964664384, 0.8998433272231393, 0.897492757898638, 0.89751852910561, 0.8981756031937086, 0.918121156349906, 0.9236385487185168, 0.9356411896611152, 0.9232941151886674, 0.9181784356399313, 0.9113899622001205, 0.9212185606885573, 0.917015378056628, 0.9566312418480467, 0.9173595152409834, 1.0508310908798861, 0.8994756978938888, 1.0329497646109649, 0.9160332370083523, 0.9213952358039363, 0.9166375187216135, 0.897725614153496, 0.8964189902795999, 0.9015415585402003, 0.89597950672821, 0.9187360256134106, 0.8993522694369894, 0.9446513584820937, 1.059429044851916, 0.9173551744006936, 0.897814580330664, 0.952183622844234, 0.8990285030058354, 0.9028247850522586, 0.9203686930207986, 0.9163678987904174, 0.9186390150613644, 0.9377089961858366, 0.9193656373179263, 0.9167921027965663, 0.9219810890038926, 0.9000523202128299, 0.915299150928135, 0.901286320070157, 0.8971129819933394, 0.9097208893432474, 0.918117927624181, 0.9210518430737091, 0.9319755539167099, 0.9468077142334009, 0.9147906402263921, 0.9165708119311355, 0.9063983842664683, 1.04374904756706, 0.9170415970192336, 0.9050099936824552, 0.894616051575085, 0.921993544325013, 0.9154799605890876, 1.0546716811735646] 

Median VQE eigenvalues:
0.9168235614537998 

Min eigenvalue after 100 VQE steps on Aer qasm simulator: 8.94616e-01
Delta from reference energy value is 2.98368e-03 

Optimizer history of the smallest VQE eigenvalue:
[284.6473229170989, 274.01860640119, 134.15638959040905, 131.79135732337434, 151.8375041709868, 111.79282995554398, 149.56357036378978, 93.12531408844275, 98.20487509741679, 85.62047848015143, 88.37572943002606, 111.8756000135821, 86.26162269648754, 66.48492147160232, 142.74480610456501, 64.99838068755557, 48.23803335724522, 136.67444451137732, 55.62248297813954, 102.68070258693363, 48.942188557145386, 55.0394225224048, 50.8076997042917, 59.29818634474066, 49.65073941624371, 27.93508890429106, 24.81274996867457, 24.800205797637677, 22.317173919994556, 22.691755261080477, 31.27971805457049, 22.14787934209552, 32.218986951396374, 26.833918157880987, 30.0830946020095, 22.954189199678183, 20.956266416881732, 20.988597575556717, 22.34524324595411, 25.05492913070452, 28.860641027885194, 23.490571991142268, 20.95395085476861, 20.27195053123058, 20.76242908637312, 21.789697363473408, 20.19803855901061, 22.767053559956118, 20.28635556092971, 22.581292271702353, 21.27550675325818, 21.63717789452849, 20.488677088674116, 20.58551285679535, 20.504355293235037, 20.26535334296057, 20.93632065918727, 20.199881247413128, 20.785839802849576, 20.079635227068415, 19.752909886369423, 19.563596066499905, 19.489805775821324, 19.59362124359323, 19.61654111466146, 19.341490366622562, 18.993404392529488, 18.904894954994873, 18.86755024799401, 19.00982915283258, 18.86900288571972, 18.810721041313336, 18.73348184736964, 18.7694852402718, 18.849294999329622, 18.685925240820982, 18.65129964721969, 18.712497842282893, 18.743853033381523, 18.622041846695932, 18.633077001089347, 18.790926210645498, 18.62211252494932, 18.62595716377848, 18.651598823798523, 18.46601371455322, 18.678481634091238, 18.65480994333301, 18.425344758097935, 18.37470775048157, 18.281316963136614, 18.099616702469373, 18.177177959920495, 18.082291088871056, 18.54661413872354, 18.03037379983221, 17.964840632307858, 17.880289738396954, 17.590399837027164, 17.44733140952697, 17.306451488420038, 17.338031504368512, 17.280814434515193, 17.360022346915493, 17.162986434094798, 17.25085145790081, 17.255655335175238, 16.958519604575113, 16.829428645074064, 16.724832008080075, 16.600455164691134, 16.572152731518365, 16.646045459043865, 16.58218299422668, 16.792488292216262, 16.58389762121602, 16.304244534876545, 16.209627604602073, 16.24490862245709, 16.032444196399585, 16.085626252796544, 16.082268108554448, 16.578369127897634, 15.962945754445338, 15.642679624181161, 15.487876204004715, 15.5106278237879, 15.538376177501084, 15.48538746491431, 15.463062688509046, 15.494177665594695, 15.648742022917789, 15.112176099810267, 15.360890604383364, 15.14376377205004, 14.983980998714571, 14.932109850935735, 14.91123752260506, 14.90320227520212, 15.02654273735737, 14.910808596492622, 14.5334271842628, 14.705368643407079, 14.545633295874552, 14.079840709074464, 13.89863785326501, 13.520349341609643, 13.248320126664618, 13.239877079999909, 13.295201467329957, 13.147640828580576, 12.916293074883251, 12.805447185264555, 12.882545597006423, 12.414132449140174, 11.878303110494427, 11.49981557101985, 11.40476378569394, 11.394951585719554, 11.000226301765737, 10.394170621862187, 10.05292850274992, 9.875766086512856, 9.835120772688553, 9.489710505425471, 9.385956896746684, 9.314573206495233, 8.882767469268261, 8.442677250022681, 7.846164484936247, 7.3044073568252035, 6.888040913505448, 6.465661977453372, 6.310972555830403, 6.070268771822867, 5.734917707834886, 5.663592856190205, 5.68872640141222, 5.713742615505479, 5.6317050614821005, 5.599447935922205, 5.574939280031672, 5.215820431153169, 4.8557203631411125, 4.629949537785455, 4.3342550910583775, 4.195248121050052, 4.199155826540804, 4.2142405966344, 4.039444030281614, 4.039567209257254, 4.080437758157821, 3.950611508624762, 3.851828791826917, 3.7775113464038963, 3.7240254193721087, 3.5534369180903145, 3.507803109536974, 3.5185650068306056, 3.3852824001067043, 3.2731638113551242, 3.270381615189764, 3.3640879267324926, 3.217937330366171, 3.186696880843228, 3.1409661314517447, 2.997180978862992, 3.039386660914576, 2.976666957922542, 2.9022279623949157, 2.8393244730667977, 2.7653896603917336, 2.9434270710297024, 2.7927403203445302, 2.7464872442361425, 2.776189357352477, 2.7857967696476384, 2.719205775753087, 2.662668816543634, 2.6496686764680004, 2.5417795246672945, 2.5267149806050533, 2.568730685928526, 2.485216060012216, 2.4480086508791925, 2.7149631726773973, 2.4600481400676077, 2.3257577767454927, 2.2380308086271183, 2.2692036308264147, 2.185729074927008, 2.199621044308226, 2.218769829265922, 2.2223935835823125, 2.095959950306437, 2.0766186645317135, 2.0356759599557654, 2.0452101633780964, 2.039697828316998, 1.9955610617847952, 2.0213956642216195, 1.955530534297016, 1.9800192370690124, 2.026537222522357, 1.8764004401302976, 1.8147189994095518, 1.7946313977780408, 1.7984445204754214, 1.8740685259456966, 1.8030849129677011, 1.806003668316831, 1.7821515427075687, 1.7408447710641735, 1.7166263425505037, 1.7671131162633527, 1.7133644008337112, 1.6495531637026541, 1.6793581524633796, 1.7302166299106227, 1.5702711475859423, 1.591849848669741, 1.6145674136256931, 1.5565421981154692, 1.581142092836824, 1.610599479647676, 1.5594629751094617, 1.583289354761267, 1.551446559462286, 1.4710061520636701, 1.4306664060811605, 1.5032424949956869, 1.4505523110256646, 1.4092290294867154, 1.40815557707615, 1.4698059148067701, 1.3332362058396534, 1.3461211600176253, 1.3617041472378406, 1.307591868449372, 1.309215013471137, 1.3356014619381782, 1.328129662508737, 1.2859756651480685, 1.3574595565852736, 1.2869597940220918, 1.3184623653442646, 1.269208505721288, 1.3208496294998051, 1.2731693336313212, 1.3216879814421032, 1.272206975064753, 1.2958198394969294, 1.2440748645922874, 1.2560159031167994, 1.2470336390518801, 1.2421791345867899, 1.2573003221297443, 1.2493726303633357, 1.2403388495993597, 1.2423344576165563, 1.1993621688185503, 1.220210157596814, 1.2074953125226655, 1.1822695177237075, 1.2288771152611655, 1.2065050322447095, 1.1585806621487253, 1.1483971328355143, 1.1467211390578371, 1.1575852049618305, 1.1540063520037391, 1.1399449734649432, 1.137502263497888, 1.1648930056905917, 1.1406355039001153, 1.119697434314455, 1.1209219747503023, 1.1302179004481496, 1.1189666067887873, 1.1131465262985203, 1.187194581644046, 1.1059151796965336, 1.0758668039572599, 1.083554399735113, 1.0816981235107346, 1.076771740868057, 1.08020484135912, 1.0805445113607102, 1.0989636956159967, 1.0675319167996256, 1.0756363436468923, 1.0678522758089126, 1.0617308219851762, 1.064886107945614, 1.063774772509661, 1.064610840171269, 1.0601024908777807, 1.0577643743044394, 1.0539829558786986, 1.0557302582953583, 1.0444989686549782, 1.0450754294893358, 1.050687785580658, 1.0417293763976323, 1.0333684545110402, 1.0395536319539254, 1.0317644064343412, 1.0334778888609533, 1.0278804728763224, 1.0322274173092356, 1.026877072532643, 1.0301471092108057, 1.0278780769652214, 1.0236987565333162, 1.024145756274231, 1.0232646330401773, 1.0220461088629325, 1.0257918134116033, 1.0179698200772644, 1.0137600390548487, 1.010435443440142, 1.0090886631905618, 1.007439686783266, 1.005247149278668, 0.9999722081933783, 0.9962928960680464, 0.9951183603174946, 0.995131049657104, 0.9946214314672772, 0.9949968376316944, 0.9920665906179328, 0.9931597288885666, 0.988705684883231, 0.9857879907283111, 0.9835897016213752, 0.9842701681121395, 0.9814636277460986, 0.9775916861809858, 0.9763281242636419, 0.973810904966467, 0.9727436924669103, 0.9735427279620119, 0.9726912698284018, 0.9733109193230298, 0.9728977263766059, 0.9746548879336764, 0.9707841028614057, 0.971041967155479, 0.9704500933707563, 0.9682113244405861, 0.9694459724076301, 0.9705816561966543, 0.9696789334153681, 0.9684489688411752, 0.964845628453442, 0.9653132470504541, 0.9665523581840849, 0.9621180071752591, 0.96302979556919, 0.9622961510263354, 0.9625956596134286, 0.9624077206478421, 0.9603315625063915, 0.9595754072165377, 0.9615035269148243, 0.9598201580909634, 0.9581796260122658, 0.9565417408558664, 0.955897448185538, 0.9568625515361273, 0.9593815034377328, 0.9567029264687551, 0.952800668587659, 0.9522926973521644, 0.9529035650058476, 0.9526175788731706, 0.9544897885165934, 0.9533585061516537, 0.9510271797783241, 0.9520173758329337, 0.9530123558596444, 0.9475293582138755, 0.9477064771365364, 0.9490551817059351, 0.9462140813203763, 0.9461706439829999, 0.9447868952934274, 0.9442062210874763, 0.9440389717144257, 0.9441592408978262, 0.9429564464135338, 0.9460681792986624, 0.9435477370131504, 0.9407034630019431, 0.9407649446516793, 0.9418999482933094, 0.9403596759734802, 0.9411227320109966, 0.9413672465601632, 0.9436137592463847, 0.9360509578088759, 0.9350241581094891, 0.935686183595673, 0.9356035751245231, 0.9350612822487306, 0.9348704436979296, 0.9358458482621829, 0.9368831000998009, 0.935747446264722, 0.9322839578923552, 0.9319875960399319, 0.9314389313119368, 0.9318305250949074, 0.9312201775521092, 0.9331559845132803, 0.9319376120773968, 0.9286109726823082, 0.9290766940090974, 0.9285512909914114, 0.9273177438293577, 0.9279859304465228, 0.9277473633001666, 0.9279133977884293, 0.9266056203609633, 0.9256451574864021, 0.927019977078297, 0.9254040159632946, 0.9246576598215738, 0.9255661653364126, 0.9267996006581628, 0.9249294165177281, 0.9234186764751338, 0.9235178998654663, 0.9252016628727648, 0.9230592571621034, 0.9209922782649924, 0.923220985082663, 0.9208605800937631, 0.924052183707077, 0.919371620127409, 0.921152230822179, 0.9191604999236165, 0.9208366275901807, 0.919280840120657, 0.9202520905379851, 0.9196482601012514, 0.9199202112877061, 0.918565337688284, 0.9182402484286659, 0.9185409350687863, 0.9183436398137145, 0.9183356277487854, 0.9188774630901523, 0.9178225983851601, 0.9180755075034062, 0.9177718683011757, 0.9164702355383044, 0.9161182904368931, 0.9160959713983922, 0.9163784712609628, 0.9156566192282386, 0.9151960963616721, 0.915108119142145, 0.915328611696938, 0.9158649925724047, 0.9152079788598543, 0.9146089840029167, 0.9151889551966746, 0.9147275197488143, 0.9145336158609834, 0.9143029485780743, 0.9144239007631166, 0.9143237471453424, 0.9147613883970729, 0.9149013514069358, 0.9134942485767436, 0.9135470304503606, 0.9134982266986622, 0.9134326308167732, 0.9136198826214735, 0.9135489021825103, 0.9138036825374354, 0.912898381104316, 0.9129695581298579, 0.9132824448852349, 0.9127631277125656, 0.9127815698585015, 0.9124890465251438, 0.9122757720030168, 0.9129854119607256, 0.9121830927227397, 0.9109302039313419, 0.9107189660462953, 0.9107276989937467, 0.9105188207901004, 0.9104489748477188, 0.9104355409438031, 0.9105612443553827, 0.9097125409501428, 0.9096786398374436, 0.9098917842861143, 0.908807495798076, 0.9082763410838414, 0.9084064204734854, 0.9080384561132185, 0.9078279087164174, 0.9085134616801045, 0.9077797587970817, 0.908081929691693, 0.90805401007779, 0.9078961723871382, 0.9073711187220826, 0.9076738195380748, 0.9073934720557861, 0.9069908324813405, 0.9081397522989172, 0.9071440019401037, 0.9067117746175724, 0.9064686559554962, 0.9061771487504527, 0.905969726552641, 0.9058714027115503, 0.9060304400695744, 0.9059076547113115, 0.9056189732227684, 0.9053216358470055, 0.9047878513768891, 0.904742181178282, 0.9049233270181039, 0.905621188286143, 0.9048037226784035, 0.9053997736630719, 0.9047531715448479, 0.9050725245729512, 0.90450582937003, 0.90428640976617, 0.9043093129132358, 0.9045812593297972, 0.904147365937938, 0.9040244316794172, 0.9044187410575073, 0.9041430216661732, 0.9036334535443777, 0.9034115114683439, 0.9034496595581495, 0.9033651517972661, 0.90325405844233, 0.9033476369094592, 0.9031447305503131, 0.9031627460544308, 0.9031845383746252, 0.903181537773183, 0.9032049285065744, 0.902956040926749, 0.90255210213803, 0.9023910188766123, 0.9024847916423558, 0.9024947702635231, 0.9022994379510161, 0.9023096669224971, 0.9023504499491045, 0.9024293886891689, 0.9024612862319398, 0.9023322452563992, 0.9023434660538261, 0.902254833262238, 0.9023355121873432, 0.9021739029954254, 0.9019436418156993, 0.9023102205755843, 0.9018625957280986, 0.901622600225944, 0.9015857971103526, 0.9015903066379285, 0.9015481094722535, 0.9015799767416267, 0.9015884619897458, 0.901561949992946, 0.9015045742763588, 0.9014881563956149, 0.9014894037156047, 0.9017617102802857, 0.9011585791658316, 0.9011848412162942, 0.9011443000806626, 0.9013240623983699, 0.90119887337228, 0.9009467294460546, 0.9009038686211568, 0.90096336537804, 0.9010452538079164, 0.9009942672742566, 0.9008887303549973, 0.9009396594044915, 0.9009852704310493, 0.9010933144610257, 0.9005355458268944, 0.9003880168990268, 0.9003949338324626, 0.9004629331066153, 0.900446868038894, 0.900391982555773, 0.9004548716182537, 0.9003672807013754, 0.9004465077674051, 0.9004027090839753, 0.9001501333085025, 0.900241559590843, 0.9002437686245223, 0.8999894856019489, 0.9001211830593503, 0.9000068094976935, 0.8998142601967268, 0.8997172800941642, 0.8997186315545804, 0.8996503035847803, 0.8997274419544509, 0.8995588462490869, 0.8996392201413119, 0.8994407749700871, 0.8992816580721714, 0.8991493006343317, 0.8992574110169523, 0.8991477813146015, 0.8989841430860201, 0.8991196420605563, 0.8989354074826689, 0.8990521267290442, 0.8989646042460957, 0.8989644252638453, 0.8989990450050146, 0.8988246618861023, 0.8990697780619348, 0.898828137780271, 0.8988115609805336, 0.8987968849569424, 0.8987101623820557, 0.8988854963999163, 0.8985354238194103, 0.898488678783331, 0.898641443914634, 0.8982487754457209, 0.89820039535668, 0.8982501476944533, 0.8982195255360764, 0.8982635650762518, 0.8983013621763242, 0.8981852996069205, 0.8980731817107671, 0.8979083168758761, 0.8979343930669286, 0.8979058301882596, 0.8978429962033471, 0.8980340686821062, 0.8978634701836113, 0.8977572569425966, 0.8976550417520266, 0.8977580647460924, 0.8976334074770735, 0.8975143568897437, 0.8975601124719012, 0.8976064580432574, 0.8975201718328724, 0.8975839129980075, 0.8973407646779801, 0.8973461720117144, 0.897356232782269, 0.8972831392871278, 0.8972832199373646, 0.8974103369556563, 0.8973103759468958, 0.8973059245768574, 0.8973080176869568, 0.8971675757955512, 0.8972071010795237, 0.8971452751077664, 0.8972925483846824, 0.8971990540185081, 0.8971343157626932, 0.8970630518552787, 0.8970717642110413, 0.897093892733596, 0.8970644506405963, 0.8970709648233148, 0.8970380267376626, 0.8970211240352826, 0.8969931017503032, 0.8969802459383007, 0.8970490208178538, 0.8968725044077398, 0.896872933980788, 0.8968544601561264, 0.8967939266553311, 0.896790961428813, 0.8967953844640362, 0.8967824270279584, 0.8968033158545599, 0.8967518606590971, 0.8967533822766868, 0.8966945111259419, 0.8966124699847915, 0.8965238782690396, 0.8964527523169652, 0.8963832967537604, 0.8963702348438544, 0.8963794045959668, 0.8963412349988614, 0.8963456492977548, 0.8963229859668959, 0.8962940764364034, 0.8962837704349442, 0.8962932102992786, 0.896273580885483, 0.8962158745650548, 0.8962017282818724, 0.8961865135716393, 0.8961462007384129, 0.896136783144757, 0.8961792677883634, 0.8961126655621208, 0.8961864713912697, 0.8961267176794, 0.8960291729876804, 0.895993406120617, 0.8959930452435786, 0.8959684303605232, 0.8959417705355894, 0.8959324816132571, 0.8959385380284479, 0.8959446909661991, 0.8959276972380673, 0.8958874622833458, 0.8958282627351727, 0.895906625256732, 0.8958372006551617, 0.8957636119596202, 0.8957517215540373, 0.8957547780011146, 0.8957988789261123, 0.8957643417348036, 0.8957533683421252, 0.895734396663272, 0.895684990561303, 0.8956573574645317, 0.8956119426687948, 0.8955889140095128, 0.8955668336126504, 0.8955664882470395, 0.8955463106827446, 0.8955241018338159, 0.8954768281097104, 0.8954610479494898, 0.8954192493086405, 0.8954135958774007, 0.8953999336747006, 0.895361861678229, 0.8953668637233761, 0.8953615487076065, 0.8953311356496524, 0.8953431195119697, 0.8953384730233276, 0.8953358614293702, 0.8953423217082143, 0.8953148051628164, 0.8954432304173947, 0.8953345585831696, 0.8952404736944993, 0.8952407106644992, 0.8952559164597298, 0.8952579195792428, 0.8952454767723859, 0.895222060914756, 0.8952407954091726, 0.8952142058021061, 0.8952324859236781, 0.8951643004327123, 0.8951331998191415, 0.8951046468062681, 0.8951143669195322, 0.8951114948232758, 0.8951155798474516, 0.89513238331358, 0.8950707065086049, 0.8950431910247156, 0.8950428648924347, 0.895042575781476, 0.8950458684830082, 0.8950502204804642, 0.8950724703564824, 0.8950767241115084, 0.8950359353654965, 0.895043339118421, 0.8949898384211346, 0.8949939892130693, 0.89501051333438, 0.894965126035793, 0.894956516242402, 0.8949627184719757, 0.8950186795958197, 0.8949752542154804, 0.8949276877800069, 0.8948891192266879, 0.8948922136617086, 0.8949018662969663, 0.8948867709252191, 0.894886173946081, 0.8949371920944382, 0.894883659506922, 0.8948797730017035, 0.8948656250673992, 0.8948553963701469, 0.894855794489047, 0.8948343492092451, 0.894913896387066, 0.8948592389576309, 0.8947888600937338, 0.8947762103144262, 0.8947842229149741, 0.8947863547196018, 0.8947762298532572, 0.89475917861472, 0.8947901582795589, 0.8947628800287037, 0.8947481826514123, 0.8947449464694074, 0.8947288720780967, 0.8947257788526808, 0.8947454652907642, 0.8947260784019851, 0.8947752627571968, 0.8947069330430495, 0.8947087539161469, 0.8947096571776844, 0.8946758935783425, 0.8946576666402696, 0.8946655685538213, 0.8946514606091561, 0.894693300420455, 0.894671160329471, 0.8946338054195957, 0.894635763821815, 0.894642246941759, 0.8946340791946839, 0.8946462714982396, 0.8946102403131546, 0.8946303627926742, 0.8946123750833861, 0.8946253526674208, 0.8946237229082497, 0.8946331186793899, 0.894616051575085] 

Smallest VQE eingenvalue optimizer final message:
{   'aux_operators_evaluated': None,
    'cost_function_evals': 891,
    'eigenvalue': 0.894616051575085,
    'optimal_circuit': <qiskit.circuit.library.n_local.real_amplitudes.RealAmplitudes object at 0x0000021097B73FB0>,
    'optimal_parameters': {   ParameterVectorElement(θ[4]): 4.712255816575742,
                              ParameterVectorElement(θ[11]): -1.5896496723043785,
                              ParameterVectorElement(θ[8]): 3.2370721337289963,
                              ParameterVectorElement(θ[6]): 2.732016742753412,
                              ParameterVectorElement(θ[5]): -1.5706080773860158,
                              ParameterVectorElement(θ[7]): -0.3968385547587103,
                              ParameterVectorElement(θ[10]): -1.5716632846885212,
                              ParameterVectorElement(θ[9]): 0.1890729046172262,
                              ParameterVectorElement(θ[3]): -0.18627006433360727,
                              ParameterVectorElement(θ[1]): 3.1376342866950293,
                              ParameterVectorElement(θ[0]): 3.169535427936376,
                              ParameterVectorElement(θ[2]): 0.00011732723075343341},
    'optimal_point': array([ 3.16953543e+00,  3.13763429e+00,  1.17327231e-04, -1.86270064e-01,
        4.71225582e+00, -1.57060808e+00,  2.73201674e+00, -3.96838555e-01,
        3.23707213e+00,  1.89072905e-01, -1.57166328e+00, -1.58964967e+00]),
    'optimal_value': 0.894616051575085,
    'optimizer_evals': None,
    'optimizer_result': <qiskit_algorithms.optimizers.optimizer.OptimizerResult object at 0x00000210979D7F80>,
    'optimizer_time': 2.624999761581421}
     ┌──────────┐ ░                           ░  ┌──────────┐
q_0: ┤ Ry(θ[0]) ├─░───────────────────────■───░──┤ Ry(θ[6]) ├
     ├──────────┤ ░                     ┌─┴─┐ ░  ├──────────┤
q_1: ┤ Ry(θ[1]) ├─░──────────────────■──┤ X ├─░──┤ Ry(θ[7]) ├
     ├──────────┤ ░                ┌─┴─┐└───┘ ░  ├──────────┤
q_2: ┤ Ry(θ[2]) ├─░─────────────■──┤ X ├──────░──┤ Ry(θ[8]) ├
     ├──────────┤ ░           ┌─┴─┐└───┘      ░  ├──────────┤
q_3: ┤ Ry(θ[3]) ├─░────────■──┤ X ├───────────░──┤ Ry(θ[9]) ├
     ├──────────┤ ░      ┌─┴─┐└───┘           ░ ┌┴──────────┤
q_4: ┤ Ry(θ[4]) ├─░───■──┤ X ├────────────────░─┤ Ry(θ[10]) ├
     ├──────────┤ ░ ┌─┴─┐└───┘                ░ ├───────────┤
q_5: ┤ Ry(θ[5]) ├─░─┤ X ├─────────────────────░─┤ Ry(θ[11]) ├
     └──────────┘ ░ └───┘                     ░ └───────────┘
The number of ansatz parameters is: 
 12
Line for latex table
RA r1 rl & $1\mathrm{e}{-03}$ & 100/100 &1992 & $8.9462\mathrm{e}{-01}$ & $2.9837\mathrm{e}{-03}$ & $9.1682\mathrm{e}{-01}$ & $2.5191\mathrm{e}{-02}$ & - & 00h 11m 13s\\

