RA_r1_rl
02m00s__341
1e-03
-0.1647660665223063
-0.16476212179822913
-0.1647443749673383
-0.16476795922797371
-0.16475855308801435
-0.16475554989148788
-0.1646880773618049
-0.16467362421106402
-0.16475236581891317
-0.1647621049651944
-0.16417234918074175
-0.1647682183780248
-0.1647665879804805
-0.16465333209827815
-0.16473873284041962
-0.16473286101873885
-0.16470380448731703
-0.16475143749507526
-0.16443386702294915
-0.1647442092405742
-0.1647210783934432
-0.1647728864107174
-0.16476720431536052
-0.1647121781265517
-0.16462480081066533
-0.16477776158578472
-0.16476278383919418
-0.16476572084696273
-0.16477940304158156
-0.16473689464842334
-0.16476696865797125
-0.16459510123547993
-0.16474600854294597
-0.16474851281903247
-0.16474289694620592
-0.16467878831263494
-0.16476479146828382
-0.16467963552942555
-0.16470711190250875
-0.16472368770646506
-0.16474795338922532
-0.16443373267811534
-0.16466131571418163
-0.16472273939203919
-0.16476693269255194
-0.1647534720971866
-0.1642517287961356
-0.1647535325917675
-0.16467391021650424
-0.16476372254547522
-0.16472952678681096
-0.16458576486938215
-0.16474059833679877
-0.16475084164836096
-0.1647244192778281
-0.1644310603235165
-0.16476730083394187
-0.16466214681412872
-0.16472479628905445
-0.16382031735588587
-0.16475018000995634
-0.16475912614954702
-0.16476597269918114
-0.16454927219800752
-0.16467605826766774
-0.16475696712872523
-0.16475905475246477
-0.16416594821894026
-0.16477102876212535
-0.1646590399953567
-0.16476833362270238
-0.16473077057255203
-0.16476144037123852
-0.16383113194792553
-0.16445747380049913
-0.16458094803505152
-0.16474760290789647
-0.16473582454460833
-0.16473625513832457
-0.16476706615700198
-0.16475476234503528
-0.16476327817214675
-0.1647632556807076
-0.16471324162043255
-0.16464785842528062
-0.1647372594219203
-0.1647596947005011
-0.1647250133098136
-0.16474009158819236
-0.1646985913252771
-0.16467751036577027
-0.16469165749803338
-0.1647604749563425
-0.1647165836289639
-0.1646034551322526
-0.16432047262422023
-0.1647184644145786
-0.16474711903081984
-0.1647339608900319
-0.16473700621212684
