RA_r1_rl
05h13m32s__135
1e-06
10.577666185986239
3.5689582392603527
9.392693866826356
10.904554032330545
5.8652292338674705
8.671294608830491
8.10961583631151
12.196815620519494
9.55389384413824
3.746230605282084
7.7938671524973095
10.864730633160683
3.37187016167557
12.762966625282882
10.281131796129518
16.238990107576996
16.347176547114927
15.67455374607745
12.091954141139912
12.254851351307465
8.673909452314557
15.852741069430062
3.9825592581308156
10.257492835004578
12.409288452192019
4.479016774361504
4.8510227376752395
5.994773146062724
7.926980170879612
6.158823097693711
2.1003589330779713
9.288624438213526
12.300599723525456
4.666414933943674
8.386784747495675
7.859398092780139
5.437534659000152
6.228265749316407
10.067864889908469
13.799265284201214
2.905316481986579
14.6058403251101
8.931500048440828
8.685198019967519
8.916385691045443
3.447004686853403
6.617005823331456
6.801866929214107
12.208803176258634
7.313697665626021
13.25780784396359
7.899782196629245
5.8432958877145245
4.34814360792715
5.964757643696673
7.109159982408644
6.061684455090282
8.365584733555636
10.281322497960504
1.734382242401555
5.331831961703932
8.818218188546073
11.184416805505817
14.56689727421148
5.621519519531805
4.956880012537887
9.279522146981881
9.43606785676902
3.4271129171704118
17.860973119104905
4.1607834388860105
4.368933411408623
5.55037316702488
0.905253250052352
5.00844088403597
10.520994981896457
17.22759772927821
4.459664452154065
12.955047741937566
4.022171801813829
7.614802128136859
5.769239972888899
9.991414983450795
5.654707475967567
18.01444938987145
8.274783597301173
3.675248717607523
6.445225968888593
6.40196091278014
6.458671608970318
10.436676967608596
4.212540811310794
9.485752147899895
7.408155114376772
10.043629520098166
9.809197027148622
5.663096210155022
7.690508278540476
10.695778041645951
8.189850412680718
