10.577666185986239 0.8428275775598212
3.5689582392603527 0.6253488645207578
9.392693866826356 0.7995404877483804
10.904554032330545 0.8505587319505943
5.8652292338674705 0.8215721121337209
8.671294608830491 0.811831215063443
8.10961583631151 0.8373445477936922
12.196815620519494 0.8248646345026056
9.55389384413824 0.9306093662171493
3.746230605282084 0.7271574122110862
7.7938671524973095 0.8106112578483367
10.864730633160683 0.8617293608187746
3.37187016167557 0.8202321000039999
12.762966625282882 0.8523917229026133
10.281131796129518 0.8384418917746486
16.238990107576996 0.8730533416811009
16.347176547114927 0.9400686337385251
15.67455374607745 0.7343699020148767
12.091954141139912 0.8819400384117426
12.254851351307465 0.8565274109669209
8.673909452314557 0.7982461706531829
15.852741069430062 0.8270258222924214
3.9825592581308156 0.8228251326915291
10.257492835004578 0.8578488820269651
12.409288452192019 0.8363490551710651
4.479016774361504 0.5881685632671673
4.8510227376752395 0.7973110298665604
5.994773146062724 0.7890334375771871
7.926980170879612 0.833991052407233
6.158823097693711 0.7992491828546168
2.1003589330779713 0.8006672305970175
9.288624438213526 0.9390562403913731
12.300599723525456 0.8653741474866585
4.666414933943674 0.8522283384446678
8.386784747495675 0.7857119846758971
7.859398092780139 0.8357545486607949
5.437534659000152 0.834599885108891
6.228265749316407 0.6814859947901989
10.067864889908469 0.8090842848625472
13.799265284201214 0.8541295800376987
2.905316481986579 0.7199537255197107
14.6058403251101 0.8756227878179131
8.931500048440828 0.8382718450741009
8.685198019967519 0.7982835777161768
8.916385691045443 0.7614131251053187
3.447004686853403 0.8544166131529165
6.617005823331456 0.8907353779902092
6.801866929214107 0.8168028554422295
12.208803176258634 0.8487248799023488
7.313697665626021 0.8106576416331734
13.25780784396359 0.8175731346142476
7.899782196629245 0.860993436537606
5.8432958877145245 0.7600364785914918
4.34814360792715 0.7225982790131159
5.964757643696673 0.7820297741083142
7.109159982408644 0.6905662248900357
6.061684455090282 0.7860249511692484
8.365584733555636 0.7962231401534604
10.281322497960504 0.7905927009181793
1.734382242401555 0.8070654385736988
5.331831961703932 0.8414852439245574
8.818218188546073 0.8410377580594475
11.184416805505817 0.828708436555483
14.56689727421148 0.8693915786487636
5.621519519531805 0.8500572670103371
4.956880012537887 0.8399813535986664
9.279522146981881 0.8253572476396924
9.43606785676902 0.8032561648111747
3.4271129171704118 0.8192337049115141
17.860973119104905 0.9094403591879411
4.1607834388860105 0.8360232394042137
4.368933411408623 0.6849535949657112
5.55037316702488 0.7872722609270649
0.905253250052352 0.7994494572161112
5.00844088403597 0.861137440895773
10.520994981896457 0.7707647874704625
17.22759772927821 0.9111358311061
4.459664452154065 0.824216962612382
12.955047741937566 0.8508902636517102
4.022171801813829 0.8288497231365898
7.614802128136859 0.777093146690089
5.769239972888899 0.787772252763149
9.991414983450795 0.8571803350387359
5.654707475967567 0.7678393642225918
18.01444938987145 0.6672645150166694
8.274783597301173 0.9151286257517072
3.675248717607523 0.832502367749142
6.445225968888593 0.7621700912849143
6.40196091278014 0.8536955310069807
6.458671608970318 0.8486175237498129
10.436676967608596 0.8237065702357252
4.212540811310794 0.7827024913773102
9.485752147899895 0.8881017755734237
7.408155114376772 0.8343060946386355
10.043629520098166 0.8935141361234854
9.809197027148622 0.7643415170504265
5.663096210155022 0.7739937015616729
7.690508278540476 0.8442617435571995
10.695778041645951 0.6831196189476201
8.189850412680718 0.7983801123091351
