With Shot Noise
03/11/2024 18:15:35 

VQEr_100_shots_10000_COBYLA_maxIter_10000_tol_1e-06_RA_r1_rl 

Reference value: 8.9159936233e-01 

Number of pauli strings:  136
Qubits:  5
VQE runs:  100
Optimizer:  COBYLA
Max iterations:  10000
Optimizers's tolerance:  1e-06
Ansatz:  RA_r1_rl 

All run converged!!!
Number of iterations for each converged VQE run:
[124, 139, 129, 129, 131, 137, 135, 138, 116, 128, 139, 125, 133, 148, 144, 123, 116, 133, 118, 149, 136, 134, 121, 130, 144, 119, 161, 117, 130, 126, 135, 130, 129, 146, 108, 133, 137, 139, 133, 122, 136, 134, 138, 132, 148, 136, 130, 141, 145, 148, 144, 136, 129, 151, 126, 142, 141, 145, 137, 137, 152, 139, 131, 121, 130, 122, 139, 123, 136, 126, 125, 139, 146, 139, 123, 131, 125, 145, 122, 164, 128, 142, 141, 141, 150, 136, 150, 144, 117, 137, 133, 131, 149, 130, 141, 152, 125, 134, 128, 142] 

Average iterations of converged run:
135 

VQE eigenvalues:
[10.577666185986239, 3.5689582392603527, 9.392693866826356, 10.904554032330545, 5.8652292338674705, 8.671294608830491, 8.10961583631151, 12.196815620519494, 9.55389384413824, 3.746230605282084, 7.7938671524973095, 10.864730633160683, 3.37187016167557, 12.762966625282882, 10.281131796129518, 16.238990107576996, 16.347176547114927, 15.67455374607745, 12.091954141139912, 12.254851351307465, 8.673909452314557, 15.852741069430062, 3.9825592581308156, 10.257492835004578, 12.409288452192019, 4.479016774361504, 4.8510227376752395, 5.994773146062724, 7.926980170879612, 6.158823097693711, 2.1003589330779713, 9.288624438213526, 12.300599723525456, 4.666414933943674, 8.386784747495675, 7.859398092780139, 5.437534659000152, 6.228265749316407, 10.067864889908469, 13.799265284201214, 2.905316481986579, 14.6058403251101, 8.931500048440828, 8.685198019967519, 8.916385691045443, 3.447004686853403, 6.617005823331456, 6.801866929214107, 12.208803176258634, 7.313697665626021, 13.25780784396359, 7.899782196629245, 5.8432958877145245, 4.34814360792715, 5.964757643696673, 7.109159982408644, 6.061684455090282, 8.365584733555636, 10.281322497960504, 1.734382242401555, 5.331831961703932, 8.818218188546073, 11.184416805505817, 14.56689727421148, 5.621519519531805, 4.956880012537887, 9.279522146981881, 9.43606785676902, 3.4271129171704118, 17.860973119104905, 4.1607834388860105, 4.368933411408623, 5.55037316702488, 0.905253250052352, 5.00844088403597, 10.520994981896457, 17.22759772927821, 4.459664452154065, 12.955047741937566, 4.022171801813829, 7.614802128136859, 5.769239972888899, 9.991414983450795, 5.654707475967567, 18.01444938987145, 8.274783597301173, 3.675248717607523, 6.445225968888593, 6.40196091278014, 6.458671608970318, 10.436676967608596, 4.212540811310794, 9.485752147899895, 7.408155114376772, 10.043629520098166, 9.809197027148622, 5.663096210155022, 7.690508278540476, 10.695778041645951, 8.189850412680718] 

VQE eigenvalues standard deviation:
[0.8428275775598212, 0.6253488645207578, 0.7995404877483804, 0.8505587319505943, 0.8215721121337209, 0.811831215063443, 0.8373445477936922, 0.8248646345026056, 0.9306093662171493, 0.7271574122110862, 0.8106112578483367, 0.8617293608187746, 0.8202321000039999, 0.8523917229026133, 0.8384418917746486, 0.8730533416811009, 0.9400686337385251, 0.7343699020148767, 0.8819400384117426, 0.8565274109669209, 0.7982461706531829, 0.8270258222924214, 0.8228251326915291, 0.8578488820269651, 0.8363490551710651, 0.5881685632671673, 0.7973110298665604, 0.7890334375771871, 0.833991052407233, 0.7992491828546168, 0.8006672305970175, 0.9390562403913731, 0.8653741474866585, 0.8522283384446678, 0.7857119846758971, 0.8357545486607949, 0.834599885108891, 0.6814859947901989, 0.8090842848625472, 0.8541295800376987, 0.7199537255197107, 0.8756227878179131, 0.8382718450741009, 0.7982835777161768, 0.7614131251053187, 0.8544166131529165, 0.8907353779902092, 0.8168028554422295, 0.8487248799023488, 0.8106576416331734, 0.8175731346142476, 0.860993436537606, 0.7600364785914918, 0.7225982790131159, 0.7820297741083142, 0.6905662248900357, 0.7860249511692484, 0.7962231401534604, 0.7905927009181793, 0.8070654385736988, 0.8414852439245574, 0.8410377580594475, 0.828708436555483, 0.8693915786487636, 0.8500572670103371, 0.8399813535986664, 0.8253572476396924, 0.8032561648111747, 0.8192337049115141, 0.9094403591879411, 0.8360232394042137, 0.6849535949657112, 0.7872722609270649, 0.7994494572161112, 0.861137440895773, 0.7707647874704625, 0.9111358311061, 0.824216962612382, 0.8508902636517102, 0.8288497231365898, 0.777093146690089, 0.787772252763149, 0.8571803350387359, 0.7678393642225918, 0.6672645150166694, 0.9151286257517072, 0.832502367749142, 0.7621700912849143, 0.8536955310069807, 0.8486175237498129, 0.8237065702357252, 0.7827024913773102, 0.8881017755734237, 0.8343060946386355, 0.8935141361234854, 0.7643415170504265, 0.7739937015616729, 0.8442617435571995, 0.6831196189476201, 0.7983801123091351] 

Median VQE eigenvalues:
8.01829800359556 

Min eigenvalue after 100 VQE steps on Aer qasm simulator: 9.05253e-01
Delta from reference energy value is 1.36539e-02 

Optimizer history of the smallest VQE eigenvalue:
[61.29807067962778, 52.58719920609352, 68.46635739080708, 55.46988598073311, 53.99446144217958, 52.43704098154489, 78.00866749279739, 80.8748350447666, 57.12015811861628, 25.07699255664852, 24.981740954190254, 11.705034031768236, 17.070600731069906, 8.437536791670906, 9.73883570009734, 12.724591973967275, 4.806235777025737, 10.959073767772272, 5.203439253070092, 4.817363468259197, 5.28588626047033, 3.169338945283985, 2.5562556156927676, 3.4905182916064614, 3.489711576075321, 8.81797157501653, 4.210875589646035, 3.3419074262843873, 2.6875883798918645, 4.666703159077198, 2.1948100794909386, 2.1568252546210926, 2.84633123501229, 3.6979623565604935, 2.996987770308094, 1.285951483839118, 3.3583489635819657, 2.6108774661340166, 0.8562817139098229, 2.372810279040096, 2.9299821098908714, 3.7253362642985786, 2.646726112169718, 2.725098158087823, 2.7698579200511717, 1.5964777322074009, 3.20516445339157, 2.693434210123779, 1.6556547906341679, 3.081020382152771, 1.1415970573806484, 3.582731904984336, 3.263993529757955, 3.517271677113075, 2.0199507294687087, 2.3806217161351295, 3.2631322112069596, 2.921075893016061, 2.0643056537473585, 2.783559889183271, 1.6839677772598525, 2.3130282427721554, 2.0488728022845684, 2.3046824748157357, 2.5552540778385655, 3.6746661268254104, 0.9015312068064386, 2.6397826509817075, 2.9814063594463134, 2.452907158345053, 1.891320430064053, 2.600469628257683, 2.854122811565276, 1.7148255020355108, 2.758352921632984, 1.791281725909184, 2.0329556033937046, 2.2175782274278486, 2.6840300998791116, 3.1199240979468352, 3.185937850035985, 2.594686531916713, 2.486991293407591, 1.6227248530587353, 2.767096885043329, 2.2278265710115335, 3.1768007480711375, 2.782010696749508, 2.1651367631129226, 2.9390785525249217, 3.2980858582473456, 1.9006410268401954, 2.5109536462430597, 1.733700888425432, 1.6192569128818488, 2.0548661265846193, 2.625256140334379, 3.015202606228982, 4.086208312053657, 2.7617416677319677, 2.901099159685171, 4.390428828277959, 2.994985268550818, 1.7416984378202314, 2.784239252782592, 2.3189061889112987, 1.5278376053544065, 2.1555903853552705, 2.4110804236430794, 2.8559303262203093, 2.4306785493241083, 2.6331567576900397, 2.960032628506963, 2.8296145197541436, 2.940326035446588, 1.5852981943715694, 2.9102084271059683, 2.7218752704310583, 2.8576608747711, 0.890904205452363, 1.7818778245233955, 2.1714006201256764, 2.798709892187466, 3.5128572854084554, 2.0969384515478864, 3.1490487964197187, 2.0548575079972244, 0.7098966844876613, 1.6211789028104597, 2.043358646676965, 1.9589841233527714, 2.999754837328557, 2.2704647215745357, 2.2476032253819627, 1.6397145105111295, 2.252202668438033, 2.2195058749618832, 2.9691806625322847, 0.905253250052352] 

Optimizer history of the smallest VQE eigenvalue standard deviation:
[0.9301917928580564, 0.9269281879407645, 0.8902207583360616, 0.9291404357823104, 0.8888164984910615, 0.9340674778001302, 0.9416514436072743, 0.8685950256280847, 0.9414559413454329, 0.9356258579434242, 0.9359012445910616, 0.8820987266268892, 0.8594853153105318, 0.8440175155398507, 0.8605265163616462, 0.8933638463080877, 0.7442917803778651, 0.7972650389907591, 0.6967084553594568, 0.7547885026723306, 0.6964228175903016, 0.7652105004569919, 0.7863757534333554, 0.8266963947889893, 0.7818680304664614, 0.8379045252587793, 0.778446743528497, 0.8479156981916874, 0.7856781163228712, 0.7774021972529547, 0.7962007617687945, 0.7989251680369687, 0.8205168951600385, 0.7992610633691778, 0.7855361513930876, 0.7985949093668792, 0.8283770353764404, 0.8000326723006722, 0.7980557195792256, 0.7947722135610845, 0.8013684444537603, 0.7960359545288397, 0.7973976698374544, 0.800294831156501, 0.7993030726591291, 0.8149934871908358, 0.8019033502379773, 0.8032022834789367, 0.8010671901182295, 0.8042365566768723, 0.7988226799322785, 0.8009233583174632, 0.8022018082295128, 0.8007472897207321, 0.8019415129534098, 0.8005499100476141, 0.7998094531714979, 0.7991752310355933, 0.8000367515604099, 0.7990946171859814, 0.7994396895381645, 0.8036213470707793, 0.7997783744058116, 0.7997212079327799, 0.8014988010157054, 0.799010047487271, 0.7989948586217023, 0.8004344076406011, 0.8013918450312935, 0.7996876603496775, 0.8000453994766747, 0.8015783675028526, 0.8020028508502047, 0.80160273158973, 0.801826140232149, 0.7991497965777075, 0.7965117439490069, 0.8015018169436889, 0.8023091460642487, 0.801087958968646, 0.8024370870015123, 0.7991447686542803, 0.7984496119820329, 0.7996736891860445, 0.8024262140042727, 0.8016455347680437, 0.7984103781271487, 0.7999129837111596, 0.8002924336968682, 0.8013230329439308, 0.8002532267059457, 0.7998765458353289, 0.7999904305255949, 0.8004919286974705, 0.8000661637124371, 0.8001994580473117, 0.7997079268555138, 0.800058364446473, 0.8000152311989663, 0.8019351240324021, 0.8002347466334873, 0.8010321844171925, 0.8018106161658876, 0.8000656301733173, 0.8011049804689941, 0.7985333969584698, 0.7982616084020934, 0.8016749941437142, 0.8010370283574402, 0.798280527472231, 0.7997988378338078, 0.800809620365359, 0.8016080375422217, 0.800459754797466, 0.8028996517797721, 0.799606511927375, 0.8003340970602831, 0.8009760485226401, 0.7994441302776109, 0.7972185885117604, 0.8007976750916397, 0.8004086295519878, 0.8002024592236783, 0.8021568493232221, 0.8017622190361933, 0.7983929318845843, 0.8017540015565756, 0.8002134262129488, 0.8012779519359627, 0.8022806590669839, 0.8022558016002038, 0.7982016727892205, 0.8011433154174048, 0.8006103422787977, 0.8003847670438066, 0.8007494869391911, 0.8003479639206404, 0.8002265083542545, 0.7994494572161112] 

Smallest VQE eingenvalue optimizer final message:
{   'aux_operators_evaluated': None,
    'cost_function_evals': 139,
    'eigenvalue': 0.905253250052352,
    'optimal_circuit': <qiskit.circuit.library.n_local.real_amplitudes.RealAmplitudes object at 0x000002755315AF30>,
    'optimal_parameters': {   ParameterVectorElement(θ[1]): -0.18368040145397593,
                              ParameterVectorElement(θ[0]): 2.6900730816493725,
                              ParameterVectorElement(θ[2]): -0.048215111844329396,
                              ParameterVectorElement(θ[3]): -0.39018318613099273,
                              ParameterVectorElement(θ[4]): -1.4750192702214906,
                              ParameterVectorElement(θ[5]): 2.9877281658295267,
                              ParameterVectorElement(θ[6]): -3.758946880610222,
                              ParameterVectorElement(θ[7]): -0.45703389548018436,
                              ParameterVectorElement(θ[8]): -0.33183286868084594,
                              ParameterVectorElement(θ[9]): 3.2148465338945473},
    'optimal_point': array([ 2.69007308, -0.1836804 , -0.04821511, -0.39018319, -1.47501927,
        2.98772817, -3.75894688, -0.4570339 , -0.33183287,  3.21484653]),
    'optimal_value': 0.905253250052352,
    'optimizer_evals': None,
    'optimizer_result': <qiskit_algorithms.optimizers.optimizer.OptimizerResult object at 0x000002759C3FDB50>,
    'optimizer_time': 193.47908687591553}
     ┌──────────┐ ░                      ░ ┌──────────┐
q_0: ┤ Ry(θ[0]) ├─░──────────────────■───░─┤ Ry(θ[5]) ├
     ├──────────┤ ░                ┌─┴─┐ ░ ├──────────┤
q_1: ┤ Ry(θ[1]) ├─░─────────────■──┤ X ├─░─┤ Ry(θ[6]) ├
     ├──────────┤ ░           ┌─┴─┐└───┘ ░ ├──────────┤
q_2: ┤ Ry(θ[2]) ├─░────────■──┤ X ├──────░─┤ Ry(θ[7]) ├
     ├──────────┤ ░      ┌─┴─┐└───┘      ░ ├──────────┤
q_3: ┤ Ry(θ[3]) ├─░───■──┤ X ├───────────░─┤ Ry(θ[8]) ├
     ├──────────┤ ░ ┌─┴─┐└───┘           ░ ├──────────┤
q_4: ┤ Ry(θ[4]) ├─░─┤ X ├────────────────░─┤ Ry(θ[9]) ├
     └──────────┘ ░ └───┘                ░ └──────────┘
The number of ansatz parameters is: 
 10
Line for latex table
RA r1 rl & $1\mathrm{e}{-06}$ & 10000 & 100/100 &135 & $9.0525\mathrm{e}{-01}$ & $7.9945\mathrm{e}{-01}$ & $1.3654\mathrm{e}{-02}$ & $8.0183\mathrm{e}{+00}$ & $7.1267\mathrm{e}{+00}$ & - & 05h 13m 32s\\

