RA_r1_rl
02h38m44s__130
1e-07
2.4967007088419706
1.8224239060917458
3.1432359848041513
5.025988985728929
5.9207605677133355
4.234109098258541
1.2236018135335993
4.737941066945762
4.562234205440891
3.5897017283444215
2.108149167550839
2.664397651256275
6.474120003740955
4.293409623292178
1.275127844800294
2.451438585810203
3.569903553779117
0.974020143348621
3.3943654030025985
1.7630594461838847
3.8737444224928606
2.694250042728243
2.7117088413636568
5.198908564006457
2.3277455854578095
1.9386041897232986
4.839036190843592
5.709426987281445
3.6577213277365
7.5287974836618545
2.285433920812808
6.127110733226085
3.176158788285336
1.161519474934524
3.4080512540808217
3.4280808912599525
2.6389692958605773
0.9900880169819158
2.6021448546408337
4.541065982324428
1.670778537901599
2.496693251714736
4.904186605358793
1.1101953392473578
1.7491395931047045
1.6767628221572863
3.001638896647364
4.718199873039189
5.02405441805217
2.9731761301784267
1.6899376271531554
1.3178978804551935
1.2006753360859173
4.627748600787972
1.4066376234616194
3.8353198713762024
3.9213151701914546
3.7008409047836883
2.1194610048594207
1.607586121507666
4.731110589304064
2.7250042554594036
5.1141142200418965
1.094270835771393
4.134798909513421
1.611840907311073
5.5536838380512235
1.6416820951168594
5.593365458780426
3.9709446735619363
1.8618629077604067
2.127262128805221
4.061099858312294
2.0712240094888137
1.7644239784858282
1.7631701602097136
1.2729105731555317
2.2239694248733186
3.5468476542922143
2.4098788869628747
5.26145672062701
2.565022062329267
3.7414979213594814
2.3925960439006926
3.1239350785867694
2.5094430359308406
2.619454600719047
2.1093542482274827
2.320202568345796
4.268442368500634
4.0415400565949815
1.4592647913004315
3.8537438817286183
1.1266659834627633
2.612266118040914
2.1641553657481998
1.6131341192601076
1.3660059701136418
2.904527885035777
5.112661208314934
