2.4967007088419706 0.20019398859510384
1.8224239060917458 0.19775062268090418
3.1432359848041513 0.1797788322238743
5.025988985728929 0.20537704432401188
5.9207605677133355 0.2180185225790381
4.234109098258541 0.2174510962138088
1.2236018135335993 0.19825803017402668
4.737941066945762 0.19694582079828982
4.562234205440891 0.20442193624025057
3.5897017283444215 0.20830305604665117
2.108149167550839 0.16694495553297917
2.664397651256275 0.20796497022639834
6.474120003740955 0.23312310196035105
4.293409623292178 0.18764073745671794
1.275127844800294 0.19894224670881464
2.451438585810203 0.2082207943912165
3.569903553779117 0.2194704422323737
0.974020143348621 0.20171505562182182
3.3943654030025985 0.1710990787594838
1.7630594461838847 0.20306990262521912
3.8737444224928606 0.21947814862286533
2.694250042728243 0.20895505318692276
2.7117088413636568 0.21358958061746505
5.198908564006457 0.2011484592604884
2.3277455854578095 0.18806538250244786
1.9386041897232986 0.19293647647997034
4.839036190843592 0.2212695156874621
5.709426987281445 0.20616345354838678
3.6577213277365 0.20605013173101755
7.5287974836618545 0.2082004049588726
2.285433920812808 0.20246143982936965
6.127110733226085 0.22488205288574803
3.176158788285336 0.21913479846758402
1.161519474934524 0.20268937826095335
3.4080512540808217 0.21248131482872518
3.4280808912599525 0.19815830871945203
2.6389692958605773 0.20699490339522805
0.9900880169819158 0.20336637093596793
2.6021448546408337 0.19054166578787837
4.541065982324428 0.21650174136690895
1.670778537901599 0.20031726349419351
2.496693251714736 0.20569237341765395
4.904186605358793 0.22487651014002438
1.1101953392473578 0.2003459276644362
1.7491395931047045 0.19451267530109848
1.6767628221572863 0.1985977745237114
3.001638896647364 0.2010319172022093
4.718199873039189 0.20286519477087894
5.02405441805217 0.20374652869011536
2.9731761301784267 0.20814401852710251
1.6899376271531554 0.20709388189234898
1.3178978804551935 0.1985896211841006
1.2006753360859173 0.20763591790425157
4.627748600787972 0.21465001728783797
1.4066376234616194 0.19544607233709718
3.8353198713762024 0.19888844049898666
3.9213151701914546 0.2208208150239823
3.7008409047836883 0.21506399989669878
2.1194610048594207 0.20813377719944043
1.607586121507666 0.18506844224528227
4.731110589304064 0.1942743015898928
2.7250042554594036 0.19535333878968214
5.1141142200418965 0.20087389136943626
1.094270835771393 0.20759606216732834
4.134798909513421 0.21284232112530257
1.611840907311073 0.18147633777430644
5.5536838380512235 0.20770668176935875
1.6416820951168594 0.20129399277878174
5.593365458780426 0.22774953699489583
3.9709446735619363 0.21976981735737622
1.8618629077604067 0.19842934554175418
2.127262128805221 0.20514935656387592
4.061099858312294 0.2112321752399077
2.0712240094888137 0.20235041438888526
1.7644239784858282 0.20982961104767373
1.7631701602097136 0.1982512481040499
1.2729105731555317 0.19830026316043575
2.2239694248733186 0.21551113099436525
3.5468476542922143 0.19434124647783307
2.4098788869628747 0.21096439056505836
5.26145672062701 0.19448578128820265
2.565022062329267 0.20667422133165178
3.7414979213594814 0.22102658258213845
2.3925960439006926 0.2098272099047264
3.1239350785867694 0.19193246663853342
2.5094430359308406 0.1578177795449675
2.619454600719047 0.1866518497740002
2.1093542482274827 0.20048030864249095
2.320202568345796 0.20382347752275928
4.268442368500634 0.19600155611334474
4.0415400565949815 0.21411475286430712
1.4592647913004315 0.18880038588967535
3.8537438817286183 0.19236692156343255
1.1266659834627633 0.19941673535224955
2.612266118040914 0.1820960241647695
2.1641553657481998 0.20354312675721725
1.6131341192601076 0.196291732666156
1.3660059701136418 0.2031425395033344
2.904527885035777 0.21559270972720637
5.112661208314934 0.19550567985653178
