With Shot Noise
03/11/2024 06:01:28 

VQEr_100_shots_10000_COBYLA_maxIter_10000_tol_1e-07_RA_r1_rl 

Reference value: 8.8458044387e-01 

Number of pauli strings:  48
Qubits:  4
VQE runs:  100
Optimizer:  COBYLA
Max iterations:  10000
Optimizers's tolerance:  1e-07
Ansatz:  RA_r1_rl 

All run converged!!!
Number of iterations for each converged VQE run:
[125, 126, 130, 135, 116, 126, 131, 144, 126, 124, 125, 137, 133, 134, 133, 112, 129, 138, 138, 126, 126, 122, 129, 126, 145, 130, 129, 129, 120, 123, 129, 128, 128, 135, 128, 136, 132, 141, 127, 126, 149, 132, 137, 131, 145, 133, 131, 133, 120, 132, 121, 142, 143, 133, 151, 124, 126, 128, 137, 125, 149, 126, 134, 129, 124, 117, 125, 122, 127, 121, 130, 123, 130, 126, 133, 132, 120, 136, 136, 145, 113, 132, 115, 123, 121, 126, 146, 142, 130, 143, 128, 148, 118, 127, 131, 139, 140, 114, 126, 133] 

Average iterations of converged run:
130 

VQE eigenvalues:
[2.4967007088419706, 1.8224239060917458, 3.1432359848041513, 5.025988985728929, 5.9207605677133355, 4.234109098258541, 1.2236018135335993, 4.737941066945762, 4.562234205440891, 3.5897017283444215, 2.108149167550839, 2.664397651256275, 6.474120003740955, 4.293409623292178, 1.275127844800294, 2.451438585810203, 3.569903553779117, 0.974020143348621, 3.3943654030025985, 1.7630594461838847, 3.8737444224928606, 2.694250042728243, 2.7117088413636568, 5.198908564006457, 2.3277455854578095, 1.9386041897232986, 4.839036190843592, 5.709426987281445, 3.6577213277365, 7.5287974836618545, 2.285433920812808, 6.127110733226085, 3.176158788285336, 1.161519474934524, 3.4080512540808217, 3.4280808912599525, 2.6389692958605773, 0.9900880169819158, 2.6021448546408337, 4.541065982324428, 1.670778537901599, 2.496693251714736, 4.904186605358793, 1.1101953392473578, 1.7491395931047045, 1.6767628221572863, 3.001638896647364, 4.718199873039189, 5.02405441805217, 2.9731761301784267, 1.6899376271531554, 1.3178978804551935, 1.2006753360859173, 4.627748600787972, 1.4066376234616194, 3.8353198713762024, 3.9213151701914546, 3.7008409047836883, 2.1194610048594207, 1.607586121507666, 4.731110589304064, 2.7250042554594036, 5.1141142200418965, 1.094270835771393, 4.134798909513421, 1.611840907311073, 5.5536838380512235, 1.6416820951168594, 5.593365458780426, 3.9709446735619363, 1.8618629077604067, 2.127262128805221, 4.061099858312294, 2.0712240094888137, 1.7644239784858282, 1.7631701602097136, 1.2729105731555317, 2.2239694248733186, 3.5468476542922143, 2.4098788869628747, 5.26145672062701, 2.565022062329267, 3.7414979213594814, 2.3925960439006926, 3.1239350785867694, 2.5094430359308406, 2.619454600719047, 2.1093542482274827, 2.320202568345796, 4.268442368500634, 4.0415400565949815, 1.4592647913004315, 3.8537438817286183, 1.1266659834627633, 2.612266118040914, 2.1641553657481998, 1.6131341192601076, 1.3660059701136418, 2.904527885035777, 5.112661208314934] 

VQE eigenvalues standard deviation:
[0.20019398859510384, 0.19775062268090418, 0.1797788322238743, 0.20537704432401188, 0.2180185225790381, 0.2174510962138088, 0.19825803017402668, 0.19694582079828982, 0.20442193624025057, 0.20830305604665117, 0.16694495553297917, 0.20796497022639834, 0.23312310196035105, 0.18764073745671794, 0.19894224670881464, 0.2082207943912165, 0.2194704422323737, 0.20171505562182182, 0.1710990787594838, 0.20306990262521912, 0.21947814862286533, 0.20895505318692276, 0.21358958061746505, 0.2011484592604884, 0.18806538250244786, 0.19293647647997034, 0.2212695156874621, 0.20616345354838678, 0.20605013173101755, 0.2082004049588726, 0.20246143982936965, 0.22488205288574803, 0.21913479846758402, 0.20268937826095335, 0.21248131482872518, 0.19815830871945203, 0.20699490339522805, 0.20336637093596793, 0.19054166578787837, 0.21650174136690895, 0.20031726349419351, 0.20569237341765395, 0.22487651014002438, 0.2003459276644362, 0.19451267530109848, 0.1985977745237114, 0.2010319172022093, 0.20286519477087894, 0.20374652869011536, 0.20814401852710251, 0.20709388189234898, 0.1985896211841006, 0.20763591790425157, 0.21465001728783797, 0.19544607233709718, 0.19888844049898666, 0.2208208150239823, 0.21506399989669878, 0.20813377719944043, 0.18506844224528227, 0.1942743015898928, 0.19535333878968214, 0.20087389136943626, 0.20759606216732834, 0.21284232112530257, 0.18147633777430644, 0.20770668176935875, 0.20129399277878174, 0.22774953699489583, 0.21976981735737622, 0.19842934554175418, 0.20514935656387592, 0.2112321752399077, 0.20235041438888526, 0.20982961104767373, 0.1982512481040499, 0.19830026316043575, 0.21551113099436525, 0.19434124647783307, 0.21096439056505836, 0.19448578128820265, 0.20667422133165178, 0.22102658258213845, 0.2098272099047264, 0.19193246663853342, 0.1578177795449675, 0.1866518497740002, 0.20048030864249095, 0.20382347752275928, 0.19600155611334474, 0.21411475286430712, 0.18880038588967535, 0.19236692156343255, 0.19941673535224955, 0.1820960241647695, 0.20354312675721725, 0.196291732666156, 0.2031425395033344, 0.21559270972720637, 0.19550567985653178] 

Median VQE eigenvalues:
2.6793238469922587 

Min eigenvalue after 100 VQE steps on Aer qasm simulator: 9.74020e-01
Delta from reference energy value is 8.94397e-02 

Optimizer history of the smallest VQE eigenvalue:
[34.319680888142116, 30.5223977898164, 45.11657814745447, 32.687275798328734, 34.18564081330469, 24.603591500071534, 20.40658669353017, 14.557998328196403, 14.550189815889373, 10.401065478705002, 7.5374645817696075, 20.932195202664406, 6.643034766170493, 2.5287505714613836, 3.516366264204634, 2.9880237570494517, 5.657104344705903, 2.5047238123667497, 5.254239168834068, 2.847387411878175, 2.790822654389916, 2.784398344113405, 3.6375428344482783, 2.529164957910263, 2.5221845513620975, 2.444544423359485, 3.026362016029453, 1.7558641540377815, 1.710223428304276, 1.6970436411359893, 1.6779374615752614, 1.6339335886202546, 1.4358454932352838, 1.5729439651485602, 1.8318433299076513, 1.173204005434048, 1.0311667026983056, 1.0136263549589737, 1.0831712456642781, 1.826337640604166, 1.6723943121978158, 1.2912677926875302, 1.4512967253803477, 1.1246908285034856, 1.2179946918537545, 1.2139018943015132, 1.1123140039657657, 1.4177417202989946, 1.1467581007058711, 1.4566730764272426, 1.3155661056570163, 1.0023129844751852, 1.4629925812236524, 1.1178359128545714, 0.7229858979374081, 1.3262752914473488, 1.5618064380706174, 1.4557495830086, 1.356856168709001, 1.305460531771693, 1.358064833925205, 0.8550093368119895, 1.668236856726372, 1.0634987502382076, 1.5769723067144628, 1.4695222623473065, 1.1821983490257777, 1.176967602912899, 1.0758158160596174, 1.426293571871313, 1.0050505688698683, 1.1300636394105015, 1.0155127162555047, 1.2828891125166266, 1.5762954728730283, 1.4570193138316325, 1.2048455762290777, 1.301546486659591, 1.1577601199023086, 1.1092104763548478, 1.3446126981168596, 0.9937676411166391, 1.0211456043751337, 0.9885096250323856, 1.1011708329599064, 1.198033765469591, 1.3130748170085336, 1.6788322457765734, 1.0734958779370478, 1.2312640569168418, 1.37638431729848, 1.2617136088088883, 1.1666029570020087, 1.370489078741454, 0.8450761968434038, 1.245464856145253, 1.3198974980865783, 1.3235409036615178, 1.331454307267021, 0.7948812534799132, 1.6535944934833666, 1.3957112421926963, 1.2117350823584183, 1.4996360278548293, 0.9619964756447543, 1.133577273367377, 1.3779254041482134, 1.2774844467074553, 1.4104221332130784, 1.318988817535041, 1.182586825430473, 1.2550185134063783, 1.1823756263569667, 1.4622291622260488, 1.3145355289009615, 1.2627298168146777, 1.2752829641443344, 0.9647165217312516, 1.3047196361462992, 1.201872600027357, 1.2775995608099304, 1.0650644060510626, 1.0874863716146175, 1.08447909246597, 1.326458521606828, 1.336081320192278, 1.1315554108231016, 1.3863215380660554, 1.2265603580084559, 0.8068938247849757, 1.1678543862543491, 0.7996571610094927, 1.1263931709492354, 1.0025090868894866, 1.5690341190812, 0.9632528908949729, 0.9936057669438849, 0.974020143348621] 

Optimizer history of the smallest VQE eigenvalue standard deviation:
[0.21746923421930897, 0.21572448349507867, 0.202632617010101, 0.21408917572359382, 0.19478960585800173, 0.22399698889409136, 0.22179832457328483, 0.23129575696234328, 0.23108689489722875, 0.2263423635938701, 0.21699306072196953, 0.22896080804554822, 0.20569096471432322, 0.1810892994363545, 0.1861078148339594, 0.16816761615447623, 0.19771223004482685, 0.18218636917236478, 0.15954136880338324, 0.2073675689572182, 0.19003377381107894, 0.18947904156053355, 0.20365511614907844, 0.1878787190969635, 0.1909400518838906, 0.16899360723798523, 0.16423125200037383, 0.16796106491191626, 0.1806399822595084, 0.1820929178824584, 0.18458490723592866, 0.18397359662298884, 0.18044630544368495, 0.17485084567365056, 0.1771165808742077, 0.18716769032891525, 0.19518994338135123, 0.20245697869441875, 0.20746138757787103, 0.20014799048599577, 0.20379655801160568, 0.20231781126900295, 0.20381202373567628, 0.2023069784880376, 0.19995065838979073, 0.20043033442432615, 0.20248534622701608, 0.2030253942861367, 0.20059317744197605, 0.2020064752706514, 0.2016015102864841, 0.2021707396164563, 0.20273483164807454, 0.20179547168948442, 0.20122241922835135, 0.20057070954988712, 0.20186831322722698, 0.20118581757501044, 0.20246105304349704, 0.20190006246132175, 0.20229628469390132, 0.20228580669285925, 0.20208660086839542, 0.2016225027074765, 0.2018525755321074, 0.2012892856174651, 0.20186165607360407, 0.20214566343687518, 0.20240388634450446, 0.20127150900652044, 0.20155145846138492, 0.20186520863254678, 0.20107076452470635, 0.20246351634950188, 0.2017017197718867, 0.20221936959597023, 0.2013042905451828, 0.20129683522546757, 0.20195036887935655, 0.20168212267044736, 0.20155897511351625, 0.20195450621419267, 0.20174701235986806, 0.2024378428947938, 0.2021513917643587, 0.2019932194917524, 0.20176678338808862, 0.20235683939785054, 0.20134603158282696, 0.20200951382920163, 0.20235319418351952, 0.20216626210495284, 0.2016991201157465, 0.20202744606667533, 0.20032987621285067, 0.2015734594244816, 0.20119900447411823, 0.20208988872044364, 0.20219171097373628, 0.20166950060081265, 0.20203848338564942, 0.20187748520766619, 0.20170640826192968, 0.20270632559567442, 0.2020198532672799, 0.2014968801623929, 0.2011962429503383, 0.2020635740179763, 0.20156780556779882, 0.20186207764957512, 0.20163200104491036, 0.2020455648746728, 0.20136609069751618, 0.20215838149720966, 0.2029698397406182, 0.20208156634341015, 0.2016776072153599, 0.20113772817315212, 0.20215344221433929, 0.20197916642068597, 0.2019089372716748, 0.20139135415149267, 0.20166870078437157, 0.20125008895261773, 0.20132534030940802, 0.20199709175399688, 0.20139350182423463, 0.20177895921921618, 0.20177344491001126, 0.20111545071070397, 0.20168283860875091, 0.20143947302036647, 0.20214701042558228, 0.20166020641807336, 0.20204520334192053, 0.201916474890782, 0.2015922133056533, 0.20171505562182182] 

Smallest VQE eingenvalue optimizer final message:
{   'aux_operators_evaluated': None,
    'cost_function_evals': 138,
    'eigenvalue': 0.974020143348621,
    'optimal_circuit': <qiskit.circuit.library.n_local.real_amplitudes.RealAmplitudes object at 0x000001FC33129580>,
    'optimal_parameters': {   ParameterVectorElement(θ[0]): 0.029922833560990715,
                              ParameterVectorElement(θ[1]): -3.5751248357894028,
                              ParameterVectorElement(θ[2]): -1.9121802700943142,
                              ParameterVectorElement(θ[3]): 1.5503368111749045,
                              ParameterVectorElement(θ[4]): -0.5882258208081793,
                              ParameterVectorElement(θ[5]): 2.202038769734457,
                              ParameterVectorElement(θ[6]): 1.6312486838103033,
                              ParameterVectorElement(θ[7]): 2.1629275412348288},
    'optimal_point': array([ 0.02992283, -3.57512484, -1.91218027,  1.55033681, -0.58822582,
        2.20203877,  1.63124868,  2.16292754]),
    'optimal_value': 0.974020143348621,
    'optimizer_evals': None,
    'optimizer_result': <qiskit_algorithms.optimizers.optimizer.OptimizerResult object at 0x000001FC499CF860>,
    'optimizer_time': 101.08041405677795}
     ┌──────────┐ ░                 ░ ┌──────────┐
q_0: ┤ Ry(θ[0]) ├─░─────────────■───░─┤ Ry(θ[4]) ├
     ├──────────┤ ░           ┌─┴─┐ ░ ├──────────┤
q_1: ┤ Ry(θ[1]) ├─░────────■──┤ X ├─░─┤ Ry(θ[5]) ├
     ├──────────┤ ░      ┌─┴─┐└───┘ ░ ├──────────┤
q_2: ┤ Ry(θ[2]) ├─░───■──┤ X ├──────░─┤ Ry(θ[6]) ├
     ├──────────┤ ░ ┌─┴─┐└───┘      ░ ├──────────┤
q_3: ┤ Ry(θ[3]) ├─░─┤ X ├───────────░─┤ Ry(θ[7]) ├
     └──────────┘ ░ └───┘           ░ └──────────┘
The number of ansatz parameters is: 
 8
Line for latex table
RA r1 rl & $1\mathrm{e}{-07}$ & 10000 & 100/100 &130 & $9.7402\mathrm{e}{-01}$ & $2.0172\mathrm{e}{-01}$ & $8.944\mathrm{e}{-02}$ & $2.6793\mathrm{e}{+00}$ & $1.7947\mathrm{e}{+00}$ & - & 02h 38m 44s\\

