No Shot Noise
01/11/2024 00:22:56 

VQEr_100_COBYLA_maxIter_10000_tol_1e-03_RA_r1_rl 

Reference value: 3.2010110009e-02 

Qubits:  4
VQE runs:  100
Optimizer:  COBYLA
Max iterations:  10000
Optimizers's tolerance:  1e-03
Ansatz:  RA_r1_rl 

All run converged!!!
Number of iterations for each converged VQE run:
[920, 628, 1806, 737, 535, 827, 1601, 1002, 761, 3632, 671, 452, 1322, 783, 4123, 1210, 1183, 1102, 2812, 5228, 647, 433, 409, 530, 632, 4526, 522, 1112, 413, 550, 1672, 1289, 736, 739, 656, 1112, 954, 902, 1122, 997, 1412, 782, 3939, 1013, 998, 1287, 557, 838, 756, 1283, 869, 629, 1049, 762, 1393, 4557, 1298, 598, 1096, 779, 950, 1994, 236, 1292, 1946, 1178, 992, 306, 408, 3503, 881, 1152, 1286, 1545, 844, 1816, 940, 1719, 1139, 496, 2507, 1459, 1152, 594, 3030, 3915, 757, 846, 1549, 4193, 1360, 1714, 872, 1471, 637, 495, 899, 1675, 3699, 1135] 

Average iterations of converged run:
1358 

VQE eigenvalues:
[0.032961895011276, 0.03229919589032326, 0.03703064435541081, 0.039321490037518725, 0.032085742044989596, 0.03252911125894509, 0.03584237241755861, 0.03374743614057463, 0.043338485417223516, 0.03569398667933987, 0.03357123923244487, 0.03858412229041408, 0.03779326970774333, 0.04264399106904326, 0.03659764803858567, 0.03458362792113068, 0.038659108308907064, 0.03443275901928822, 1.8321470506488509, 0.036758994045846705, 0.03528437191189426, 0.03387549000095724, 3.812584027703966, 0.03462798411767687, 0.03239686249299989, 0.04051515624467694, 3.0126771501567444, 0.03398032485259106, 0.03580714753631897, 3.867189015803688, 0.03865440570383305, 0.04186934836436207, 0.04024337791869248, 0.03384372132962088, 0.03342593115701065, 0.03864406316578117, 0.03616274308335232, 0.03625638529560993, 0.04484507224342893, 0.032961922846668434, 0.036721742522637935, 0.0471881966802743, 0.03262770740727594, 0.036408375353942146, 0.042835925989403445, 0.0386244235583274, 2.96071142011426, 0.04268630382639638, 0.034597489135820836, 0.04397398364275251, 0.04116901230097536, 0.032425078763277604, 0.03433964217914587, 0.04271537726626573, 0.03314958882874952, 0.032436122043723814, 0.034964104100064564, 1.8334989404425388, 0.041622824542556724, 0.03249305207988051, 0.04309080052668801, 0.04180978114797251, 3.894948405855709, 0.04359878848651699, 0.03767291983895693, 0.0338801921673727, 0.03927865019108778, 0.03957061454112032, 0.03278890803750367, 0.03475852967238613, 0.03525314114956035, 0.03751972573919271, 0.03549846415121205, 0.041382114626861144, 0.041636001534013034, 1.8332666817354037, 0.039824528919844115, 0.040574760269629584, 0.034941499120629826, 0.038440090847738584, 0.04219024448299835, 0.03687837628816171, 0.04157768548654195, 0.034003217364289795, 3.026925205214223, 0.03669452074933732, 0.03304226090531415, 0.03264175462807528, 0.034706620425256074, 0.03435089186603979, 0.0357757387576344, 0.034000367671891074, 0.03583414954218744, 1.8315597320904025, 0.03658210922007388, 0.03320096614937129, 0.035463828919210294, 1.8456819308862942, 0.039285291050084714, 0.03772575563216796] 

Median VQE eigenvalues:
0.03674036828424232 

Min eigenvalue after 100 VQE steps on Aer qasm simulator: 3.20857e-02
Delta from reference energy value is 7.56320e-05 

Optimizer history of the smallest VQE eigenvalue:
[78.6105955791011, 74.19946015411884, 44.77507875151693, 130.54744973383134, 49.8876759137145, 44.537963819123355, 68.91203921742849, 48.42066509975722, 40.46494799119702, 46.29038314188702, 35.4135986982422, 39.32412417214982, 38.61309952341264, 30.48902214673482, 28.553698388124076, 9.983544685381144, 21.152660714620186, 11.814757383646784, 14.72396564189318, 11.031973715660182, 21.34555417195063, 8.468244780338926, 7.592653639820797, 7.209511599061629, 8.013039190474617, 7.6701649313101585, 7.936577600984349, 10.588321335986231, 6.594216372873493, 8.08138846800134, 6.774604066094395, 6.738565572228531, 6.464875068361483, 8.066548087996114, 6.688004987209166, 10.49725268267783, 6.905374191656554, 6.372945909231763, 6.5785139765873195, 6.254867210482661, 6.8307173781945965, 6.366378045331928, 7.071284369205307, 6.29449694831768, 6.342166021680233, 6.359600658625473, 6.158123063998753, 6.327925974377602, 6.126316999599983, 6.009998893294323, 6.011692111922072, 6.0290737945740975, 5.947257854825639, 5.986151226664997, 5.947837752773191, 5.863451140232033, 6.064472864161159, 5.891603160102712, 5.7380395438504905, 5.7422230163157915, 5.735117125849472, 5.7364902856811035, 5.7595898323477135, 5.699128966085586, 5.578481788590922, 5.4827756107468835, 5.437702784876596, 5.392394069545906, 5.325397269940697, 5.243185918531712, 5.289955767943612, 5.274202170982974, 5.125754203832156, 5.159146989870878, 5.12514421482243, 5.144107206336512, 5.093768900163919, 5.021842247977803, 4.990869869257303, 5.004900705779273, 4.997740310950233, 5.019406643879564, 4.913611040203379, 4.890696139441307, 4.834031900681057, 4.813807363265761, 4.785131866863237, 4.764878106670778, 4.732514744845968, 4.631063920623835, 4.591471576429078, 4.566020205215067, 4.5550057830955915, 4.5416670083565664, 4.703924345098442, 4.555462711746872, 4.634201442422114, 4.538012727403632, 4.480311420696105, 4.442991312000895, 4.463598901176351, 4.493241361662205, 4.419972948846426, 4.401232649286398, 4.389019865793064, 4.357650098527191, 4.338722090343842, 4.3227996340038075, 4.288525494638313, 4.356647186507798, 4.274413057295895, 4.302718937134033, 4.279842065698392, 4.282204400659157, 4.280419961835611, 4.273538348580466, 4.2814539414812, 4.291728939937726, 4.237834608254008, 4.215079958245223, 4.2553058145830835, 4.213793882016911, 4.197894277610059, 4.183266479271754, 4.1855006561061066, 4.18369167447379, 4.161734970172388, 4.15404168765203, 4.154797488580552, 4.152573586543356, 4.13568799632179, 4.131100436157209, 4.156006922688524, 4.155527050075616, 4.110861828853757, 4.115233976860803, 4.10967713324948, 4.11263049122348, 4.111277898134377, 4.111559515683285, 4.096758842420586, 4.078655880642509, 4.057314429878452, 4.052303160983687, 4.04583337439487, 4.035127996378752, 4.008484220070618, 4.0045854822926685, 4.002364062927865, 3.9942667763210378, 3.9757476521264397, 3.9703443545001007, 3.9589689482033266, 3.9381993036702974, 3.9370174037605943, 3.9349848456408574, 3.9229148663203635, 3.8973682754023944, 3.892031916685828, 3.8902063639494022, 3.873878715233731, 3.865521575855521, 3.8585358711551843, 3.825616764019663, 3.817953749962982, 3.7910619239481615, 3.7732626763650936, 3.753860845674927, 3.7350908110919123, 3.72217821940337, 3.700814853387398, 3.680952777847781, 3.6609008814758797, 3.6387211885580553, 3.617304557506059, 3.5951190036231604, 3.5731111312157924, 3.5569288875182123, 3.5430288880803436, 3.5156014722610682, 3.490684078471413, 3.466167037236932, 3.4422858137804204, 3.41686168377362, 3.3927814814271215, 3.365931065518965, 3.339500241550976, 3.3130712906198845, 3.286659217558419, 3.2602429610435726, 3.233845027173285, 3.2073802006595247, 3.1813899876932865, 3.1543123312339243, 3.127408944806495, 3.1005010109402718, 3.073683742429657, 3.0469150933744915, 3.0201923109735374, 2.9934957782285485, 2.9668231943504195, 2.940141417926265, 2.913694081596637, 2.887214442010179, 2.860688525362573, 2.8347037966178816, 2.8085956002242427, 2.7823928640997977, 2.765776224715659, 2.7482746674596106, 2.7401597449341453, 2.7145804689322155, 2.706424479955338, 2.7221065124701225, 2.6617201672364077, 2.6188281653718164, 2.5790947137158398, 2.541857171636599, 2.505809734100983, 2.4747808641999067, 2.4471255448964175, 2.4445353865526966, 2.4619842551846554, 2.4192008221278134, 2.378853972417771, 2.3466550273631848, 2.336673061837485, 2.3218497257314636, 2.3249316984468433, 2.3234038499764056, 2.3131607241473287, 2.285600841950931, 2.316994316783976, 2.2729242603090434, 2.2363812840879724, 2.209759053649312, 2.1906103439060836, 2.2247450282109624, 2.204976669875835, 2.1776325053097163, 2.1670112048195533, 2.1695303195389064, 2.135726371782847, 2.1095246727938077, 2.1189966496738286, 2.098920435641448, 2.0664194433296528, 2.0453880359877314, 2.0393159964395142, 2.039870354210375, 2.0275709325419875, 2.021588954308045, 1.995733627769685, 1.9851259581571754, 1.9438887810094418, 1.908736021328865, 1.8796380692563037, 1.8501322893277714, 1.8238912243970493, 1.796082254046874, 1.783795005467313, 1.7570132363154496, 1.7301270235982278, 1.7012693826055405, 1.687472752497173, 1.7467435222131091, 1.6864000581488303, 1.6731269608993387, 1.6771524893576162, 1.631431377096815, 1.5978589190556116, 1.5827356438186537, 1.5951527185930983, 1.5491524051464274, 1.5478043869483482, 1.5355985109464794, 1.5164606111238212, 1.5035173554976307, 1.5026391641249828, 1.4889716029107585, 1.4875063139952092, 1.4541864093239691, 1.4314854458657935, 1.396227965075921, 1.3885181873644616, 1.3517178983149856, 1.3234718463818465, 1.2943697240853014, 1.2774394294232208, 1.2740073366386482, 1.262584894822945, 1.2452694397412372, 1.2122359666216778, 1.1764729496928732, 1.1457426515289373, 1.1148345556361123, 1.0892775787552598, 1.0633290527265105, 1.0510907246796215, 1.025938129178769, 1.0197330272435552, 1.0182446309414748, 0.9861599449797922, 0.9563727754317953, 0.9261537433231614, 0.9025598589925805, 0.8703556947110437, 0.8449479952102483, 0.83465646721165, 0.8205296737368938, 0.8018713357631384, 0.773265654551257, 0.7506282445208973, 0.7289598225360314, 0.7236558251039504, 0.6929681680867081, 0.6685511654318956, 0.6423966580176731, 0.6182696654948913, 0.5999129422521059, 0.5873432272954218, 0.5731269702742745, 0.5605162641330237, 0.5320340664366464, 0.5132937070759711, 0.4948882464107436, 0.477588924334851, 0.46413293643722775, 0.45854670275122533, 0.4686151546531705, 0.4652793233072534, 0.45992240050114397, 0.43049598158705205, 0.417680367252666, 0.41130975786995216, 0.4059960700418962, 0.4040154456528695, 0.3998443357968291, 0.37346483871489644, 0.3599561559123211, 0.3572798111118852, 0.3562031615703025, 0.3315098508439024, 0.31538621047117754, 0.3183589083846212, 0.31410809631881653, 0.31137086084111076, 0.3110111140897748, 0.2910102406914381, 0.2789406314963805, 0.2665764370100957, 0.2583522386554401, 0.2533000777969656, 0.24869837094932978, 0.24304531978074584, 0.24383320564024336, 0.23251444794375498, 0.21197403417236116, 0.19761046063990984, 0.19857138563088061, 0.1945393127719378, 0.1976999958143867, 0.19738577112855726, 0.20118123347519967, 0.19472063077198742, 0.18202826587451992, 0.17048433671954355, 0.1647762438057101, 0.15868337399192123, 0.1492540573979284, 0.15000526989311602, 0.1463146731164231, 0.13883039118705942, 0.13677720614251343, 0.1352607288780303, 0.13452267026281617, 0.14405041499583027, 0.13581281249907684, 0.1365094450854134, 0.11808303875759418, 0.11124623929613398, 0.11340995874254944, 0.11046251249653738, 0.10363010089546332, 0.10159240007780312, 0.10143978625224892, 0.09664322299941652, 0.0982601900122756, 0.09085703174909743, 0.09369398042927757, 0.09935007887368363, 0.0816968860853603, 0.07984786317292758, 0.08130315305662938, 0.08807414120784451, 0.07963826700127374, 0.08515696332837175, 0.08122543996592568, 0.07733457502920738, 0.0858360356891944, 0.07523892479688199, 0.07207070490337308, 0.06849052476267725, 0.062219850031057344, 0.062004597930047645, 0.05808940164362608, 0.060384948234699864, 0.05751012540850531, 0.05215736733535692, 0.050971590329736194, 0.04934495356116575, 0.052908082252063116, 0.04799717446413543, 0.049326016120562866, 0.04803161860830041, 0.047765323074224764, 0.048535839510301826, 0.047628446936816005, 0.04962726359898828, 0.0471531640113908, 0.04577386853657173, 0.048279059766772936, 0.04639249241250798, 0.046247919447956365, 0.044827145834725024, 0.04369590270938395, 0.043664221119360414, 0.043631855336989434, 0.04324037979086537, 0.04294160424440463, 0.041866121897627284, 0.0413577241133396, 0.04054986928033799, 0.0397953126014825, 0.038933641202370306, 0.03829130841571138, 0.03782088712847209, 0.03853341180298242, 0.03782703723111813, 0.03759074861224532, 0.037527718900967066, 0.03710918299033894, 0.037472080968665056, 0.03712612547740801, 0.037531476441374334, 0.036475895076187426, 0.03662165450391697, 0.03655384278306717, 0.03622245926566936, 0.03618465077025734, 0.03614874019172032, 0.03704410207509634, 0.03637496982094324, 0.035407473311174664, 0.03549551799788209, 0.03545836370533706, 0.03502231561063318, 0.03488111069418243, 0.03490164029092224, 0.03483118083600911, 0.03479025056051965, 0.03470404541923622, 0.035126259957586004, 0.03425030719021627, 0.03394772478842545, 0.033695943966394526, 0.0335641322092598, 0.033672864467678365, 0.03351830558984137, 0.03362238498611181, 0.033692983197727844, 0.033318155483194056, 0.03361525346695293, 0.033464337891522256, 0.033385944383192756, 0.03346841371515352, 0.03297552252205016, 0.033485956214523105, 0.033121266309031894, 0.03286383412499605, 0.03282458220120599, 0.03272275071244579, 0.0326127617748615, 0.03295451631274071, 0.03256430099086105, 0.032552891944599205, 0.032584974021180324, 0.033067749910785316, 0.03262168778417496, 0.03282555864185621, 0.03256941365265831, 0.03264310012799121, 0.032468443351028164, 0.032524363284520685, 0.03244328258845186, 0.03232497985172378, 0.03229008262614319, 0.03231279674811216, 0.03224071296728637, 0.03230168243583398, 0.0322292772878181, 0.032217614877120715, 0.03226817068797516, 0.03221178455094642, 0.032205677058687376, 0.03227884507551759, 0.032187541381691, 0.03221148770761728, 0.03221576528715775, 0.03221609238169687, 0.03220025900041068, 0.03219719298348622, 0.03218139896253036, 0.03216965518630244, 0.032155177131253265, 0.032148637697543725, 0.03214822924216465, 0.032158668422035075, 0.03215481783374052, 0.03217481812904632, 0.03216891918965081, 0.03211970521521701, 0.03213166662010358, 0.0321236900132611, 0.03211303553499778, 0.03211340476391755, 0.03212764315962913, 0.032149137118032356, 0.03211113848412184, 0.032096894017898614, 0.03209683655725515, 0.03210793404905987, 0.03211515212019744, 0.032088472485928055, 0.032085742044989596] 

Smallest VQE eingenvalue optimizer final message:
{   'aux_operators_evaluated': None,
    'cost_function_evals': 535,
    'eigenvalue': 0.032085742044989596,
    'optimal_circuit': <qiskit.circuit.library.n_local.real_amplitudes.RealAmplitudes object at 0x000002038CB2BE90>,
    'optimal_parameters': {   ParameterVectorElement(θ[3]): -1.5708981495787242,
                              ParameterVectorElement(θ[2]): -1.5210401207444093,
                              ParameterVectorElement(θ[1]): 0.44367547945782077,
                              ParameterVectorElement(θ[0]): -0.0010356898024345422,
                              ParameterVectorElement(θ[4]): 0.004286925051381436,
                              ParameterVectorElement(θ[5]): -0.8713807257460452,
                              ParameterVectorElement(θ[6]): -1.4669923049878173,
                              ParameterVectorElement(θ[7]): 4.720957693889169},
    'optimal_point': array([-1.03568980e-03,  4.43675479e-01, -1.52104012e+00, -1.57089815e+00,
        4.28692505e-03, -8.71380726e-01, -1.46699230e+00,  4.72095769e+00]),
    'optimal_value': 0.032085742044989596,
    'optimizer_evals': None,
    'optimizer_result': <qiskit_algorithms.optimizers.optimizer.OptimizerResult object at 0x000002038A6D3EF0>,
    'optimizer_time': 1.7656190395355225}
     ┌──────────┐ ░                 ░ ┌──────────┐
q_0: ┤ Ry(θ[0]) ├─░─────────────■───░─┤ Ry(θ[4]) ├
     ├──────────┤ ░           ┌─┴─┐ ░ ├──────────┤
q_1: ┤ Ry(θ[1]) ├─░────────■──┤ X ├─░─┤ Ry(θ[5]) ├
     ├──────────┤ ░      ┌─┴─┐└───┘ ░ ├──────────┤
q_2: ┤ Ry(θ[2]) ├─░───■──┤ X ├──────░─┤ Ry(θ[6]) ├
     ├──────────┤ ░ ┌─┴─┐└───┘      ░ ├──────────┤
q_3: ┤ Ry(θ[3]) ├─░─┤ X ├───────────░─┤ Ry(θ[7]) ├
     └──────────┘ ░ └───┘           ░ └──────────┘
The number of ansatz parameters is: 
 8
Line for latex table
RA r1 rl & $1\mathrm{e}{-03}$ & 100/100 &1358 & $3.2086\mathrm{e}{-02}$ & $7.5632\mathrm{e}{-05}$ & $3.674\mathrm{e}{-02}$ & $4.7303\mathrm{e}{-03}$ & - & 00h 06m 46s\\

