RA_r1_rl
13m18s__130
1e-05
0.0039999999999995595
0.013200000000000323
0.0051000000000005485
0.0032000000000005357
0.007400000000000517
0.001000000000000334
0.006000000000000227
0.0007999999999999119
0.01809999999999956
0.012499999999999734
0.009500000000000508
0.0038000000000000256
0.007699999999999818
0.0026000000000001577
0.0022999999999999687
0.0046000000000003816
0.03989999999999938
0.004400000000000404
0.00020000000000042206
0.02179999999999982
0.020500000000000185
0.0013000000000000789
0.01969999999999983
0.019200000000000106
0.0045999999999999375
0.0028000000000001357
0.01470000000000038
0.07600000000000007
0.022600000000000176
0.03100000000000014
0.010399999999999743
0.07519999999999971
0.051599999999999646
0.0047999999999999154
0.0013999999999998458
0.01399999999999979
0.017400000000000304
0.03410000000000002
0.025100000000000122
0.00020000000000042206
0.008100000000000218
0.0041999999999999815
0.01770000000000005
0.0018000000000002458
0.007700000000000262
0.011900000000000244
0.01070000000000082
0.014499999999999957
0.004000000000000448
0.0041999999999999815
0.009400000000000741
0.007300000000000306
0.009999999999999787
0.02909999999999968
0.03840000000000021
0.18590000000000018
0.04560000000000031
0.006999999999999673
0.0032999999999998586
0.00890000000000013
0.006699999999999928
0.016300000000000203
0.0018000000000002458
0.013399999999999856
0.0057000000000004825
0.04389999999999983
0.04459999999999997
0.0009999999999998899
0.0029000000000003467
0.0027999999999992475
0.0047000000000001485
0.030999999999999694
0.0034000000000000696
0.011500000000000732
0.009500000000000064
0.0024000000000001798
0.013199999999999878
0.015500000000000735
0.001100000000000101
0.0057000000000004825
0.0015999999999998238
0.013100000000000112
0.032100000000000684
0.007099999999999884
0.00550000000000006
0.009900000000000464
0.00039999999999995595
0.08939999999999948
0.0036999999999993705
0.001200000000000312
0.006400000000000183
0.047800000000000065
0.02430000000000021
0.0253000000000001
0.0004999999999997229
0.0049000000000005706
0.03819999999999979
0.0010999999999996568
0.03080000000000016
0.012199999999999989
