0.0039999999999995595 0.0010666583333007857
0.013200000000000323 0.0019152597735033236
0.0051000000000005485 0.0009321164090391305
0.0032000000000005357 0.0009895675823307813
0.007400000000000517 0.0008698574595874853
0.001000000000000334 0.0004898326244749255
0.006000000000000227 0.0012316493007345929
0.0007999999999999119 0.00028272955275316134
0.01809999999999956 0.0021111127397654573
0.012499999999999734 0.0016237699960277596
0.009500000000000508 0.0015799110734468621
0.0038000000000000256 0.0009051740164189496
0.007699999999999818 0.0012274799387362774
0.0026000000000001577 0.0007614013396363438
0.0022999999999999687 0.0006706586314959167
0.0046000000000003816 0.00104840450208878
0.03989999999999938 0.0025581119991118393
0.004400000000000404 0.0008939955257158786
0.00020000000000042206 0.00019998999974998175
0.02179999999999982 0.002059857276609225
0.020500000000000185 0.002032458363657172
0.0013000000000000789 0.0005567126727495725
0.01969999999999983 0.0019736086238157854
0.019200000000000106 0.0019866786353107007
0.0045999999999999375 0.0007479652398340404
0.0028000000000001357 0.0008479245249431101
0.01470000000000038 0.0014896217640730182
0.07600000000000007 0.002813764027064106
0.022600000000000176 0.0017169414666784609
0.03100000000000014 0.002101388112653153
0.010399999999999743 0.0016856761254760689
0.07519999999999971 0.0041027322603357855
0.051599999999999646 0.0028494918845295924
0.0047999999999999154 0.001094824186798951
0.0013999999999998458 0.0005476604787639545
0.01399999999999979 0.0015278455419315115
0.017400000000000304 0.0018576016795858
0.03410000000000002 0.002855128543516034
0.025100000000000122 0.002478065979751143
0.00020000000000042206 0.00019998999974998175
0.008100000000000218 0.001400104638946672
0.0041999999999999815 0.0010088171291170616
0.01770000000000005 0.0019201799394848369
0.0018000000000002458 0.0005998833219885145
0.007700000000000262 0.0013290729852043458
0.011900000000000244 0.0017469673723341254
0.01070000000000082 0.0015988505245957195
0.014499999999999957 0.0018127081949392669
0.004000000000000448 0.0009161462765301226
0.0041999999999999815 0.0007065380386079771
0.009400000000000741 0.0014267992150264258
0.007300000000000306 0.001089891278981527
0.009999999999999787 0.001579418880474722
0.02909999999999968 0.001969768260481421
0.03840000000000021 0.0024992894990376775
0.18590000000000018 0.00455171626971629
0.04560000000000031 0.002810711653656418
0.006999999999999673 0.0014240154493543932
0.0032999999999998586 0.0008879352453867352
0.00890000000000013 0.001471396955277541
0.006699999999999928 0.0014166689803902749
0.016300000000000203 0.0017984913121836268
0.0018000000000002458 0.0007069738326133471
0.013399999999999856 0.001704989149525589
0.0057000000000004825 0.0012521785016522198
0.04389999999999983 0.0029883304703462754
0.04459999999999997 0.003495346048676727
0.0009999999999998899 0.0004898530391862124
0.0029000000000003467 0.00078084889703451
0.0027999999999992475 0.000916207400101081
0.0047000000000001485 0.0010046128607578073
0.030999999999999694 0.0019430789999379883
0.0034000000000000696 0.0008242790789532238
0.011500000000000732 0.0013871607693414576
0.009500000000000064 0.0012032102891847349
0.0024000000000001798 0.0006780235984093741
0.013199999999999878 0.0019039422260142215
0.015500000000000735 0.0016796526426615765
0.001100000000000101 0.0005195449932392717
0.0057000000000004825 0.000973619535547643
0.0015999999999998238 0.0006478456606322164
0.013100000000000112 0.001625800418255571
0.032100000000000684 0.002216604385089949
0.007099999999999884 0.0011950635966340823
0.00550000000000006 0.0011523762406436572
0.009900000000000464 0.0012586155092004913
0.00039999999999995595 0.00031618981640780093
0.08939999999999948 0.00361811940101484
0.0036999999999993705 0.0007932244323014833
0.001200000000000312 0.0005475910883131591
0.006400000000000183 0.0010945848528094945
0.047800000000000065 0.0024110603476479027
0.02430000000000021 0.0025533556352376743
0.0253000000000001 0.002098018350730048
0.0004999999999997229 0.000264554342243692
0.0049000000000005706 0.001134552334623665
0.03819999999999979 0.002484080513993057
0.0010999999999996568 0.0004999409965185816
0.03080000000000016 0.0026688094724052524
0.012199999999999989 0.0016952628114838186
