With Shot Noise
01/11/2024 18:25:33 

VQEr_100_shots_10000_COBYLA_maxIter_10000_tol_1e-05_RA_r1_rl 

Reference value: 0.0000000000e+00 

Number of pauli strings:  8
Qubits:  4
VQE runs:  100
Optimizer:  COBYLA
Max iterations:  10000
Optimizers's tolerance:  1e-05
Ansatz:  RA_r1_rl 

All run converged!!!
Number of iterations for each converged VQE run:
[119, 133, 116, 133, 133, 121, 118, 122, 126, 128, 126, 113, 119, 132, 111, 161, 114, 134, 119, 136, 141, 127, 132, 128, 143, 138, 128, 106, 128, 131, 154, 148, 117, 130, 132, 120, 104, 146, 144, 138, 137, 145, 127, 120, 111, 145, 139, 117, 130, 145, 144, 111, 124, 109, 141, 174, 107, 144, 156, 120, 125, 127, 122, 123, 132, 110, 186, 127, 141, 109, 121, 201, 142, 114, 119, 119, 114, 121, 148, 123, 132, 123, 135, 140, 124, 149, 141, 141, 112, 133, 128, 110, 145, 117, 144, 123, 104, 120, 127, 116] 

Average iterations of converged run:
130 

VQE eigenvalues:
[0.0039999999999995595, 0.013200000000000323, 0.0051000000000005485, 0.0032000000000005357, 0.007400000000000517, 0.001000000000000334, 0.006000000000000227, 0.0007999999999999119, 0.01809999999999956, 0.012499999999999734, 0.009500000000000508, 0.0038000000000000256, 0.007699999999999818, 0.0026000000000001577, 0.0022999999999999687, 0.0046000000000003816, 0.03989999999999938, 0.004400000000000404, 0.00020000000000042206, 0.02179999999999982, 0.020500000000000185, 0.0013000000000000789, 0.01969999999999983, 0.019200000000000106, 0.0045999999999999375, 0.0028000000000001357, 0.01470000000000038, 0.07600000000000007, 0.022600000000000176, 0.03100000000000014, 0.010399999999999743, 0.07519999999999971, 0.051599999999999646, 0.0047999999999999154, 0.0013999999999998458, 0.01399999999999979, 0.017400000000000304, 0.03410000000000002, 0.025100000000000122, 0.00020000000000042206, 0.008100000000000218, 0.0041999999999999815, 0.01770000000000005, 0.0018000000000002458, 0.007700000000000262, 0.011900000000000244, 0.01070000000000082, 0.014499999999999957, 0.004000000000000448, 0.0041999999999999815, 0.009400000000000741, 0.007300000000000306, 0.009999999999999787, 0.02909999999999968, 0.03840000000000021, 0.18590000000000018, 0.04560000000000031, 0.006999999999999673, 0.0032999999999998586, 0.00890000000000013, 0.006699999999999928, 0.016300000000000203, 0.0018000000000002458, 0.013399999999999856, 0.0057000000000004825, 0.04389999999999983, 0.04459999999999997, 0.0009999999999998899, 0.0029000000000003467, 0.0027999999999992475, 0.0047000000000001485, 0.030999999999999694, 0.0034000000000000696, 0.011500000000000732, 0.009500000000000064, 0.0024000000000001798, 0.013199999999999878, 0.015500000000000735, 0.001100000000000101, 0.0057000000000004825, 0.0015999999999998238, 0.013100000000000112, 0.032100000000000684, 0.007099999999999884, 0.00550000000000006, 0.009900000000000464, 0.00039999999999995595, 0.08939999999999948, 0.0036999999999993705, 0.001200000000000312, 0.006400000000000183, 0.047800000000000065, 0.02430000000000021, 0.0253000000000001, 0.0004999999999997229, 0.0049000000000005706, 0.03819999999999979, 0.0010999999999996568, 0.03080000000000016, 0.012199999999999989] 

VQE eigenvalues standard deviation:
[0.0010666583333007857, 0.0019152597735033236, 0.0009321164090391305, 0.0009895675823307813, 0.0008698574595874853, 0.0004898326244749255, 0.0012316493007345929, 0.00028272955275316134, 0.0021111127397654573, 0.0016237699960277596, 0.0015799110734468621, 0.0009051740164189496, 0.0012274799387362774, 0.0007614013396363438, 0.0006706586314959167, 0.00104840450208878, 0.0025581119991118393, 0.0008939955257158786, 0.00019998999974998175, 0.002059857276609225, 0.002032458363657172, 0.0005567126727495725, 0.0019736086238157854, 0.0019866786353107007, 0.0007479652398340404, 0.0008479245249431101, 0.0014896217640730182, 0.002813764027064106, 0.0017169414666784609, 0.002101388112653153, 0.0016856761254760689, 0.0041027322603357855, 0.0028494918845295924, 0.001094824186798951, 0.0005476604787639545, 0.0015278455419315115, 0.0018576016795858, 0.002855128543516034, 0.002478065979751143, 0.00019998999974998175, 0.001400104638946672, 0.0010088171291170616, 0.0019201799394848369, 0.0005998833219885145, 0.0013290729852043458, 0.0017469673723341254, 0.0015988505245957195, 0.0018127081949392669, 0.0009161462765301226, 0.0007065380386079771, 0.0014267992150264258, 0.001089891278981527, 0.001579418880474722, 0.001969768260481421, 0.0024992894990376775, 0.00455171626971629, 0.002810711653656418, 0.0014240154493543932, 0.0008879352453867352, 0.001471396955277541, 0.0014166689803902749, 0.0017984913121836268, 0.0007069738326133471, 0.001704989149525589, 0.0012521785016522198, 0.0029883304703462754, 0.003495346048676727, 0.0004898530391862124, 0.00078084889703451, 0.000916207400101081, 0.0010046128607578073, 0.0019430789999379883, 0.0008242790789532238, 0.0013871607693414576, 0.0012032102891847349, 0.0006780235984093741, 0.0019039422260142215, 0.0016796526426615765, 0.0005195449932392717, 0.000973619535547643, 0.0006478456606322164, 0.001625800418255571, 0.002216604385089949, 0.0011950635966340823, 0.0011523762406436572, 0.0012586155092004913, 0.00031618981640780093, 0.00361811940101484, 0.0007932244323014833, 0.0005475910883131591, 0.0010945848528094945, 0.0024110603476479027, 0.0025533556352376743, 0.002098018350730048, 0.000264554342243692, 0.001134552334623665, 0.002484080513993057, 0.0004999409965185816, 0.0026688094724052524, 0.0016952628114838186] 

Median VQE eigenvalues:
0.008500000000000174 

Min eigenvalue after 100 VQE steps on Aer qasm simulator: 2.00000e-04
Delta from reference energy value is 2.00000e-04 

Optimizer history of the smallest VQE eigenvalue:
[1.602, 1.9311, 1.9916999999999998, 1.7367, 1.8070000000000004, 2.0143000000000004, 2.3452, 2.5445, 1.5419, 1.1287000000000003, 1.7896999999999998, 1.1835999999999998, 1.0810000000000004, 1.4788000000000001, 1.4882, 0.8093000000000004, 0.6436999999999999, 0.6155000000000004, 0.41969999999999974, 0.4289000000000005, 0.5026000000000002, 0.9461000000000004, 0.4213, 0.9725999999999999, 0.5540999999999996, 0.6589000000000005, 0.24409999999999998, 0.19629999999999992, 0.17159999999999975, 0.11370000000000013, 0.1971999999999996, 0.20120000000000005, 0.1612, 0.12130000000000019, 0.08650000000000002, 0.07950000000000035, 0.17179999999999973, 0.06490000000000018, 0.06990000000000007, 0.0671999999999997, 0.040200000000000014, 0.0369000000000006, 0.034600000000000186, 0.03219999999999956, 0.0343, 0.04359999999999964, 0.015800000000000036, 0.01650000000000018, 0.01089999999999991, 0.036599999999999966, 0.017499999999999627, 0.012800000000000367, 0.011799999999999589, 0.009700000000000486, 0.020999999999999908, 0.012700000000000156, 0.0053000000000005265, 0.0037000000000002586, 0.0050000000000003375, 0.0016999999999995907, 0.0020999999999995467, 0.002000000000000224, 0.0023999999999997357, 0.0029000000000003467, 0.0005999999999999339, 0.002000000000000224, 0.0013999999999998458, 0.0010999999999996568, 0.000800000000000356, 0.0005999999999999339, 0.0, 0.00039999999999995595, 0.0024000000000001798, 0.0004999999999997229, 0.0004999999999992788, 0.000700000000000145, 0.0013000000000000789, 0.0009000000000001229, 0.0004999999999992788, 0.001100000000000101, 0.001200000000000312, 0.0005999999999999339, 0.001200000000000312, 0.00019999999999997797, 0.0002999999999997449, 0.00039999999999995595, 0.0009000000000001229, 0.001000000000000334, 0.000500000000000167, 0.00020000000000042206, 0.0007999999999999119, 0.001100000000000101, 0.000700000000000145, 0.001200000000000312, 0.0014999999999996128, 0.00020000000000042206, 0.000800000000000356, 0.00039999999999995595, 0.00020000000000042206, 0.000500000000000167, 0.0005999999999994898, 0.00020000000000042206, 0.0003000000000006331, 0.0013000000000000789, 0.0009000000000001229, 0.00039999999999995595, 0.0005999999999994898, 0.001200000000000312, 0.0006999999999997009, 0.000700000000000145, 0.001100000000000101, 0.00020000000000042206, 0.00039999999999995595, 0.00039999999999995595, 0.0007999999999999119, 0.00019999999999997797, 0.0004999999999997229, 0.00039999999999995595, 0.00020000000000042206] 

Optimizer history of the smallest VQE eigenvalue standard deviation:
[0.015189324408939327, 0.014690945817067055, 0.013393746189920128, 0.015025964162076256, 0.015651192286851502, 0.014613322654345246, 0.015136266514566924, 0.018675447705476834, 0.015089388026026768, 0.013723637528002552, 0.016397607477921895, 0.014013313384064457, 0.01352926487285987, 0.015374072329737492, 0.015274202957928772, 0.011666413459157018, 0.011412934285274757, 0.01122612439802802, 0.009337777733486697, 0.009147343384830375, 0.01069949344595341, 0.012849745717328416, 0.009094792081185804, 0.013097736751057415, 0.010379618345584773, 0.01131361617697896, 0.007282037695590431, 0.0061163131868798215, 0.0057577085719928535, 0.004620337541781987, 0.006170019124767766, 0.00613146148972657, 0.005758248344765969, 0.004847322869378519, 0.004164902279765995, 0.003943507956122317, 0.005840307183701897, 0.00395804762477664, 0.0041726724050660845, 0.00415131641771619, 0.0033319933973523994, 0.003076213419124233, 0.0029313034643311856, 0.002825505264550039, 0.002998077884245166, 0.003329649230774918, 0.0019785075183076737, 0.0018779140022908375, 0.0015942976510049886, 0.002923500641354468, 0.001989158364736197, 0.0017674456144391045, 0.0016285613282894774, 0.0015551176804345058, 0.0021841016459862805, 0.0016842728401301214, 0.0011771724597525947, 0.0009427889477502442, 0.0010762248835629205, 0.0006242923994411563, 0.000727703923309471, 0.0006778731444746898, 0.000761067671104214, 0.0008301487818457577, 0.00037410693658364877, 0.0006781150344889954, 0.0005999166608788042, 0.00047953414894039435, 0.0003999349947178969, 0.00039991499096682874, 0.0, 0.00031618981640780093, 0.0007481577373789624, 0.00036049549234352815, 0.0003316217725059628, 0.00038727122278836383, 0.0005915243021212017, 0.0004357946764245756, 0.0003316217725059628, 0.00047946949850850363, 0.0005656182458160046, 0.00037410693658364877, 0.0005655687402959872, 0.000244924478156005, 0.000264554342243692, 0.0002828214984756144, 0.0005195584663923527, 0.000489844873403808, 0.0003872738049494026, 0.00019998999974998175, 0.00044717781698110483, 0.0005567090802205177, 0.00036050381412684827, 0.0005476276106990924, 0.0006556348068856711, 0.00019998999974998175, 0.0003999349947178969, 0.00031618981640780093, 0.00019998999974998175, 0.0003872738049494026, 0.00034636974463713767, 0.00019998999974998175, 0.00022359561713056257, 0.000574385758876356, 0.0004582171974075076, 0.0002828144267889962, 0.00042422635467400445, 0.0005476276106990924, 0.0004358543334647334, 0.00041222687927887255, 0.0005384245536748788, 0.00019998999974998175, 0.0002828214984756144, 0.0002828214984756144, 0.00039991999199840583, 0.000244924478156005, 0.0002999749989582293, 0.00031618981640780093, 0.00019998999974998175] 

Smallest VQE eingenvalue optimizer final message:
{   'aux_operators_evaluated': None,
    'cost_function_evals': 119,
    'eigenvalue': 0.00020000000000042206,
    'optimal_circuit': <qiskit.circuit.library.n_local.real_amplitudes.RealAmplitudes object at 0x00000290D89C7AA0>,
    'optimal_parameters': {   ParameterVectorElement(θ[0]): 0.007011371768244969,
                              ParameterVectorElement(θ[1]): 1.115774633325757,
                              ParameterVectorElement(θ[2]): -1.576027658800156,
                              ParameterVectorElement(θ[3]): -1.569832389004921,
                              ParameterVectorElement(θ[4]): 0.014580073048023995,
                              ParameterVectorElement(θ[5]): -1.0914919664046783,
                              ParameterVectorElement(θ[6]): -1.5869099430734337,
                              ParameterVectorElement(θ[7]): -1.5591974955874397},
    'optimal_point': array([ 0.00701137,  1.11577463, -1.57602766, -1.56983239,  0.01458007,
       -1.09149197, -1.58690994, -1.5591975 ]),
    'optimal_value': 0.00020000000000042206,
    'optimizer_evals': None,
    'optimizer_result': <qiskit_algorithms.optimizers.optimizer.OptimizerResult object at 0x00000290D8B1BB30>,
    'optimizer_time': 8.360391855239868}
     ┌──────────┐ ░                 ░ ┌──────────┐
q_0: ┤ Ry(θ[0]) ├─░─────────────■───░─┤ Ry(θ[4]) ├
     ├──────────┤ ░           ┌─┴─┐ ░ ├──────────┤
q_1: ┤ Ry(θ[1]) ├─░────────■──┤ X ├─░─┤ Ry(θ[5]) ├
     ├──────────┤ ░      ┌─┴─┐└───┘ ░ ├──────────┤
q_2: ┤ Ry(θ[2]) ├─░───■──┤ X ├──────░─┤ Ry(θ[6]) ├
     ├──────────┤ ░ ┌─┴─┐└───┘      ░ ├──────────┤
q_3: ┤ Ry(θ[3]) ├─░─┤ X ├───────────░─┤ Ry(θ[7]) ├
     └──────────┘ ░ └───┘           ░ └──────────┘
The number of ansatz parameters is: 
 8
Line for latex table
RA r1 rl & $1\mathrm{e}{-05}$ & 10000 & 100/100 &130 & $2\mathrm{e}{-04}$ & $1.9999\mathrm{e}{-04}$ & $2\mathrm{e}{-04}$ & $8.5\mathrm{e}{-03}$ & $8.5\mathrm{e}{-03}$ & - & 00h 13m 18s\\

