RA_r1_rl
24m40s__5030
1e-04
0.8936177091588967
0.893860997912882
0.915041363144368
0.8937209325966564
0.8938034563393366
0.8937388949289723
0.9148353189031666
0.9149036894724943
0.8937708738627452
0.9150331114526108
0.9148505570286076
0.893750950513611
0.8937404859142811
0.8937437424421799
0.8938218933680264
0.9152007484100014
0.893651036070428
0.9150186003850316
0.8937339235771429
0.8937257246505663
0.8936622414527137
0.9141128444765825
0.9148517248612376
0.9133659159605466
0.8938151526014568
0.9148466923692887
0.8937476517574616
0.8937708071906159
0.8938315257696443
0.9150128235524659
0.8937691797764804
0.8937705936039377
0.9150512716243417
0.8937606124567095
0.9149395550289713
0.8938340458606481
0.914964512479868
0.9149971474524364
0.893747822486351
0.9149876989901006
0.8937832208443738
0.8939436233704863
0.8938155186502746
0.8937553641231477
0.9149946357821358
0.8938208415187655
0.9149425185003535
0.8937956310568137
0.8937954618464716
0.9149115531494334
0.9149647630346145
0.9148770234931289
0.8942738187990856
0.8937533549523854
0.893741420902527
0.914863303804977
0.9148515589368001
0.9148354004695699
0.8937597758992595
0.8938599341223455
0.8938135497338293
0.8938265613120175
0.9148431175838628
0.9148303794285905
0.8937268997339339
0.9148605391963481
0.9133393915544122
0.8937806268663624
0.8937778067083014
0.9150275041978252
0.9149473302945427
0.8937259142841836
0.8938063481314977
0.8938729902201817
0.8938089682583787
0.914817480177003
0.8937798834836005
0.9148784605477621
0.8938348080403781
0.8938300098484745
0.8937836922315091
0.9150400315786803
0.9149146952420365
0.9148106011467939
0.9149868586818046
0.8934402868775753
0.9149773236737079
0.9150641467669509
0.893735462445681
0.9148864154419982
0.9151959854659183
