No Shot Noise
31/10/2024 21:01:05 

VQEr_100_COBYLA_maxIter_10000_tol_1e-04_RA_r1_rl 

Reference value: 8.9163237056e-01 

Qubits:  6
VQE runs:  100
Optimizer:  COBYLA
Max iterations:  10000
Optimizers's tolerance:  1e-04
Ansatz:  RA_r1_rl 

Only 91 runs out of 100 converged
Number of iterations for each converged VQE run:
[9568, 7992, 9341, 2980, 4731, 5116, 2929, 9551, 1420, 6225, 7574, 3112, 2821, 3326, 7477, 4840, 8231, 5213, 2199, 3884, 3845, 7506, 3002, 4354, 3955, 4257, 2054, 3760, 5924, 6283, 3376, 2409, 4392, 2610, 5560, 6295, 3604, 5853, 6875, 5196, 6763, 3568, 6544, 4990, 5270, 5434, 3644, 7099, 2213, 7738, 7602, 5502, 7107, 2997, 3461, 5624, 6160, 3984, 4895, 6004, 3174, 5365, 4048, 4991, 3420, 3385, 4665, 4267, 4160, 2437, 7970, 3620, 3057, 4668, 3216, 2635, 5569, 4903, 5975, 3332, 6264, 9292, 5691, 2740, 8961, 2618, 8661, 7054, 3830, 5569, 5946] 

Average iterations of converged run:
5030 

VQE eigenvalues:
[0.8936177091588967, 0.893860997912882, 0.915041363144368, 0.8937209325966564, 0.8938034563393366, 0.8937388949289723, 0.9148353189031666, 0.9149036894724943, 0.8937708738627452, 0.9150331114526108, 0.9148505570286076, 0.893750950513611, 0.8937404859142811, 0.8937437424421799, 0.8938218933680264, 0.9152007484100014, 0.893651036070428, 0.9150186003850316, 0.8937339235771429, 0.8937257246505663, 0.8936622414527137, 0.9141128444765825, 0.9148517248612376, 0.9133659159605466, 0.8938151526014568, 0.9148466923692887, 0.8937476517574616, 0.8937708071906159, 0.8938315257696443, 0.9150128235524659, 0.8937691797764804, 0.8937705936039377, 0.9150512716243417, 0.8937606124567095, 0.9149395550289713, 0.8938340458606481, 0.914964512479868, 0.9149971474524364, 0.893747822486351, 0.9149876989901006, 0.8937832208443738, 0.8939436233704863, 0.8938155186502746, 0.8937553641231477, 0.9149946357821358, 0.8938208415187655, 0.9149425185003535, 0.8937956310568137, 0.8937954618464716, 0.9149115531494334, 0.9149647630346145, 0.9148770234931289, 0.8942738187990856, 0.8937533549523854, 0.893741420902527, 0.914863303804977, 0.9148515589368001, 0.9148354004695699, 0.8937597758992595, 0.8938599341223455, 0.8938135497338293, 0.8938265613120175, 0.9148431175838628, 0.9148303794285905, 0.8937268997339339, 0.9148605391963481, 0.9133393915544122, 0.8937806268663624, 0.8937778067083014, 0.9150275041978252, 0.9149473302945427, 0.8937259142841836, 0.8938063481314977, 0.8938729902201817, 0.8938089682583787, 0.914817480177003, 0.8937798834836005, 0.9148784605477621, 0.8938348080403781, 0.8938300098484745, 0.8937836922315091, 0.9150400315786803, 0.9149146952420365, 0.9148106011467939, 0.9149868586818046, 0.8934402868775753, 0.9149773236737079, 0.9150641467669509, 0.893735462445681, 0.9148864154419982, 0.9151959854659183] 

Median VQE eigenvalues:
0.8938599341223455 

Min eigenvalue after 100 VQE steps on Aer qasm simulator: 8.93440e-01
Delta from reference energy value is 1.80792e-03 

Optimizer history of the smallest VQE eigenvalue:
[263.91102720218, 252.02624695456836, 214.15724621824558, 99.78428400799011, 117.4002419071009, 138.58474469247437, 96.76762797401742, 93.78099685805498, 157.9314143670379, 61.22639805179755, 85.43551936593127, 100.20247886222957, 60.55678147281975, 104.65534197506861, 61.678338849947984, 171.63349247633323, 83.1664412635738, 73.42878913124161, 59.85220749190352, 92.88622064568449, 60.1567973627229, 64.84959968028035, 61.8413265106575, 63.10017176231287, 58.9894881654822, 124.51515959643073, 79.49364728076627, 60.629359427891586, 58.93408492578342, 63.313155689865596, 56.239216459918765, 64.87320276834592, 60.46140330043437, 66.61545511760004, 64.97065426491794, 50.588230816911725, 46.924917162968875, 48.44442904479483, 57.52453903791827, 43.653356770316066, 44.71147470186194, 52.643301065566426, 43.4769173910568, 44.55616280789204, 42.659041992624516, 43.542919873379624, 44.81643016838033, 44.529325903784574, 45.00318675496191, 39.646393238067155, 43.73404560942894, 40.33257602240884, 40.83649558813028, 38.175568424884034, 37.71938962057535, 38.23288298696038, 37.65375852105101, 39.4447649037112, 37.39279324751208, 38.15480469309529, 37.334154308990485, 36.398790684983624, 35.648900191832766, 37.597491777279906, 35.192608177402356, 37.09832958528171, 35.43675819293536, 37.14610843562439, 34.84798344533625, 34.84179918416346, 34.61649169300179, 34.58100512794024, 34.81562681480111, 34.59221961891804, 34.60363713483485, 35.084609531175005, 33.970804832278326, 33.199880044086115, 32.50861957182055, 32.39891318414238, 32.67026451545051, 31.969835837733918, 32.644505103973614, 32.00016162928892, 32.620454354102364, 32.16277071895769, 32.36864512865502, 32.08847896651805, 31.722129629806705, 31.846105327930886, 32.15686715756054, 31.385450898638695, 31.194472768747328, 31.084754589759125, 31.44813563834904, 31.118749989772525, 30.808966933120708, 32.224064493734666, 30.7976877114656, 30.550372682722873, 30.91490917546793, 30.116522804881058, 30.36856420086102, 30.261892303361233, 30.907163819375942, 30.497406228849165, 29.87618769210012, 29.744405253361005, 29.83813137572624, 29.865752853578723, 29.856968984895747, 29.81339467072189, 30.219302272176492, 29.472675847801952, 29.570884491054013, 29.485565540546382, 29.508915833289915, 29.493258364780733, 29.439229765704248, 29.47389563159931, 29.338748925787485, 29.42087419635815, 29.406049165456576, 29.202794666768103, 29.216753702938824, 29.17079087115535, 29.44073278188566, 28.824682251697233, 28.570377656101762, 28.371055615701803, 28.184919246096445, 28.341290194050472, 28.159845845931773, 28.198697971779897, 28.126187554474278, 28.12422572756607, 28.118695937171807, 28.138388231436508, 28.202454595252462, 28.20183803067689, 28.05604298471166, 27.896447656332622, 27.946339262064203, 28.046493303917067, 27.77006628620383, 27.545121445320053, 27.463399848409733, 27.464904735468437, 27.459025082923556, 27.393050134163143, 27.19752699092428, 27.27422952942892, 27.181400663143577, 27.070217378697997, 27.33987649318637, 27.08771617258396, 26.901918565665365, 27.006432586776018, 26.904614491596792, 27.02233938401282, 26.912208722721616, 26.94323939390388, 26.914977343724164, 27.072026340834483, 26.932529263916702, 26.894694358619468, 26.772022835261666, 26.773765613234833, 26.770706731993833, 26.706823325068388, 26.725707849876414, 26.675732442478882, 26.59009612274561, 26.55757491794949, 26.54409017742534, 26.50390327498768, 26.50325916765217, 26.49350643912852, 26.495427570994153, 26.4641734582359, 26.29094777281107, 26.247830461083314, 26.20725044142935, 26.1482246543916, 26.0841980661508, 26.123158531015026, 26.11551265925302, 25.94579087409516, 25.8625371309914, 25.763030229167253, 25.68773476687477, 25.628426023385057, 25.60684907263558, 25.606806269832052, 25.528039103591574, 25.41772473971527, 25.421046394380948, 25.422988394919805, 25.39803781882535, 25.378448529765304, 25.229486020553324, 25.102677161184324, 24.991304590085544, 24.908364395231462, 24.862834722337354, 24.81768181498591, 24.83007331824079, 24.844253231689763, 24.792049075684695, 24.80974498303366, 24.740097716929682, 24.61363830086447, 24.717747642533233, 24.61511079843154, 24.49135137491415, 24.446455159164362, 24.47978409809342, 24.43477567755075, 24.490154112928824, 24.456819721972856, 24.354658453598592, 24.381829328378387, 24.31859955973054, 24.336291881300806, 24.258255186959786, 24.133512063122073, 24.09967738302213, 24.007622434894376, 24.034051960353146, 24.022644628542125, 23.8784705073818, 23.809605103013332, 23.77888317851023, 23.782881242479103, 23.69416327710742, 23.640436746456395, 23.56155161405283, 23.437239251363224, 23.36911608642661, 23.33605445091651, 23.34006872601502, 23.263263136992432, 23.258425649973635, 23.253238626992474, 23.059173380220635, 22.919070383517678, 22.876442044654773, 22.86542960537055, 22.87674077499508, 22.85991182042737, 22.90947926319614, 22.777629551605166, 22.63481945582185, 22.492315575169435, 22.3785071034326, 22.342523355055622, 22.332021042319496, 22.331520965416434, 22.21340731602459, 22.098374151373033, 21.990937476529375, 21.935523983013045, 21.805464282643698, 21.654658737830573, 21.50317275864025, 21.351489515239884, 21.199802416790554, 21.048164807793984, 20.89659398295997, 20.745098282700045, 20.59368030496654, 20.442339822215395, 20.291070865257446, 20.139854206494988, 19.9907223778665, 19.83997974479817, 19.6899846834212, 19.545316898227526, 19.395707987612745, 19.247995886357668, 19.099601780452158, 18.962554206801723, 18.81663575786272, 18.669186993917123, 18.53676696357993, 18.408891961183624, 18.299769754865206, 18.18003357857941, 18.04320564915926, 17.894170573276288, 17.751383343701324, 17.595048100535355, 17.44387453362617, 17.291519416877104, 17.14290015785236, 16.998499089813873, 16.857954740995165, 16.71637057369661, 16.592620827305726, 16.47708267416801, 16.47506623307469, 16.469885316365097, 16.3962705670957, 16.390380453022683, 16.377351923919765, 16.26117907821529, 16.109149156281905, 16.02087359954311, 15.859827402919542, 15.703745507336444, 15.55453653572016, 15.410383837931857, 15.302431378637596, 15.191225004206355, 15.073096643315953, 14.973027013698594, 14.91981932730829, 14.840454112650232, 14.859072248559187, 14.808215434867739, 14.733731325237208, 14.70340018245015, 14.702520695545749, 14.554902503604998, 14.399430381010976, 14.26331255007097, 14.160441819519168, 14.031888346185443, 13.91439220359892, 13.832791140885973, 13.813611732753028, 13.839548170050465, 13.693050935839878, 13.592329450155704, 13.466721833624979, 13.369193538755692, 13.251473624572345, 13.099846029656632, 12.967427106508461, 12.835177463486136, 12.741887210876508, 12.606906190366681, 12.512247304549183, 12.441307723253614, 12.356557708147301, 12.363177914134951, 12.352317912075911, 12.204693395434168, 12.057098544637377, 11.923826063646068, 11.786291731518206, 11.636263721252902, 11.525368303578079, 11.389417855804213, 11.27983086946607, 11.17203847287299, 11.101738704450389, 11.084013057414664, 11.103915333296854, 10.987225787537252, 10.856762290034688, 10.713961599207538, 10.589053120209611, 10.45475281482286, 10.310437894430597, 10.198470150482775, 10.095317536250056, 9.969581041809928, 9.879540117100632, 9.822412563891447, 9.757762031929861, 9.782830973197264, 9.753117772202515, 9.618101556990625, 9.481342893957041, 9.360158459901012, 9.232171570036662, 9.09516021924999, 8.976834902200164, 8.85847662231105, 8.745873593356528, 8.629222018765278, 8.51013850286463, 8.409219450543457, 8.353024570200196, 8.275751292593041, 8.22362902149959, 8.224287816357586, 8.095351502961625, 7.968343326718677, 7.854409810095961, 7.744472392400805, 7.614654987754788, 7.510546918726436, 7.3960494596671085, 7.279486413659338, 7.154837583843546, 7.05213493072576, 6.948453688785198, 6.857983824169978, 6.794944313798229, 6.71047520425748, 6.611702175697542, 6.497200904367905, 6.3880702132125435, 6.277648333009921, 6.180875439677815, 6.093329320203721, 5.994491906390232, 5.895279332805513, 5.789466585066858, 5.709464000232762, 5.623490464436801, 5.549506100092827, 5.492622900037292, 5.416616443261295, 5.338776634631729, 5.23995951271138, 5.148180055142571, 5.053370781461019, 4.972374696372553, 4.9056512853421195, 4.826307169913909, 4.744967127688282, 4.660679555675303, 4.584359689410065, 4.520132183958888, 4.474360346649798, 4.42489920089379, 4.378537170269764, 4.2935850509639035, 4.219694704065599, 4.145886281594947, 4.08914311237608, 4.034052869999389, 3.9723459363581037, 3.9161665943846953, 3.8546026344295874, 3.8090960696179375, 3.770105697194546, 3.7434572160677115, 3.7308174183357528, 3.7526163496554945, 3.6539405722914275, 3.594224744687213, 3.534245802714227, 3.497234709815661, 3.4632218272074287, 3.4261603931601834, 3.392153229568922, 3.3640406514978385, 3.3483058959317398, 3.3344569898538237, 3.3490718775759616, 3.293939778069082, 3.232349566398896, 3.2022224861061854, 3.151569098457729, 3.1002679845798293, 3.0678279437382407, 3.031780289302415, 3.002150751081772, 2.9878911705376585, 2.9829024957099954, 2.9887249497661856, 2.992547524257109, 2.9773916247216796, 2.928560252337916, 2.879251279321834, 2.85266820568947, 2.844082648127653, 2.844745599058901, 2.7955775773756684, 2.755735501223503, 2.7246360544380948, 2.721293056654468, 2.707155949357639, 2.686877277188168, 2.669648483828387, 2.6654346654901904, 2.6229495915249026, 2.589183575501595, 2.5640945175860046, 2.5518157977105087, 2.5553969540483132, 2.5188299852707927, 2.4882624477845674, 2.4723196937018357, 2.4352255785196544, 2.431168415950282, 2.431352180038373, 2.4025345412313848, 2.3724797392107315, 2.3429014609777044, 2.3230837064523575, 2.3148689795597956, 2.312802313379009, 2.308549800887062, 2.3046090069798804, 2.2878416206389525, 2.3144096427864485, 2.2833291857163878, 2.250251186304641, 2.240573633211494, 2.2387691101241627, 2.218441247878996, 2.2066419940964628, 2.2084846376216696, 2.2123582919227522, 2.20496437069594, 2.2106744561178253, 2.1779188073587186, 2.1721784142540983, 2.166089644400121, 2.1677552743354194, 2.1665614774340853, 2.141332437800948, 2.1276133631762173, 2.1213456178007193, 2.1153973898138996, 2.1039556083306166, 2.088640849104045, 2.0707772473716077, 2.0772036846055797, 2.0683815793024243, 2.0535061418716722, 2.043146479593189, 2.0425254420042513, 2.0372763189596914, 2.0189749026889636, 2.0085756959459977, 2.0124262883841575, 2.0016780499384828, 1.9932006758698153, 1.9812863363149167, 1.9693006427142656, 1.9586336149032937, 1.9467012950120377, 1.9398781496610205, 1.9387285441129565, 1.927993573705575, 1.9260149987791606, 1.9283472877714916, 1.9232321408067192, 1.8988031501836145, 1.8798274943067228, 1.8728480108290904, 1.8706238525254293, 1.8699093291838191, 1.865238460328123, 1.8643773381838245, 1.8652476621394685, 1.860803374573524, 1.8554122689260468, 1.87186595265215, 1.8441246511186615, 1.842991457676874, 1.8439964674898752, 1.8221712948753364, 1.8079327920824968, 1.807280695185779, 1.8029856038982235, 1.8077899924651348, 1.8038059522805363, 1.7991341108277568, 1.8035838198788428, 1.8080874240205365, 1.799433285971048, 1.7828511476896143, 1.7754892704670324, 1.7747542639202858, 1.7701308452733169, 1.7617338324405545, 1.7524014843565707, 1.7607997014411527, 1.7507106795994662, 1.7357891451067962, 1.7261715111898996, 1.7247614975173546, 1.7261232652615304, 1.7189909186227854, 1.7115130321305452, 1.7113208655912115, 1.7110384610224871, 1.7083589319049284, 1.7246882171395757, 1.6925461731021898, 1.6733057293381213, 1.6691681673230596, 1.67089406151729, 1.6635703931292276, 1.6730680685510144, 1.6623393501134356, 1.6682898799664077, 1.6617520807644395, 1.6763999968108798, 1.6626596423224071, 1.6434928957293669, 1.6324501891621357, 1.628375019294971, 1.630016898911537, 1.6176990576868964, 1.6083893033990775, 1.5955019233129, 1.5888326010953011, 1.5953400357486616, 1.5855883423689858, 1.5858038378536603, 1.5802010557985016, 1.5678354432652317, 1.5578112387279814, 1.5578347835132529, 1.5607534645995371, 1.561575129097803, 1.5636770723885771, 1.5620331764335391, 1.5581964233422494, 1.553189170141934, 1.5389375360437734, 1.5409229198175391, 1.5392184304312309, 1.5492968522441979, 1.5401329302284334, 1.5277572978234502, 1.5429728289157296, 1.5310429488097237, 1.5210415913007775, 1.517118652476474, 1.5105935243826583, 1.5125212867890405, 1.5132118956658682, 1.5060524885261477, 1.5038890861173455, 1.5092246012495028, 1.4883042996219253, 1.4796089303025854, 1.4818417843923133, 1.4783311583646475, 1.4763700901317522, 1.4805693721314679, 1.4683864042612536, 1.4766070165566192, 1.4638735971864094, 1.4518791060680671, 1.4645777676072285, 1.4480792018951132, 1.442546526064881, 1.4416995175164464, 1.4328835038724161, 1.4289187936941647, 1.432620879286512, 1.4158615175851434, 1.4154152039828392, 1.4147389901169003, 1.4255344650482118, 1.4192641771336023, 1.3995279940274978, 1.3943578342918272, 1.3953892431911599, 1.3939017426398745, 1.4032848277311372, 1.3937543824544543, 1.4001940643489836, 1.394614853609782, 1.3863361830289207, 1.3752495625892032, 1.3668913475512874, 1.3661005371437613, 1.3669390955301628, 1.3676078941438512, 1.3629550021460202, 1.3535248230500292, 1.3457245010766672, 1.3490794558894321, 1.3449075623195983, 1.347337729454484, 1.345451343081735, 1.3485318882954227, 1.3463579270616517, 1.3459508625825725, 1.350943920064391, 1.3416150414598795, 1.3452440352578818, 1.3435793838914167, 1.3390340052982181, 1.3385050372735363, 1.3348839828039387, 1.3307747200808595, 1.327545709871078, 1.326420060390272, 1.324418506127312, 1.3212101298322976, 1.3143437177464987, 1.3141917252015571, 1.3125095330044785, 1.3095053699780914, 1.3049795367122625, 1.3023755008932727, 1.3016279052958113, 1.301867248520131, 1.2959695114316119, 1.2934938605414772, 1.2998019358900514, 1.2939872889363535, 1.2900454789717275, 1.2831196995835252, 1.2767660609817375, 1.2717425218158953, 1.267520873177437, 1.2645297315073976, 1.263985053964637, 1.2636571405056527, 1.258928762189769, 1.2593280650920151, 1.259439236115393, 1.2588985539908455, 1.257479421251739, 1.2525468775597666, 1.2494377214940866, 1.243794672768809, 1.2407868532008368, 1.237692595276403, 1.2347752241336243, 1.2321278915775014, 1.2292761933110157, 1.2274530394131762, 1.2234060934056608, 1.2230846368030395, 1.2210021483407838, 1.2180284276300357, 1.219029814386882, 1.2138757488568968, 1.208501634709336, 1.209442838206219, 1.2097360809724806, 1.2058188010992112, 1.2060440189128396, 1.2050122820255884, 1.2048555785336958, 1.2046956122325592, 1.2021046373753892, 1.1988618103350248, 1.1965040813041157, 1.1939564346344829, 1.1926903738136048, 1.19437691556198, 1.1879881644779664, 1.1861372810670125, 1.181866446379495, 1.1806185333571477, 1.1822412023126558, 1.1785744287345075, 1.1758884074606593, 1.1769218447087917, 1.177342918194524, 1.177288603895189, 1.1714778103839936, 1.1691984308944623, 1.1701670568136049, 1.1701697491469558, 1.1715891962339526, 1.1677727867064032, 1.1658803712675885, 1.1671139018753114, 1.1641854774572833, 1.1659360652963762, 1.162638793025899, 1.1591093613864814, 1.1577263743045088, 1.1569225664868334, 1.1574396733776713, 1.1597417674648962, 1.153403324750673, 1.15168187278541, 1.152466899510182, 1.1530711024875475, 1.152966982405519, 1.148047983014789, 1.1510587550779017, 1.1475834392121602, 1.1451867391001904, 1.1478362015023706, 1.1476475240495816, 1.1405010426221993, 1.1410251827165871, 1.1395132960430074, 1.1394473734638688, 1.1377765828426787, 1.1351637301221211, 1.1332005453422884, 1.134116817536727, 1.1307228093293593, 1.127024798417014, 1.1238440332821402, 1.1213665851574177, 1.122446727620938, 1.1225156646567036, 1.1199315094371396, 1.1193304652508012, 1.1165536830068594, 1.1120346109988895, 1.1117084129190298, 1.1112961821474538, 1.1121987608229569, 1.1129918512121044, 1.1098133817250215, 1.1136471219515884, 1.1113115428294977, 1.106796908557729, 1.105034460145216, 1.1053360122860216, 1.110811899910909, 1.1040520967292418, 1.100421117396597, 1.099217582543704, 1.098173923384212, 1.0964391845794987, 1.0964314341762254, 1.0915012268672035, 1.0920686017337053, 1.0919473432465467, 1.088504956487472, 1.084235062944378, 1.083046003626404, 1.0833633102273434, 1.082726053966779, 1.0820144255584294, 1.0831570529136736, 1.0828818924683281, 1.0829398564445418, 1.080005194845743, 1.0816229445221115, 1.0760734797404143, 1.076724691933755, 1.0777294892614617, 1.0765461943613728, 1.0747877501972525, 1.0733849876210022, 1.0743867628080006, 1.0704717018103593, 1.0712388309482925, 1.0714309335618388, 1.06936742404919, 1.0693480563282005, 1.0674409827745526, 1.0683528048055617, 1.0676107112445934, 1.0638409495895855, 1.062778900775735, 1.0655378016347576, 1.0637419039436586, 1.065268879266148, 1.0642362136693286, 1.0606827728407444, 1.061278675539833, 1.0610202164762859, 1.0601383223873913, 1.0634786868783637, 1.0591311652027648, 1.0593201212444368, 1.0590621851197437, 1.059862748968733, 1.0550457638989879, 1.0535360209147056, 1.0601004024824177, 1.054305329322864, 1.0528917547686256, 1.0541127211443624, 1.0474181343812001, 1.04375998467841, 1.0426572800331635, 1.041272201430744, 1.042046011013369, 1.0407916002819555, 1.0417737455736715, 1.043766233322598, 1.0392352914885896, 1.0379486256567894, 1.0379319971846825, 1.037703323190889, 1.0354174614648248, 1.033564485396934, 1.0320276541982794, 1.029129191115838, 1.0310613106407558, 1.0303163965139148, 1.0293657162888916, 1.0287148078982298, 1.0274973865102612, 1.0268230540458, 1.0256025585012627, 1.0266482967796984, 1.026351429944388, 1.0226835594361074, 1.023821808168373, 1.0249818967597881, 1.0239451667851758, 1.0238709940824084, 1.019907186852927, 1.0189351545933243, 1.0185781038419766, 1.019455491910729, 1.0181597378484026, 1.022431226672692, 1.0163274055326204, 1.0139924749183373, 1.0152487147755722, 1.0117806678974228, 1.011135712751803, 1.0100760902051387, 1.0101719296087992, 1.0123706544891642, 1.0072969757366597, 1.005842531389832, 1.008081025558894, 1.0059299792472685, 1.0063391265673747, 1.005667786762515, 1.0068913649582412, 1.004379225877684, 1.0045489526718203, 1.0039027437706756, 1.0023262648224533, 1.0029739368637947, 1.003632920277377, 1.0047030836897073, 1.0021743414082966, 1.0027148695055048, 1.0021083721551176, 1.002020858641663, 0.9999232628752484, 1.000099129597913, 0.9996961186613276, 0.9987487742087885, 0.9989515468455064, 0.9982979005823104, 0.9965562039831863, 0.9959735193456054, 0.9952491465313984, 0.9941320822383745, 0.9945918979502293, 0.9950979546861839, 0.9940469503155804, 0.9920003452225824, 0.9904748239824082, 0.9889472762935381, 0.9880397955284735, 0.9877519233611367, 0.9878070277560296, 0.9881421655647082, 0.9879553412250498, 0.9872742564112452, 0.9869953561183897, 0.9876224720854413, 0.9852668534075507, 0.9839510769578426, 0.9826444538913093, 0.9822846864311254, 0.9821122974554934, 0.9831293756263411, 0.9811305414599855, 0.9801117797324183, 0.9801549081433791, 0.9804964117363146, 0.9803460342672762, 0.9785634873212419, 0.9775481866874894, 0.9769554623248428, 0.9770577174125469, 0.9768691175588702, 0.9768455496889676, 0.9760918881945583, 0.9746874077307138, 0.9743538541152978, 0.9749339006904411, 0.9733526219287093, 0.9735975430534911, 0.973497320202081, 0.9718484588837226, 0.9713198960217639, 0.9713933685539067, 0.9718521413316982, 0.9699568644678321, 0.9694753121240262, 0.9698087360851394, 0.9702304399636994, 0.9680336425123459, 0.9672302656595146, 0.9673101436364611, 0.9677133019135586, 0.9670868823650333, 0.9675471557688329, 0.9672373890067587, 0.9671945182075101, 0.9663323913094095, 0.9665051143507873, 0.9666351362590027, 0.9652917050301285, 0.9656688255806074, 0.964975346250176, 0.9644117102695495, 0.9640239891691343, 0.9631366266023608, 0.9629106871132682, 0.9632006463463315, 0.961075829225626, 0.961489325054751, 0.9612639635428618, 0.9603605727002038, 0.9595247813572304, 0.9583601903616346, 0.9585626154352552, 0.9582058495768324, 0.9579256547084408, 0.9580285099592297, 0.958168014259075, 0.9574155608004618, 0.9581256231913098, 0.9574415879148649, 0.9561939377953037, 0.9555428096618279, 0.9554285370757725, 0.9559054562036724, 0.9546964939475364, 0.9548250527764949, 0.9545971149575487, 0.9536257614214666, 0.9538949537838513, 0.9537394557321842, 0.9534133932377814, 0.9532604100654308, 0.953242603092395, 0.9534611084597715, 0.9534678340562426, 0.953213310597883, 0.9528732051700248, 0.9533774330712543, 0.954005426933723, 0.9517147897101462, 0.9512395328148225, 0.9509835917782047, 0.9514751998126905, 0.9507191712543709, 0.950966921118239, 0.9512588861647376, 0.9504220253352113, 0.9495706411228514, 0.9491608714341399, 0.9486789904812986, 0.9482689148499779, 0.9476256542332773, 0.9472007958068829, 0.9469429950231644, 0.9478334936480421, 0.9468958253452412, 0.9459058134740825, 0.9461474464300098, 0.9462002002619625, 0.9459738938299248, 0.9463384882565832, 0.9456711667166033, 0.9456902450013116, 0.9464435969545316, 0.9456367717466609, 0.9461035767348757, 0.9449321336480879, 0.9440327461464403, 0.9438869556221433, 0.9441352709951266, 0.9446016136938933, 0.9439529257562314, 0.9450143875301709, 0.9437079055832963, 0.944552407143314, 0.9442869282397166, 0.9423748765285571, 0.9421355521831515, 0.9422043553081338, 0.9421300573286434, 0.9427867860150181, 0.9424065859646299, 0.9419721062611239, 0.9407038428934108, 0.9406520497039986, 0.9401934330745471, 0.9406950310021791, 0.940375591278702, 0.9395737974637856, 0.9392794789288471, 0.9396377170618007, 0.9391525127570941, 0.9385525915213196, 0.9386380733209276, 0.938408125163067, 0.9395100324028355, 0.937963471038829, 0.9381217588504565, 0.9377993855353985, 0.937431183094948, 0.9373674787172741, 0.9376899424956314, 0.936936634090763, 0.937049627905732, 0.9369959310978115, 0.9365636570366436, 0.9367474411609121, 0.936727947014801, 0.9365788116260639, 0.9363659714322023, 0.9358116448430853, 0.9357360180761355, 0.9358181037141778, 0.935223099960792, 0.9351330233585745, 0.935361361792102, 0.9349780009644032, 0.9343673535382575, 0.9345395857348424, 0.9343831629432737, 0.9339678078603731, 0.93363301586964, 0.9334724766698319, 0.9334958708429641, 0.9330704261164408, 0.9331915954606674, 0.9332546036146109, 0.9327371791428478, 0.93234407609232, 0.9318576034760645, 0.9316064818345263, 0.9311931158886547, 0.930735194525759, 0.9303819155857721, 0.9300997636706491, 0.9298799714072696, 0.9296251891738415, 0.9292141832646317, 0.9292777623953264, 0.9291576818243149, 0.9289291773160441, 0.9287969667322074, 0.9281848595486516, 0.9279753999228271, 0.9281124183515728, 0.9280223648379899, 0.9276614936745935, 0.927375421620445, 0.9273947329722144, 0.9274760748284785, 0.9273355525623167, 0.9275430711591995, 0.9270023207725397, 0.9264489927530374, 0.9263381924221629, 0.9263087222357202, 0.9261088481390911, 0.9260634721948278, 0.9260206460225637, 0.9256332603938962, 0.9255899854665407, 0.9257614953363384, 0.9254444957000538, 0.9252560735259043, 0.9249370661573935, 0.9250550337127059, 0.9249500315595388, 0.924332118826991, 0.9239881508751353, 0.9236392266922479, 0.9232947659395542, 0.9230741974368772, 0.9228948339197638, 0.9229029367375089, 0.9230596476438714, 0.923289778802013, 0.922802019988185, 0.9228698161181639, 0.9228773102583879, 0.9225291275625357, 0.9220570390422436, 0.9222473753987657, 0.9221049486536114, 0.921977606566043, 0.9221785518130388, 0.9216124590740992, 0.9217633834528545, 0.9217537065387119, 0.9212081562926576, 0.9210712872954591, 0.9211599899569017, 0.9209487677917111, 0.9208897100574298, 0.9206758718132584, 0.9205145816199422, 0.9201376474389658, 0.9200665257946851, 0.9201280227246696, 0.9200401839809574, 0.9200433775503698, 0.9196946185922781, 0.9195771403907392, 0.9193161401945517, 0.9193665605105358, 0.9196754378379055, 0.9189977942624649, 0.9191219031074099, 0.9191068884390191, 0.9185071557402813, 0.9183602138858777, 0.9183818929448209, 0.9183441394965088, 0.9183619062640458, 0.9184810820379924, 0.9183341960095446, 0.9186393449055295, 0.9184182727883022, 0.9179374565815974, 0.9179256136462259, 0.9177551683179302, 0.9174614239660297, 0.9171812700635978, 0.9170364038725671, 0.9171968245273207, 0.9170725903771839, 0.9171255865916317, 0.9169745387627715, 0.9170860512410842, 0.9171983036306873, 0.9169053458323538, 0.9167831736921874, 0.9165463206767683, 0.9162222875580027, 0.9160077071246964, 0.916301603561523, 0.9158650022975909, 0.9157686564278177, 0.9157001508987409, 0.9153926886590925, 0.9154855890366997, 0.9153280993881027, 0.9151605564266276, 0.9152090481653383, 0.9151673103692959, 0.9151852294416141, 0.915299546590417, 0.9150589448673496, 0.9147208347143412, 0.9147763262175195, 0.9147346851870664, 0.9148028284494246, 0.9148606399640996, 0.9146421565453342, 0.9146216964509708, 0.9149189405722802, 0.9142677607266178, 0.9140284284173432, 0.9141144165847125, 0.9140405763406247, 0.914138872937854, 0.9138526674201248, 0.9138182452181428, 0.9139314304211532, 0.9134925034134914, 0.9134953943989876, 0.9138818208211559, 0.9134572750717326, 0.9130677415165865, 0.9129397902294141, 0.9129209366703804, 0.9127952590345042, 0.9124551387664149, 0.9127671862281187, 0.9124419227264999, 0.9126182253199984, 0.9125103461690611, 0.9120610819256914, 0.9120427261686305, 0.9121552663314664, 0.9120655467102462, 0.9120013903194004, 0.9120729741528016, 0.9118907937827985, 0.9117592139389191, 0.9119351192483133, 0.9114969818175822, 0.9112823393661706, 0.9111461944776177, 0.9111326594713343, 0.9113344204099235, 0.9111569803949655, 0.9108718873812823, 0.9107290070638722, 0.9106874086288106, 0.9108114747433879, 0.9106622559384752, 0.9107804504891428, 0.9106304493734122, 0.910640216691435, 0.9107108765049475, 0.910935688510212, 0.910231420796848, 0.9103481823836806, 0.9102499868996492, 0.9102818097468834, 0.9103037872790568, 0.9101389913438236, 0.9099062641489047, 0.909851206318758, 0.9097710592611847, 0.9096087333023692, 0.909686924436809, 0.9094964485666758, 0.9093385343118047, 0.9093720682722723, 0.9094620828787351, 0.9089985429253166, 0.908880626387937, 0.9088969318419159, 0.9087658495559426, 0.908764749693304, 0.908611464878208, 0.908715730919394, 0.908639510731402, 0.9085484280435501, 0.9084830599223167, 0.9085096946836988, 0.9086814717937253, 0.9083124664444401, 0.908278782875266, 0.9083125949122516, 0.9087785599331933, 0.9082851405892608, 0.9082963365809468, 0.9084729841256499, 0.9078621152797154, 0.9077174084712162, 0.9075579869767011, 0.9075097320028969, 0.9074812670436967, 0.9073344663297298, 0.9075078960841898, 0.9072425739434964, 0.9072453388217342, 0.9073285054634505, 0.907677732292578, 0.9072472840454733, 0.9074208220645992, 0.9073159642617213, 0.9069260947414944, 0.907346347058559, 0.906967087668171, 0.9067883477188182, 0.9067428739991186, 0.9067233096579279, 0.9066853482348731, 0.9068498400347743, 0.9066109874842364, 0.9066714817333893, 0.9069572617834991, 0.9067069357180828, 0.906267329584372, 0.905906753298725, 0.9058796586245217, 0.9058851964570217, 0.9055759906707183, 0.9057129029468705, 0.9056564339337284, 0.9053425562384008, 0.9051680853344037, 0.905050186934577, 0.9050441774065838, 0.9051304974658442, 0.9050351316374254, 0.9049648367261498, 0.9049397973507979, 0.9047988646864968, 0.9051155551344751, 0.904979665660669, 0.9044170758631672, 0.9043416317284021, 0.9044382138987735, 0.9044731652632716, 0.9044136536092912, 0.9042710794054103, 0.9042256342472006, 0.9040868906824093, 0.9040559293471151, 0.9041421954848693, 0.9038870840260014, 0.9037587925754589, 0.903762474513961, 0.9038655814667824, 0.9037057349064805, 0.9035165487216598, 0.9036459217965948, 0.9034953033166943, 0.9034025730544754, 0.9034308249084039, 0.9033964110567627, 0.9035896399659022, 0.9033851517887879, 0.9033580269110555, 0.9034309932443046, 0.9033257450751367, 0.9036843687351976, 0.902930675089652, 0.9028609092225371, 0.902944371509638, 0.9027358640880773, 0.9027023316405468, 0.9026744428516862, 0.9026060009414446, 0.9027681462161115, 0.90266706789921, 0.9026645864873819, 0.9025758264836306, 0.9023588975469584, 0.9023449726214311, 0.9024592583498791, 0.902418688315899, 0.9022680248821221, 0.9022311158707981, 0.9021927907187204, 0.9020044460060622, 0.9018873912797647, 0.9017941547883022, 0.9017119921909604, 0.9017229494998698, 0.9016917647067594, 0.9017539018426176, 0.9016838316088424, 0.9016498338834733, 0.9014009894165507, 0.9013586252994951, 0.9012927860474881, 0.9012483414396489, 0.9011891677523391, 0.9010222815536595, 0.90092690437765, 0.9009773668373645, 0.9010091093902278, 0.9009772512212554, 0.9008682827599317, 0.900802772888406, 0.9009352119151881, 0.900876066414746, 0.9007640752106905, 0.9006480517557058, 0.9006469406869047, 0.900869009639321, 0.9006728169176685, 0.9006662993320049, 0.9007275860341866, 0.9007756009098766, 0.9006053475636655, 0.9006073440633305, 0.9006115533242046, 0.9005939534167273, 0.900490715721681, 0.9004982610193917, 0.900520183808115, 0.9004074162964526, 0.9003327411176951, 0.9003108112345561, 0.9002775755320637, 0.9002585207081953, 0.9001706003270518, 0.9002239358940505, 0.9001535450953654, 0.9001590964230525, 0.9001335597153801, 0.9001118173947161, 0.8999979268202994, 0.900100666569322, 0.8999822022659643, 0.899894550030747, 0.8998183372952249, 0.8998217151907846, 0.8997904015914797, 0.8998123673943184, 0.899832185534559, 0.8998023127919591, 0.8997821065557304, 0.8998194922567925, 0.899749610371769, 0.8996971157102612, 0.89961160818504, 0.8996031857959564, 0.8995915746601293, 0.899601753064582, 0.8996458649364573, 0.8995104083695298, 0.8994884188528953, 0.8995056035659041, 0.8993898320551938, 0.8993690978389327, 0.8993678351783383, 0.8993497003081998, 0.8994012630624368, 0.8993492464874672, 0.8993692303734011, 0.8992812387945042, 0.8992372402401358, 0.8993088898763709, 0.8991839159896967, 0.8991920970557721, 0.8991141401344813, 0.8991528107002782, 0.8991051121944932, 0.8990799058703816, 0.8990578547180617, 0.8990239359938483, 0.8990012423883612, 0.8991063652973934, 0.899011271778583, 0.8989849055885223, 0.8989749563072892, 0.8989543525542011, 0.898838458284224, 0.8988049999174147, 0.8987927385591524, 0.8987918163384653, 0.8988563293901557, 0.8986751185244635, 0.8986008828767379, 0.8985352191226726, 0.8985105792360963, 0.8984221781922885, 0.8983956071995344, 0.898396643480621, 0.8983749382778199, 0.8984216220543378, 0.8983556022473398, 0.898349445218795, 0.8983281328551972, 0.8981888961236523, 0.8981430384021996, 0.8981168410429162, 0.8981174424271199, 0.8981197537925406, 0.8981185684868519, 0.8980693925708367, 0.8979875366061368, 0.8978947449277617, 0.8978657941420828, 0.897795880720486, 0.8977066202866458, 0.8976637997378758, 0.8975983948447946, 0.8975264909918822, 0.897504770157762, 0.8975404454422403, 0.8975496563015165, 0.8975389858322113, 0.8975205216752618, 0.897555299691185, 0.8974850074392087, 0.8974206075891973, 0.8973940722152411, 0.8973721587316007, 0.8973849044852011, 0.8974007929799048, 0.8974047855936196, 0.8973754185266871, 0.8973138440390085, 0.897337155257821, 0.8973449244273509, 0.8972903193170064, 0.8972557818110519, 0.8972551628129073, 0.8972482187425596, 0.8972904494776316, 0.897255340487683, 0.8973205872759201, 0.8971460247748643, 0.8971090541188721, 0.89714407866453, 0.8971386795736076, 0.8970967387296989, 0.8970788392727067, 0.8970825968989129, 0.8970819097553169, 0.8970820824239787, 0.8970751230507606, 0.8970058543916751, 0.8969621747247645, 0.8969146947065741, 0.8969161931227183, 0.8969600819055916, 0.8968687894009116, 0.8968152757655208, 0.896841534840693, 0.8968437337989884, 0.8968335471395422, 0.8968514854072197, 0.896787187274491, 0.8967960055470163, 0.8967507501566983, 0.8967359434401133, 0.8967815085253079, 0.8966899356068663, 0.8967774006992204, 0.8966928603489657, 0.8966614064491445, 0.8965904318262491, 0.8966079866418416, 0.8965887378068682, 0.8965892710805435, 0.8965900561131352, 0.8966100852884471, 0.8966028240416457, 0.8966431644951238, 0.8965835000933481, 0.8965566833218355, 0.8965843147718644, 0.8965689784004603, 0.8965336095394882, 0.8965211229139006, 0.89650719478394, 0.8964833315919657, 0.8964631439390345, 0.8964518929874324, 0.896477074395852, 0.8964117055557399, 0.89638670845711, 0.8963713013786905, 0.8963348463232401, 0.8963348203508775, 0.8963342070145714, 0.8963504577326709, 0.8963405118595558, 0.8963256496557642, 0.8963323399350613, 0.8963085572299616, 0.8962696154524107, 0.896257335916134, 0.8962496780181802, 0.8962460593039427, 0.8962666423909068, 0.8962578206474915, 0.8961980129235851, 0.8961757963896235, 0.8961580059444586, 0.8961481523222824, 0.8961525265052207, 0.8961336398040091, 0.8961228600033172, 0.8961157019005361, 0.8961029409029523, 0.896075410221801, 0.8960946297523101, 0.8960801848803794, 0.896056344157509, 0.8960246740868377, 0.8960212735807769, 0.8960191988499285, 0.8960295133513148, 0.8960023243342703, 0.8959885086642863, 0.8959723729827914, 0.8959600972923774, 0.895946142112888, 0.8959314862419739, 0.8959242349439169, 0.8959242292189564, 0.8959201305066508, 0.8959435336438453, 0.8958962648543655, 0.8958755864404844, 0.8958398658729503, 0.8958483569327461, 0.8958407317498126, 0.895831003875112, 0.8958239339501094, 0.8958005742498353, 0.895815248033621, 0.8958105079604929, 0.8957669406358929, 0.8957659238316751, 0.8957626847301592, 0.8957725403733795, 0.8957657680092678, 0.8957353457694838, 0.8957119412956154, 0.895693703293562, 0.8956974305803557, 0.8957083340033605, 0.8956676878002077, 0.8956574598018706, 0.895633224934529, 0.8956221454152273, 0.8955905265854038, 0.895562585755467, 0.8955459014279222, 0.8955239747907376, 0.8955088427816414, 0.895517802126685, 0.8954970096608692, 0.8955006957247114, 0.895475028137702, 0.8954517458000683, 0.89545424335931, 0.8954606471779737, 0.8954283944092376, 0.8954201451875266, 0.8954104768184139, 0.8954081319062035, 0.8954067580792666, 0.8953979061972596, 0.8953780197718526, 0.8953621064213522, 0.8953523107539525, 0.8953525902874251, 0.8953686711431551, 0.8953244685237429, 0.8953239323291572, 0.8953176047746947, 0.8952950590764674, 0.8953054813237868, 0.8952919458174607, 0.8952800981652286, 0.895288595257771, 0.8952828100927896, 0.8952795787637188, 0.8952536884506576, 0.8952331882512929, 0.8952372660565497, 0.8952306530492055, 0.8952186980857529, 0.895210299140422, 0.8952136148473048, 0.8951957807989799, 0.8951715427227572, 0.8951633393885396, 0.8951795332280923, 0.8951441284456947, 0.8951284787245343, 0.8951157693733772, 0.895113687443984, 0.8951216939212134, 0.895095857258489, 0.8950933512256274, 0.8951303932762685, 0.8950883951608022, 0.8950954866765293, 0.8950984506556857, 0.8950571284161888, 0.8950557141074765, 0.8950562796124935, 0.8950571101917593, 0.8950536519595101, 0.8950750237595247, 0.895048566725024, 0.8950249804834733, 0.8950131063598182, 0.8950002765825997, 0.8949998126371824, 0.894992527599614, 0.8949945035698612, 0.8949912579554666, 0.89498555458574, 0.8949512876003517, 0.8949536284530305, 0.8949620898509657, 0.8949346379802734, 0.8949353298939238, 0.8949362581920028, 0.8949221448128863, 0.8949371513308713, 0.8949248181256357, 0.8949256918351387, 0.894933695338845, 0.894920558661644, 0.8949101279564777, 0.8948888343426478, 0.894867709539026, 0.8948748173561255, 0.8948775225962246, 0.8948545511009153, 0.894839307042492, 0.8948217508917068, 0.8948079407549793, 0.8948085327404811, 0.8948021404523266, 0.894814924870072, 0.894796473070998, 0.8947858138850278, 0.89478341343164, 0.8947968609922685, 0.8947660439263548, 0.8947460943873949, 0.8947672925624599, 0.8947529574820432, 0.8947464041805252, 0.8947539255187236, 0.8947195240880783, 0.8947197363496243, 0.8947179055510236, 0.8947095041960541, 0.8947134501195795, 0.894699913380236, 0.8947002230936744, 0.8947140400059563, 0.8946882507751793, 0.8946925936089514, 0.8947006126711139, 0.8946751613708619, 0.8946570291277688, 0.8946433411841024, 0.8946545806592554, 0.8946519070062033, 0.8946462046412457, 0.8946426822847429, 0.8946566111437205, 0.8946485604682934, 0.8946275401902608, 0.8946392268952404, 0.8946364683799676, 0.89460530262944, 0.8945990296821189, 0.8945976118980735, 0.8945937106397497, 0.8946012315202228, 0.8945628364553503, 0.8945459720649117, 0.8945350316348575, 0.8945316473729821, 0.8945285334606294, 0.8945282051876834, 0.8945278533293168, 0.8945151115970489, 0.8945051216278064, 0.8944887677281714, 0.8944919470717791, 0.8944853414231203, 0.8945049725702156, 0.8944730407946524, 0.8944510081400047, 0.8944379121492371, 0.8944414584619751, 0.8944450479646465, 0.8944381517200176, 0.8944333131795936, 0.8944422224834965, 0.8944352301299575, 0.8944409023464815, 0.8944348713379912, 0.8944279673527279, 0.8944215430337481, 0.8944093556166359, 0.8944334226281713, 0.8944150202238547, 0.894407530224644, 0.8944005022763993, 0.894398198427153, 0.8943844094245023, 0.8943769323165508, 0.8943776046249083, 0.8943771317059448, 0.8943746324091438, 0.8943762176563534, 0.8943715632600123, 0.8943613836911408, 0.8943695531603231, 0.8943604486875961, 0.894357278260643, 0.8943576385871477, 0.894349984666365, 0.8943396878650401, 0.8943363318849918, 0.8943429725092733, 0.8943363762141805, 0.8943295155674125, 0.8943291825590708, 0.8943308846628016, 0.8943282663247263, 0.8943263206759788, 0.8943130455430223, 0.894313350553941, 0.8943128441109346, 0.894309887147226, 0.8943022892887499, 0.8942934676917194, 0.8942962431827053, 0.894293980373675, 0.8942877314414797, 0.8942827938097879, 0.8942775227749233, 0.8942799495472523, 0.894281543025217, 0.8942674745962922, 0.8942589947929345, 0.8942553838342056, 0.8942581467793569, 0.8942587405486832, 0.8942516661588418, 0.8942455561573611, 0.8942339299373453, 0.8942298005901802, 0.8942320223527628, 0.8942308464453258, 0.8942258081236051, 0.8942252882338283, 0.8942273073235358, 0.89421985237532, 0.8942203948640197, 0.8942253798810605, 0.8942168425055198, 0.8942124789665878, 0.8942075694740834, 0.8941994346799772, 0.8941971614202285, 0.8942010964870868, 0.8941971320385926, 0.8941888690211642, 0.8941884595579537, 0.8941875231809011, 0.8941804030825202, 0.894177316277962, 0.894182260683831, 0.8941763650907684, 0.8941672786547886, 0.8941660109195638, 0.8941684685973327, 0.894157805165554, 0.8941549399412623, 0.8941630732787952, 0.8941540191055481, 0.8941443858182035, 0.8941369388857624, 0.8941368394303559, 0.894139753727906, 0.8941287824474938, 0.8941277841203507, 0.8941311085070277, 0.8941181271884261, 0.8941155559564837, 0.8941178501507331, 0.8941135787941348, 0.8941063950541083, 0.8941072076806836, 0.8941055307120407, 0.8941069452665712, 0.8941029671714588, 0.8940973166946449, 0.8940950877291185, 0.8940944227540696, 0.8940884763504869, 0.8940854585568314, 0.8940897403589391, 0.8940828686415649, 0.8940799142054281, 0.8940812602560109, 0.894081505080599, 0.8940761092157572, 0.8940677529355867, 0.8940667899041602, 0.8940667341582, 0.8940666925147371, 0.8940645110416611, 0.894060642426461, 0.8940568298405662, 0.89406641283932, 0.8940559515927262, 0.8940515042636982, 0.8940522750776171, 0.8940467616271419, 0.8940397988721118, 0.8940322134249394, 0.8940279664413906, 0.8940254563437594, 0.8940261896771522, 0.8940255411917084, 0.8940274403920805, 0.8940167476801409, 0.8940097067238185, 0.8940098071296206, 0.8940111809374344, 0.8940030281601, 0.8939968481613679, 0.8939913335613724, 0.8939874294656702, 0.8939878652239415, 0.893986736046796, 0.8939826178811602, 0.8939820660545571, 0.8939818125927379, 0.893977784847072, 0.8939734708590429, 0.8939689701224124, 0.8939731984389759, 0.8939672214841432, 0.8939592703839676, 0.8939584362449979, 0.893961873083621, 0.8939614849306993, 0.8939571444896538, 0.893951173192045, 0.8939544071227397, 0.893950416885399, 0.893949100179708, 0.8939496503764133, 0.8939439989114951, 0.8939372936071518, 0.8939366211965432, 0.89393951830744, 0.8939293511571187, 0.8939232935973058, 0.8939182172159525, 0.893913332200581, 0.8939145892942142, 0.8939127855728374, 0.8939061195045916, 0.893897628840127, 0.893890467224624, 0.8938847773502604, 0.8938795651901105, 0.8938765674514583, 0.8938774099313238, 0.8938698928131596, 0.8938644020153791, 0.8938591777167855, 0.8938544655530045, 0.8938531016175117, 0.893852857626956, 0.8938482961501175, 0.8938405780519748, 0.8938335133040218, 0.8938301885258078, 0.8938242017722782, 0.893818087433957, 0.8938130112622409, 0.8938077272112275, 0.8938015800271747, 0.8938003238195418, 0.8937945354922869, 0.8937932769400891, 0.8937924525124611, 0.8937868836146576, 0.893782960269935, 0.8937777546312092, 0.8937755545360423, 0.8937763923613605, 0.8937719257299633, 0.8937695025606223, 0.8937627388079679, 0.89375942994212, 0.893753951073738, 0.8937506273768934, 0.893748338191398, 0.8937509540539982, 0.8937493357082034, 0.8937468685853502, 0.893743418056814, 0.8937374392401578, 0.8937350834070121, 0.8937363995703261, 0.8937377186030864, 0.893734282950926, 0.8937331146912438, 0.8937332878311712, 0.8937357609612661, 0.8937353620623602, 0.8937282775738745, 0.8937266580522277, 0.8937245179562147, 0.8937296882863575, 0.8937258781720024, 0.8937204417120936, 0.8937222205991401, 0.8937199549592407, 0.8937195441212911, 0.8937173305283701, 0.8937139701966741, 0.8937134767670979, 0.8937139166786384, 0.8937189601428602, 0.893712233689244, 0.893707007872507, 0.8937073113991747, 0.8937068104572969, 0.8937122676604438, 0.8937057580112581, 0.893703896537878, 0.8937037276032919, 0.8937063407326182, 0.8937066646016254, 0.8936980327627218, 0.8936925189928742, 0.8936915453886702, 0.8936917594475984, 0.893692714333603, 0.8936913426546498, 0.8936916349564824, 0.893691905795086, 0.8936894151327619, 0.893688456889564, 0.8936842501816286, 0.8936803946433949, 0.8936808733580642, 0.8936807376976292, 0.8936804551845502, 0.8936816907745061, 0.8936790416101914, 0.8936779497075148, 0.8936825468359135, 0.8936817463346535, 0.8936757619721118, 0.8936741618212292, 0.8936748872211518, 0.8936722283581018, 0.8936726885153405, 0.893666044248023, 0.8936671598724174, 0.8936682141240435, 0.8936637725931389, 0.8936654293597327, 0.893660157880157, 0.8936575809279562, 0.8936556122881234, 0.8936551117288111, 0.8936583164752349, 0.8936546246506843, 0.893655283370589, 0.8936559003096171, 0.8936543550498309, 0.8936585144320276, 0.8936476975232396, 0.8936469874598235, 0.8936469415679542, 0.8936449193355551, 0.893648809939106, 0.8936441839598366, 0.893647683823677, 0.8936451624905721, 0.893642202560728, 0.8936408667683101, 0.8936385850054017, 0.8936387961194568, 0.8936390799595932, 0.8936435886171954, 0.893638821510294, 0.8936385551348991, 0.8936399712412543, 0.8936316944041145, 0.8936330640151233, 0.893631408138976, 0.8936288533332443, 0.8936307327984131, 0.8936289262556136, 0.8936259481819675, 0.8936279994051164, 0.8936290745378173, 0.8936253649397814, 0.893625190041817, 0.8936284530417165, 0.8936249281020815, 0.8936216077266549, 0.893621288462291, 0.8936210041647643, 0.8936209114171813, 0.8936251495924572, 0.8936195740516224, 0.8936180290594623, 0.8936226345474589, 0.8936198133331332, 0.8936119773597245, 0.8936158289833747, 0.8936121000401713, 0.8936080597220685, 0.8936065283328309, 0.8936070445678314, 0.8936048090975279, 0.893606320150645, 0.8936039942105176, 0.8936041027957673, 0.8936035456957008, 0.8936038713101583, 0.8936043989164546, 0.8936052162162841, 0.8936005398126282, 0.8936021194038535, 0.89360147970549, 0.8936015354486693, 0.8936016295210997, 0.8936005415502664, 0.8935994789819875, 0.8935976333693726, 0.893597023081718, 0.8935966014744772, 0.8935973326778732, 0.8935960524206121, 0.8935959377631894, 0.8935946876964387, 0.8935941651641803, 0.8935935290801131, 0.8935919201096438, 0.8935906340740618, 0.8935909408250099, 0.8935914262948005, 0.8935887548600013, 0.89358720154833, 0.8935877022924239, 0.8935873638456027, 0.8935863969806521, 0.8935862002701879, 0.8935859785693553, 0.8935847238913225, 0.8935837936894645, 0.8935830183288815, 0.8935833108816856, 0.8935834663415164, 0.8935808058516327, 0.8935793111461166, 0.8935782533595267, 0.8935765951740887, 0.8935760108209533, 0.8935760100942832, 0.8935754502985648, 0.8935753443950538, 0.8935754232159813, 0.8935753632758038, 0.8935751965335199, 0.8935759682621048, 0.8935743640939408, 0.8935718631866326, 0.8935700409854223, 0.8935692555913541, 0.8935681034495585, 0.8935672116380455, 0.8935677172080797, 0.8935671671472997, 0.8935675424602175, 0.893567401293848, 0.8935671599378285, 0.893568047589842, 0.8935662799499662, 0.8935668432296222, 0.8935643188977497, 0.8935632106765722, 0.8935637933566615, 0.8935633919824, 0.8935633995388348, 0.8935631635197924, 0.8935624033796216, 0.8935622359006443, 0.8935605797990488, 0.8935601539710615, 0.8935602910952831, 0.8935598574033722, 0.8935600099276692, 0.8935588216072797, 0.8935593602535343, 0.8935593056534349, 0.8935567788671924, 0.8935564741587887, 0.8935564493810559, 0.8935561901797268, 0.8935560500445666, 0.893555254869094, 0.8935535622134045, 0.8935528292892616, 0.8935510453399219, 0.8935502506787721, 0.8935484805097202, 0.8935473147710998, 0.8935464074646129, 0.8935459674961652, 0.8935457534149404, 0.8935447756817998, 0.8935433749161785, 0.8935423528044412, 0.8935422513853419, 0.8935421003463169, 0.8935419852099723, 0.89354189048005, 0.893540142412913, 0.8935384048439116, 0.8935378845104226, 0.8935371998985456, 0.8935361621387612, 0.8935358755783818, 0.8935359049569859, 0.8935357475518467, 0.8935344734955603, 0.8935337994983953, 0.8935330278484145, 0.893532314471631, 0.8935327598443247, 0.8935323976308618, 0.8935314207718851, 0.893530142354068, 0.8935312050775642, 0.8935305684783758, 0.8935288213016571, 0.8935280435912967, 0.8935278056402295, 0.8935276842470073, 0.8935267526436954, 0.8935270902897198, 0.8935275197873053, 0.8935269972127479, 0.8935271123415134, 0.8935262693412381, 0.8935254119280648, 0.8935243450820243, 0.8935235315190847, 0.8935233452296172, 0.8935232357806883, 0.8935235976214977, 0.8935233167290865, 0.8935233723202876, 0.8935236140923315, 0.893522213264752, 0.893521850770359, 0.8935210945237061, 0.8935200043685502, 0.8935198866048495, 0.8935200581271852, 0.8935190896020858, 0.8935187669932328, 0.893519702314719, 0.8935177456890676, 0.8935170685105085, 0.8935173917970944, 0.8935167506255872, 0.8935167510323011, 0.8935163495532068, 0.8935147554834202, 0.8935139066372344, 0.8935127703603234, 0.8935124209144732, 0.8935122154481042, 0.8935131520515649, 0.8935119524408257, 0.8935120999835691, 0.8935104373894504, 0.8935097243745436, 0.8935094560842904, 0.8935094136378415, 0.893509245299545, 0.8935092248133348, 0.8935080765286435, 0.8935085732375596, 0.8935088555175724, 0.8935067920441929, 0.8935063362261059, 0.8935061656943178, 0.8935064878313931, 0.8935063820084537, 0.8935050895931813, 0.8935046863300584, 0.8935045296165562, 0.8935045235042828, 0.8935043657311729, 0.8935049159310638, 0.8935033192784827, 0.893504275687107, 0.8935030251680655, 0.8935020369747291, 0.8935020459525382, 0.8935019250835663, 0.8935011855389583, 0.8935008468022284, 0.8935015718354999, 0.8935009704961245, 0.8934994416894464, 0.8934994817744676, 0.8934995063148656, 0.8934990021060061, 0.8934982587822535, 0.8934979249256099, 0.8934983497156769, 0.8934987589520116, 0.8934978856841058, 0.8934971095682271, 0.8934967610855262, 0.8934971520145117, 0.8934978823780838, 0.893497303810137, 0.893496096966429, 0.8934946205962789, 0.8934938313509688, 0.8934935359931343, 0.8934935025441583, 0.8934933079190159, 0.8934934243580746, 0.8934936762491539, 0.8934936072663084, 0.8934920192446457, 0.8934913997201145, 0.8934906199419232, 0.8934906841198861, 0.8934910832201769, 0.8934896814052505, 0.8934898306240516, 0.8934899824545807, 0.8934887407681643, 0.8934883422040134, 0.8934882335066118, 0.8934879340332748, 0.8934879402780538, 0.8934873001588731, 0.8934883433212671, 0.893487783515264, 0.8934861990433496, 0.8934861705979742, 0.8934866081084124, 0.8934858165006339, 0.8934854719919834, 0.8934856606238201, 0.8934852294698731, 0.8934853526599196, 0.8934839042618328, 0.8934829191045559, 0.8934824011927538, 0.8934826366165731, 0.8934822983159645, 0.8934822145652553, 0.893482158131281, 0.8934812379773773, 0.8934822796501701, 0.8934817190430789, 0.893480312689451, 0.893480385567956, 0.8934802402964884, 0.8934789888344731, 0.8934787118470384, 0.8934801836230574, 0.8934785790432533, 0.8934779934367524, 0.8934780894963316, 0.8934783969930604, 0.8934780002116687, 0.8934769327395947, 0.8934766572735524, 0.8934766680162486, 0.893476750389085, 0.8934766219964128, 0.8934771355187451, 0.8934761793724497, 0.8934753238301844, 0.8934754674069951, 0.893475289660388, 0.8934755444094722, 0.8934755321809885, 0.8934760341526912, 0.8934750819628455, 0.8934743105647114, 0.8934752768731632, 0.89347437806424, 0.89347347455969, 0.8934734265083303, 0.8934731881269207, 0.8934736782819852, 0.893472971627207, 0.8934726891011668, 0.8934727147077616, 0.8934720042148842, 0.8934720379823167, 0.8934713774185045, 0.8934714741364997, 0.8934717744033411, 0.8934729674609094, 0.8934715390150527, 0.8934704636781198, 0.8934697795921134, 0.8934690672718456, 0.8934689765686008, 0.8934686017143986, 0.8934682906508762, 0.8934688987132653, 0.8934685970314318, 0.8934681459947066, 0.8934679948527138, 0.8934680809899899, 0.8934679050678371, 0.8934680974392073, 0.8934665287623538, 0.8934660758664941, 0.893466256920593, 0.8934656501028768, 0.8934652784630939, 0.8934644653814696, 0.8934646924966655, 0.8934647720517702, 0.8934650330638085, 0.8934642244809072, 0.8934640250720974, 0.893464069879459, 0.8934641955511105, 0.8934643220083006, 0.8934632735849105, 0.8934634635605269, 0.8934630628459693, 0.8934627158745014, 0.8934631437312526, 0.8934626208226384, 0.8934620005231432, 0.8934621235530621, 0.8934620309126422, 0.8934618122708949, 0.8934618247868525, 0.8934610276899283, 0.8934612413404048, 0.8934611554179803, 0.8934607275262985, 0.8934601082817637, 0.8934593260970196, 0.8934596007060215, 0.8934593008861526, 0.8934594142028893, 0.8934598108512577, 0.8934591812159941, 0.8934594258612332, 0.8934590620385257, 0.893459245336415, 0.8934590553975995, 0.893458751790713, 0.8934582130815324, 0.8934583938052612, 0.8934581789390816, 0.8934589658028457, 0.8934573143170716, 0.8934568237494227, 0.8934567107387609, 0.8934564446491166, 0.8934555892280442, 0.8934556046224695, 0.893456205040756, 0.8934553848707615, 0.8934548486376452, 0.8934547552131347, 0.8934547471249273, 0.8934537286776181, 0.8934534262127205, 0.8934534102906849, 0.8934533384096858, 0.8934530729514181, 0.8934524945182214, 0.8934518380606218, 0.8934508613889856, 0.8934506945718779, 0.8934506709356099, 0.8934505132657913, 0.8934502632181198, 0.8934499374619221, 0.8934497760830303, 0.8934492408109476, 0.8934502545442211, 0.8934491543077271, 0.8934487255817505, 0.8934485788926462, 0.8934482020679413, 0.8934475197758586, 0.8934476499154124, 0.8934474675883776, 0.8934472295157855, 0.8934473486590866, 0.8934471893347351, 0.8934469041389214, 0.8934470390743093, 0.8934474541133454, 0.8934471080841563, 0.8934467746063093, 0.8934468676548161, 0.8934464243773248, 0.8934464870736796, 0.8934470408011549, 0.893445824289383, 0.8934453805093407, 0.8934451975218743, 0.8934455229088676, 0.8934455708327519, 0.8934451454181169, 0.8934452210933567, 0.8934452859894049, 0.8934451852502227, 0.8934449793173028, 0.8934448169533341, 0.8934453499373799, 0.893444297360779, 0.8934450945321256, 0.8934444573272623, 0.8934446677875674, 0.8934441762247085, 0.8934441119948069, 0.8934440353204128, 0.893443571835585, 0.8934438954187152, 0.893443372650701, 0.8934431892195472, 0.8934432116985969, 0.8934431298954351, 0.8934440178108887, 0.8934434654231826, 0.8934421814233862, 0.8934422601650613, 0.8934420605301722, 0.8934421515765811, 0.8934421725192189, 0.8934420931562466, 0.8934423686499231, 0.8934415096702473, 0.8934409894507491, 0.8934407630469402, 0.8934409550776068, 0.8934407723245197, 0.8934406800783984, 0.8934406231020676, 0.8934410781797595, 0.8934405715435548, 0.8934398933593876, 0.893439901549741, 0.8934400986378876, 0.8934399306026256, 0.8934401159761886, 0.8934402868775753] 

Smallest VQE eingenvalue optimizer final message:
{   'aux_operators_evaluated': None,
    'cost_function_evals': 2618,
    'eigenvalue': 0.8934402868775753,
    'optimal_circuit': <qiskit.circuit.library.n_local.real_amplitudes.RealAmplitudes object at 0x00000210CE051430>,
    'optimal_parameters': {   ParameterVectorElement([4]): -1.570792968560885,
                              ParameterVectorElement([11]): -1.5662153004130261,
                              ParameterVectorElement([8]): 1.66339611872693,
                              ParameterVectorElement([6]): 4.793716532961014,
                              ParameterVectorElement([5]): -1.5707140655459233,
                              ParameterVectorElement([7]): -5.100554812109217,
                              ParameterVectorElement([10]): -1.5708417499502232,
                              ParameterVectorElement([9]): -1.5683443538629231,
                              ParameterVectorElement([3]): 1.570826601696227,
                              ParameterVectorElement([1]): 1.5996854264321985,
                              ParameterVectorElement([0]): -1.1126903296251955,
                              ParameterVectorElement([2]): -1.565086130223049},
    'optimal_point': array([-1.11269033,  1.59968543, -1.56508613,  1.5708266 , -1.57079297,
       -1.57071407,  4.79371653, -5.10055481,  1.66339612, -1.56834435,
       -1.57084175, -1.5662153 ]),
    'optimal_value': 0.8934402868775753,
    'optimizer_evals': None,
    'optimizer_result': <qiskit_algorithms.optimizers.optimizer.OptimizerResult object at 0x00000210CDE7FFE0>,
    'optimizer_time': 6.493188142776489}
                                   
q_0:  Ry([0])  Ry([6]) 
                              
q_1:  Ry([1])  X  Ry([7]) 
                         
q_2:  Ry([2])  X  Ry([8]) 
                         
q_3:  Ry([3])  X  Ry([9]) 
                        
q_4:  Ry([4])  X  Ry([10]) 
                        
q_5:  Ry([5])  X  Ry([11]) 
                             
The number of ansatz parameters is: 
 12
Line for latex table
RA r1 rl & $1\mathrm{e}{-04}$ & 91/100 &5030 & $8.9344\mathrm{e}{-01}$ & $1.8079\mathrm{e}{-03}$ & $8.9386\mathrm{e}{-01}$ & $2.2276\mathrm{e}{-03}$ & - & 00h 24m 40s\\

