RA_r1_rl
03m40s__659
1e-07
5.218048215738236e-15
2.275957200481571e-15
2.1094237467877974e-15
6.8833827526759706e-15
1.3100631690576847e-14
3.497202527569243e-15
3.169686735304822e-14
5.47728529198821e-13
1.1601830607332886e-14
3.727573805178963e-13
5.773159728050814e-15
4.9460435747050724e-14
3.497202527569243e-15
1.071365218763276e-14
2.5646151868841116e-14
1.6653345369377348e-15
4.992117830227016e-13
1.3655743202889425e-14
2.7844393457598926e-12
1.7208456881689926e-15
8.548717289613705e-15
9.880984919163893e-15
1.7319479184152442e-14
2.2926105458509483e-14
1.2020939799128882e-12
3.6637359812630166e-15
4.846123502488808e-14
7.382983113757291e-15
1.93345339738471e-13
1.2823075934420558e-14
2.942091015256665e-15
2.8188562595232725e-13
2.9976021664879227e-15
6.106226635438361e-15
4.052314039881821e-15
1.3433698597964394e-14
2.3869795029440866e-15
6.245004513516506e-14
1.4432899320127035e-15
5.1181281435219717e-14
2.4424906541753444e-15
6.38378239159465e-15
3.3861802251067274e-15
2.609024107869118e-15
3.3861802251067274e-15
1.637578961322106e-14
2.3109292257572633e-13
4.773959005888173e-15
5.551115123125783e-16
6.938893903907228e-15
8.049116928532385e-15
8.467671008816069e-13
2.3869795029440866e-15
1.638689184346731e-13
3.0941915696303113e-13
2.3869795029440866e-15
4.773959005888173e-15
3.624878175401136e-14
2.5091040356528538e-14
1.081912337497215e-13
1.7708057242771247e-14
2.907674101493285e-13
4.385380947269368e-15
4.9182879990894435e-14
5.551115123125783e-15
3.9968028886505635e-15
2.1649348980190553e-15
8.271161533457416e-15
5.329070518200751e-15
3.4416913763379853e-15
2.969846590872294e-14
4.89608353859694e-13
3.9968028886505635e-15
9.919842725025774e-14
1.162403506782539e-13
7.979172877981e-13
4.385380947269368e-15
4.551914400963142e-15
6.328271240363392e-15
7.494005416219807e-15
6.994405055138486e-14
3.4416913763379853e-15
7.37188088351104e-14
1.509903313490213e-14
2.220446049250313e-14
8.548717289613705e-15
2.7755575615628914e-15
1.176836406102666e-14
5.995204332975845e-15
9.825473767932635e-15
6.533662499919046e-14
6.156186671546493e-13
8.271161533457416e-15
5.10702591327572e-15
1.5948353748740374e-13
4.7351012000262926e-14
1.815214645262131e-14
3.9968028886505635e-15
3.275157922644212e-14
