0.17459999999999987 0.007642382351073465
0.06940000000000168 0.007025260706906213
0.20819999999999794 0.013572445910741363
1.0404000000000018 0.020998775011890587
0.41790000000000127 0.01940017523116738
0.5327999999999982 0.02045586976884631
0.3414000000000019 0.006101457858577732
4.017199999999999 0.02853897881845109
0.04440000000000133 0.005841527197574265
1.5061 0.02418739380338443
0.2110999999999965 0.006787198170084648
1.016700000000002 0.01261183273755247
0.19039999999999857 0.008956109869803955
2.2644 0.021327317318406473
0.32260000000000133 0.017368190003566847
0.3217000000000034 0.018315890942020824
0.08200000000000074 0.009640832329213093
0.3250999999999973 0.007148994125050057
0.4446000000000012 0.01974385352457822
0.10330000000000084 0.007324986894186265
1.0623999999999967 0.022954095756531123
0.15280000000000094 0.009117843166012447
0.24319999999999986 0.011615302665019107
0.21369999999999933 0.006800864577390129
0.9555999999999987 0.01583274770846804
0.2806000000000015 0.007141737883736709
0.09750000000000014 0.008069578365689256
0.32709999999999795 0.012523073544461867
1.2447000000000017 0.02237472956261146
0.07630000000000159 0.00843195250223812
0.8600000000000012 0.021020391052499476
0.266099999999998 0.010923736585985586
0.06450000000000422 0.005097631312678489
1.234099999999998 0.019983390578177676
0.08589999999999876 0.005927025476577636
2.0028000000000024 0.022222320850892246
1.572000000000001 0.02377652994025832
0.1269000000000009 0.009803802068585424
0.29710000000000036 0.01740702510482476
0.2029999999999994 0.014376445875111154
0.7871999999999986 0.02187932658927144
0.2658000000000005 0.014512809514356637
0.13309999999999889 0.009106943010692429
1.5340999999999987 0.022625349522162077
0.47689999999999877 0.016529507040441344
0.08389999999999631 0.006303094874742077
0.1678999999999995 0.012499644594947484
0.4750000000000014 0.017839349427599644
1.8290999999999986 0.025680810871154352
1.3110999999999997 0.023846531676535266
0.058400000000000674 0.004486464086560807
0.1844999999999999 0.01149202092758278
0.1670000000000016 0.008544946108665635
1.259500000000001 0.020916392208026692
0.03610000000000113 0.005943883326580353
3.3361 0.02986578515626201
0.19149999999999956 0.011662910914518765
0.23680000000000412 0.00862042829562428
0.1214999999999975 0.010854112077917722
0.27369999999999806 0.010484118799403207
0.1725000000000012 0.012802452069818481
0.995099999999999 0.012468555610013534
0.050400000000001555 0.0058963398816554305
1.075899999999999 0.022839860003949244
0.029200000000001225 0.004299834415416408
1.4770000000000039 0.02389727474002005
0.10400000000000276 0.010794853218085002
0.7926000000000002 0.020739799324005027
0.2602999999999991 0.0073604758677683615
0.502699999999999 0.011865451487406642
0.1897999999999982 0.013725268376246763
0.7774999999999981 0.022048960678453768
0.120000000000001 0.0055562440551149145
0.6958000000000002 0.019669524142693424
0.6109000000000044 0.008889935939026804
0.7858999999999963 0.022380287554006107
0.44310000000000116 0.01850310371262075
0.013600000000000279 0.0031607771196337105
0.3099000000000025 0.01502358595675481
0.030199999999998894 0.006220624405957951
0.5217000000000009 0.01976226305360801
2.0079000000000047 0.02401121590007469
0.41440000000000055 0.016585714937861443
0.05220000000000091 0.006429515378315833
0.0694999999999979 0.0031923084124188014
3.6392000000000007 0.029990970241057565
0.4679000000000002 0.015091116492824507
0.24809999999999732 0.014342312609896655
0.055099999999997706 0.005728839585814903
0.20020000000000415 0.009639929252852448
0.09080000000000155 0.007792844410098259
0.11320000000000086 0.009555866051802957
0.08220000000000205 0.009336853859839536
0.198699999999997 0.014272407120034093
0.5275999999999996 0.020340252210825693
0.19800000000000217 0.013194641639696037
0.07880000000000109 0.009165000163666103
0.0813000000000006 0.010188136973951614
2.5913000000000004 0.021927404155531058
3.2566999999999986 0.027872895561817768
