With Shot Noise
02/11/2024 04:19:52 

VQEr_100_shots_10000_COBYLA_maxIter_10000_tol_1e-08_RA_r1_rl 

Reference value: 0.0000000000e+00 

Number of pauli strings:  32
Qubits:  6
VQE runs:  100
Optimizer:  COBYLA
Max iterations:  10000
Optimizers's tolerance:  1e-08
Ansatz:  RA_r1_rl 

All run converged!!!
Number of iterations for each converged VQE run:
[264, 255, 263, 264, 264, 267, 307, 204, 276, 208, 250, 272, 234, 257, 245, 269, 283, 247, 304, 248, 231, 259, 253, 292, 252, 270, 296, 275, 224, 293, 226, 244, 298, 333, 266, 282, 225, 269, 258, 255, 281, 253, 249, 244, 301, 265, 228, 236, 253, 258, 243, 302, 258, 225, 282, 235, 238, 281, 269, 258, 257, 275, 285, 228, 229, 256, 241, 261, 328, 252, 271, 209, 263, 257, 253, 284, 260, 376, 202, 255, 311, 240, 249, 242, 255, 234, 273, 236, 293, 301, 289, 269, 296, 300, 275, 209, 271, 247, 265, 216] 

Average iterations of converged run:
262 

VQE eigenvalues:
[0.17459999999999987, 0.06940000000000168, 0.20819999999999794, 1.0404000000000018, 0.41790000000000127, 0.5327999999999982, 0.3414000000000019, 4.017199999999999, 0.04440000000000133, 1.5061, 0.2110999999999965, 1.016700000000002, 0.19039999999999857, 2.2644, 0.32260000000000133, 0.3217000000000034, 0.08200000000000074, 0.3250999999999973, 0.4446000000000012, 0.10330000000000084, 1.0623999999999967, 0.15280000000000094, 0.24319999999999986, 0.21369999999999933, 0.9555999999999987, 0.2806000000000015, 0.09750000000000014, 0.32709999999999795, 1.2447000000000017, 0.07630000000000159, 0.8600000000000012, 0.266099999999998, 0.06450000000000422, 1.234099999999998, 0.08589999999999876, 2.0028000000000024, 1.572000000000001, 0.1269000000000009, 0.29710000000000036, 0.2029999999999994, 0.7871999999999986, 0.2658000000000005, 0.13309999999999889, 1.5340999999999987, 0.47689999999999877, 0.08389999999999631, 0.1678999999999995, 0.4750000000000014, 1.8290999999999986, 1.3110999999999997, 0.058400000000000674, 0.1844999999999999, 0.1670000000000016, 1.259500000000001, 0.03610000000000113, 3.3361, 0.19149999999999956, 0.23680000000000412, 0.1214999999999975, 0.27369999999999806, 0.1725000000000012, 0.995099999999999, 0.050400000000001555, 1.075899999999999, 0.029200000000001225, 1.4770000000000039, 0.10400000000000276, 0.7926000000000002, 0.2602999999999991, 0.502699999999999, 0.1897999999999982, 0.7774999999999981, 0.120000000000001, 0.6958000000000002, 0.6109000000000044, 0.7858999999999963, 0.44310000000000116, 0.013600000000000279, 0.3099000000000025, 0.030199999999998894, 0.5217000000000009, 2.0079000000000047, 0.41440000000000055, 0.05220000000000091, 0.0694999999999979, 3.6392000000000007, 0.4679000000000002, 0.24809999999999732, 0.055099999999997706, 0.20020000000000415, 0.09080000000000155, 0.11320000000000086, 0.08220000000000205, 0.198699999999997, 0.5275999999999996, 0.19800000000000217, 0.07880000000000109, 0.0813000000000006, 2.5913000000000004, 3.2566999999999986] 

VQE eigenvalues standard deviation:
[0.007642382351073465, 0.007025260706906213, 0.013572445910741363, 0.020998775011890587, 0.01940017523116738, 0.02045586976884631, 0.006101457858577732, 0.02853897881845109, 0.005841527197574265, 0.02418739380338443, 0.006787198170084648, 0.01261183273755247, 0.008956109869803955, 0.021327317318406473, 0.017368190003566847, 0.018315890942020824, 0.009640832329213093, 0.007148994125050057, 0.01974385352457822, 0.007324986894186265, 0.022954095756531123, 0.009117843166012447, 0.011615302665019107, 0.006800864577390129, 0.01583274770846804, 0.007141737883736709, 0.008069578365689256, 0.012523073544461867, 0.02237472956261146, 0.00843195250223812, 0.021020391052499476, 0.010923736585985586, 0.005097631312678489, 0.019983390578177676, 0.005927025476577636, 0.022222320850892246, 0.02377652994025832, 0.009803802068585424, 0.01740702510482476, 0.014376445875111154, 0.02187932658927144, 0.014512809514356637, 0.009106943010692429, 0.022625349522162077, 0.016529507040441344, 0.006303094874742077, 0.012499644594947484, 0.017839349427599644, 0.025680810871154352, 0.023846531676535266, 0.004486464086560807, 0.01149202092758278, 0.008544946108665635, 0.020916392208026692, 0.005943883326580353, 0.02986578515626201, 0.011662910914518765, 0.00862042829562428, 0.010854112077917722, 0.010484118799403207, 0.012802452069818481, 0.012468555610013534, 0.0058963398816554305, 0.022839860003949244, 0.004299834415416408, 0.02389727474002005, 0.010794853218085002, 0.020739799324005027, 0.0073604758677683615, 0.011865451487406642, 0.013725268376246763, 0.022048960678453768, 0.0055562440551149145, 0.019669524142693424, 0.008889935939026804, 0.022380287554006107, 0.01850310371262075, 0.0031607771196337105, 0.01502358595675481, 0.006220624405957951, 0.01976226305360801, 0.02401121590007469, 0.016585714937861443, 0.006429515378315833, 0.0031923084124188014, 0.029990970241057565, 0.015091116492824507, 0.014342312609896655, 0.005728839585814903, 0.009639929252852448, 0.007792844410098259, 0.009555866051802957, 0.009336853859839536, 0.014272407120034093, 0.020340252210825693, 0.013194641639696037, 0.009165000163666103, 0.010188136973951614, 0.021927404155531058, 0.027872895561817768] 

Median VQE eigenvalues:
0.26989999999999803 

Min eigenvalue after 100 VQE steps on Aer qasm simulator: 1.36000e-02
Delta from reference energy value is 1.36000e-02 

Optimizer history of the smallest VQE eigenvalue:
[24.117400000000004, 24.248, 23.3052, 23.7654, 21.370800000000003, 21.3841, 23.126800000000003, 21.778200000000002, 22.05, 21.5518, 19.7773, 19.2091, 19.0014, 15.899700000000001, 15.0472, 13.9878, 13.6222, 13.382, 15.2865, 13.6664, 15.558, 14.1399, 16.8157, 13.6403, 13.9732, 11.130799999999999, 7.5668, 9.984000000000002, 7.954199999999998, 9.2841, 7.891799999999999, 7.9087, 7.7677, 7.4305, 7.9187, 6.717200000000002, 6.206700000000001, 6.366999999999999, 5.753800000000002, 6.024600000000001, 6.273400000000002, 6.326400000000001, 5.388199999999999, 5.363299999999999, 5.5245, 5.471299999999999, 5.2963000000000005, 5.637800000000004, 5.403099999999997, 5.192500000000001, 5.247299999999999, 4.848799999999999, 5.256500000000001, 5.1098, 4.453199999999999, 4.285199999999998, 4.3492000000000015, 4.1342, 4.358499999999999, 4.087199999999999, 4.018800000000001, 3.8867999999999974, 4.181700000000003, 3.817700000000004, 3.833500000000001, 3.9048000000000016, 3.6180000000000003, 3.694600000000001, 3.607300000000002, 3.6045999999999996, 3.5745000000000022, 3.3924999999999983, 3.3223000000000003, 3.344000000000001, 3.4395000000000007, 3.4055, 3.3493999999999975, 3.3859000000000012, 3.179400000000001, 3.4804999999999975, 3.3531999999999975, 3.2049999999999983, 3.2847000000000026, 3.308600000000002, 3.285499999999997, 3.2166999999999977, 3.2825000000000006, 3.1941999999999986, 3.128999999999998, 3.181099999999999, 3.148900000000001, 3.1448, 3.225100000000001, 3.162300000000002, 3.128199999999998, 3.1484000000000005, 3.1136000000000017, 3.1237000000000013, 3.0906000000000002, 3.09, 3.1412999999999975, 3.0908000000000015, 3.056499999999998, 3.0570000000000004, 3.038499999999999, 2.960099999999999, 2.8455999999999992, 2.8335000000000026, 2.8848000000000003, 2.769800000000002, 2.7973, 2.815400000000002, 2.839000000000002, 2.8256999999999994, 2.8884999999999987, 2.8324, 2.772300000000003, 2.7688999999999986, 2.8110000000000035, 2.8200999999999965, 2.7415000000000003, 2.6601000000000017, 2.6769, 2.6377999999999986, 2.6105, 2.6344999999999974, 2.5983, 2.585700000000001, 2.600999999999999, 2.595299999999998, 2.5115, 2.5157000000000007, 2.6346000000000007, 2.396900000000004, 2.303900000000004, 2.2677999999999994, 2.315699999999998, 2.3162000000000003, 2.257200000000001, 2.292, 2.3101000000000003, 2.2340000000000018, 2.2294, 2.0794999999999995, 2.1565999999999974, 2.178199999999997, 2.1351000000000013, 2.123899999999999, 1.9363000000000028, 1.8762999999999987, 1.9031000000000002, 1.934800000000001, 1.8751000000000033, 1.7294000000000018, 1.632900000000003, 1.6161999999999992, 1.6492000000000004, 1.488699999999998, 1.372399999999999, 1.4210000000000012, 1.3276000000000003, 1.2345000000000006, 1.2169000000000025, 1.2569, 1.0206999999999997, 0.9631000000000025, 0.889800000000001, 0.9997999999999987, 0.8553999999999977, 0.8000999999999969, 0.7929999999999993, 0.7263000000000002, 0.7187999999999999, 0.6290999999999976, 0.6439000000000004, 0.6601999999999979, 0.6981999999999999, 0.6881000000000004, 0.5444999999999975, 0.4482000000000035, 0.4580999999999982, 0.48339999999999606, 0.4761000000000024, 0.4320000000000004, 0.4444999999999979, 0.4829000000000008, 0.3800000000000008, 0.39140000000000086, 0.3807000000000009, 0.23719999999999963, 0.20059999999999967, 0.23070000000000057, 0.2038999999999973, 0.2339999999999982, 0.22889999999999944, 0.2016000000000009, 0.13360000000000127, 0.1576999999999984, 0.12840000000000096, 0.16469999999999985, 0.15670000000000073, 0.15439999999999898, 0.16029999999999944, 0.0824999999999978, 0.09980000000000011, 0.10680000000000156, 0.08269999999999911, 0.07869999999999777, 0.05760000000000076, 0.04420000000000179, 0.0536000000000012, 0.09599999999999653, 0.0984000000000016, 0.05799999999999983, 0.06729999999999947, 0.032799999999998164, 0.056499999999997996, 0.06139999999999901, 0.04140000000000299, 0.09120000000000061, 0.019700000000000273, 0.031000000000000583, 0.027999999999998693, 0.044299999999999784, 0.016899999999999693, 0.031099999999998573, 0.056499999999997996, 0.026099999999999568, 0.02999999999999936, 0.0254000000000012, 0.015799999999998704, 0.011100000000000776, 0.01640000000000441, 0.017799999999999372, 0.01570000000000249, 0.02430000000000021, 0.01159999999999961, 0.015399999999999636, 0.012699999999998823, 0.014499999999999957, 0.015000000000000568, 0.017400000000000304, 0.020600000000001728, 0.019699999999998496, 0.017599999999999838, 0.012000000000002231, 0.018400000000001526, 0.023699999999999832, 0.01600000000000179, 0.01600000000000179, 0.016699999999996606, 0.019000000000001904, 0.016699999999996606, 0.02880000000000038, 0.012199999999999989, 0.020600000000001728, 0.010600000000001941, 0.025000000000000355, 0.009500000000004505, 0.021800000000000708, 0.02069999999999972, 0.017499999999998295, 0.018399999999996197, 0.018500000000001293, 0.020299999999997098, 0.012500000000001066, 0.017300000000002314, 0.01880000000000237, 0.018700000000000827, 0.018800000000000594, 0.0218999999999987, 0.013299999999999201, 0.01789999999999914, 0.019400000000000972, 0.021800000000000708, 0.021999999999998465, 0.023999999999999133, 0.020500000000005514, 0.016099999999998005, 0.02479999999999727, 0.013099999999997891, 0.019000000000000128, 0.02829999999999977, 0.01359999999999495, 0.023600000000003618, 0.016699999999998383, 0.024900000000002365, 0.023900000000001143, 0.023099999999999454, 0.014200000000000657, 0.017499999999998295, 0.016099999999998005, 0.015000000000002345, 0.017900000000000915, 0.017599999999999838, 0.022299999999999542, 0.025500000000000966, 0.026100000000001344, 0.018599999999999284, 0.019199999999999662, 0.023800000000001376, 0.015900000000000247, 0.019600000000000506, 0.015100000000000335, 0.01290000000000191, 0.01750000000000007, 0.017600000000001614, 0.02210000000000356, 0.018599999999999284, 0.01640000000000086, 0.019900000000001583, 0.027999999999998693, 0.017199999999997218, 0.01860000000000106, 0.023999999999997357, 0.02020000000000266, 0.013100000000001444, 0.010900000000001242, 0.023600000000000065, 0.015700000000000713, 0.01840000000000508, 0.019899999999999807, 0.01890000000000036, 0.014900000000000801, 0.013099999999999667, 0.01559999999999917, 0.026300000000000878, 0.014499999999999957, 0.02270000000000394, 0.021200000000003882, 0.014399999999998414, 0.019000000000000128, 0.013899999999997803, 0.022299999999999542, 0.02500000000000213, 0.014099999999999113, 0.022000000000002018, 0.019800000000001816, 0.018900000000002137, 0.02420000000000222, 0.022299999999999542, 0.031500000000001194, 0.023499999999998522, 0.014700000000001268, 0.01690000000000147, 0.011200000000000543, 0.01890000000000036, 0.017999999999998906, 0.020100000000001117, 0.022499999999995524, 0.02130000000000365, 0.025299999999999656, 0.017399999999998528, 0.021399999999994535, 0.01649999999999885, 0.012800000000000367, 0.023099999999999454, 0.020100000000001117, 0.023899999999999366, 0.02210000000000001, 0.016400000000002635, 0.013199999999999434, 0.013600000000000279, 0.01750000000000007, 0.022699999999996834, 0.02179999999999893, 0.013699999999998269, 0.02039999999999864, 0.01550000000000118, 0.024499999999999744, 0.012399999999997746, 0.017099999999999227, 0.020299999999998875, 0.015199999999998326, 0.025200000000001666, 0.013600000000000279] 

Optimizer history of the smallest VQE eigenvalue standard deviation:
[0.05945024992378081, 0.05909066958496917, 0.057700976074933075, 0.053036660905452934, 0.07050163419382562, 0.07049558965637495, 0.06117628275729083, 0.06888180180570191, 0.06844856790320744, 0.07032670133029133, 0.07225505234237949, 0.07567597168850888, 0.07508733967853701, 0.08254748524940053, 0.08702108824876874, 0.08702673635153739, 0.08646891251773668, 0.08692760647803437, 0.08640644226560887, 0.0873653056310112, 0.08741758477560449, 0.0875822388101606, 0.08527174187853793, 0.08710049367827946, 0.0875594634976711, 0.08094591750051389, 0.05998025765199746, 0.07748728770579082, 0.06275393151030459, 0.0711205297997702, 0.06139004922623861, 0.06733812585007098, 0.06348754322699848, 0.058768393963081894, 0.05780307010012531, 0.051417182536580126, 0.04627108815448368, 0.04894251820247913, 0.044509476204511775, 0.049063985651392, 0.05151819635818009, 0.04917829700182794, 0.04094625125698322, 0.04099129089209073, 0.0415905658653498, 0.04048786730614493, 0.04089868864645907, 0.045215074212036854, 0.04138464182519887, 0.043666372771275615, 0.0438504416967492, 0.0392521142870037, 0.04425126910044502, 0.04292657554476014, 0.0355900783365252, 0.0335928500130608, 0.03513017011060437, 0.03273345432428419, 0.03786167910962217, 0.031706380935073615, 0.03175911875351708, 0.02887093050111132, 0.0316878577218467, 0.0263321669256444, 0.025308135865764598, 0.028314032351468423, 0.02563625386049999, 0.02747312723371695, 0.024099398602454802, 0.026938172915028966, 0.0268643586001974, 0.02504988684605183, 0.02535644038503829, 0.024705159137313804, 0.026398925072813103, 0.026486566538530446, 0.026162010014522962, 0.0242945905707423, 0.02721551630963484, 0.032465881244777575, 0.029459642496133587, 0.027771291507598276, 0.02926475468887446, 0.02882678781966525, 0.0274413664565014, 0.028996346304319087, 0.028893825032349028, 0.026149420031809496, 0.025712299624887684, 0.025690755010314505, 0.02702634705245975, 0.026027808052158364, 0.02515323197921094, 0.02610691481198036, 0.026036664302479293, 0.02619473504351589, 0.0269701833883272, 0.02738097027133992, 0.02692702701747819, 0.027225539627342567, 0.027811812292621276, 0.02750310709719903, 0.02844657629663014, 0.027606272113416534, 0.028645905937847396, 0.028783702941074137, 0.02879919887774658, 0.028796733165413063, 0.030390760569620492, 0.028904217616119627, 0.029389243559506607, 0.029012701563280868, 0.030675408652534684, 0.029515236861661815, 0.029841003418115825, 0.029406797921569097, 0.02867908187163598, 0.028268855671922777, 0.028299532787662778, 0.028009195579309313, 0.027348961461086594, 0.02786813630295359, 0.027785051970439085, 0.027636396726056743, 0.028783597499270307, 0.028882929681734153, 0.028806920609464663, 0.028665056340429537, 0.02939401136286099, 0.028593748250273186, 0.029828041957191895, 0.03130525759357364, 0.030800530644779483, 0.028984158173043412, 0.027876628400866556, 0.02867889174985672, 0.029129978527283527, 0.02890199384125601, 0.028523668347532026, 0.0283432468147176, 0.028371018645794163, 0.028215333065551428, 0.027984913650036504, 0.027810834201799854, 0.02832576840970075, 0.028324341333912772, 0.030211369035513767, 0.028178841938589307, 0.026640393108961435, 0.026352145548323002, 0.02649444773910187, 0.02675017622371862, 0.02649481128447607, 0.025679380366356204, 0.025531186439333376, 0.026245300684122477, 0.02572305269597681, 0.025432208614274945, 0.025430440106297816, 0.02783329502592175, 0.02481074315694717, 0.024612620969738278, 0.024425444131069556, 0.02518249663953118, 0.022278277334659435, 0.022437523459597777, 0.02250806539887425, 0.025616658408153088, 0.02207085009690383, 0.021108085204489768, 0.021402205306930416, 0.021013052919554548, 0.021539721818073707, 0.019468677844168066, 0.020809367914475442, 0.020250876919284275, 0.021320955513297244, 0.021608011037575852, 0.01757708055963787, 0.016190635812098286, 0.015604377302539175, 0.016924053060658948, 0.017202719755899088, 0.015779771481235064, 0.015044611360882669, 0.01716169831339545, 0.014293325995023011, 0.014864734642771122, 0.015066504139978882, 0.011777285595586086, 0.010971582930461755, 0.012518094223962394, 0.011617961912487052, 0.012308033799108642, 0.01346214845409157, 0.011273114742607764, 0.00885228919545675, 0.010019410611408227, 0.008471972615630902, 0.010912161060028418, 0.00942691428835544, 0.011296803972805776, 0.009648492991135965, 0.006919030784726993, 0.007765656958686738, 0.00790785482921881, 0.0073450601767446515, 0.00659073387415999, 0.006861062891418497, 0.006156705287733041, 0.0069912493876273995, 0.011353233900523679, 0.010581474188410636, 0.006353288282456536, 0.007786644656076155, 0.004793173061761926, 0.00715564315767636, 0.007775834874789945, 0.005626571247216162, 0.009674600146776083, 0.003468451960168967, 0.006299417433382223, 0.004097299598515996, 0.006422323644912343, 0.0035881511952535914, 0.005527678988508711, 0.007591429970697195, 0.004883047921124671, 0.0048098078963716775, 0.004520183624588767, 0.003222348212096259, 0.0030105526070805006, 0.0031564841200297723, 0.0038891891185696354, 0.0032019480008269848, 0.004235238718183346, 0.00276647284461636, 0.0029605776463386244, 0.003043233313434868, 0.0032432476007853584, 0.0031059710236896903, 0.003731764194050757, 0.004145001809408564, 0.004063579825720221, 0.0033528000238606695, 0.0029479898235916465, 0.003805710446158417, 0.004054467042657994, 0.0037269263475416627, 0.003513607832413854, 0.003465952250103836, 0.003970515331792648, 0.0034921459018775114, 0.005129033047271151, 0.002725928832526614, 0.0039086473363555505, 0.002610249030265117, 0.004341402538350863, 0.0024706029628412474, 0.004088848248590239, 0.003907134627831472, 0.003494782253588897, 0.0038370332289412467, 0.0036642408490709043, 0.004114712748175786, 0.0029869179767780356, 0.0035433821414010665, 0.0037256199484112713, 0.004093446347517017, 0.0034465948412890288, 0.0041866247742065954, 0.002932368837646472, 0.003697516328564327, 0.0040379549279307555, 0.004289306237610043, 0.00420701129069085, 0.004489613791853393, 0.003993947796353794, 0.0033607042416731615, 0.004288754131446479, 0.0028706412175679734, 0.003852621964324984, 0.0050156872908904224, 0.003135538231308943, 0.004388233357514194, 0.003789126152558168, 0.004456851242749783, 0.0045744688216229415, 0.004240702654042055, 0.0031348811779714713, 0.0036464288008954044, 0.0032207913623828496, 0.003118498356581247, 0.0038828192077407413, 0.003909948337254654, 0.0041719205409498535, 0.004694957827286652, 0.004806084997167699, 0.0038425835059240133, 0.0038292902736668257, 0.004406393536669221, 0.003192988098944305, 0.0040943058019645125, 0.0032114481157259783, 0.00285652603698971, 0.0036926300924949736, 0.0037371117189614867, 0.004101948439461356, 0.003624986620664938, 0.003609527392886703, 0.0039285573688059424, 0.004843963253370131, 0.003683128018410365, 0.003919622941049364, 0.004449101931850986, 0.0041498616844420555, 0.0028461705851898812, 0.002836008638914879, 0.004232378054947291, 0.0035351598266555456, 0.0038242677730513717, 0.003915606594130635, 0.0038771733260197817, 0.0035099149562346226, 0.0029152421854796336, 0.0033327922227465584, 0.004588633674635651, 0.003218294424069962, 0.004322648378020152, 0.004019720885832678, 0.0033926614921031065, 0.003826706155429154, 0.0033647236142065593, 0.004417273480327001, 0.0046470902724178005, 0.0031718087899493576, 0.004247335164547326, 0.0037893572014261172, 0.003654249991448312, 0.004433459146084497, 0.004114189470600431, 0.0051465342707495716, 0.004280452195738115, 0.0029859887809568476, 0.003799824601215222, 0.0028449583476739724, 0.0038746771478407466, 0.003603349552846601, 0.004087929426983827, 0.004302276955287794, 0.004217746910377658, 0.004534382758435841, 0.003718272717270676, 0.004193085737258455, 0.0033458010998862414, 0.003297489954495581, 0.0044820012271306045, 0.003976175926691285, 0.004617798501450689, 0.00394751504113662, 0.003435991268906236, 0.0033153473422854627, 0.003357370399583477, 0.00404941366126016, 0.004299444499002196, 0.004352193010425917, 0.003068838705438886, 0.004034869514618695, 0.00361360166592824, 0.004561156322688382, 0.0029752673829422116, 0.003580204044464404, 0.004060731338071913, 0.0032750609154639843, 0.004371202122986219, 0.0031607771196337105] 

Smallest VQE eingenvalue optimizer final message:
{   'aux_operators_evaluated': None,
    'cost_function_evals': 376,
    'eigenvalue': 0.013600000000000279,
    'optimal_circuit': <qiskit.circuit.library.n_local.real_amplitudes.RealAmplitudes object at 0x000001FDB75828A0>,
    'optimal_parameters': {   ParameterVectorElement(θ[0]): -3.061441843993812,
                              ParameterVectorElement(θ[1]): -0.012563641092529684,
                              ParameterVectorElement(θ[2]): 0.02418838988582338,
                              ParameterVectorElement(θ[3]): 6.307227588759906,
                              ParameterVectorElement(θ[4]): 3.156364737175683,
                              ParameterVectorElement(θ[5]): 0.16136520454818357,
                              ParameterVectorElement(θ[6]): -3.14873509345036,
                              ParameterVectorElement(θ[7]): -3.1703626520015575,
                              ParameterVectorElement(θ[8]): 0.01934140547234286,
                              ParameterVectorElement(θ[9]): 0.05940784053374937,
                              ParameterVectorElement(θ[10]): 3.130584311075114,
                              ParameterVectorElement(θ[11]): 0.20972842494852173},
    'optimal_point': array([-3.06144184, -0.01256364,  0.02418839,  6.30722759,  3.15636474,
        0.1613652 , -3.14873509, -3.17036265,  0.01934141,  0.05940784,
        3.13058431,  0.20972842]),
    'optimal_value': 0.013600000000000279,
    'optimizer_evals': None,
    'optimizer_result': <qiskit_algorithms.optimizers.optimizer.OptimizerResult object at 0x000001FDB765B350>,
    'optimizer_time': 36.513718128204346}
     ┌──────────┐ ░                           ░  ┌──────────┐
q_0: ┤ Ry(θ[0]) ├─░───────────────────────■───░──┤ Ry(θ[6]) ├
     ├──────────┤ ░                     ┌─┴─┐ ░  ├──────────┤
q_1: ┤ Ry(θ[1]) ├─░──────────────────■──┤ X ├─░──┤ Ry(θ[7]) ├
     ├──────────┤ ░                ┌─┴─┐└───┘ ░  ├──────────┤
q_2: ┤ Ry(θ[2]) ├─░─────────────■──┤ X ├──────░──┤ Ry(θ[8]) ├
     ├──────────┤ ░           ┌─┴─┐└───┘      ░  ├──────────┤
q_3: ┤ Ry(θ[3]) ├─░────────■──┤ X ├───────────░──┤ Ry(θ[9]) ├
     ├──────────┤ ░      ┌─┴─┐└───┘           ░ ┌┴──────────┤
q_4: ┤ Ry(θ[4]) ├─░───■──┤ X ├────────────────░─┤ Ry(θ[10]) ├
     ├──────────┤ ░ ┌─┴─┐└───┘                ░ ├───────────┤
q_5: ┤ Ry(θ[5]) ├─░─┤ X ├─────────────────────░─┤ Ry(θ[11]) ├
     └──────────┘ ░ └───┘                     ░ └───────────┘
The number of ansatz parameters is: 
 12
Line for latex table
RA r1 rl & $1\mathrm{e}{-08}$ & 10000 & 100/100 &262 & $1.36\mathrm{e}{-02}$ & $3.1608\mathrm{e}{-03}$ & $1.36\mathrm{e}{-02}$ & $2.699\mathrm{e}{-01}$ & $2.699\mathrm{e}{-01}$ & - & 00h 41m 40s\\

