2.3180999999999994 0.020637570472320628
0.3166000000000011 0.01794389924180361
1.1042000000000005 0.01148981775312386
0.038899999999999935 0.005120057519208093
0.4214000000000002 0.018270670266851193
0.4096999999999973 0.015414852286025958
1.5935999999999968 0.02463984585990749
0.06630000000000003 0.0067557363033203
0.1888000000000023 0.014566387609836577
0.16049999999999898 0.007847499920356774
1.1991999999999994 0.02027794289369608
0.13810000000000144 0.010458764028316159
0.19539999999999935 0.006814167007052292
0.0887999999999991 0.005173281357127225
4.697700000000001 0.033046215774275876
0.5115999999999996 0.020457053160218352
1.2828999999999997 0.020075031183039292
0.2772000000000041 0.013613189633586993
0.09160000000000146 0.009267409562547683
0.8975999999999971 0.022527770062747008
0.07510000000000083 0.007031681946732209
0.07920000000000016 0.009661992962117113
0.6258000000000035 0.019057061158531247
0.8286999999999995 0.015338763281307906
0.45280000000000165 0.012743977087236126
3.2254999999999985 0.027208016226840222
1.5023999999999997 0.02497283716360639
1.643500000000003 0.023078047209415285
2.1503999999999994 0.01502178484734754
0.2568000000000019 0.015147009209741713
0.2815000000000012 0.011207941604059147
0.23180000000000156 0.014660822623577452
0.19089999999999918 0.01461224140917471
0.02430000000000021 0.005221742525249611
0.1631999999999998 0.010245246702739748
4.271699999999999 0.029640785094190738
1.1349 0.014381054168592795
0.023099999999999454 0.003050052950360032
0.13710000000000022 0.007282452540181729
0.05499999999999616 0.006785349512000083
0.08930000000000149 0.010405779019371893
0.2795000000000005 0.00971211660761957
0.090799999999998 0.004451518841923492
1.8333999999999993 0.02738456682147811
1.644400000000001 0.023169906171583873
1.5862000000000016 0.02096061411314086
0.8520000000000039 0.019683431611383216
3.3016000000000005 0.029106840501847687
3.191799999999999 0.026376030482238976
1.4335999999999984 0.020437282402511338
0.07979999999999876 0.006802752972142989
2.5260999999999996 0.0289645908136124
0.27039999999999864 0.009798024698887013
0.020800000000001262 0.004772385147910832
0.5231999999999992 0.02025341274946027
0.19539999999999935 0.014641623817049802
0.10569999999999524 0.01023420055500184
0.24710000000000143 0.014317867683422705
0.31679999999999886 0.015559437779045868
1.3467000000000002 0.015073847385455379
0.36739999999999995 0.015995819203779446
0.05120000000000324 0.005274595719104952
0.3837000000000046 0.01476189354385134
1.531600000000001 0.018544503767963176
2.303699999999999 0.01714017733280493
0.16910000000000025 0.005524167358073012
0.16030000000000122 0.010935733948848612
0.26929999999999943 0.014115856934667473
1.5970999999999975 0.023612160235776822
0.39669999999999916 0.017376174061052692
0.02260000000000062 0.0044168432165971674
0.33859999999999957 0.01843427047647941
0.012099999999996669 0.002670916883768564
0.013700000000003598 0.003324733823932371
0.13979999999999926 0.012445264159510638
3.2006999999999977 0.04082166340314908
0.2683 0.011340097486353446
0.6864999999999988 0.02168681002360651
3.1041000000000007 0.029809608669018103
0.12959999999999816 0.009688739856142277
0.40899999999999714 0.01960823826864619
0.07660000000000444 0.00667093456721016
0.18140000000000356 0.01385535853018609
0.42579999999999885 0.010110685832326103
0.24559999999999782 0.0076537906948125995
0.23210000000000264 0.015619209743133628
0.17359999999999864 0.010615364525064615
0.21379999999999733 0.014553523009910687
0.0823999999999998 0.009821579710005914
0.17100000000000293 0.012024362602649653
0.09879999999999889 0.009579413551987407
0.3379999999999992 0.011140581313378594
1.572700000000001 0.020581914075226325
0.5649999999999977 0.014026902722981991
0.03229999999999933 0.005737342328988214
0.279300000000001 0.016681034889958094
0.04109999999999836 0.005920943083664992
0.09930000000000305 0.008764226320674287
0.5757999999999974 0.02011395714423195
0.9192 0.021138018639408937
