With Shot Noise
02/11/2024 01:51:45 

VQEr_100_shots_10000_COBYLA_maxIter_10000_tol_1e-04_RA_r1_rl 

Reference value: 0.0000000000e+00 

Number of pauli strings:  32
Qubits:  6
VQE runs:  100
Optimizer:  COBYLA
Max iterations:  10000
Optimizers's tolerance:  1e-04
Ansatz:  RA_r1_rl 

All run converged!!!
Number of iterations for each converged VQE run:
[196, 207, 164, 153, 166, 182, 137, 211, 186, 208, 138, 169, 214, 202, 135, 168, 215, 187, 246, 177, 162, 190, 223, 210, 153, 134, 152, 190, 156, 185, 201, 187, 208, 193, 173, 146, 233, 254, 164, 173, 195, 235, 181, 116, 172, 161, 169, 157, 149, 158, 179, 164, 186, 155, 179, 261, 205, 181, 129, 169, 182, 165, 146, 155, 164, 262, 171, 187, 173, 169, 166, 188, 180, 194, 167, 104, 143, 159, 128, 200, 191, 185, 176, 185, 200, 222, 163, 210, 244, 156, 200, 145, 146, 183, 205, 165, 263, 193, 176, 221] 

Average iterations of converged run:
181 

VQE eigenvalues:
[2.3180999999999994, 0.3166000000000011, 1.1042000000000005, 0.038899999999999935, 0.4214000000000002, 0.4096999999999973, 1.5935999999999968, 0.06630000000000003, 0.1888000000000023, 0.16049999999999898, 1.1991999999999994, 0.13810000000000144, 0.19539999999999935, 0.0887999999999991, 4.697700000000001, 0.5115999999999996, 1.2828999999999997, 0.2772000000000041, 0.09160000000000146, 0.8975999999999971, 0.07510000000000083, 0.07920000000000016, 0.6258000000000035, 0.8286999999999995, 0.45280000000000165, 3.2254999999999985, 1.5023999999999997, 1.643500000000003, 2.1503999999999994, 0.2568000000000019, 0.2815000000000012, 0.23180000000000156, 0.19089999999999918, 0.02430000000000021, 0.1631999999999998, 4.271699999999999, 1.1349, 0.023099999999999454, 0.13710000000000022, 0.05499999999999616, 0.08930000000000149, 0.2795000000000005, 0.090799999999998, 1.8333999999999993, 1.644400000000001, 1.5862000000000016, 0.8520000000000039, 3.3016000000000005, 3.191799999999999, 1.4335999999999984, 0.07979999999999876, 2.5260999999999996, 0.27039999999999864, 0.020800000000001262, 0.5231999999999992, 0.19539999999999935, 0.10569999999999524, 0.24710000000000143, 0.31679999999999886, 1.3467000000000002, 0.36739999999999995, 0.05120000000000324, 0.3837000000000046, 1.531600000000001, 2.303699999999999, 0.16910000000000025, 0.16030000000000122, 0.26929999999999943, 1.5970999999999975, 0.39669999999999916, 0.02260000000000062, 0.33859999999999957, 0.012099999999996669, 0.013700000000003598, 0.13979999999999926, 3.2006999999999977, 0.2683, 0.6864999999999988, 3.1041000000000007, 0.12959999999999816, 0.40899999999999714, 0.07660000000000444, 0.18140000000000356, 0.42579999999999885, 0.24559999999999782, 0.23210000000000264, 0.17359999999999864, 0.21379999999999733, 0.0823999999999998, 0.17100000000000293, 0.09879999999999889, 0.3379999999999992, 1.572700000000001, 0.5649999999999977, 0.03229999999999933, 0.279300000000001, 0.04109999999999836, 0.09930000000000305, 0.5757999999999974, 0.9192] 

VQE eigenvalues standard deviation:
[0.020637570472320628, 0.01794389924180361, 0.01148981775312386, 0.005120057519208093, 0.018270670266851193, 0.015414852286025958, 0.02463984585990749, 0.0067557363033203, 0.014566387609836577, 0.007847499920356774, 0.02027794289369608, 0.010458764028316159, 0.006814167007052292, 0.005173281357127225, 0.033046215774275876, 0.020457053160218352, 0.020075031183039292, 0.013613189633586993, 0.009267409562547683, 0.022527770062747008, 0.007031681946732209, 0.009661992962117113, 0.019057061158531247, 0.015338763281307906, 0.012743977087236126, 0.027208016226840222, 0.02497283716360639, 0.023078047209415285, 0.01502178484734754, 0.015147009209741713, 0.011207941604059147, 0.014660822623577452, 0.01461224140917471, 0.005221742525249611, 0.010245246702739748, 0.029640785094190738, 0.014381054168592795, 0.003050052950360032, 0.007282452540181729, 0.006785349512000083, 0.010405779019371893, 0.00971211660761957, 0.004451518841923492, 0.02738456682147811, 0.023169906171583873, 0.02096061411314086, 0.019683431611383216, 0.029106840501847687, 0.026376030482238976, 0.020437282402511338, 0.006802752972142989, 0.0289645908136124, 0.009798024698887013, 0.004772385147910832, 0.02025341274946027, 0.014641623817049802, 0.01023420055500184, 0.014317867683422705, 0.015559437779045868, 0.015073847385455379, 0.015995819203779446, 0.005274595719104952, 0.01476189354385134, 0.018544503767963176, 0.01714017733280493, 0.005524167358073012, 0.010935733948848612, 0.014115856934667473, 0.023612160235776822, 0.017376174061052692, 0.0044168432165971674, 0.01843427047647941, 0.002670916883768564, 0.003324733823932371, 0.012445264159510638, 0.04082166340314908, 0.011340097486353446, 0.02168681002360651, 0.029809608669018103, 0.009688739856142277, 0.01960823826864619, 0.00667093456721016, 0.01385535853018609, 0.010110685832326103, 0.0076537906948125995, 0.015619209743133628, 0.010615364525064615, 0.014553523009910687, 0.009821579710005914, 0.012024362602649653, 0.009579413551987407, 0.011140581313378594, 0.020581914075226325, 0.014026902722981991, 0.005737342328988214, 0.016681034889958094, 0.005920943083664992, 0.008764226320674287, 0.02011395714423195, 0.021138018639408937] 

Median VQE eigenvalues:
0.27940000000000076 

Min eigenvalue after 100 VQE steps on Aer qasm simulator: 1.21000e-02
Delta from reference energy value is 1.21000e-02 

Optimizer history of the smallest VQE eigenvalue:
[21.1416, 22.0505, 21.461, 21.9984, 20.542499999999997, 19.8178, 17.6687, 17.9032, 18.096899999999998, 17.872799999999998, 18.474899999999998, 11.7207, 11.801400000000001, 8.761199999999999, 7.183399999999999, 7.054399999999998, 7.543800000000001, 8.1357, 6.561499999999999, 5.772400000000001, 3.9746000000000024, 6.871000000000004, 4.106200000000001, 4.423700000000004, 3.775000000000002, 4.037199999999997, 2.7590999999999966, 4.4534, 3.8431999999999995, 4.056000000000003, 2.1670999999999996, 2.137599999999999, 2.189499999999999, 2.488100000000001, 2.0490999999999957, 2.237200000000005, 2.336400000000001, 2.4071999999999996, 1.1189, 1.0577000000000005, 1.0282, 1.5343000000000035, 1.3901000000000003, 1.6438000000000006, 1.7129000000000012, 0.7635000000000005, 0.7714999999999996, 1.2135000000000016, 0.8599000000000014, 0.9425000000000008, 0.5402000000000022, 0.9711999999999978, 0.8647999999999989, 0.6289999999999978, 0.34410000000000274, 0.3722999999999992, 0.49840000000000195, 0.45819999999999794, 0.31870000000000154, 0.41570000000000107, 0.2923999999999989, 0.35609999999999964, 0.2587000000000046, 0.2033999999999967, 0.2342999999999975, 0.17290000000000028, 0.16369999999999862, 0.26340000000000074, 0.4438000000000031, 0.204600000000001, 0.13780000000000037, 0.19879999999999676, 0.40160000000000196, 0.21969999999999956, 0.2616999999999976, 0.13879999999999626, 0.24160000000000004, 0.20879999999999832, 0.10759999999999792, 0.09060000000000201, 0.09850000000000136, 0.11579999999999835, 0.09780000000000122, 0.0505000000000031, 0.07219999999999693, 0.06489999999999796, 0.0647000000000002, 0.07530000000000037, 0.06450000000000067, 0.0641000000000016, 0.053099999999998815, 0.097800000000003, 0.07230000000000025, 0.04270000000000174, 0.052799999999999514, 0.056200000000004025, 0.06759999999999877, 0.04129999999999612, 0.035199999999999676, 0.07779999999999987, 0.045399999999999, 0.03459999999999752, 0.030200000000002447, 0.031000000000000583, 0.026900000000001256, 0.02870000000000239, 0.026600000000001955, 0.02059999999999995, 0.02260000000000062, 0.020400000000000418, 0.023699999999999832, 0.025399999999999423, 0.017999999999998906, 0.025300000000001432, 0.020800000000001262, 0.015699999999998937, 0.0218999999999987, 0.0218999999999987, 0.030499999999998195, 0.018400000000001526, 0.017000000000003013, 0.021399999999998087, 0.018299999999999983, 0.014399999999998414, 0.021300000000001873, 0.01130000000000031, 0.027299999999998548, 0.023200000000000998, 0.019700000000003826, 0.018500000000001293, 0.018700000000002603, 0.019200000000001438, 0.025100000000000122, 0.018700000000000827, 0.019600000000000506, 0.021000000000000796, 0.024700000000001054, 0.01660000000000217, 0.020200000000000884, 0.02340000000000053, 0.01629999999999754, 0.023399999999998755, 0.020100000000001117, 0.018500000000001293, 0.014200000000000657, 0.01779999999999582, 0.021399999999998087, 0.015799999999998704, 0.016400000000002635, 0.022000000000002018, 0.022700000000002163, 0.016000000000000014, 0.017000000000001236, 0.023099999999999454, 0.012600000000000833, 0.013799999999998036, 0.019400000000000972, 0.020299999999998875, 0.017799999999999372, 0.017199999999998994, 0.02090000000000458, 0.01969999999999672, 0.015999999999998238, 0.01929999999999943, 0.01999999999999602, 0.02340000000000053, 0.01830000000000176, 0.019899999999999807, 0.019199999999999662, 0.018700000000000827, 0.016000000000000014, 0.018000000000000682, 0.017000000000001236, 0.015799999999996928, 0.015600000000000946, 0.017600000000001614, 0.01529999999999454, 0.013399999999998968, 0.017400000000000304, 0.012099999999996669] 

Optimizer history of the smallest VQE eigenvalue standard deviation:
[0.06890626758140364, 0.06914879794327591, 0.06865032946752696, 0.06976435327586718, 0.06934341208074492, 0.07810259544983124, 0.08592951648298738, 0.08574879166495583, 0.08561610300054542, 0.08541429027978867, 0.08266651288762579, 0.07727367818992442, 0.07719839785902297, 0.05900735825301791, 0.0574708968435329, 0.05757484315219625, 0.06070944951158757, 0.05918600027878214, 0.06575120679500872, 0.059810729639421724, 0.04566190771310371, 0.06499292681515428, 0.04664267736740677, 0.0546489202729569, 0.045871003041137, 0.0525998692774041, 0.03467615233845877, 0.05942941514098889, 0.03866272168381321, 0.046251099013969385, 0.02923816415235402, 0.029975232909854085, 0.03442623480719319, 0.03452417174965969, 0.034482550500216765, 0.03497728417130182, 0.04209717168646844, 0.03662581040741623, 0.021036038909452506, 0.02183449149854422, 0.021821471811039703, 0.02658317721793239, 0.02986837834566853, 0.036248380487961106, 0.028807563329792396, 0.022396841094225774, 0.023075692123964556, 0.03495269438827284, 0.022725517221836782, 0.02566325020335499, 0.018454538412000426, 0.031362004655315, 0.026906861727076223, 0.01655782630661403, 0.015094094308702344, 0.015616794581475421, 0.018409669850380252, 0.018447204883125252, 0.013952779687216466, 0.015912156830549425, 0.015533458597492042, 0.018140434531730473, 0.01530239938702425, 0.013320265162525874, 0.01349161076373015, 0.012651821963654084, 0.011740792264579067, 0.016184953753409344, 0.021036702878540647, 0.013075729272205062, 0.01013591396964277, 0.01229582140403803, 0.01865037822672774, 0.013993758072798046, 0.016005105841574423, 0.010356441473788168, 0.015842135209623756, 0.012640687639523402, 0.009034811342800665, 0.008195562701852777, 0.008995069149261759, 0.009023123849310753, 0.008892231665898077, 0.006068390148960408, 0.007029864294565058, 0.008129787635602759, 0.008373769103575722, 0.007851473173869982, 0.006715803674914905, 0.006541639779137935, 0.006272937509652118, 0.009203410237515272, 0.007624000721406097, 0.005205397487224233, 0.00636271765835956, 0.006366179387984654, 0.006854202798283743, 0.005697978501187924, 0.005018736892884539, 0.00886545971735254, 0.0060370482853792495, 0.005011616106606753, 0.004025215025312307, 0.004426909079707856, 0.0041747602326361165, 0.004913540780333457, 0.003784072409455192, 0.0035308333293997186, 0.003634428703386536, 0.003507444083659796, 0.003686554895834314, 0.004133627946489542, 0.003349696105619099, 0.004505474336848491, 0.0037888040329369394, 0.00324213062660958, 0.003864866233131408, 0.0038908324302132625, 0.005221156672615715, 0.003525769135947484, 0.0031005793007113924, 0.003848946868949927, 0.003394996759939522, 0.0028108034438572827, 0.004072232188861558, 0.0025496044791300156, 0.004570788662802121, 0.004273459020512561, 0.0040430907731586275, 0.003338936207836238, 0.0034299602038507498, 0.0035111832763329073, 0.004590866693773655, 0.0035352865513278925, 0.0037388490207548425, 0.0038948170688748924, 0.004824956683743358, 0.003453397747146889, 0.0032655872366237596, 0.003985141402760925, 0.0035707880082692296, 0.0043095345456325386, 0.0039955779306628855, 0.003661590774513084, 0.0028108888273996255, 0.0034168429873202913, 0.0038792411629079366, 0.0034646425501051793, 0.003552782571450051, 0.004251989651915955, 0.0038551307370826254, 0.0033257336032820927, 0.003349262605410309, 0.004404440373078076, 0.0030730063455840506, 0.0028187146006646135, 0.004066621201931692, 0.003847379497787971, 0.0034140064440477923, 0.0036169904616959393, 0.00425276133823662, 0.0036013312816234114, 0.003635558829120959, 0.00350679526063326, 0.0037676624052586263, 0.00457765660573179, 0.0036071804778800886, 0.0038499299993635227, 0.004035142128847538, 0.0037078553100140317, 0.0029829971505182496, 0.0036575117224691644, 0.003352543512021837, 0.00331898659231999, 0.003240562914062904, 0.0031571746863295383, 0.0034020251321822104, 0.003392231124201183, 0.0037210235151098133, 0.002670916883768564] 

Smallest VQE eingenvalue optimizer final message:
{   'aux_operators_evaluated': None,
    'cost_function_evals': 180,
    'eigenvalue': 0.012099999999996669,
    'optimal_circuit': <qiskit.circuit.library.n_local.real_amplitudes.RealAmplitudes object at 0x000001FDB6C45AC0>,
    'optimal_parameters': {   ParameterVectorElement(θ[0]): 3.1487710246137803,
                              ParameterVectorElement(θ[1]): 0.05804127376414666,
                              ParameterVectorElement(θ[2]): -0.0015617726349325945,
                              ParameterVectorElement(θ[3]): 3.16314505767235,
                              ParameterVectorElement(θ[4]): 3.1272467989064276,
                              ParameterVectorElement(θ[5]): 0.8727735944539936,
                              ParameterVectorElement(θ[6]): -3.079618014982105,
                              ParameterVectorElement(θ[7]): -3.1782730785826687,
                              ParameterVectorElement(θ[8]): 0.08060628667236713,
                              ParameterVectorElement(θ[9]): -3.1273239024560677,
                              ParameterVectorElement(θ[10]): -0.023948651521638678,
                              ParameterVectorElement(θ[11]): 0.9311673512645625},
    'optimal_point': array([ 3.14877102e+00,  5.80412738e-02, -1.56177263e-03,  3.16314506e+00,
        3.12724680e+00,  8.72773594e-01, -3.07961801e+00, -3.17827308e+00,
        8.06062867e-02, -3.12732390e+00, -2.39486515e-02,  9.31167351e-01]),
    'optimal_value': 0.012099999999996669,
    'optimizer_evals': None,
    'optimizer_result': <qiskit_algorithms.optimizers.optimizer.OptimizerResult object at 0x000001FDB0C00800>,
    'optimizer_time': 17.596858024597168}
     ┌──────────┐ ░                           ░  ┌──────────┐
q_0: ┤ Ry(θ[0]) ├─░───────────────────────■───░──┤ Ry(θ[6]) ├
     ├──────────┤ ░                     ┌─┴─┐ ░  ├──────────┤
q_1: ┤ Ry(θ[1]) ├─░──────────────────■──┤ X ├─░──┤ Ry(θ[7]) ├
     ├──────────┤ ░                ┌─┴─┐└───┘ ░  ├──────────┤
q_2: ┤ Ry(θ[2]) ├─░─────────────■──┤ X ├──────░──┤ Ry(θ[8]) ├
     ├──────────┤ ░           ┌─┴─┐└───┘      ░  ├──────────┤
q_3: ┤ Ry(θ[3]) ├─░────────■──┤ X ├───────────░──┤ Ry(θ[9]) ├
     ├──────────┤ ░      ┌─┴─┐└───┘           ░ ┌┴──────────┤
q_4: ┤ Ry(θ[4]) ├─░───■──┤ X ├────────────────░─┤ Ry(θ[10]) ├
     ├──────────┤ ░ ┌─┴─┐└───┘                ░ ├───────────┤
q_5: ┤ Ry(θ[5]) ├─░─┤ X ├─────────────────────░─┤ Ry(θ[11]) ├
     └──────────┘ ░ └───┘                     ░ └───────────┘
The number of ansatz parameters is: 
 12
Line for latex table
RA r1 rl & $1\mathrm{e}{-04}$ & 10000 & 100/100 &181 & $1.21\mathrm{e}{-02}$ & $2.6709\mathrm{e}{-03}$ & $1.21\mathrm{e}{-02}$ & $2.794\mathrm{e}{-01}$ & $2.794\mathrm{e}{-01}$ & - & 00h 29m 29s\\

