RA_r1_rl
01h20m47s__57
1e-02
3.6081973336412383
3.5007437142677413
5.068521533881182
1.8548352223463598
6.8627866292842885
1.823752648327568
3.1339450043694224
4.194924427297117
4.88947309941298
3.129772375214636
5.241745098901601
1.8210821871932759
3.0317734904226676
1.352801961030536
1.6168196210656978
1.7708367816875916
2.1459492124022748
1.6697183839908187
4.948963138644564
1.745092406431635
2.7547846507508416
3.370607507607096
1.327486508629912
1.7763733419031804
3.0932555338808068
2.0757172731843285
1.4634044080428827
4.97169552775334
2.6472295906249874
1.554428101991721
1.4680858973058928
1.9587638391343067
6.886479792385455
6.219319441154385
5.785643295343944
2.864543453587202
0.994705949215886
5.786457482307899
2.364509253503766
1.618237940196868
3.735942853141626
1.379658538525794
3.5394980452374685
2.442994682523941
5.033149611598031
1.223141288971588
1.5280698051188482
4.237816309994104
2.6319947118228804
3.813257398106567
4.8098874775269795
4.894364059034612
6.039075324049934
2.993182971890609
1.3241942952760717
2.016041918935476
1.7913222719623645
3.9740091316801447
1.554185697866151
1.8609494729465446
2.8744930210272703
5.272198700703221
3.5155417482874336
4.81504970130036
4.171366533163347
3.5859512274637497
2.154656764936923
1.9278360084054618
2.3265030940357643
2.200218374168292
6.1368690053202615
1.5978282608570273
3.2286673994825033
6.504100872933129
2.4111031086619406
1.6491608273903957
3.844301514540217
1.6039686930424906
1.6966637237740916
1.4251796067081832
5.034385943955752
1.8204605412573265
2.4669600904283815
3.2226014531477123
1.376387457627707
1.1650031447079763
5.298662977714281
6.570960512103161
4.572324934148173
3.08907247162279
2.8732348103073697
1.5461623493149543
3.72608805330229
2.1998599203310825
1.9269786597443976
2.2895487008492585
4.27471845745437
4.676185943471452
3.4754169256407312
1.3910167743606328
