3.6081973336412383 0.21149951567887126
3.5007437142677413 0.1929445445803245
5.068521533881182 0.20049009594992578
1.8548352223463598 0.20713817462013506
6.8627866292842885 0.23325890948435082
1.823752648327568 0.21215760225435062
3.1339450043694224 0.19873260669622367
4.194924427297117 0.20865863242989202
4.88947309941298 0.22139598486829304
3.129772375214636 0.17768890278626417
5.241745098901601 0.22086416338477252
1.8210821871932759 0.20480087791556925
3.0317734904226676 0.20869370541570564
1.352801961030536 0.19627127151601778
1.6168196210656978 0.19416843548654578
1.7708367816875916 0.1996296972139741
2.1459492124022748 0.20315185348888246
1.6697183839908187 0.19431452251654058
4.948963138644564 0.21714460155240484
1.745092406431635 0.2107969861349149
2.7547846507508416 0.20700732920794437
3.370607507607096 0.2099936420256792
1.327486508629912 0.20343093335597107
1.7763733419031804 0.20668339006295433
3.0932555338808068 0.1903313273455449
2.0757172731843285 0.20963921055905357
1.4634044080428827 0.19765700793868798
4.97169552775334 0.22100271181358228
2.6472295906249874 0.20486954850281458
1.554428101991721 0.20440699815322616
1.4680858973058928 0.2143477380321065
1.9587638391343067 0.19669829760611093
6.886479792385455 0.20318282335718824
6.219319441154385 0.2266842356435543
5.785643295343944 0.20666727983860178
2.864543453587202 0.17789864758052498
0.994705949215886 0.20743112729070537
5.786457482307899 0.21285005549724043
2.364509253503766 0.18511236238368353
1.618237940196868 0.18675249773412883
3.735942853141626 0.20334440566063317
1.379658538525794 0.18974469943337768
3.5394980452374685 0.17614062712754477
2.442994682523941 0.21403301513861475
5.033149611598031 0.2150610855322025
1.223141288971588 0.19991333054898103
1.5280698051188482 0.20930787595590938
4.237816309994104 0.18865777872726638
2.6319947118228804 0.16744767802548555
3.813257398106567 0.20733772860436417
4.8098874775269795 0.21208313057728284
4.894364059034612 0.2094482601930648
6.039075324049934 0.22909762808641498
2.993182971890609 0.18040443308779516
1.3241942952760717 0.19687380976101426
2.016041918935476 0.19667632415389338
1.7913222719623645 0.1883709063327147
3.9740091316801447 0.22054255289467303
1.554185697866151 0.19694711398643472
1.8609494729465446 0.21245937984151944
2.8744930210272703 0.2040238588940612
5.272198700703221 0.1893561149512982
3.5155417482874336 0.2238313472665483
4.81504970130036 0.20169829308848541
4.171366533163347 0.2138334544276034
3.5859512274637497 0.21701829442608625
2.154656764936923 0.18567253391865932
1.9278360084054618 0.20216401921511307
2.3265030940357643 0.21590402422378366
2.200218374168292 0.18190701207380508
6.1368690053202615 0.22873341310215145
1.5978282608570273 0.19864893362406616
3.2286673994825033 0.14257350606075225
6.504100872933129 0.2210062271104099
2.4111031086619406 0.2104721347457573
1.6491608273903957 0.20832156953720932
3.844301514540217 0.2026308166214653
1.6039686930424906 0.21245928337962902
1.6966637237740916 0.19935022724665744
1.4251796067081832 0.1867027094069343
5.034385943955752 0.21238104348580047
1.8204605412573265 0.2016119595113305
2.4669600904283815 0.18014434660261486
3.2226014531477123 0.20449375700079397
1.376387457627707 0.19990900995378383
1.1650031447079763 0.2045341769418117
5.298662977714281 0.1704205186641584
6.570960512103161 0.20446768637427698
4.572324934148173 0.20625676782340302
3.08907247162279 0.19199327415106626
2.8732348103073697 0.2140922612605553
1.5461623493149543 0.2095466612559728
3.72608805330229 0.1951766705742165
2.1998599203310825 0.20080957298208046
1.9269786597443976 0.20181355691462796
2.2895487008492585 0.18913915561318967
4.27471845745437 0.2178866229566646
4.676185943471452 0.2028969199987419
3.4754169256407312 0.20269662335056415
1.3910167743606328 0.1798844543122491
