RA_r1_rl
04m58s__832
1e-05
1.8003480928285853e-09
1.8455320605070824e-10
2.8864921564064616e-10
3.1694286084515966e-10
1.7321302725470389e-09
8.937913187345714e-10
2.144470712117652e-10
4.958695121182188e-10
6.887503900543379e-10
4.643909590207329e-09
5.349563014789283e-10
6.983247313741003e-10
3.2105001990245796e-10
1.641206948121976e-09
4.4806519605700146e-10
2.741669113959233e-10
3.2067831723381346e-10
2.299724299881234e-10
2.5422097760241513e-10
1.5886802984255155e-10
3.3965230628041354e-10
3.9580683175444165e-10
4.958552457523524e-10
1.5802942288090094e-10
2.168204171759669e-09
1.8843661298006964e-08
1.804797866711283e-09
6.512290706695012e-11
3.374069357242604e-10
2.015910216535133e-09
7.826571057911735e-10
1.8163509585278348e-10
1.7457280065968916e-10
4.1858738697442277e-10
3.952326244061055e-09
2.102903406964174e-10
6.032180310810986e-10
2.488079742235527e-10
1.4653678270803994e-10
1.2439493879412566e-10
1.0264824545913598e-09
3.1484032048112454e-10
1.0753914425620792e-10
8.985352351054132e-09
6.466421287321111e-10
4.442450185493385e-09
2.4521534802701694e-10
2.2114499120817754e-10
1.0750497247968838e-07
2.782070684936855e-10
2.9415878066707535e-09
1.3923760255885043e-08
1.522400538966906e-10
1.5623413895937688e-08
2.0583823534536805e-10
4.026063371576072e-10
2.9127544820539697e-10
4.374571815901618e-10
1.6438856054179496e-08
2.5501690759099915e-09
2.5588536844978194e-10
1.2095685009150259e-09
9.989427562917541e-09
1.6187468032669017e-10
5.507294620343828e-10
5.338767206097828e-10
3.993145836211909e-07
2.793431042036332e-10
2.5042810547493133e-08
2.825177314313976e-10
9.522788113613956e-10
9.81023029478223e-09
5.092242183479812e-10
8.074030333204973e-10
2.366479234794383e-10
1.5127765706779428e-10
2.7600942087424585e-09
8.15838407941527e-09
5.469216746156746e-10
1.1669295529870283e-09
2.336519311363361e-10
3.578963791994738e-10
2.0815105195026717e-10
6.29279789388093e-09
6.553451559199175e-09
1.041034203286273e-09
2.684575339806372e-10
1.0765521807343248e-10
2.2940765953549658e-10
4.064770409151208e-08
1.2741737109855933e-09
2.9741920037906766e-10
3.7538833153050177e-10
1.6582324402492077e-10
5.522605150964921e-10
2.072530651542337e-07
3.244881030539659e-10
1.8382700917030093e-09
5.183026230426435e-10
