No Shot Noise
31/10/2024 16:35:43 

VQEr_100_COBYLA_maxIter_10000_tol_1e-05_RA_r1_rl 

Reference value: 0.0000000000e+00 

Qubits:  5
VQE runs:  100
Optimizer:  COBYLA
Max iterations:  10000
Optimizers's tolerance:  1e-05
Ansatz:  RA_r1_rl 

Only 99 runs out of 100 converged
Number of iterations for each converged VQE run:
[677, 362, 320, 254, 868, 434, 348, 323, 420, 926, 332, 542, 338, 609, 520, 357, 314, 421, 345, 376, 321, 338, 349, 363, 614, 3196, 1023, 308, 450, 618, 454, 393, 354, 369, 976, 289, 639, 369, 294, 339, 426, 340, 294, 1820, 298, 1089, 380, 353, 6211, 340, 1490, 2189, 346, 2731, 364, 370, 476, 291, 1770, 786, 358, 552, 906, 334, 263, 392, 7983, 307, 3145, 400, 563, 2126, 426, 335, 369, 290, 422, 1566, 318, 385, 358, 330, 413, 990, 1211, 433, 293, 393, 307, 6005, 436, 440, 350, 483, 480, 3409, 273, 403, 443] 

Average iterations of converged run:
832 

VQE eigenvalues:
[1.8003480928285853e-09, 1.8455320605070824e-10, 2.8864921564064616e-10, 3.1694286084515966e-10, 1.7321302725470389e-09, 8.937913187345714e-10, 2.144470712117652e-10, 4.958695121182188e-10, 6.887503900543379e-10, 4.643909590207329e-09, 5.349563014789283e-10, 6.983247313741003e-10, 3.2105001990245796e-10, 1.641206948121976e-09, 4.4806519605700146e-10, 2.741669113959233e-10, 3.2067831723381346e-10, 2.299724299881234e-10, 2.5422097760241513e-10, 1.5886802984255155e-10, 3.3965230628041354e-10, 3.9580683175444165e-10, 4.958552457523524e-10, 1.5802942288090094e-10, 2.168204171759669e-09, 1.8843661298006964e-08, 1.804797866711283e-09, 6.512290706695012e-11, 3.374069357242604e-10, 2.015910216535133e-09, 7.826571057911735e-10, 1.8163509585278348e-10, 1.7457280065968916e-10, 4.1858738697442277e-10, 3.952326244061055e-09, 2.102903406964174e-10, 6.032180310810986e-10, 2.488079742235527e-10, 1.4653678270803994e-10, 1.2439493879412566e-10, 1.0264824545913598e-09, 3.1484032048112454e-10, 1.0753914425620792e-10, 8.985352351054132e-09, 6.466421287321111e-10, 4.442450185493385e-09, 2.4521534802701694e-10, 2.2114499120817754e-10, 1.0750497247968838e-07, 2.782070684936855e-10, 2.9415878066707535e-09, 1.3923760255885043e-08, 1.522400538966906e-10, 1.5623413895937688e-08, 2.0583823534536805e-10, 4.026063371576072e-10, 2.9127544820539697e-10, 4.374571815901618e-10, 1.6438856054179496e-08, 2.5501690759099915e-09, 2.5588536844978194e-10, 1.2095685009150259e-09, 9.989427562917541e-09, 1.6187468032669017e-10, 5.507294620343828e-10, 5.338767206097828e-10, 3.993145836211909e-07, 2.793431042036332e-10, 2.5042810547493133e-08, 2.825177314313976e-10, 9.522788113613956e-10, 9.81023029478223e-09, 5.092242183479812e-10, 8.074030333204973e-10, 2.366479234794383e-10, 1.5127765706779428e-10, 2.7600942087424585e-09, 8.15838407941527e-09, 5.469216746156746e-10, 1.1669295529870283e-09, 2.336519311363361e-10, 3.578963791994738e-10, 2.0815105195026717e-10, 6.29279789388093e-09, 6.553451559199175e-09, 1.041034203286273e-09, 2.684575339806372e-10, 1.0765521807343248e-10, 2.2940765953549658e-10, 4.064770409151208e-08, 1.2741737109855933e-09, 2.9741920037906766e-10, 3.7538833153050177e-10, 1.6582324402492077e-10, 5.522605150964921e-10, 2.072530651542337e-07, 3.244881030539659e-10, 1.8382700917030093e-09, 5.183026230426435e-10] 

Median VQE eigenvalues:
4.958552457523524e-10 

Min eigenvalue after 100 VQE steps on Aer qasm simulator: 6.51229e-11
Delta from reference energy value is 6.51229e-11 

Optimizer history of the smallest VQE eigenvalue:
[3.1868640973505276, 3.2089962821739295, 4.2244344087663395, 4.923030765499109, 2.9651655603191753, 2.9089729602896344, 2.992844186722478, 2.562753342445842, 2.0830741740058807, 3.0398554276048455, 2.5412036426483677, 3.345009158676419, 2.1903771169682194, 2.4242294157519906, 3.7989061313592787, 2.2228238745335682, 2.5122305090114705, 1.5939687644855236, 2.0001287101883363, 1.6380128506361562, 0.9591653443446675, 0.9841510433378141, 1.4162655437079463, 0.6725299290059137, 0.9061978007390104, 0.31876038762026726, 0.34203788525597617, 0.5250769268935206, 0.4958492182309514, 0.24074335077939157, 0.23477699074670016, 0.8738584359220662, 0.1730418788849864, 0.4327320940496088, 0.13148228988255334, 0.1527980762862548, 0.24152401248959937, 0.10554763165507403, 0.1237046576878797, 0.10715512690553697, 0.27090277250223077, 0.08568705949223288, 0.10152960166215158, 0.10956829965077702, 0.17554282047864045, 0.10028309711462557, 0.13943848296236938, 0.09951455565067141, 0.11202325480707176, 0.07750212009565421, 0.07703492295341735, 0.07174968581074215, 0.07434942475427492, 0.08120842106440562, 0.10370060106486367, 0.042648304477614196, 0.04777192147599141, 0.04874291943593545, 0.061243830461964854, 0.026336914858243576, 0.030320159109212486, 0.029963252192146683, 0.022940836569573908, 0.016808290907169954, 0.031424097041395094, 0.019167373551700895, 0.028645583745369685, 0.0221272645595742, 0.0176237648848801, 0.025172565978780093, 0.020046222971008054, 0.022545339300808098, 0.019956259400299325, 0.011132212777778983, 0.010385429181063055, 0.009158262302388531, 0.007698762068508447, 0.009440101505440779, 0.009037845112217946, 0.006802261679486554, 0.006249645161093109, 0.008374617948886443, 0.006601703060324704, 0.0047870025430398755, 0.0028820737405456653, 0.003691902783617085, 0.003656067331823054, 0.0023181620595028596, 0.00260301882399655, 0.001972160939065326, 0.002147332057758966, 0.0025950959222040826, 0.003341993231049112, 0.001764419874288825, 0.0033321794947426264, 0.0018748129888486176, 0.002912878782984407, 0.0019664479228024834, 0.0019988171168770497, 0.0015744155003766802, 0.0016824667955325778, 0.0019785938055833507, 0.0013798535525058608, 0.001453597527079964, 0.0010453458575980235, 0.0015230901371692251, 0.001094502811627096, 0.001164931021136295, 0.0008894507399987983, 0.000857474707461725, 0.0008417986995010729, 0.0007961257746338934, 0.0006308358563221206, 0.0007055621619352359, 0.0007515641435285603, 0.0005739584573438705, 0.00046293697179372595, 0.00047049106275631747, 0.0004610075625889887, 0.0003635718462909332, 0.0003629734164066756, 0.000505305972816672, 0.0004221221844501466, 0.00034660056375751536, 0.0003089332145876922, 0.0002281491693828519, 0.0002175679678015907, 0.0002813875276252431, 0.0003240734277041857, 0.00022690221076443473, 0.00013753457929932544, 0.0002032990695439718, 0.00015714961113194592, 7.60710732145009e-05, 0.0001363452646669927, 5.563140537484523e-05, 0.00014148560799759347, 5.646538574499704e-05, 8.263187613161138e-05, 6.11230060151291e-05, 5.730274535992175e-05, 6.005622625099294e-05, 7.720770462688042e-05, 5.544935149653929e-05, 6.7365622351101e-05, 5.0855346309441885e-05, 4.548143986515818e-05, 3.838502719755166e-05, 3.717105466105597e-05, 3.840776891617104e-05, 3.654449400353199e-05, 5.24026279084544e-05, 3.184796186855854e-05, 2.2117508386765294e-05, 2.2697708432717345e-05, 2.8140935995346616e-05, 1.7452087018587914e-05, 2.5755687442174935e-05, 2.0183119408490047e-05, 1.619998775903575e-05, 1.8140428838464562e-05, 9.371989221629295e-06, 1.2568667984103055e-05, 1.1558344072126747e-05, 1.5174218406077689e-05, 1.2163218640670603e-05, 8.828071089705958e-06, 8.971598529361469e-06, 9.05295774117354e-06, 6.751408773764123e-06, 8.390233583233098e-06, 7.108340572659078e-06, 9.221663999303686e-06, 7.5466434665827364e-06, 4.767638341118818e-06, 3.826782708493681e-06, 2.864039824301834e-06, 3.4786393511287983e-06, 3.6049670862348115e-06, 3.4402649624065695e-06, 3.440806354171322e-06, 2.284348737502384e-06, 2.739438723975418e-06, 3.102937787269333e-06, 1.8497608664236331e-06, 3.508509872574006e-06, 2.3151096574802743e-06, 2.16477481185251e-06, 1.8311643539270506e-06, 2.285875209895316e-06, 1.9132362137908032e-06, 1.6599332957056845e-06, 1.4274991004814552e-06, 1.4533290043639013e-06, 1.0167141561434612e-06, 5.722189100332287e-07, 8.257537706946039e-07, 5.636069705938773e-07, 4.260789853161029e-07, 4.265673535508441e-07, 2.33091890899928e-07, 3.7032740657361174e-07, 3.055684792419022e-07, 3.761985251649058e-07, 3.587104738245195e-07, 7.565435439782497e-07, 3.2739112254542846e-07, 3.817471527223226e-07, 3.376487591189026e-07, 2.3937927923212143e-07, 3.759714309325979e-07, 3.040048195401823e-07, 3.4350799221760653e-07, 2.2208069211382409e-07, 2.3550407252104222e-07, 1.784147044547879e-07, 1.460109915196739e-07, 1.399765585108348e-07, 1.2009942568225185e-07, 9.096829300947462e-08, 8.467426093616837e-08, 7.844448496330259e-08, 6.61120851952468e-08, 1.0760253799091402e-07, 6.157423176889054e-08, 6.041282440971685e-08, 5.543486414349985e-08, 3.390897312938179e-08, 5.7333628900035905e-08, 4.310088730363759e-08, 7.18113929432107e-08, 3.3693078327345916e-08, 2.1761212554149978e-08, 3.144708088376191e-08, 1.8995148398648354e-08, 5.058585944572869e-08, 1.952709971497768e-08, 3.094025630145936e-08, 2.891394079718168e-08, 4.4433155599321594e-08, 1.3294711220801503e-08, 1.7758430559400296e-08, 1.364326301933616e-08, 1.5215606719021224e-08, 1.2645557045942724e-08, 1.3744718974084691e-08, 1.059272453085569e-08, 7.477332919503255e-09, 7.831077786235596e-09, 6.018625875459094e-09, 8.152845232256567e-09, 7.831863824137031e-09, 8.294001152542307e-09, 6.7846835372087355e-09, 9.347679574833734e-09, 1.4695974770440046e-08, 4.139657672208585e-09, 3.838640405540161e-09, 3.891460875760089e-09, 5.058635899057862e-09, 4.417885834939739e-09, 4.263910946544769e-09, 3.4464653353438734e-09, 3.0002211826030134e-09, 2.99628105659977e-09, 3.3514404584877866e-09, 2.551974576103788e-09, 5.239223943576121e-09, 3.078251653576558e-09, 1.4771848744210558e-09, 2.903745410787195e-09, 2.0384625654124022e-09, 1.8183177741271095e-09, 9.921656829448011e-10, 1.4864810493619984e-09, 1.3469477200267477e-09, 9.341715179189691e-10, 9.934943423495213e-10, 1.024725915232949e-09, 8.592209166380371e-10, 8.986262289845115e-10, 1.3079438088148265e-09, 9.116539190223705e-10, 5.508490885652861e-10, 7.059103301898517e-10, 8.587424660255749e-10, 6.936526353307215e-10, 4.482715865172793e-10, 4.946748011214197e-10, 4.1768355441007543e-10, 5.65139601782505e-10, 7.008288949172936e-10, 4.78668993331155e-10, 3.766356115875169e-10, 4.5453357744307255e-10, 2.8556074171959267e-10, 1.5187961999174604e-10, 1.0436335129426766e-10, 1.1066109140145386e-10, 2.4902113704428075e-10, 1.6400997226995173e-10, 1.577183939005522e-10, 7.41056105368898e-11, 1.3185280645089392e-10, 5.901884536640978e-11, 1.1921780229684487e-10, 8.991529742985449e-11, 6.512290706695012e-11] 

Smallest VQE eingenvalue optimizer final message:
{   'aux_operators_evaluated': None,
    'cost_function_evals': 308,
    'eigenvalue': 6.512290706695012e-11,
    'optimal_circuit': <qiskit.circuit.library.n_local.real_amplitudes.RealAmplitudes object at 0x00000164E90298B0>,
    'optimal_parameters': {   ParameterVectorElement(θ[0]): 1.6125914159517423,
                              ParameterVectorElement(θ[1]): 1.5707939891358738,
                              ParameterVectorElement(θ[2]): 1.5707923543979323,
                              ParameterVectorElement(θ[3]): -1.5707959298681393,
                              ParameterVectorElement(θ[4]): -1.5707957734825224,
                              ParameterVectorElement(θ[5]): -1.6125867206419522,
                              ParameterVectorElement(θ[6]): -1.5707954898906478,
                              ParameterVectorElement(θ[7]): -1.5707992087007714,
                              ParameterVectorElement(θ[8]): -1.5707971796123534,
                              ParameterVectorElement(θ[9]): -1.5707881229507499},
    'optimal_point': array([ 1.61259142,  1.57079399,  1.57079235, -1.57079593, -1.57079577,
       -1.61258672, -1.57079549, -1.57079921, -1.57079718, -1.57078812]),
    'optimal_value': 6.512290706695012e-11,
    'optimizer_evals': None,
    'optimizer_result': <qiskit_algorithms.optimizers.optimizer.OptimizerResult object at 0x00000164E528DFA0>,
    'optimizer_time': 0.9062485694885254}
     ┌──────────┐ ░                      ░ ┌──────────┐
q_0: ┤ Ry(θ[0]) ├─░──────────────────■───░─┤ Ry(θ[5]) ├
     ├──────────┤ ░                ┌─┴─┐ ░ ├──────────┤
q_1: ┤ Ry(θ[1]) ├─░─────────────■──┤ X ├─░─┤ Ry(θ[6]) ├
     ├──────────┤ ░           ┌─┴─┐└───┘ ░ ├──────────┤
q_2: ┤ Ry(θ[2]) ├─░────────■──┤ X ├──────░─┤ Ry(θ[7]) ├
     ├──────────┤ ░      ┌─┴─┐└───┘      ░ ├──────────┤
q_3: ┤ Ry(θ[3]) ├─░───■──┤ X ├───────────░─┤ Ry(θ[8]) ├
     ├──────────┤ ░ ┌─┴─┐└───┘           ░ ├──────────┤
q_4: ┤ Ry(θ[4]) ├─░─┤ X ├────────────────░─┤ Ry(θ[9]) ├
     └──────────┘ ░ └───┘                ░ └──────────┘
The number of ansatz parameters is: 
 10
Line for latex table
RA r1 rl & $1\mathrm{e}{-05}$ & 99/100 &832 & $6.5123\mathrm{e}{-11}$ & $6.5123\mathrm{e}{-11}$ & $4.9586\mathrm{e}{-10}$ & $4.9586\mathrm{e}{-10}$ & - & 00h 04m 58s\\

