RA_r1_rl
02m34s__21
1e-01
0.006199999999999983
0.0016999999999999793
0.0018000000000000238
0.0030999999999999917
0.0031999999999999806
0.0013000000000000234
0.0005000000000000004
0.0029000000000000137
0.0005000000000000004
0.0015999999999999903
0.004300000000000026
0.007299999999999973
0.0019000000000000128
0.0019000000000000128
0.005599999999999994
0.005300000000000027
0.0008000000000000229
0.0015000000000000013
0.0010999999999999899
0.0029000000000000137
0.006799999999999973
0.00269999999999998
0.003400000000000014
0.0
0.005800000000000027
0.0029000000000000137
0.0024000000000000132
0.003699999999999981
0.0010000000000000009
0.0025000000000000022
0.0014000000000000123
0.0006999999999999784
0.007199999999999984
0.0013000000000000234
0.005199999999999982
0.0006999999999999784
0.009099999999999997
0.0028000000000000247
0.0006999999999999784
0.003300000000000025
0.004599999999999993
0.0018000000000000238
0.0
0.003599999999999992
0.004599999999999993
0.00019999999999997797
0.00030000000000002247
0.0013000000000000234
0.0006999999999999784
0.0020000000000000018
0.0030999999999999917
0.004699999999999982
0.0028000000000000247
0.003400000000000014
0.0028000000000000247
0.0005000000000000004
0.0030000000000000027
0.0014000000000000123
0.0006999999999999784
0.0015999999999999903
9.999999999998899e-05
0.013400000000000023
0.0016999999999999793
0.00040000000000001146
0.00040000000000001146
0.012299999999999978
0.0040999999999999925
0.0015000000000000013
0.0028000000000000247
0.0014000000000000123
0.0011999999999999789
0.0010000000000000009
0.005900000000000016
0.003500000000000003
0.0029000000000000137
0.0014000000000000123
0.006500000000000006
0.0040000000000000036
0.003599999999999992
0.0
0.005300000000000027
0.00269999999999998
0.0030000000000000027
0.0014000000000000123
0.005500000000000005
0.003500000000000003
0.0018000000000000238
0.0031999999999999806
0.0031999999999999806
0.0015000000000000013
0.0028000000000000247
0.004400000000000015
0.0005000000000000004
0.0005000000000000004
0.0020000000000000018
0.0006999999999999784
9.999999999998899e-05
0.00269999999999998
0.0030000000000000027
0.0030999999999999917
