0.006199999999999983 0.0007849560497250774
0.0016999999999999793 0.00041195994950965487
0.0018000000000000238 0.00042388205906832574
0.0030999999999999917 0.0005559127629403734
0.0031999999999999806 0.000564779603031128
0.0013000000000000234 0.00036032069049667754
0.0005000000000000004 0.00022355088906108006
0.0029000000000000137 0.0005377350648786098
0.0005000000000000004 0.00022355088906108006
0.0015999999999999903 0.0003996798718974947
0.004300000000000026 0.0006543324842921995
0.007299999999999973 0.000851276100921432
0.0019000000000000128 0.0004354756020720364
0.0019000000000000128 0.0004354756020720364
0.005599999999999994 0.0007462332075162554
0.005300000000000027 0.0007260791967822807
0.0008000000000000229 0.0002827295527531614
0.0015000000000000013 0.0003870077518603461
0.0010999999999999899 0.00033148001448050956
0.0029000000000000137 0.0005377350648786098
0.006799999999999973 0.0008218126307133499
0.00269999999999998 0.0005189132875539021
0.003400000000000014 0.0005821030836544349
0.0 0.0
0.005800000000000027 0.0007593655246322436
0.0029000000000000137 0.0005377350648786098
0.0024000000000000132 0.0004893097178679389
0.003699999999999981 0.0006071498991188231
0.0010000000000000009 0.0003160696125855821
0.0025000000000000022 0.0004993746088859534
0.0014000000000000123 0.0003739037309254906
0.0006999999999999784 0.00026448251359966813
0.007199999999999984 0.000845467917782809
0.0013000000000000234 0.00036032069049667754
0.005199999999999982 0.000719232924719105
0.0006999999999999784 0.00026448251359966813
0.009099999999999997 0.0009495888584013614
0.0028000000000000247 0.0005284089325512974
0.0006999999999999784 0.00026448251359966813
0.003300000000000025 0.0005735076285456028
0.004599999999999993 0.0006766712643521964
0.0018000000000000238 0.00042388205906832574
0.0 0.0
0.003599999999999992 0.0005989190262464522
0.004599999999999993 0.0006766712643521964
0.00019999999999997797 0.0001414072133944981
0.00030000000000002247 0.00017317909804592886
0.0013000000000000234 0.00036032069049667754
0.0006999999999999784 0.00026448251359966813
0.0020000000000000018 0.0004467661580737733
0.0030999999999999917 0.0005559127629403734
0.004699999999999982 0.0006839524837296798
0.0028000000000000247 0.0005284089325512974
0.003400000000000014 0.0005821030836544349
0.0028000000000000247 0.0005284089325512974
0.0005000000000000004 0.00022355088906108006
0.0030000000000000027 0.0005469003565550121
0.0014000000000000123 0.0003739037309254906
0.0006999999999999784 0.00026448251359966813
0.0015999999999999903 0.0003996798718974947
9.999999999998899e-05 9.999499987499087e-05
0.013400000000000023 0.001149801722037327
0.0016999999999999793 0.00041195994950965487
0.00040000000000001146 0.00019995999599920291
0.00040000000000001146 0.00019995999599920291
0.012299999999999978 0.0011022118671108554
0.0040999999999999925 0.0006389984350528557
0.0015000000000000013 0.0003870077518603461
0.0028000000000000247 0.0005284089325512974
0.0014000000000000123 0.0003739037309254906
0.0011999999999999789 0.0003462022530255959
0.0010000000000000009 0.0003160696125855821
0.005900000000000016 0.0007658452846365263
0.003500000000000003 0.0005905717568594024
0.0029000000000000137 0.0005377350648786098
0.0014000000000000123 0.0003739037309254906
0.006500000000000006 0.0008036012692872014
0.0040000000000000036 0.0006311893535223813
0.003599999999999992 0.0005989190262464522
0.0 0.0
0.005300000000000027 0.0007260791967822807
0.00269999999999998 0.0005189132875539021
0.0030000000000000027 0.0005469003565550121
0.0014000000000000123 0.0003739037309254906
0.005500000000000005 0.0007395775821372627
0.003500000000000003 0.0005905717568594024
0.0018000000000000238 0.00042388205906832574
0.0031999999999999806 0.000564779603031128
0.0031999999999999806 0.000564779603031128
0.0015000000000000013 0.0003870077518603461
0.0028000000000000247 0.0005284089325512974
0.004400000000000015 0.0006618640343756427
0.0005000000000000004 0.00022355088906108006
0.0005000000000000004 0.00022355088906108006
0.0020000000000000018 0.0004467661580737733
0.0006999999999999784 0.00026448251359966813
9.999999999998899e-05 9.999499987499087e-05
0.00269999999999998 0.0005189132875539021
0.0030000000000000027 0.0005469003565550121
0.0030999999999999917 0.0005559127629403734
