RA_r1_rl
54s__178
1e-06
-0.4374999999986878
-0.4374999999915763
-0.43749999999948963
-0.4374999999997402
-0.43749999999797384
-0.4374999999992941
-0.43749999999941025
-0.43749999998772626
-0.437499999923771
-0.43749999999905
-0.43749999999930167
-0.4374999999994793
-0.43749999999745914
-0.43749999999655753
-0.43749999999866185
-0.4374999999992948
-0.4374999999988467
-0.4374999999986904
-0.43749999999692846
-0.4374999999996573
-0.4374999999987075
-0.4374999999991699
-0.43749999999976574
-0.4374999999998386
-0.4374999999991068
-0.4374999999862509
-0.4374999999995268
-0.4374999999994005
-0.43749999999945866
-0.4374999999995337
-0.43749999999776734
-0.43749999999889666
-0.4374999999991047
-0.4374999999991598
-0.43749999999943523
-0.43749999999976286
-0.43749999999956546
-0.4374999999987085
-0.4374999999998457
-0.43749999999853695
-0.43749999999994726
-0.4374999999994633
-0.437499999999452
-0.43749999999947553
-0.4374999999993121
-0.43749999999966405
-0.43749999999674394
-0.437499999999748
-0.43749999999957034
-0.4374999999996332
-0.4374999999978484
-0.4374999999998027
-0.4374999999979179
-0.4374999999996334
-0.4374999999846061
-0.437499999939279
-0.43749999999882805
-0.4374999998461553
-0.4374999999998367
-0.43749999999987277
-0.4374999999478131
-0.4374999999990328
-0.4374999999995277
-0.4374999999998115
-0.43749999999087286
-0.437499999999434
-0.4374999999884497
-0.4374999999991829
-0.43749999999927147
-0.4374999999997744
-0.4374999999287835
-0.43749999999956746
-0.4374999999989072
-0.4374999999999567
-0.4374999999996685
-0.4374999999985716
-0.4374999999998651
-0.4374999999993603
-0.4374999999985334
-0.4374999999803877
-0.43749999999929423
-0.4374999999997593
-0.43749999999953904
-0.4374999999990996
-0.43749999999991496
-0.4374999999997786
-0.437499999999412
-0.43749999999808686
-0.4374999999999779
-0.43749999999814126
-0.4374999999988731
-0.4374999999996988
-0.4374999999992788
-0.43749999999874034
-0.43749999999830136
-0.4374999999992075
-0.437499999999564
-0.43749999999945977
-0.437499999999189
-0.43749999999775646
