1.4559000000000006 0.013894270221929614
0.09710000000000019 0.0067766147153279915
0.022899999999999032 0.0030155031089355647
0.005799999999999805 0.0008589365517894838
1.6074000000000002 0.014008916303554674
0.060300000000000686 0.0062006579489599385
0.062399999999999345 0.0041423500576363605
0.08899999999999952 0.004967024864040839
0.008499999999998842 0.00238333107225997
0.045399999999999885 0.0037047256308666223
0.5487999999999982 0.014452594507561615
0.018899999999998585 0.003325235480383305
0.6631 0.006674919999520585
0.018600000000000172 0.0021087607735349877
0.09379999999999988 0.005486512188995851
0.11369999999999969 0.004978153171608917
0.05739999999999945 0.004825261029208687
0.010099999999999554 0.002224021357811106
0.014099999999999113 0.0023333891659986588
0.10500000000000043 0.006633757909360266
0.023899999999999366 0.002024438440654598
1.4209999999999985 0.013352756269774418
0.029900000000000482 0.004375311988875749
0.4147999999999996 0.013064944546380594
0.054199999999999804 0.0033789229053057916
0.307500000000001 0.008470019775655787
0.07279999999999998 0.005005935676774114
0.01470000000000038 0.002891907156186029
0.0026000000000001577 0.0010098475132414477
0.009699999999999598 0.002075206254809377
0.4187000000000003 0.013321205988948603
0.013400000000000745 0.002668373287229516
0.04430000000000067 0.005056992485657856
0.06070000000000064 0.004202734704927267
0.21799999999999997 0.009616754338133011
0.03169999999999984 0.002940171593631886
0.1070000000000011 0.008086139746504507
0.019400000000000084 0.002436902952519828
0.029200000000000337 0.0027259200281739854
0.04240000000000066 0.00514134301520527
0.3794999999999984 0.010536443754891881
0.08139999999999947 0.006506556385677441
0.11239999999999917 0.007456552018191795
0.301499999999999 0.00513147220590739
0.19000000000000128 0.009252647188777921
0.05449999999999999 0.003704004994597058
0.0235999999999974 0.003596562803566775
0.11700000000000177 0.0077549158602785665
0.198599999999999 0.010252935969760076
0.14789999999999992 0.008844486135440551
0.1520999999999999 0.004892067763226496
0.1120000000000001 0.006827080195808455
0.013799999999999812 0.0027966966228033957
0.055000000000000604 0.003043783172303811
0.07460000000000022 0.005257040612359789
0.011299999999999422 0.0019901052735973573
0.015000000000001457 0.003070558255431732
0.09369999999999834 0.007266328302519778
0.02119999999999944 0.003005730526843692
0.08229999999999826 0.007021968313799192
0.1900000000000004 0.009995785511904502
0.09689999999999976 0.004068232908770116
0.04580000000000162 0.004869602858550181
0.009199999999998987 0.0020087110294913176
0.107800000000001 0.003645153494710475
0.035400000000000986 0.004803907576130077
0.0987000000000009 0.0041736074324258115
0.055000000000000604 0.005111837243105443
3.8434 0.04013396267502127
0.03589999999999982 0.004333557083966928
0.022199999999999775 0.0037466806642680226
0.01609999999999978 0.002900484269910802
0.1255000000000006 0.008343521139183381
0.023899999999999366 0.0031445700819030795
0.023699999999999832 0.003007454571560474
0.030999999999998806 0.002241925065652246
0.014599999999998836 0.0026593563130953564
0.07279999999999998 0.00622959806087037
0.13260000000000005 0.008749105554283827
0.007699999999999818 0.001698109831548013
0.012900000000000134 0.0013773521699260393
0.01410000000000089 0.0024294260639089052
0.13789999999999925 0.008672153769393173
0.03270000000000017 0.0038220100732467943
0.059499999999999 0.005662239927802418
0.02430000000000021 0.003538800502995319
0.03329999999999966 0.00238191456605817
0.1012000000000004 0.006163525289961901
0.026499999999999524 0.0027899059123920105
0.005200000000001204 0.0014419126187116423
0.011400000000000077 0.0026744823798260232
0.02060000000000084 0.002797597540748128
0.010699999999999044 0.0021416127100855396
0.02829999999999977 0.0033182020734126585
0.0528000000000004 0.005600058571122272
0.06070000000000153 0.0031675152722599395
0.013400000000000745 0.0021354296991472205
0.030700000000001282 0.004294332893477178
0.010399999999997966 0.0017306923470103124
0.021400000000000752 0.0034261009909224804
