With Shot Noise
01/11/2024 18:10:13 

VQEr_100_shots_10000_COBYLA_maxIter_10000_tol_1e-03_RA_r1_rl 

Reference value: 0.0000000000e+00 

Number of pauli strings:  16
Qubits:  5
VQE runs:  100
Optimizer:  COBYLA
Max iterations:  10000
Optimizers's tolerance:  1e-03
Ansatz:  RA_r1_rl 

All run converged!!!
Number of iterations for each converged VQE run:
[116, 133, 173, 154, 112, 164, 127, 109, 135, 120, 147, 140, 142, 124, 109, 154, 164, 142, 100, 105, 125, 132, 145, 165, 146, 141, 121, 132, 131, 143, 145, 160, 125, 109, 89, 114, 140, 104, 107, 136, 120, 150, 152, 125, 108, 137, 106, 139, 102, 160, 166, 137, 117, 242, 125, 130, 145, 169, 142, 146, 118, 145, 116, 155, 149, 154, 138, 166, 104, 106, 179, 119, 131, 112, 115, 128, 99, 136, 145, 122, 181, 127, 124, 124, 120, 121, 158, 96, 111, 134, 177, 164, 128, 124, 129, 127, 136, 134, 170, 155] 

Average iterations of converged run:
135 

VQE eigenvalues:
[1.4559000000000006, 0.09710000000000019, 0.022899999999999032, 0.005799999999999805, 1.6074000000000002, 0.060300000000000686, 0.062399999999999345, 0.08899999999999952, 0.008499999999998842, 0.045399999999999885, 0.5487999999999982, 0.018899999999998585, 0.6631, 0.018600000000000172, 0.09379999999999988, 0.11369999999999969, 0.05739999999999945, 0.010099999999999554, 0.014099999999999113, 0.10500000000000043, 0.023899999999999366, 1.4209999999999985, 0.029900000000000482, 0.4147999999999996, 0.054199999999999804, 0.307500000000001, 0.07279999999999998, 0.01470000000000038, 0.0026000000000001577, 0.009699999999999598, 0.4187000000000003, 0.013400000000000745, 0.04430000000000067, 0.06070000000000064, 0.21799999999999997, 0.03169999999999984, 0.1070000000000011, 0.019400000000000084, 0.029200000000000337, 0.04240000000000066, 0.3794999999999984, 0.08139999999999947, 0.11239999999999917, 0.301499999999999, 0.19000000000000128, 0.05449999999999999, 0.0235999999999974, 0.11700000000000177, 0.198599999999999, 0.14789999999999992, 0.1520999999999999, 0.1120000000000001, 0.013799999999999812, 0.055000000000000604, 0.07460000000000022, 0.011299999999999422, 0.015000000000001457, 0.09369999999999834, 0.02119999999999944, 0.08229999999999826, 0.1900000000000004, 0.09689999999999976, 0.04580000000000162, 0.009199999999998987, 0.107800000000001, 0.035400000000000986, 0.0987000000000009, 0.055000000000000604, 3.8434, 0.03589999999999982, 0.022199999999999775, 0.01609999999999978, 0.1255000000000006, 0.023899999999999366, 0.023699999999999832, 0.030999999999998806, 0.014599999999998836, 0.07279999999999998, 0.13260000000000005, 0.007699999999999818, 0.012900000000000134, 0.01410000000000089, 0.13789999999999925, 0.03270000000000017, 0.059499999999999, 0.02430000000000021, 0.03329999999999966, 0.1012000000000004, 0.026499999999999524, 0.005200000000001204, 0.011400000000000077, 0.02060000000000084, 0.010699999999999044, 0.02829999999999977, 0.0528000000000004, 0.06070000000000153, 0.013400000000000745, 0.030700000000001282, 0.010399999999997966, 0.021400000000000752] 

VQE eigenvalues standard deviation:
[0.013894270221929614, 0.0067766147153279915, 0.0030155031089355647, 0.0008589365517894838, 0.014008916303554674, 0.0062006579489599385, 0.0041423500576363605, 0.004967024864040839, 0.00238333107225997, 0.0037047256308666223, 0.014452594507561615, 0.003325235480383305, 0.006674919999520585, 0.0021087607735349877, 0.005486512188995851, 0.004978153171608917, 0.004825261029208687, 0.002224021357811106, 0.0023333891659986588, 0.006633757909360266, 0.002024438440654598, 0.013352756269774418, 0.004375311988875749, 0.013064944546380594, 0.0033789229053057916, 0.008470019775655787, 0.005005935676774114, 0.002891907156186029, 0.0010098475132414477, 0.002075206254809377, 0.013321205988948603, 0.002668373287229516, 0.005056992485657856, 0.004202734704927267, 0.009616754338133011, 0.002940171593631886, 0.008086139746504507, 0.002436902952519828, 0.0027259200281739854, 0.00514134301520527, 0.010536443754891881, 0.006506556385677441, 0.007456552018191795, 0.00513147220590739, 0.009252647188777921, 0.003704004994597058, 0.003596562803566775, 0.0077549158602785665, 0.010252935969760076, 0.008844486135440551, 0.004892067763226496, 0.006827080195808455, 0.0027966966228033957, 0.003043783172303811, 0.005257040612359789, 0.0019901052735973573, 0.003070558255431732, 0.007266328302519778, 0.003005730526843692, 0.007021968313799192, 0.009995785511904502, 0.004068232908770116, 0.004869602858550181, 0.0020087110294913176, 0.003645153494710475, 0.004803907576130077, 0.0041736074324258115, 0.005111837243105443, 0.04013396267502127, 0.004333557083966928, 0.0037466806642680226, 0.002900484269910802, 0.008343521139183381, 0.0031445700819030795, 0.003007454571560474, 0.002241925065652246, 0.0026593563130953564, 0.00622959806087037, 0.008749105554283827, 0.001698109831548013, 0.0013773521699260393, 0.0024294260639089052, 0.008672153769393173, 0.0038220100732467943, 0.005662239927802418, 0.003538800502995319, 0.00238191456605817, 0.006163525289961901, 0.0027899059123920105, 0.0014419126187116423, 0.0026744823798260232, 0.002797597540748128, 0.0021416127100855396, 0.0033182020734126585, 0.005600058571122272, 0.0031675152722599395, 0.0021354296991472205, 0.004294332893477178, 0.0017306923470103124, 0.0034261009909224804] 

Median VQE eigenvalues:
0.04930000000000101 

Min eigenvalue after 100 VQE steps on Aer qasm simulator: 2.60000e-03
Delta from reference energy value is 2.60000e-03 

Optimizer history of the smallest VQE eigenvalue:
[8.5649, 8.7811, 7.998500000000001, 8.7722, 4.6189, 5.1841, 4.644400000000001, 4.5789, 3.7669999999999995, 1.9646999999999997, 2.0045, 4.3485, 2.1009, 1.9327999999999994, 1.9215, 2.9278000000000004, 1.8402999999999992, 2.1478, 1.7683999999999997, 2.2921000000000005, 3.378799999999999, 2.8687000000000005, 1.8571000000000009, 1.9627999999999988, 2.1320999999999994, 2.3075, 1.785800000000001, 1.6678999999999995, 1.8259999999999987, 1.3435000000000006, 1.0584999999999996, 1.2056000000000004, 1.0579999999999998, 0.9589999999999996, 0.9723999999999995, 1.0191999999999997, 0.9530999999999992, 0.7279000000000018, 0.6450999999999993, 0.5789000000000009, 0.45509999999999895, 0.3670000000000009, 0.3804999999999996, 0.3650999999999991, 0.37979999999999947, 0.3230999999999993, 0.4100999999999999, 0.3613999999999997, 0.6130999999999993, 0.4610999999999992, 0.21329999999999938, 0.11689999999999845, 0.20119999999999916, 0.13129999999999953, 0.2232999999999974, 0.19429999999999925, 0.16170000000000062, 0.10689999999999955, 0.12769999999999992, 0.11539999999999839, 0.1142000000000003, 0.1557000000000004, 0.10260000000000069, 0.09799999999999986, 0.12429999999999986, 0.07230000000000114, 0.06539999999999946, 0.07380000000000031, 0.04520000000000035, 0.028200000000000003, 0.03729999999999922, 0.01669999999999927, 0.03080000000000105, 0.01440000000000019, 0.008200000000001317, 0.019999999999998685, 0.015499999999998515, 0.08520000000000039, 0.01929999999999943, 0.0348999999999986, 0.013399999999999856, 0.007599999999998275, 0.00950000000000184, 0.010799999999999699, 0.01639999999999997, 0.0032999999999994145, 0.02069999999999883, 0.005700000000001815, 0.016200000000000436, 0.0052000000000003155, 0.0062000000000006494, 0.002000000000000668, 0.0015000000000000568, 0.004399999999999515, 0.004399999999999515, 0.00420000000000087, 0.0036000000000004917, 0.002300000000000857, 0.0048000000000003595, 0.0063000000000013046, 0.004499999999998394, 0.002200000000000202, 0.004999999999999893, 0.006899999999999906, 0.0051000000000005485, 0.003400000000000958, 0.0032000000000005357, 0.0052000000000003155, 0.009699999999999598, 0.0041999999999999815, 0.0045999999999999375, 0.001100000000000101, 0.0037999999999991374, 0.005300000000000971, 0.0028999999999985704, 0.004699999999999704, 0.006999999999999673, 0.002600000000001046, 0.001600000000000712, 0.0032000000000005357, 0.006400000000000183, 0.0052000000000003155, 0.006199999999999761, 0.0026000000000001577, 0.0027999999999996916, 0.0026000000000001577, 0.0064000000000010715, 0.0034000000000000696, 0.006299999999999528, 0.0042999999999997485, 0.0026000000000001577] 

Optimizer history of the smallest VQE eigenvalue standard deviation:
[0.037912417451278414, 0.037641475515712716, 0.03646471185954991, 0.03300592340777637, 0.03691048050351011, 0.03804617338182646, 0.03718494781494254, 0.037332704630122907, 0.03559045107890598, 0.021083389219952276, 0.02092511660660461, 0.03758698262696807, 0.01986426673703311, 0.023174610244834755, 0.02164566628681131, 0.031351425166968094, 0.021779518337190107, 0.02152022769396272, 0.02173919216530366, 0.02291804684086321, 0.034562300733602794, 0.03228952302218167, 0.02218673367127302, 0.025223356636260765, 0.024689337354412737, 0.02189669274114244, 0.021031470229158973, 0.02086480541486069, 0.022088498726712962, 0.01725546044010417, 0.015859692966763265, 0.01714381229481938, 0.015650561267890686, 0.01591842253491218, 0.01589876963793111, 0.016362414247292487, 0.015836120010911763, 0.014356810126208396, 0.014747445168570718, 0.01422233753642488, 0.012151217511015104, 0.01196616931185582, 0.011153452873437896, 0.011859758218446106, 0.011924536049675055, 0.011170683103552794, 0.012194852889641603, 0.011864602142507773, 0.017145952612788822, 0.013697397234511383, 0.009260130506639744, 0.007317082137027027, 0.008746152982883398, 0.008158875596551285, 0.011002365154820122, 0.009476625507004061, 0.009228195977546205, 0.006970194186678009, 0.007668748202933764, 0.006999152520126982, 0.00720378539380513, 0.008509733544594686, 0.006809756823852092, 0.0068806674094887095, 0.00792509577229197, 0.006071562154832985, 0.005464271589150732, 0.005800905446566093, 0.004717454398295776, 0.0037299190339737816, 0.003910711060664027, 0.0026375122748529506, 0.0038556078638782953, 0.002534823070748737, 0.0017079297409436848, 0.002656304199447037, 0.002828138433669777, 0.006903428133905646, 0.002578785566889958, 0.0037766743306777125, 0.0024110462459272703, 0.0020041975950489416, 0.0019300816044924294, 0.0024318503243415503, 0.002882457285026092, 0.0012284205306001582, 0.0031230432273665334, 0.0014516201293726875, 0.003187905268354124, 0.0016117022057439338, 0.0015537605993202414, 0.0006780766918276996, 0.0007548291197350446, 0.001232581031818981, 0.0015161846853203843, 0.001413919375353445, 0.0011399649117407, 0.0007139166618030544, 0.0016182360767205898, 0.0017171700556438982, 0.0012607271711198391, 0.0008601371983584731, 0.0013780159650744082, 0.0016637869454950904, 0.0015129966953037555, 0.0013339280340407644, 0.0010674717794864445, 0.0016549537757895453, 0.0022463870993219134, 0.001295959875922041, 0.0014209785360799363, 0.0005195700145312287, 0.0011573884395482687, 0.0015964933448029406, 0.0011178313826333377, 0.0015261477647986904, 0.0017659195904683926, 0.0009796734149705019, 0.0007069512005789404, 0.0011998499906237645, 0.0017995332728238391, 0.0015424461092693271, 0.001618278097237951, 0.0009271893010599046, 0.0010581757887987923, 0.0010098475132414477, 0.0017658946740958452, 0.0011998433231050825, 0.0018022649638718708, 0.0014796124492582638, 0.0010098475132414477] 

Smallest VQE eingenvalue optimizer final message:
{   'aux_operators_evaluated': None,
    'cost_function_evals': 131,
    'eigenvalue': 0.0026000000000001577,
    'optimal_circuit': <qiskit.circuit.library.n_local.real_amplitudes.RealAmplitudes object at 0x000001F361DAEFF0>,
    'optimal_parameters': {   ParameterVectorElement(θ[0]): 0.020513579621591144,
                              ParameterVectorElement(θ[1]): 3.1443610058366307,
                              ParameterVectorElement(θ[2]): -3.1657670071968456,
                              ParameterVectorElement(θ[3]): 3.124503024303451,
                              ParameterVectorElement(θ[4]): -1.7319571591053127,
                              ParameterVectorElement(θ[5]): 0.03421656196527266,
                              ParameterVectorElement(θ[6]): 3.1595029747190986,
                              ParameterVectorElement(θ[7]): -0.012096464333922356,
                              ParameterVectorElement(θ[8]): 0.00137695398829732,
                              ParameterVectorElement(θ[9]): -1.788755362810509},
    'optimal_point': array([ 2.05135796e-02,  3.14436101e+00, -3.16576701e+00,  3.12450302e+00,
       -1.73195716e+00,  3.42165620e-02,  3.15950297e+00, -1.20964643e-02,
        1.37695399e-03, -1.78875536e+00]),
    'optimal_value': 0.0026000000000001577,
    'optimizer_evals': None,
    'optimizer_result': <qiskit_algorithms.optimizers.optimizer.OptimizerResult object at 0x000001F3616BFB30>,
    'optimizer_time': 10.04660415649414}
     ┌──────────┐ ░                      ░ ┌──────────┐
q_0: ┤ Ry(θ[0]) ├─░──────────────────■───░─┤ Ry(θ[5]) ├
     ├──────────┤ ░                ┌─┴─┐ ░ ├──────────┤
q_1: ┤ Ry(θ[1]) ├─░─────────────■──┤ X ├─░─┤ Ry(θ[6]) ├
     ├──────────┤ ░           ┌─┴─┐└───┘ ░ ├──────────┤
q_2: ┤ Ry(θ[2]) ├─░────────■──┤ X ├──────░─┤ Ry(θ[7]) ├
     ├──────────┤ ░      ┌─┴─┐└───┘      ░ ├──────────┤
q_3: ┤ Ry(θ[3]) ├─░───■──┤ X ├───────────░─┤ Ry(θ[8]) ├
     ├──────────┤ ░ ┌─┴─┐└───┘           ░ ├──────────┤
q_4: ┤ Ry(θ[4]) ├─░─┤ X ├────────────────░─┤ Ry(θ[9]) ├
     └──────────┘ ░ └───┘                ░ └──────────┘
The number of ansatz parameters is: 
 10
Line for latex table
RA r1 rl & $1\mathrm{e}{-03}$ & 10000 & 100/100 &135 & $2.6\mathrm{e}{-03}$ & $1.0098\mathrm{e}{-03}$ & $2.6\mathrm{e}{-03}$ & $4.93\mathrm{e}{-02}$ & $4.93\mathrm{e}{-02}$ & - & 00h 17m 10s\\

