RA_r1_rl
39m53s__79
1e-05
1.8775464421757868
1.567378097609359
1.9021138844916237
1.1444163412605768
1.0067930923227972
1.567009070380779
1.8531882394752737
0.9673543148384978
2.0934500426075293
1.0696170340765219
1.5810460995697264
1.0292993446100829
1.0848748900451883
1.8851134334915005
1.190018970641739
0.9620627491695787
2.457711454259016
1.0438176048300856
2.551576336912607
0.9891428730060601
1.0320982986526284
1.707390830357904
2.113647708886754
1.319428165241756
1.1392407202950539
1.3498695060403398
1.1287483116743724
1.4630148249209798
1.0674157297966427
1.1321981138012283
1.0328623364657026
1.118564425165355
2.1723487559645775
1.0788070542516421
1.1066742306148651
1.0982925327251793
1.464843833374425
1.4359985505304558
0.996970726151149
0.9638672511038149
1.8687897368146955
0.9065262485792762
1.675439414581573
1.7796277726557093
1.0032248214775403
1.1239032376406821
1.173922424034025
1.2392200235968907
1.0331493594739773
0.9485432780193918
1.318073726895876
1.0339280883186817
1.7247480268467863
1.1710614613884418
0.9176759177310425
1.9203124355685923
1.1434894579719113
1.1845529655770803
1.167212253305757
0.9663911164291404
1.0573490230465958
1.0986465113955908
1.978038978166799
1.5983908127244322
1.5407720828125824
1.096748708203416
1.6912139902186887
0.881480560261307
1.2241818126927093
1.8078205197334671
1.0033410733099921
1.8829131270889623
1.4054040475550786
1.4494079148040004
1.0440328669240548
1.3088439071082616
2.0525995534335024
1.7169842482257183
1.1566924873587832
1.773752029417215
1.957146732573654
1.2933755909493352
1.8001904414920322
1.1496830061420997
1.6711541644853876
1.5000370611440939
2.0719488765761316
1.0715466793265696
1.0885887711667417
1.2426521869690104
1.7973898389069736
1.522045022041968
0.9685492335969119
1.096395841118054
1.6016545619839766
1.0488882887685202
1.9097944231201431
0.988772994654628
1.0129076354202693
1.1377449343560202
