1.8775464421757868 0.04524842664671317
1.567378097609359 0.043018466791791846
1.9021138844916237 0.04398552350763245
1.1444163412605768 0.04494266545370373
1.0067930923227972 0.044635501220507585
1.567009070380779 0.04355875089994572
1.8531882394752737 0.048353528188818766
0.9673543148384978 0.05106578949940623
2.0934500426075293 0.04756348255707948
1.0696170340765219 0.045989679870189405
1.5810460995697264 0.040490366591811655
1.0292993446100829 0.04691036095103279
1.0848748900451883 0.04474079691363841
1.8851134334915005 0.04857623521549754
1.190018970641739 0.04767420073143721
0.9620627491695787 0.048933943471125736
2.457711454259016 0.04986353447298186
1.0438176048300856 0.041869993514054966
2.551576336912607 0.049892846150657345
0.9891428730060601 0.04765963795059834
1.0320982986526284 0.050799525754338666
1.707390830357904 0.04640809274220783
2.113647708886754 0.05143192266597593
1.319428165241756 0.03710518466520131
1.1392407202950539 0.051299190005528274
1.3498695060403398 0.03876075102126068
1.1287483116743724 0.04286762632420111
1.4630148249209798 0.04625748722093312
1.0674157297966427 0.04509771235841452
1.1321981138012283 0.04622058679378671
1.0328623364657026 0.043879980611749754
1.118564425165355 0.041420875369598965
2.1723487559645775 0.048378671933658815
1.0788070542516421 0.04206408390858055
1.1066742306148651 0.048382773017891206
1.0982925327251793 0.044678394829090716
1.464843833374425 0.045350378018345974
1.4359985505304558 0.04578812220675431
0.996970726151149 0.05187893578472904
0.9638672511038149 0.04645991487352667
1.8687897368146955 0.04994506351562324
0.9065262485792762 0.0437978092753439
1.675439414581573 0.04565472021412274
1.7796277726557093 0.04446852588332432
1.0032248214775403 0.05137915899364393
1.1239032376406821 0.038902552363136854
1.173922424034025 0.051610928754767825
1.2392200235968907 0.044341918702003526
1.0331493594739773 0.043396990849197674
0.9485432780193918 0.04831654812226488
1.318073726895876 0.037485373170316146
1.0339280883186817 0.04314971704169656
1.7247480268467863 0.03824017097689713
1.1710614613884418 0.04615635799907559
0.9176759177310425 0.04530585142975812
1.9203124355685923 0.05162867535940576
1.1434894579719113 0.0466288767370658
1.1845529655770803 0.051169526589895244
1.167212253305757 0.04757524745709336
0.9663911164291404 0.04875014309177146
1.0573490230465958 0.05098139051265406
1.0986465113955908 0.049467331240500484
1.978038978166799 0.05450652161562917
1.5983908127244322 0.04573938846978672
1.5407720828125824 0.04462518546414409
1.096748708203416 0.045151208592880875
1.6912139902186887 0.04315338239900262
0.881480560261307 0.046883842150950455
1.2241818126927093 0.0444301752328372
1.8078205197334671 0.048188859859408274
1.0033410733099921 0.04977222624414532
1.8829131270889623 0.04357673612699867
1.4054040475550786 0.046890320765830926
1.4494079148040004 0.049331186423444154
1.0440328669240548 0.04672236128355825
1.3088439071082616 0.04119689019138705
2.0525995534335024 0.04717330294572319
1.7169842482257183 0.04818950732329861
1.1566924873587832 0.047425565753023285
1.773752029417215 0.050597891015667355
1.957146732573654 0.04843391539671411
1.2933755909493352 0.04552131581358874
1.8001904414920322 0.047896351349665044
1.1496830061420997 0.039004906481051906
1.6711541644853876 0.04833185234177692
1.5000370611440939 0.04968698666082199
2.0719488765761316 0.04650553424799121
1.0715466793265696 0.04579912064802981
1.0885887711667417 0.04962169233855005
1.2426521869690104 0.04466711161242214
1.7973898389069736 0.040492108598373565
1.522045022041968 0.04090884260413309
0.9685492335969119 0.04731578570228037
1.096395841118054 0.04922393738350625
1.6016545619839766 0.043119426193456774
1.0488882887685202 0.045116124828033566
1.9097944231201431 0.04692255847569492
0.988772994654628 0.04470635568946719
1.0129076354202693 0.05116805732588807
1.1377449343560202 0.04995009565415103
