With Shot Noise
02/11/2024 19:40:30 

VQEr_100_shots_10000_COBYLA_maxIter_10000_tol_1e-05_RA_r1_rl 

Reference value: 9.0655987147e-01 

Number of pauli strings:  14
Qubits:  3
VQE runs:  100
Optimizer:  COBYLA
Max iterations:  10000
Optimizers's tolerance:  1e-05
Ansatz:  RA_r1_rl 

All run converged!!!
Number of iterations for each converged VQE run:
[64, 66, 80, 81, 81, 66, 75, 73, 66, 74, 73, 77, 88, 73, 89, 82, 83, 64, 79, 77, 77, 79, 72, 85, 70, 92, 79, 90, 76, 73, 86, 83, 71, 90, 77, 82, 79, 69, 80, 78, 82, 76, 76, 78, 67, 90, 87, 68, 74, 82, 83, 78, 72, 77, 84, 69, 83, 77, 79, 80, 84, 84, 86, 60, 79, 79, 86, 80, 80, 80, 101, 76, 66, 73, 71, 75, 69, 89, 92, 70, 93, 80, 76, 94, 69, 68, 83, 82, 87, 81, 77, 70, 71, 95, 78, 83, 70, 82, 83, 91] 

Average iterations of converged run:
79 

VQE eigenvalues:
[1.8775464421757868, 1.567378097609359, 1.9021138844916237, 1.1444163412605768, 1.0067930923227972, 1.567009070380779, 1.8531882394752737, 0.9673543148384978, 2.0934500426075293, 1.0696170340765219, 1.5810460995697264, 1.0292993446100829, 1.0848748900451883, 1.8851134334915005, 1.190018970641739, 0.9620627491695787, 2.457711454259016, 1.0438176048300856, 2.551576336912607, 0.9891428730060601, 1.0320982986526284, 1.707390830357904, 2.113647708886754, 1.319428165241756, 1.1392407202950539, 1.3498695060403398, 1.1287483116743724, 1.4630148249209798, 1.0674157297966427, 1.1321981138012283, 1.0328623364657026, 1.118564425165355, 2.1723487559645775, 1.0788070542516421, 1.1066742306148651, 1.0982925327251793, 1.464843833374425, 1.4359985505304558, 0.996970726151149, 0.9638672511038149, 1.8687897368146955, 0.9065262485792762, 1.675439414581573, 1.7796277726557093, 1.0032248214775403, 1.1239032376406821, 1.173922424034025, 1.2392200235968907, 1.0331493594739773, 0.9485432780193918, 1.318073726895876, 1.0339280883186817, 1.7247480268467863, 1.1710614613884418, 0.9176759177310425, 1.9203124355685923, 1.1434894579719113, 1.1845529655770803, 1.167212253305757, 0.9663911164291404, 1.0573490230465958, 1.0986465113955908, 1.978038978166799, 1.5983908127244322, 1.5407720828125824, 1.096748708203416, 1.6912139902186887, 0.881480560261307, 1.2241818126927093, 1.8078205197334671, 1.0033410733099921, 1.8829131270889623, 1.4054040475550786, 1.4494079148040004, 1.0440328669240548, 1.3088439071082616, 2.0525995534335024, 1.7169842482257183, 1.1566924873587832, 1.773752029417215, 1.957146732573654, 1.2933755909493352, 1.8001904414920322, 1.1496830061420997, 1.6711541644853876, 1.5000370611440939, 2.0719488765761316, 1.0715466793265696, 1.0885887711667417, 1.2426521869690104, 1.7973898389069736, 1.522045022041968, 0.9685492335969119, 1.096395841118054, 1.6016545619839766, 1.0488882887685202, 1.9097944231201431, 0.988772994654628, 1.0129076354202693, 1.1377449343560202] 

VQE eigenvalues standard deviation:
[0.04524842664671317, 0.043018466791791846, 0.04398552350763245, 0.04494266545370373, 0.044635501220507585, 0.04355875089994572, 0.048353528188818766, 0.05106578949940623, 0.04756348255707948, 0.045989679870189405, 0.040490366591811655, 0.04691036095103279, 0.04474079691363841, 0.04857623521549754, 0.04767420073143721, 0.048933943471125736, 0.04986353447298186, 0.041869993514054966, 0.049892846150657345, 0.04765963795059834, 0.050799525754338666, 0.04640809274220783, 0.05143192266597593, 0.03710518466520131, 0.051299190005528274, 0.03876075102126068, 0.04286762632420111, 0.04625748722093312, 0.04509771235841452, 0.04622058679378671, 0.043879980611749754, 0.041420875369598965, 0.048378671933658815, 0.04206408390858055, 0.048382773017891206, 0.044678394829090716, 0.045350378018345974, 0.04578812220675431, 0.05187893578472904, 0.04645991487352667, 0.04994506351562324, 0.0437978092753439, 0.04565472021412274, 0.04446852588332432, 0.05137915899364393, 0.038902552363136854, 0.051610928754767825, 0.044341918702003526, 0.043396990849197674, 0.04831654812226488, 0.037485373170316146, 0.04314971704169656, 0.03824017097689713, 0.04615635799907559, 0.04530585142975812, 0.05162867535940576, 0.0466288767370658, 0.051169526589895244, 0.04757524745709336, 0.04875014309177146, 0.05098139051265406, 0.049467331240500484, 0.05450652161562917, 0.04573938846978672, 0.04462518546414409, 0.045151208592880875, 0.04315338239900262, 0.046883842150950455, 0.0444301752328372, 0.048188859859408274, 0.04977222624414532, 0.04357673612699867, 0.046890320765830926, 0.049331186423444154, 0.04672236128355825, 0.04119689019138705, 0.04717330294572319, 0.04818950732329861, 0.047425565753023285, 0.050597891015667355, 0.04843391539671411, 0.04552131581358874, 0.047896351349665044, 0.039004906481051906, 0.04833185234177692, 0.04968698666082199, 0.04650553424799121, 0.04579912064802981, 0.04962169233855005, 0.04466711161242214, 0.040492108598373565, 0.04090884260413309, 0.04731578570228037, 0.04922393738350625, 0.043119426193456774, 0.045116124828033566, 0.04692255847569492, 0.04470635568946719, 0.05116805732588807, 0.04995009565415103] 

Median VQE eigenvalues:
1.1872859681094097 

Min eigenvalue after 100 VQE steps on Aer qasm simulator: 8.81481e-01
Delta from reference energy value is -2.50793e-02 

Optimizer history of the smallest VQE eigenvalue:
[1.7150125156985234, 3.8429457305618664, 1.63726723274822, 1.7264309941958174, 1.652287721912038, 1.6850096609373333, 1.801399155866777, 1.3489098460649909, 2.6839330192028124, 1.3907685582011016, 1.5788209887531655, 0.9886787981500309, 1.4656558760416027, 0.9946021850445625, 1.0456773876508323, 1.0638065661623282, 1.024128277878919, 1.0301391057750862, 1.0076586612986476, 0.9289954884217078, 0.9659704165981344, 1.1678792566649783, 0.915701347589404, 0.9755751064408396, 0.9607119561636327, 0.9058553037186952, 0.9256988209398319, 0.9070157234293373, 0.9788774282097757, 0.9580417032561759, 0.9853908128751396, 0.8992657432322564, 0.9282281827285586, 0.9961907654971158, 0.9773674897747057, 0.8751326327391109, 0.9227512362084427, 0.9167308276260686, 0.9656246570991001, 0.9157284845831064, 1.0477580763234253, 0.9422106196552005, 0.9266680896411104, 0.9414244125656348, 0.9654608047413612, 0.9767981426318679, 0.9693762906540522, 0.9562349596959061, 0.9570404513590397, 0.9653788961852696, 0.905075185236549, 0.9705329198797867, 0.9084416458800706, 0.9862174147361655, 0.9649790603051152, 0.8784739475039615, 0.9119126515752767, 0.917725232782193, 0.9869763087048364, 0.9743994363234227, 0.9401674554397166, 0.9166911989584896, 1.0243354670666907, 0.9596511593476799, 0.8742710731627867, 0.9725790746829774, 0.9144254414519157, 0.9910516287556679, 0.9849588786890122, 0.922533515572237, 1.0235147258008457, 0.9297746070368591, 0.9868380027415994, 0.9082323823527378, 0.9883017997243866, 0.981830510760119, 0.9252951252856081, 0.9133712333461378, 0.9488088738405711, 0.881480560261307] 

Optimizer history of the smallest VQE eigenvalue standard deviation:
[0.047232182763391174, 0.047393991499629376, 0.05140056342872251, 0.05125931502058549, 0.04390490054350105, 0.05146311766638487, 0.0515190490356053, 0.049430239168296086, 0.04580780492512167, 0.04871156805358114, 0.04815219711191025, 0.04877122187335023, 0.049492032115676446, 0.050456627598143414, 0.04888637516238962, 0.046754401808950005, 0.048879997692320425, 0.048830378100142666, 0.04875061507559345, 0.048584883591239914, 0.049330240033984736, 0.04947237727771742, 0.04738733938393974, 0.04669793530320025, 0.04840466203201541, 0.04717342981669914, 0.04767152836762816, 0.04702766928244602, 0.047787810588453036, 0.04788371677033664, 0.04656377273422514, 0.04694807055306562, 0.04735546879677777, 0.047368782573690385, 0.047203570754013026, 0.047024776658973734, 0.04701311363794373, 0.04675783186801053, 0.046809377726397774, 0.04711259028300894, 0.04784849765209792, 0.04721569618154036, 0.047239100216007586, 0.04742600942878945, 0.04730830286187154, 0.04727728707031186, 0.04713490873353457, 0.047098296344631314, 0.047201160773492304, 0.047172745190825004, 0.046877663036591376, 0.04713749588416071, 0.04715346330516344, 0.04716175191688373, 0.047067217928402176, 0.04717458546785743, 0.047196160299938596, 0.04707360654427798, 0.04711261005056005, 0.04726701104909698, 0.04712646340352533, 0.04700569579807444, 0.04740784599753617, 0.04715204810807184, 0.04696713180839485, 0.04741921552434494, 0.04723739589475151, 0.04737680207683237, 0.04744043851321145, 0.04683677203659592, 0.04710670479117721, 0.04693237998140633, 0.047186378088777466, 0.047259396641365, 0.04712766006238584, 0.04729255275608565, 0.04706363429995396, 0.047179830213207735, 0.0471091814369858, 0.046883842150950455] 

Smallest VQE eingenvalue optimizer final message:
{   'aux_operators_evaluated': None,
    'cost_function_evals': 80,
    'eigenvalue': 0.881480560261307,
    'optimal_circuit': <qiskit.circuit.library.n_local.real_amplitudes.RealAmplitudes object at 0x00000177A13737A0>,
    'optimal_parameters': {   ParameterVectorElement(θ[0]): -3.4221444665652405,
                              ParameterVectorElement(θ[1]): 0.6013459500368351,
                              ParameterVectorElement(θ[2]): 1.5268051253888935,
                              ParameterVectorElement(θ[3]): 2.650870661562344,
                              ParameterVectorElement(θ[4]): -3.088658775907874,
                              ParameterVectorElement(θ[5]): 1.5335958001726677},
    'optimal_point': array([-3.42214447,  0.60134595,  1.52680513,  2.65087066, -3.08865878,
        1.5335958 ]),
    'optimal_value': 0.881480560261307,
    'optimizer_evals': None,
    'optimizer_result': <qiskit_algorithms.optimizers.optimizer.OptimizerResult object at 0x00000177A8412720>,
    'optimizer_time': 24.01860499382019}
     ┌──────────┐ ░            ░ ┌──────────┐
q_0: ┤ Ry(θ[0]) ├─░────────■───░─┤ Ry(θ[3]) ├
     ├──────────┤ ░      ┌─┴─┐ ░ ├──────────┤
q_1: ┤ Ry(θ[1]) ├─░───■──┤ X ├─░─┤ Ry(θ[4]) ├
     ├──────────┤ ░ ┌─┴─┐└───┘ ░ ├──────────┤
q_2: ┤ Ry(θ[2]) ├─░─┤ X ├──────░─┤ Ry(θ[5]) ├
     └──────────┘ ░ └───┘      ░ └──────────┘
The number of ansatz parameters is: 
 6
Line for latex table
RA r1 rl & $1\mathrm{e}{-05}$ & 10000 & 100/100 &79 & $8.8148\mathrm{e}{-01}$ & $4.6884\mathrm{e}{-02}$ & $-2.5079\mathrm{e}{-02}$ & $1.1873\mathrm{e}{+00}$ & $2.8073\mathrm{e}{-01}$ & - & 00h 39m 53s\\

