RA_r1_rl
28s__89
1e-04
-0.4374999926355112
-0.4374999924955927
-0.4374999874158658
-0.4374999884546532
-0.4374999943681306
-0.4374999917649809
-0.4374999969769833
-0.4374999913502131
-0.43749999876882195
-0.43749999817565965
-0.43749999940401896
-0.4374997793151394
-0.4374999971438017
-0.43749990281020223
-0.4374999749828177
-0.437499935799894
-0.43749999668825734
-0.43749999634012404
-0.4374999966828731
-0.4374999944040652
-0.43749998974448445
-0.4374999907571757
-0.43749999765349434
-0.43749999924165706
-0.43749999641133896
-0.43749999498169956
-0.4374999827500905
-0.437499980630055
-0.43749999545378015
-0.43749998517768596
-0.43749998192486506
-0.4374999937817403
-0.4374999955955302
-0.4374999869389191
-0.4374999942028346
-0.4374999954678964
-0.43749998866453654
-0.4374999998617932
-0.437499994433574
-0.4374999903882675
-0.4374999911487092
-0.43749999853826593
-0.43749740500521783
-0.43749999895546077
-0.4374999941608788
-0.4374998971663442
-0.4374999978706424
-0.43749999758453484
-0.4374999546590844
-0.43749999468175904
-0.43749998761766906
-0.437499988779932
-0.4374999868072882
-0.4374999937870029
-0.43749999566441966
-0.43749999412464413
-0.43749999847821497
-0.4374999900420844
-0.4374999956703892
-0.43749999536768946
-0.4374999964494799
-0.43749999403194895
-0.437499991571063
-0.4374999924939107
-0.4374999922529217
-0.437499993466159
-0.437499989957459
-0.4374999883116455
-0.4374999983426051
-0.4374999971563406
-0.43749981971895424
-0.4374997091296191
-0.4374999963372791
-0.4374999933673609
-0.4374999915145792
-0.43749999175376064
-0.4374999955746689
-0.43749999041663457
-0.4374999931941099
-0.43749999557091324
-0.4374999936133006
-0.43749999283201724
-0.4374999979955665
-0.4374999620963035
-0.4374999880066981
-0.437499664229009
-0.4374999983051985
-0.43749999472967205
-0.4374999902066603
-0.4374999075349687
-0.43749999810846063
-0.4374997839235917
-0.4374999577574532
-0.4374999837421216
-0.437499991471775
-0.4374998377930852
-0.4374999968440625
-0.43749999857217936
-0.43749997569034793
-0.43749999062119105
