RA_r1_rl
04h30m41s__119
1e-04
1453.0362285893166
213.01360177895972
270.24922472869
777.4395341638754
659.2595226057988
694.0157024044538
695.7060689313024
515.0776787374871
918.1454292456143
667.8153756346902
2509.5966998545146
302.3632045916585
1955.8876324822054
149.93410700501215
452.2028323535103
90.17874589967107
312.90448175906164
1390.4724848372543
52.197607925845205
440.6729292568864
2354.2879130949964
387.0822336815687
395.04182560526976
457.6613226435635
1306.7008623912543
598.051840584618
145.15651712664544
688.2448319460516
194.28920534084256
756.8713221948293
117.29204330819883
647.5844640321301
564.4734654396241
362.77341462330924
2217.8417906424315
445.9425945368731
346.1406072461493
1039.2768747134855
1071.7450363737883
538.6469055597806
325.29828713856404
640.2504248857689
295.1365337085122
352.3954103051027
1278.250157712917
471.162111769112
409.3968111195345
262.6632524117307
878.6441890877986
87.08528900853037
402.78053738373694
302.5766747635184
1125.5452417966017
798.6300219863933
2036.5530860067797
713.4370922612036
1105.7630376771674
482.74410343701186
492.1915851880637
158.20900558554925
415.03988160784013
-0.9463632449299837
1092.5822546083543
999.4821940469358
23.08587970334736
543.2522779424345
987.6331111572313
930.0608563045616
273.8011719021547
308.8935866269728
448.3947331231858
165.644346613583
462.84255679706604
754.4845286736177
1010.0414154910948
1595.6624598482856
388.84661252851004
1085.3719076720809
639.1562529901731
-33.99554902991169
405.20674029418444
758.847754495511
137.83494319699707
513.3335448234342
298.1617511332473
295.6568990330219
375.76856927448983
520.5362516049265
779.1833177907852
156.55568518892073
954.5924635992837
681.0933060313267
416.8072496338773
43.302692354298586
275.63479618535644
1458.9710918602923
128.68969926533475
1108.5934249017437
1328.105790468373
169.89415328524979
