1453.0362285893166 169.62726549718946
213.01360177895972 147.5882498960842
270.24922472869 148.48036790755265
777.4395341638754 162.36333092446904
659.2595226057988 148.4720116104845
694.0157024044538 153.60350596765974
695.7060689313024 147.60093042943151
515.0776787374871 142.40604545123136
918.1454292456143 162.57441301151812
667.8153756346902 142.08432933271936
2509.5966998545146 156.11785368561561
302.3632045916585 131.09299716860968
1955.8876324822054 172.8239792568269
149.93410700501215 153.6729622098694
452.2028323535103 136.89195238281357
90.17874589967107 138.6442154428315
312.90448175906164 141.92260500658188
1390.4724848372543 153.66575867872243
52.197607925845205 152.82133292102267
440.6729292568864 156.79684719621895
2354.2879130949964 168.08423859366835
387.0822336815687 152.94287610588037
395.04182560526976 153.45862670749923
457.6613226435635 138.71141468880833
1306.7008623912543 155.47508614952537
598.051840584618 136.28088618781243
145.15651712664544 137.30703637727225
688.2448319460516 167.87943240190504
194.28920534084256 154.2328908517569
756.8713221948293 167.49044580485892
117.29204330819883 128.5347281491538
647.5844640321301 138.41954669206638
564.4734654396241 153.8330013893108
362.77341462330924 119.49433427736021
2217.8417906424315 169.70505640143767
445.9425945368731 147.46340259861537
346.1406072461493 156.7705962218832
1039.2768747134855 139.4003618574799
1071.7450363737883 169.77282032239228
538.6469055597806 148.4950796573869
325.29828713856404 153.1289506756738
640.2504248857689 163.09425481159877
295.1365337085122 143.36076720530775
352.3954103051027 154.4728431889631
1278.250157712917 159.48241888060826
471.162111769112 151.95981963502837
409.3968111195345 154.25111083923716
262.6632524117307 147.82743208277248
878.6441890877986 158.62803484546546
87.08528900853037 133.2235156258551
402.78053738373694 148.36588767742154
302.5766747635184 142.4272589780183
1125.5452417966017 162.3361869537341
798.6300219863933 157.30469865314421
2036.5530860067797 168.7182346709199
713.4370922612036 157.54503323955524
1105.7630376771674 135.50329072821614
482.74410343701186 145.63194815551137
492.1915851880637 162.36402628349725
158.20900558554925 138.19498854506767
415.03988160784013 157.18031621094948
-0.9463632449299837 132.8528442865187
1092.5822546083543 121.64706858528274
999.4821940469358 161.077184320756
23.08587970334736 146.99809724789418
543.2522779424345 160.7208547229297
987.6331111572313 154.24654076647198
930.0608563045616 150.84932034469122
273.8011719021547 138.67057902047617
308.8935866269728 145.75776494133794
448.3947331231858 153.03406023843831
165.644346613583 148.88288380151462
462.84255679706604 129.8463890763312
754.4845286736177 147.7931131679238
1010.0414154910948 163.82425701983934
1595.6624598482856 162.36004341873948
388.84661252851004 137.3072026504055
1085.3719076720809 153.002492447104
639.1562529901731 144.32176796984618
-33.99554902991169 139.04704358516483
405.20674029418444 163.46226154185248
758.847754495511 151.42673317378643
137.83494319699707 129.8564782122799
513.3335448234342 151.537325744324
298.1617511332473 146.59670248820453
295.6568990330219 128.40387329335863
375.76856927448983 151.52494511454972
520.5362516049265 105.09932243002089
779.1833177907852 156.44767125015235
156.55568518892073 141.1591375470599
954.5924635992837 139.47533337753632
681.0933060313267 151.289997615814
416.8072496338773 151.36407846572087
43.302692354298586 128.2910187350165
275.63479618535644 153.4595986809177
1458.9710918602923 151.67169258381327
128.68969926533475 140.33847510670887
1108.5934249017437 166.43561993120468
1328.105790468373 152.12563406711143
169.89415328524979 125.8530364609456
