RA_r1_rl
01h02m22s__41
1e-01
6.403924538857175
2.005033953573735
6.858715884091044
1.4464698425725118
4.634325361392374
3.5459879619807624
4.256649140909553
3.546767757147844
3.1902030378639004
5.616004909638453
3.9255001467865624
2.8326981764264434
2.2380307453366157
3.3433071567687875
2.1346253417234653
1.253619900962343
1.793830296390045
6.219201506762288
1.6024366152259368
1.4795774982882097
1.9538950344724313
5.054292765795567
4.572027622377379
4.918201534179252
1.9701131497521223
2.8749600300137677
2.3288931408001083
2.842879604569651
1.093635386295402
4.78144195722117
5.485574209106785
4.298659014397887
1.3203041029569442
5.886381051369536
3.8378673602075106
2.180221142345593
5.52500120221539
1.2376106269416116
6.178962706973352
2.151699842812418
2.454800225386263
3.619039307890915
3.793433188435829
1.0554065713279157
3.6980197844020655
1.6311543460396578
5.576210900256096
2.270374747787996
0.9795443426335533
6.262095890995283
5.2017868352346275
2.6467387902010984
5.511563885355782
5.102981277988967
4.397017730388699
1.9828398167200094
1.732266198208432
2.710048665964533
2.493513111275744
4.879116826681894
2.0414291594194696
1.6680822124859531
2.6009571929650663
2.82631657804507
3.7797650307856
3.9848385704891394
2.949888329810429
2.587711207652793
3.4057299763354187
2.2235235059013894
3.685225245942167
4.916564116803788
3.3970967802360037
3.4629560017781458
5.035939372815383
6.973306962064772
5.285602201168589
1.198347764717878
3.0348098502268908
4.648138781533602
2.37626306336807
1.5555688018428395
3.960478097940504
1.9580170307824059
1.3676141486055697
5.389101031325351
1.3301692497835647
1.0991012824584354
1.0360933059699682
4.304618975730097
1.3929084949318267
1.6812283041858749
1.6263711914461372
1.269579395800262
3.181960568817953
4.2381730928717305
3.9504917495803578
3.1406880996586195
3.9901755731712836
2.9299355504167877
