6.403924538857175 0.20792296502429775
2.005033953573735 0.19165001675415674
6.858715884091044 0.1982674854287429
1.4464698425725118 0.19653455714999712
4.634325361392374 0.20138074358986624
3.5459879619807624 0.2053257965778456
4.256649140909553 0.1743137554419494
3.546767757147844 0.1965484708882195
3.1902030378639004 0.20544007776147707
5.616004909638453 0.21454861835243935
3.9255001467865624 0.21199572511239617
2.8326981764264434 0.2073242233817036
2.2380307453366157 0.1734691961133239
3.3433071567687875 0.17996143049267904
2.1346253417234653 0.20436311192757925
1.253619900962343 0.20376692437229663
1.793830296390045 0.2062347465616923
6.219201506762288 0.2261353035820632
1.6024366152259368 0.1972393831645886
1.4795774982882097 0.15894483177827123
1.9538950344724313 0.200797628430024
5.054292765795567 0.2174374190799434
4.572027622377379 0.21405291521747608
4.918201534179252 0.22102912103945738
1.9701131497521223 0.211757235666065
2.8749600300137677 0.19896111128369692
2.3288931408001083 0.19305877593567428
2.842879604569651 0.21353387394625759
1.093635386295402 0.2106400016273327
4.78144195722117 0.19427276611742036
5.485574209106785 0.20137553567782082
4.298659014397887 0.19324740922667066
1.3203041029569442 0.20630951066101308
5.886381051369536 0.2142454145852089
3.8378673602075106 0.17015549823509815
2.180221142345593 0.18661961412695557
5.52500120221539 0.20623214074648138
1.2376106269416116 0.20537924564599222
6.178962706973352 0.2308956683469947
2.151699842812418 0.1851833642372308
2.454800225386263 0.18653661722243575
3.619039307890915 0.20525262378128667
3.793433188435829 0.2065796956302473
1.0554065713279157 0.19672525897312876
3.6980197844020655 0.1928712276085426
1.6311543460396578 0.1819724147595713
5.576210900256096 0.17240793863477533
2.270374747787996 0.19551878980269372
0.9795443426335533 0.19495834710003387
6.262095890995283 0.17109769815592396
5.2017868352346275 0.2241281857758068
2.6467387902010984 0.20148384684496906
5.511563885355782 0.21246125265575735
5.102981277988967 0.1911629725592
4.397017730388699 0.22305708239436922
1.9828398167200094 0.17642538406257643
1.732266198208432 0.1687141945829733
2.710048665964533 0.19948638372455574
2.493513111275744 0.2149921476557164
4.879116826681894 0.2211352477779907
2.0414291594194696 0.2085871547770054
1.6680822124859531 0.20956079822617893
2.6009571929650663 0.2055928569910226
2.82631657804507 0.19909330948525752
3.7797650307856 0.2075967205035636
3.9848385704891394 0.20604791159237254
2.949888329810429 0.1982005963356262
2.587711207652793 0.19881374957896686
3.4057299763354187 0.204669696696961
2.2235235059013894 0.19658001464198213
3.685225245942167 0.1958748238581509
4.916564116803788 0.2074245408839859
3.3970967802360037 0.19906251551913917
3.4629560017781458 0.22469510708292023
5.035939372815383 0.21597957657683145
6.973306962064772 0.2323837724073316
5.285602201168589 0.1929926521929181
1.198347764717878 0.1956641476763884
3.0348098502268908 0.201225027478966
4.648138781533602 0.20482282948578062
2.37626306336807 0.21210396506510418
1.5555688018428395 0.1923298090222699
3.960478097940504 0.217046885385073
1.9580170307824059 0.21643599915512754
1.3676141486055697 0.20421544198905234
5.389101031325351 0.22130306722922552
1.3301692497835647 0.2017137210849935
1.0991012824584354 0.19795846821550248
1.0360933059699682 0.20426604450252828
4.304618975730097 0.19468121276844103
1.3929084949318267 0.20147767081303541
1.6812283041858749 0.21233815469971348
1.6263711914461372 0.19937705688356702
1.269579395800262 0.2066797496078156
3.181960568817953 0.20658855143364416
4.2381730928717305 0.20110120361732584
3.9504917495803578 0.1865559768737201
3.1406880996586195 0.1659457372642287
3.9901755731712836 0.2117405451101359
2.9299355504167877 0.1733911535913443
