RA_r1_rl
03m35s__32
1e-02
0.0005000000000000004
0.00019999999999997797
0.00040000000000001146
9.999999999998899e-05
0.0010999999999999899
0.0005999999999999894
0.0020999999999999908
0.002599999999999991
0.0
0.0005000000000000004
0.004500000000000004
9.999999999998899e-05
9.999999999998899e-05
0.0006999999999999784
0.009000000000000008
0.0
0.0
9.999999999998899e-05
0.0029000000000000137
0.0
0.00019999999999997797
0.00019999999999997797
0.0015000000000000013
0.002599999999999991
0.0016999999999999793
0.0005999999999999894
9.999999999998899e-05
0.0025000000000000022
0.0014000000000000123
0.0
0.0031999999999999806
0.0005999999999999894
0.0
0.003400000000000014
0.0
9.999999999998899e-05
0.00030000000000002247
0.0008000000000000229
0.0005999999999999894
0.0
9.999999999998899e-05
0.0015000000000000013
0.0020000000000000018
0.00030000000000002247
0.0038000000000000256
0.0
0.0005000000000000004
0.00030000000000002247
9.999999999998899e-05
9.999999999998899e-05
0.0005999999999999894
0.0
0.0
0.0
0.00019999999999997797
0.0005000000000000004
0.0
0.0
0.0008000000000000229
0.006599999999999995
0.00019999999999997797
0.00030000000000002247
0.0008000000000000229
9.999999999998899e-05
0.00040000000000001146
0.0009000000000000119
0.00019999999999997797
0.0005000000000000004
0.0005999999999999894
0.004500000000000004
0.0
0.0005999999999999894
0.0023000000000000242
0.0
0.0
9.999999999998899e-05
0.0006999999999999784
0.0
0.0023000000000000242
0.0
0.0
0.0
0.0
0.0
0.00019999999999997797
0.00040000000000001146
0.00019999999999997797
0.0005999999999999894
0.0
0.004699999999999982
9.999999999998899e-05
0.00030000000000002247
0.00030000000000002247
0.0010000000000000009
9.999999999998899e-05
9.999999999998899e-05
0.0
0.0
9.999999999998899e-05
9.999999999998899e-05
