0.0005000000000000004 0.00022355088906108006
0.00019999999999997797 0.0001414072133944981
0.00040000000000001146 0.00019995999599920291
9.999999999998899e-05 9.999499987499087e-05
0.0010999999999999899 0.00033148001448050956
0.0005999999999999894 0.0002448754785600193
0.0020999999999999908 0.00045777614616753247
0.002599999999999991 0.000509238647394323
0.0 0.0
0.0005000000000000004 0.00022355088906108006
0.004500000000000004 0.0006693093455196935
9.999999999998899e-05 9.999499987499087e-05
9.999999999998899e-05 9.999499987499087e-05
0.0006999999999999784 0.00026448251359966813
0.009000000000000008 0.0009444045743218322
0.0 0.0
0.0 0.0
9.999999999998899e-05 9.999499987499087e-05
0.0029000000000000137 0.0005377350648786098
0.0 0.0
0.00019999999999997797 0.0001414072133944981
0.00019999999999997797 0.0001414072133944981
0.0015000000000000013 0.0003870077518603461
0.002599999999999991 0.000509238647394323
0.0016999999999999793 0.00041195994950965487
0.0005999999999999894 0.0002448754785600193
9.999999999998899e-05 9.999499987499087e-05
0.0025000000000000022 0.0004993746088859534
0.0014000000000000123 0.0003739037309254906
0.0 0.0
0.0031999999999999806 0.000564779603031128
0.0005999999999999894 0.0002448754785600193
0.0 0.0
0.003400000000000014 0.0005821030836544349
0.0 0.0
9.999999999998899e-05 9.999499987499087e-05
0.00030000000000002247 0.00017317909804592886
0.0008000000000000229 0.0002827295527531614
0.0005999999999999894 0.0002448754785600193
0.0 0.0
9.999999999998899e-05 9.999499987499087e-05
0.0015000000000000013 0.0003870077518603461
0.0020000000000000018 0.0004467661580737733
0.00030000000000002247 0.00017317909804592886
0.0038000000000000256 0.0006152690468404876
0.0 0.0
0.0005000000000000004 0.00022355088906108006
0.00030000000000002247 0.00017317909804592886
9.999999999998899e-05 9.999499987499087e-05
9.999999999998899e-05 9.999499987499087e-05
0.0005999999999999894 0.0002448754785600193
0.0 0.0
0.0 0.0
0.0 0.0
0.00019999999999997797 0.0001414072133944981
0.0005000000000000004 0.00022355088906108006
0.0 0.0
0.0 0.0
0.0008000000000000229 0.0002827295527531614
0.006599999999999995 0.0008097184695929812
0.00019999999999997797 0.0001414072133944981
0.00030000000000002247 0.00017317909804592886
0.0008000000000000229 0.0002827295527531614
9.999999999998899e-05 9.999499987499087e-05
0.00040000000000001146 0.00019995999599920291
0.0009000000000000119 0.0002998649696113272
0.00019999999999997797 0.0001414072133944981
0.0005000000000000004 0.00022355088906108006
0.0005999999999999894 0.0002448754785600193
0.004500000000000004 0.0006693093455196935
0.0 0.0
0.0005999999999999894 0.0002448754785600193
0.0023000000000000242 0.0004790313142165169
0.0 0.0
0.0 0.0
9.999999999998899e-05 9.999499987499087e-05
0.0006999999999999784 0.00026448251359966813
0.0 0.0
0.0023000000000000242 0.0004790313142165169
0.0 0.0
0.0 0.0
0.0 0.0
0.0 0.0
0.0 0.0
0.00019999999999997797 0.0001414072133944981
0.00040000000000001146 0.00019995999599920291
0.00019999999999997797 0.0001414072133944981
0.0005999999999999894 0.0002448754785600193
0.0 0.0
0.004699999999999982 0.0006839524837296798
9.999999999998899e-05 9.999499987499087e-05
0.00030000000000002247 0.00017317909804592886
0.00030000000000002247 0.00017317909804592886
0.0010000000000000009 0.0003160696125855821
9.999999999998899e-05 9.999499987499087e-05
9.999999999998899e-05 9.999499987499087e-05
0.0 0.0
0.0 0.0
9.999999999998899e-05 9.999499987499087e-05
9.999999999998899e-05 9.999499987499087e-05
