0.875099999999998 0.01568945534427503
0.5583000000000027 0.02012430408734673
0.8681999999999999 0.018098459602960703
3.7349999999999994 0.029517477060209615
0.04530000000000278 0.006282765235149228
0.36950000000000216 0.007001703292770933
0.09029999999999916 0.005218842112959518
0.0929000000000002 0.010722345312477118
0.03689999999999749 0.004841674813533005
0.14950000000000152 0.0060464810427222635
0.7316000000000038 0.00897036030491529
1.1646 0.02139930914772716
0.11560000000000059 0.007502090908540075
0.33770000000000167 0.018316477963844464
0.47199999999999953 0.015898812156887696
0.1418000000000017 0.011864697551981652
0.0765000000000029 0.005823389648649635
1.2468999999999983 0.022005769402590757
0.1512000000000029 0.007878666892311145
0.08500000000000263 0.010270696957850493
0.11290000000000511 0.010777073860747206
0.08530000000000015 0.005275575134523222
1.7015999999999973 0.019535638407792048
0.12480000000000047 0.011761566222234173
0.06460000000000043 0.0077462372801251345
0.3219000000000012 0.01477517245246227
1.061 0.02222514494890866
0.4430999999999994 0.01464591127243367
0.00709999999999944 0.001991043696155356
0.46789999999999843 0.019394855529237642
0.05069999999999908 0.005761311395854248
0.06549999999999834 0.007217471925819959
0.7718000000000025 0.01820971125526157
0.142199999999999 0.010952856248486048
0.2972999999999999 0.013728057291547108
0.27169999999999916 0.015306629446092937
0.06450000000000422 0.006124993959180724
1.1557000000000013 0.02261426441430275
1.0942999999999987 0.013105125371395753
1.8806000000000012 0.02472109455505561
0.23109999999999786 0.005459483034134262
0.9844000000000008 0.013608822726452129
0.2560000000000002 0.011331762263655218
0.3309999999999995 0.010989643488302977
0.0663000000000018 0.006839303253987197
0.6753 0.02037826516168636
0.017700000000003158 0.0036336561477387968
0.42659999999999876 0.017433473434746178
1.0726999999999975 0.02141029376258065
0.4961000000000002 0.014422452045335429
0.48309999999999853 0.0202835892040832
0.10630000000000095 0.010930239475876088
0.17719999999999914 0.00499327387592543
0.449799999999998 0.019639095600357967
0.9906000000000024 0.021386611793362684
1.5055999999999976 0.022202825766104644
0.3442000000000007 0.018250495883673955
0.3854000000000024 0.011804504733363454
0.044299999999999784 0.005440547858442181
0.6314999999999991 0.01940530126022269
1.5886999999999976 0.023996336324530878
0.33810000000000073 0.01679148310900501
0.08050000000000068 0.007078148416076055
0.3849 0.019299959455915974
0.17469999999999786 0.008381885408426918
0.06309999999999683 0.0059522312623082295
0.8531999999999993 0.01035655946731345
2.7056000000000004 0.027156797086549073
0.25580000000000247 0.01605540731342559
1.0517000000000003 0.016961136724877833
0.18180000000000085 0.013192311700380637
0.15890000000000093 0.006282847841544453
0.08479999999999954 0.0068725279191866355
0.11619999999999919 0.006300550134710504
0.3337000000000021 0.00823937794982117
0.01589999999999847 0.0036825709769126524
0.6580000000000013 0.020501082898227597
0.3574000000000037 0.01476637775488629
1.4022000000000023 0.017722492375509716
6.3004 0.05171958847477424
0.38239999999999874 0.01580231236243609
0.22040000000000148 0.01598129806993161
0.07689999999999841 0.007424005455278167
0.2668999999999997 0.011792856100198965
0.5388999999999982 0.009571582157616379
0.8658000000000019 0.019864771028129172
0.48080000000000034 0.019113998639740438
0.152099999999999 0.006792923155755498
1.0582999999999991 0.00845958030873872
0.23620000000000196 0.014584488746610213
1.7743999999999964 0.02620414669475043
1.2166999999999994 0.021547328442291874
0.11559999999999881 0.010774316498042915
0.2853999999999992 0.015821260379628437
1.0467000000000013 0.02305011138801721
1.852999999999998 0.019895759045585566
0.12349999999999817 0.009824986463094989
0.09120000000000239 0.00714823558649265
0.03700000000000081 0.005240959072536232
1.3541999999999987 0.020334635477431102
