With Shot Noise
02/11/2024 02:59:58 

VQEr_100_shots_10000_COBYLA_maxIter_10000_tol_1e-06_RA_r1_rl 

Reference value: 0.0000000000e+00 

Number of pauli strings:  32
Qubits:  6
VQE runs:  100
Optimizer:  COBYLA
Max iterations:  10000
Optimizers's tolerance:  1e-06
Ansatz:  RA_r1_rl 

All run converged!!!
Number of iterations for each converged VQE run:
[193, 221, 212, 178, 187, 253, 249, 241, 199, 220, 218, 183, 178, 211, 196, 236, 222, 180, 216, 219, 220, 227, 188, 230, 193, 284, 185, 259, 277, 220, 289, 204, 264, 219, 199, 231, 217, 177, 235, 199, 196, 188, 239, 225, 217, 216, 237, 217, 220, 213, 204, 233, 220, 254, 275, 218, 198, 178, 209, 218, 177, 281, 204, 228, 260, 205, 201, 223, 241, 249, 213, 225, 203, 204, 215, 208, 236, 183, 208, 175, 207, 238, 224, 184, 241, 207, 233, 251, 226, 229, 167, 217, 287, 201, 256, 296, 227, 191, 192, 209] 

Average iterations of converged run:
219 

VQE eigenvalues:
[0.875099999999998, 0.5583000000000027, 0.8681999999999999, 3.7349999999999994, 0.04530000000000278, 0.36950000000000216, 0.09029999999999916, 0.0929000000000002, 0.03689999999999749, 0.14950000000000152, 0.7316000000000038, 1.1646, 0.11560000000000059, 0.33770000000000167, 0.47199999999999953, 0.1418000000000017, 0.0765000000000029, 1.2468999999999983, 0.1512000000000029, 0.08500000000000263, 0.11290000000000511, 0.08530000000000015, 1.7015999999999973, 0.12480000000000047, 0.06460000000000043, 0.3219000000000012, 1.061, 0.4430999999999994, 0.00709999999999944, 0.46789999999999843, 0.05069999999999908, 0.06549999999999834, 0.7718000000000025, 0.142199999999999, 0.2972999999999999, 0.27169999999999916, 0.06450000000000422, 1.1557000000000013, 1.0942999999999987, 1.8806000000000012, 0.23109999999999786, 0.9844000000000008, 0.2560000000000002, 0.3309999999999995, 0.0663000000000018, 0.6753, 0.017700000000003158, 0.42659999999999876, 1.0726999999999975, 0.4961000000000002, 0.48309999999999853, 0.10630000000000095, 0.17719999999999914, 0.449799999999998, 0.9906000000000024, 1.5055999999999976, 0.3442000000000007, 0.3854000000000024, 0.044299999999999784, 0.6314999999999991, 1.5886999999999976, 0.33810000000000073, 0.08050000000000068, 0.3849, 0.17469999999999786, 0.06309999999999683, 0.8531999999999993, 2.7056000000000004, 0.25580000000000247, 1.0517000000000003, 0.18180000000000085, 0.15890000000000093, 0.08479999999999954, 0.11619999999999919, 0.3337000000000021, 0.01589999999999847, 0.6580000000000013, 0.3574000000000037, 1.4022000000000023, 6.3004, 0.38239999999999874, 0.22040000000000148, 0.07689999999999841, 0.2668999999999997, 0.5388999999999982, 0.8658000000000019, 0.48080000000000034, 0.152099999999999, 1.0582999999999991, 0.23620000000000196, 1.7743999999999964, 1.2166999999999994, 0.11559999999999881, 0.2853999999999992, 1.0467000000000013, 1.852999999999998, 0.12349999999999817, 0.09120000000000239, 0.03700000000000081, 1.3541999999999987] 

VQE eigenvalues standard deviation:
[0.01568945534427503, 0.02012430408734673, 0.018098459602960703, 0.029517477060209615, 0.006282765235149228, 0.007001703292770933, 0.005218842112959518, 0.010722345312477118, 0.004841674813533005, 0.0060464810427222635, 0.00897036030491529, 0.02139930914772716, 0.007502090908540075, 0.018316477963844464, 0.015898812156887696, 0.011864697551981652, 0.005823389648649635, 0.022005769402590757, 0.007878666892311145, 0.010270696957850493, 0.010777073860747206, 0.005275575134523222, 0.019535638407792048, 0.011761566222234173, 0.0077462372801251345, 0.01477517245246227, 0.02222514494890866, 0.01464591127243367, 0.001991043696155356, 0.019394855529237642, 0.005761311395854248, 0.007217471925819959, 0.01820971125526157, 0.010952856248486048, 0.013728057291547108, 0.015306629446092937, 0.006124993959180724, 0.02261426441430275, 0.013105125371395753, 0.02472109455505561, 0.005459483034134262, 0.013608822726452129, 0.011331762263655218, 0.010989643488302977, 0.006839303253987197, 0.02037826516168636, 0.0036336561477387968, 0.017433473434746178, 0.02141029376258065, 0.014422452045335429, 0.0202835892040832, 0.010930239475876088, 0.00499327387592543, 0.019639095600357967, 0.021386611793362684, 0.022202825766104644, 0.018250495883673955, 0.011804504733363454, 0.005440547858442181, 0.01940530126022269, 0.023996336324530878, 0.01679148310900501, 0.007078148416076055, 0.019299959455915974, 0.008381885408426918, 0.0059522312623082295, 0.01035655946731345, 0.027156797086549073, 0.01605540731342559, 0.016961136724877833, 0.013192311700380637, 0.006282847841544453, 0.0068725279191866355, 0.006300550134710504, 0.00823937794982117, 0.0036825709769126524, 0.020501082898227597, 0.01476637775488629, 0.017722492375509716, 0.05171958847477424, 0.01580231236243609, 0.01598129806993161, 0.007424005455278167, 0.011792856100198965, 0.009571582157616379, 0.019864771028129172, 0.019113998639740438, 0.006792923155755498, 0.00845958030873872, 0.014584488746610213, 0.02620414669475043, 0.021547328442291874, 0.010774316498042915, 0.015821260379628437, 0.02305011138801721, 0.019895759045585566, 0.009824986463094989, 0.00714823558649265, 0.005240959072536232, 0.020334635477431102] 

Median VQE eigenvalues:
0.3357000000000019 

Min eigenvalue after 100 VQE steps on Aer qasm simulator: 7.10000e-03
Delta from reference energy value is 7.10000e-03 

Optimizer history of the smallest VQE eigenvalue:
[22.7608, 22.2851, 22.231, 21.7009, 15.213, 15.128499999999999, 14.5347, 14.7021, 14.7873, 13.3198, 13.0189, 8.3353, 7.984999999999998, 7.710600000000001, 7.628799999999999, 8.5696, 7.332899999999999, 8.8163, 5.1926999999999985, 6.921999999999999, 4.594300000000002, 4.3596, 4.163099999999998, 5.842800000000002, 4.267000000000005, 7.537899999999999, 3.3379000000000048, 3.1782000000000004, 2.1590000000000007, 2.147199999999998, 2.774099999999999, 2.2414999999999985, 2.2848000000000006, 2.725900000000003, 4.062299999999999, 2.1301000000000005, 2.4558999999999997, 2.309799999999999, 3.0708, 1.9907000000000004, 1.935599999999999, 1.951900000000002, 2.082200000000002, 1.7979999999999983, 1.8204000000000011, 1.9396000000000004, 1.6103000000000023, 1.7432000000000034, 1.5298000000000016, 1.470799999999997, 1.4663000000000004, 1.5109999999999975, 1.4041999999999994, 1.7559999999999985, 1.3236999999999988, 1.4417999999999989, 1.3562000000000012, 1.4251000000000005, 1.3681000000000036, 1.1449999999999978, 1.1008000000000013, 1.2132999999999967, 1.0860000000000003, 0.9123000000000001, 0.9366999999999983, 0.9963000000000015, 0.884500000000001, 0.8694999999999986, 0.8572000000000006, 0.8490000000000002, 0.6769999999999978, 0.6818000000000044, 0.6448, 0.5285999999999991, 0.5039999999999978, 0.5404999999999998, 0.5329000000000015, 0.5284999999999975, 0.43130000000000024, 0.4858000000000011, 0.4413000000000018, 0.4389000000000003, 0.4562999999999988, 0.4964999999999993, 0.4930000000000021, 0.33340000000000103, 0.43890000000000207, 0.30129999999999946, 0.279300000000001, 0.2790999999999979, 0.28420000000000023, 0.2658000000000005, 0.29650000000000176, 0.2577999999999978, 0.2679999999999989, 0.26900000000000013, 0.2729000000000035, 0.2749000000000006, 0.2773999999999983, 0.21810000000000151, 0.2441999999999993, 0.23059999999999725, 0.21289999999999942, 0.21700000000000053, 0.21559999999999668, 0.22489999999999988, 0.19349999999999845, 0.20969999999999978, 0.21130000000000138, 0.20250000000000412, 0.21240000000000236, 0.23760000000000048, 0.20840000000000103, 0.19040000000000035, 0.1446999999999985, 0.12320000000000064, 0.10640000000000072, 0.11149999999999949, 0.10689999999999955, 0.10829999999999984, 0.12129999999999797, 0.1352999999999973, 0.16360000000000063, 0.12850000000000072, 0.12519999999999953, 0.10900000000000176, 0.11660000000000359, 0.08099999999999952, 0.09979999999999478, 0.09870000000000267, 0.0686, 0.1222000000000012, 0.06729999999999947, 0.07589999999999719, 0.07150000000000034, 0.05460000000000065, 0.052400000000000446, 0.05090000000000039, 0.05159999999999876, 0.07130000000000081, 0.06479999999999819, 0.08169999999999789, 0.046499999999999986, 0.06939999999999813, 0.050200000000000244, 0.028699999999998838, 0.04720000000000013, 0.04770000000000074, 0.019299999999997652, 0.02499999999999858, 0.019400000000000972, 0.029399999999998983, 0.019000000000000128, 0.02210000000000356, 0.028300000000001546, 0.00990000000000002, 0.015400000000001413, 0.012199999999998212, 0.013099999999999667, 0.00879999999999903, 0.006099999999999994, 0.005500000000001393, 0.005899999999998684, 0.014400000000003743, 0.009399999999999409, 0.008599999999999497, 0.005500000000001393, 0.005499999999999616, 0.00829999999999842, 0.009500000000000952, 0.006000000000000227, 0.009700000000000486, 0.007200000000000983, 0.0057000000000009265, 0.0064000000000010715, 0.009600000000002495, 0.009499999999999176, 0.0038999999999997925, 0.0038999999999997925, 0.010799999999999699, 0.0077000000000015945, 0.004700000000001481, 0.00560000000000116, 0.007799999999999585, 0.011099999999999, 0.009100000000000108, 0.010499999999998622, 0.006499999999999062, 0.006700000000000372, 0.006200000000001538, 0.006299999999999528, 0.005700000000002703, 0.006800000000001916, 0.00709999999999944, 0.009300000000003195, 0.009700000000000486, 0.0071000000000012164, 0.005699999999997374, 0.006199999999999761, 0.0065000000000008384, 0.006899999999999906, 0.006700000000000372, 0.0077000000000015945, 0.007400000000000517, 0.00569999999999915, 0.007600000000000051, 0.008599999999999497, 0.00560000000000116, 0.007600000000000051, 0.011400000000000077, 0.007699999999999818, 0.006299999999999528, 0.006299999999999528, 0.005300000000000082, 0.006499999999999062, 0.011200000000000543, 0.0071000000000012164, 0.006600000000000605, 0.008699999999999264, 0.006499999999999062, 0.0039999999999995595, 0.007499999999998508, 0.004699999999999704, 0.005300000000000082, 0.009300000000001418, 0.005899999999998684, 0.007400000000000517, 0.006199999999999761, 0.00420000000000087, 0.005200000000002092, 0.003400000000000958, 0.006499999999997286, 0.007400000000000517, 0.005200000000002092, 0.007999999999999119, 0.006800000000001916, 0.00720000000000276, 0.008100000000000662, 0.00720000000000276, 0.006599999999998829, 0.010400000000002407, 0.009799999999998477, 0.0030000000000001137, 0.0030999999999998806, 0.008099999999998886, 0.004499999999998394, 0.00890000000000235, 0.006199999999997985, 0.005999999999996675, 0.012299999999999756, 0.005199999999998539, 0.00730000000000075, 0.004600000000001714, 0.004700000000001481, 0.006800000000000139, 0.009499999999999176, 0.007799999999999585, 0.00709999999999944, 0.00590000000000046, 0.006199999999997985, 0.00829999999999842, 0.005400000000001626, 0.01000000000000334, 0.0058000000000006935, 0.005899999999998684, 0.009700000000000486, 0.0038999999999997925, 0.00709999999999944, 0.007500000000000284, 0.005999999999996675, 0.007400000000000517, 0.00849999999999973, 0.0063000000000013046, 0.004700000000001481, 0.007299999999997198, 0.0069000000000016826, 0.00709999999999944] 

Optimizer history of the smallest VQE eigenvalue standard deviation:
[0.06091608211301841, 0.060936921607511484, 0.06137519798746069, 0.062431120741181644, 0.08783587289940255, 0.08775330393210275, 0.0850571386363308, 0.08510964124586591, 0.08492987258320832, 0.08550429675753142, 0.08498157147876238, 0.07155968223098814, 0.07112052620727717, 0.06716688172008582, 0.06729953360908232, 0.07081804089354632, 0.06487261365938635, 0.07716596506880478, 0.0451028950401191, 0.05684559318012258, 0.04032747642736897, 0.04321960245073987, 0.04545085487644868, 0.05697726704572622, 0.0459969238101854, 0.06839766930970674, 0.03752368879787807, 0.038646892656460756, 0.027131799498006013, 0.02686260396908684, 0.03697673905308579, 0.024138935415630915, 0.03352568507875716, 0.03688187371867108, 0.050070935032212056, 0.027741792930522716, 0.033269403887055155, 0.03094710946114355, 0.04006092395339878, 0.026004840491723826, 0.026753792404068624, 0.025622194773282012, 0.030309149047771045, 0.024291373283534225, 0.024697585792947466, 0.02581915072189632, 0.021811547331631476, 0.027012066192722103, 0.022929132473776686, 0.0249531085037516, 0.025619649275507268, 0.028589345427973676, 0.025218768090451996, 0.03227320139062747, 0.025761526953967627, 0.02583317394359432, 0.026328070571160364, 0.027907392121085058, 0.026465117135580567, 0.0231105258269906, 0.024024297367456978, 0.025126309697207812, 0.02394200877119545, 0.02228312942564396, 0.023480575653079722, 0.02375468309618127, 0.023031653414377348, 0.023028884189208978, 0.021995780686304377, 0.022487464508032025, 0.0206114321676103, 0.021308836476917267, 0.019785681287233972, 0.018900971403607796, 0.018305362492996413, 0.019339021459215577, 0.019822442003950988, 0.019038745888319414, 0.017988592246198712, 0.020433949593752068, 0.01787637219907887, 0.01787228566803922, 0.018875114595678623, 0.02013357452118228, 0.01917916859511903, 0.015275914898951217, 0.018267532646747874, 0.014563233603839524, 0.014047828408690104, 0.01381609376777678, 0.013967359950971418, 0.01376773154880645, 0.014191160593834472, 0.013275813948681256, 0.01377284022995982, 0.013985765048791565, 0.01356851506245248, 0.014231775750060169, 0.014088897046965759, 0.012202136657159673, 0.013102241334977761, 0.012629739189706155, 0.012197698266476339, 0.012373876676288607, 0.01226350276226168, 0.012434671648258353, 0.011988187561095293, 0.01277893794491545, 0.01233439309410883, 0.012539054788938459, 0.012492692103786148, 0.013311370027160992, 0.012332034544226659, 0.01204397293255014, 0.01033524547362081, 0.009506804089703324, 0.008889186014478488, 0.009142946735052112, 0.00895049601977456, 0.008916153598946121, 0.009595524217050384, 0.010334627763011093, 0.011406606506757377, 0.010054333543303642, 0.010058117716551133, 0.009081793435219686, 0.009812507121016544, 0.007895028562329577, 0.009007821490238346, 0.008619134817370006, 0.0073230627472389885, 0.010438793416865759, 0.007448463532836841, 0.007786815973169023, 0.007811820338435824, 0.0063965271827765855, 0.00642253065387774, 0.006221054974841424, 0.006442279720720007, 0.007646214292053265, 0.007456876021498525, 0.007925489953308894, 0.006003173910524325, 0.00802939599222756, 0.006398821141429122, 0.004582177320881413, 0.006243972133185727, 0.006367913237474257, 0.004119050740158383, 0.004597559787539408, 0.003797939441328678, 0.004693937792514934, 0.004226821974013115, 0.0043844891378586335, 0.005381969249261882, 0.0025758988722385527, 0.0032810473937448835, 0.00306960844408529, 0.0030856161459261377, 0.0024016785796604715, 0.0020594535683039913, 0.0018344691330191513, 0.0019450159382380457, 0.003254139517598968, 0.0023431116063901062, 0.0024527543700908565, 0.0018344691330191513, 0.0018293668303541561, 0.0022584682862506556, 0.0024360626018228664, 0.001804368033412261, 0.002374836204878138, 0.002128995068101371, 0.001845285614749118, 0.0019680609746651726, 0.002451069970441476, 0.002332687505860991, 0.001602118285271087, 0.0015772580638563718, 0.0028437102524694435, 0.0021358181102331757, 0.0015645187758541144, 0.0018209162528792934, 0.0025007318928665445, 0.002883196663427569, 0.002378214246025783, 0.002817300658431727, 0.0018455083310567738, 0.002088909524129755, 0.0019271450386517319, 0.0019247792081171255, 0.0019088590833270123, 0.0020280098619089577, 0.0021957319963966495, 0.002600490530649924, 0.002391417780313587, 0.0020403953048367756, 0.001839849722124075, 0.001826367980446448, 0.002030280029946609, 0.0020835563347315566, 0.0021077682510181155, 0.0021501197641061675, 0.0021609405359703997, 0.0019805951125861114, 0.0020622638046573927, 0.0026550050847408703, 0.0019167555921400224, 0.0022334815871190876, 0.0028723321534947447, 0.0021264033013518365, 0.0017738407482071159, 0.001985825521036531, 0.0017454807360724378, 0.0019955888855172667, 0.0028086345436884232, 0.0024380301474756076, 0.001983283136619667, 0.002534663488512792, 0.002001327309562311, 0.0016541862047544525, 0.002470553176922105, 0.0018181878340809354, 0.0017624917021081198, 0.0023867452733796284, 0.0018183198288530028, 0.0024524175827129965, 0.0020430790488867603, 0.0016541813685324678, 0.0016664153143799427, 0.0014484405407195497, 0.0020255525172159753, 0.002081398568270868, 0.0018206965699973275, 0.002282672118373547, 0.0021051080732351953, 0.0019889112599610712, 0.002409383116069313, 0.002428000823723056, 0.002003906185428835, 0.0026743881543261116, 0.0023432524405193767, 0.001333649129269004, 0.001525471402550708, 0.0023014501949857667, 0.0016752477428726847, 0.002526463338344698, 0.002003164496490489, 0.0019427084186773981, 0.0028668615243851326, 0.001731087519451291, 0.0024864687812236586, 0.0017536521890043973, 0.0017104967114846864, 0.00213379849095456, 0.002657792881320838, 0.0021568263722423317, 0.0020603007062076984, 0.0020203343782651496, 0.001906475281769998, 0.0021358382429388246, 0.0018041463355282393, 0.002648169934124282, 0.0017767093178120022, 0.0019038610768645908, 0.0026612551549973257, 0.00158952540086656, 0.002083828927719345, 0.002181734860151434, 0.0019220301766621735, 0.0021010559250053233, 0.0023359912242985822, 0.0019297354741000083, 0.0016871464073992008, 0.002045425872526317, 0.0019299303096226006, 0.001991043696155356] 

Smallest VQE eingenvalue optimizer final message:
{   'aux_operators_evaluated': None,
    'cost_function_evals': 277,
    'eigenvalue': 0.00709999999999944,
    'optimal_circuit': <qiskit.circuit.library.n_local.real_amplitudes.RealAmplitudes object at 0x000001FDB3006870>,
    'optimal_parameters': {   ParameterVectorElement(θ[0]): 3.1334331334220398,
                              ParameterVectorElement(θ[1]): 0.25455781824721146,
                              ParameterVectorElement(θ[2]): 1.7205120236988083,
                              ParameterVectorElement(θ[3]): -1.5653012767852486,
                              ParameterVectorElement(θ[4]): 4.7103682947298235,
                              ParameterVectorElement(θ[5]): -1.5670188149151347,
                              ParameterVectorElement(θ[6]): 3.138157766109399,
                              ParameterVectorElement(θ[7]): -3.311252780741147,
                              ParameterVectorElement(θ[8]): 1.739741145748032,
                              ParameterVectorElement(θ[9]): 1.5669945665492244,
                              ParameterVectorElement(θ[10]): -1.5637701499670338,
                              ParameterVectorElement(θ[11]): -1.608507786439964},
    'optimal_point': array([ 3.13343313,  0.25455782,  1.72051202, -1.56530128,  4.71036829,
       -1.56701881,  3.13815777, -3.31125278,  1.73974115,  1.56699457,
       -1.56377015, -1.60850779]),
    'optimal_value': 0.00709999999999944,
    'optimizer_evals': None,
    'optimizer_result': <qiskit_algorithms.optimizers.optimizer.OptimizerResult object at 0x000001FDB51C6090>,
    'optimizer_time': 25.995925188064575}
     ┌──────────┐ ░                           ░  ┌──────────┐
q_0: ┤ Ry(θ[0]) ├─░───────────────────────■───░──┤ Ry(θ[6]) ├
     ├──────────┤ ░                     ┌─┴─┐ ░  ├──────────┤
q_1: ┤ Ry(θ[1]) ├─░──────────────────■──┤ X ├─░──┤ Ry(θ[7]) ├
     ├──────────┤ ░                ┌─┴─┐└───┘ ░  ├──────────┤
q_2: ┤ Ry(θ[2]) ├─░─────────────■──┤ X ├──────░──┤ Ry(θ[8]) ├
     ├──────────┤ ░           ┌─┴─┐└───┘      ░  ├──────────┤
q_3: ┤ Ry(θ[3]) ├─░────────■──┤ X ├───────────░──┤ Ry(θ[9]) ├
     ├──────────┤ ░      ┌─┴─┐└───┘           ░ ┌┴──────────┤
q_4: ┤ Ry(θ[4]) ├─░───■──┤ X ├────────────────░─┤ Ry(θ[10]) ├
     ├──────────┤ ░ ┌─┴─┐└───┘                ░ ├───────────┤
q_5: ┤ Ry(θ[5]) ├─░─┤ X ├─────────────────────░─┤ Ry(θ[11]) ├
     └──────────┘ ░ └───┘                     ░ └───────────┘
The number of ansatz parameters is: 
 12
Line for latex table
RA r1 rl & $1\mathrm{e}{-06}$ & 10000 & 100/100 &219 & $7.1\mathrm{e}{-03}$ & $1.991\mathrm{e}{-03}$ & $7.1\mathrm{e}{-03}$ & $3.357\mathrm{e}{-01}$ & $3.357\mathrm{e}{-01}$ & - & 00h 35m 05s\\

