0.3572330470336761
0.35723304703363135
0.3572330470336472
0.3572330470336311
0.35723304703383607
0.3572330470336327
0.35723304703363923
0.3572330470336367
0.3572330470336361
0.3572330470337012
0.3572330470336361
0.3572330470336411
0.3572330470342667
0.3572330470336361
0.357233047033631
0.35723304703363845
0.3572330470336327
0.357233047033646
0.3572330470336331
0.35723304703363346
0.35723304703363623
0.35723304703363556
0.3572330470336348
0.35723304703363734
0.35723304703402037
0.3572330470336328
0.3572330470336408
0.35723304703375147
0.35723304703363246
0.3572330470336317
0.3572330470336549
0.3572330470337616
0.357233047033633
0.35723304703363135
0.35723304703363334
0.35723304703363445
0.3572330470336317
0.35723304703405645
0.357233047033634
0.3572330470336442
0.3572330470338917
0.35723304703396797
0.3572330470336751
0.35723304703363146
0.35723304703363223
0.35723304703363146
0.3572330470336318
0.35723304703364156
0.3572330470336341
0.35723304703363545
0.35723304703364245
0.35723304703407444
0.3572330470336319
0.3572330470338345
0.3572330470336317
0.3572330470336329
0.3572330470336347
0.357233047033631
0.357233047033636
0.3572330470336572
0.35723304703363445
0.35723304703363223
0.357233047033644
0.3572330470336311
0.3572330470336311
0.35723304703363545
0.35723304703366443
0.3572330470336331
0.35723304703373726
0.35723304703363135
0.3572330470336311
0.3572330470336319
0.3572330470336412
0.3572330470349615
0.357233047033639
0.35723304703366354
0.35723304703363334
0.35723304703363545
0.3572330470336347
0.35723304703363445
0.35723304703363123
0.35723304703366143
0.3572330470336643
0.35723304703363135
0.35723304703363346
0.35723304703366165
0.35723304703370695
0.3572330470337406
0.3572330470345457
0.357233047033673
0.35723304703363135
0.3572330470337177
0.3572330470336317
0.357233047033632
