0.9147879169656922
0.9147879224207841
0.9147879174810816
0.9147879220609774
0.893699163849721
0.9147879226806171
0.8936991623300501
0.8936991628554547
0.893699160822609
0.8936991617710088
0.8936991629054326
0.8936991648643325
0.8936991687625607
0.9147879128193702
0.8936991623482774
0.8936991655175037
0.8936991647444126
0.8936991650130293
0.8936991755031995
0.8936991650249372
0.8936991650750802
0.8936991743683628
0.893699171735826
0.8936991636781304
0.9147879304118878
0.8936991611633949
0.8936991615732727
0.893699166008245
0.8936991636468912
0.8936991676584162
