RA_r1_rl
33s__104
1e-02
0.00010056333991076416
0.00010508902750389071
0.00010866910827800336
0.00011333226430004784
0.0010747447062619542
0.00010285619543776159
9.893207588190789e-05
0.00026233301596539915
0.00018112323071212133
0.0011539247844029599
0.0004060317563738258
8.838440431474526e-05
0.0003667734696347069
0.0002128839184764586
0.0001558003796686136
0.0004734263577801934
0.0010459887682826574
0.0006098564770528614
2.5434329633089447e-05
0.00013852997706670367
5.218226938574766e-05
0.00019959860010443364
0.0006694592663313292
0.00030201707965737956
8.902732209814523e-05
9.406155254287896e-05
0.00010809570292430459
0.0005362323130418956
0.00014887494028265058
0.00026320133440843607
0.00021337239785562678
0.0014192153978188071
0.00034517556614471756
0.0001772496489028108
0.00045290073605741554
9.339108336747781e-05
8.248911159025596e-05
0.0001497552963591886
0.00012066652711723025
0.0001368323653502812
0.00018736984008538293
9.350083589904079e-05
0.000167628515232221
6.138944387285017e-05
0.00010625415988635423
0.00018122013838478557
2.5846624427228182e-05
9.972340744146546e-05
0.0001351676289599868
1.4983741529583927e-05
0.00020332074205292594
8.006678027955294e-05
0.0006939234464127253
0.0001941156526673038
0.00023650257373669659
0.00014415811828394354
2.983661596167586e-05
8.352795248595113e-05
8.942845358289597e-05
9.41658116113131e-05
0.0001559577666923051
8.895827143051704e-05
0.00033658121699464694
0.0003976881141181665
0.00023299034351659254
7.173345005545562e-05
0.00010796942678281685
0.00020421126993458438
0.0003418803374196644
0.0001630311124080075
0.00022153736285429604
0.00016388368159547806
0.00011199168483644328
0.0017882350469349273
0.0002740581727532776
6.554903798272615e-05
9.352410930008048e-05
0.0003722655488836435
0.00041252129310348495
0.00032695786473568855
0.0001565130154997929
9.490434385384106e-05
7.917907750815134e-05
7.8458890375388e-05
0.00011601818725925916
7.532363152018551e-05
0.00010838625294329329
9.818300948816194e-05
0.0003648706927726342
0.0001970876693332957
0.00025046105079490344
4.999463738569743e-05
0.00012766609602365975
0.00019387386313879373
4.958805614618811e-05
0.00010183904091720652
0.00024235510703479735
0.00027475794731190994
0.0001385031034701889
7.137308878885085e-05
