0.35733443111604235
0.3575448776304204
0.35729824315224923
0.35756936223679836
0.35731539249561917
0.3573810588568608
0.357579717229078
0.3575200560721711
0.35729134799149587
0.3574089829449645
0.3583439521182893
0.3574693951977691
0.35820547567080807
0.3573294350038071
0.3583109918046654
0.35752729021341123
0.35952076719703596
0.36036081394087427
0.35772261436713015
0.35745241572755926
0.35888832210552213
0.3572881077820381
0.3575277817518433
0.35853174672192667
0.35733235534777663
0.3573514720005758
0.35778998944407503
0.3572471876661002
0.3582942949947696
0.3583416177250851
0.357543733113985
0.3572538437904489
0.3573819489671346
0.35855904046924014
0.35746948689335867
0.35729075863385185
0.3580737674283928
0.3579580172810083
0.3582955355947809
0.3580291487794235
0.3573553709358812
0.3573727173983994
0.3581248601368969
0.35735013731199816
0.35730117406107953
0.36106848275822434
0.3578333844447025
0.35808390591360095
0.35744396510458787
0.3573441728429121
0.3574079214035487
0.35749133802198807
0.3578545256867992
0.35730681564223776
0.3573286205986709
0.3572955000422441
0.3575533489585515
0.35728890916330547
0.35843544613768075
0.35724339927994764
0.35738715066622906
0.35753117980340765
0.35882504575165486
0.35741349000705025
0.357247620359342
0.357423625404687
0.3576225317431456
0.3572825651154623
0.3573877423323163
0.3581279177713651
0.357290383341613
0.3575659410392549
0.35737393954825925
0.3573576977724434
0.35730428416855486
0.35748866204277163
0.35733916780306973
0.35730587124480706
0.35734594582270196
0.3574915987603967
0.357392696623582
0.3572973521449152
0.3577914014823158
0.3573207899030193
0.3580104896219346
0.35748843920870466
0.35728225143162884
0.35944927578394337
0.3585989124703013
0.3573585955871652
0.35741858717102803
0.35752145935931756
0.35729048694276877
0.3574734295604486
0.35743860331836197
0.3578026895388984
0.3574023498438542
0.3572467763736953
0.3577963148412585
0.3573217772263053
