RA_r1_rl
03m20s__559
1e-08
2.828848266744899e-13
5.551115123125783e-17
4.996003610813204e-16
5.551115123125783e-17
0.0
4.440892098500626e-16
1.8318679906315083e-15
1.1102230246251565e-16
1.3322676295501878e-15
0.0
2.1649348980190553e-15
0.0
4.440892098500626e-16
2.1094237467877974e-15
4.052314039881821e-15
0.0
2.220446049250313e-16
1.8318679906315083e-15
3.885780586188048e-16
3.885780586188048e-16
6.106226635438361e-16
3.3306690738754696e-16
2.7755575615628914e-16
0.0
0.0
7.494005416219807e-15
3.3639757646142243e-14
1.3322676295501878e-15
9.992007221626409e-16
7.771561172376096e-16
2.886579864025407e-15
0.0
6.661338147750939e-16
0.0
1.4432899320127035e-14
2.3314683517128287e-15
2.7755575615628914e-16
9.992007221626409e-16
2.220446049250313e-16
5.551115123125783e-17
6.106226635438361e-16
0.0
8.926193117986259e-14
8.93729534823251e-15
1.0547118733938987e-15
2.220446049250313e-16
1.7208456881689926e-15
1.6653345369377348e-16
2.0539125955565396e-15
6.050715484207103e-15
0.0
5.551115123125783e-17
2.2426505097428162e-14
2.220446049250313e-16
6.6058269965196814e-15
5.551115123125783e-17
4.440892098500626e-16
4.440892098500626e-16
3.774758283725532e-15
4.440892098500626e-16
2.3314683517128287e-15
3.3306690738754696e-16
4.996003610813204e-16
1.304512053934559e-14
3.885780586188048e-16
2.220446049250313e-16
9.658940314238862e-15
1.4210854715202004e-14
2.220446049250313e-16
0.0
0.0
2.0539125955565396e-14
2.6201263381153694e-14
1.2601031329495527e-14
0.0
0.0
3.885780586188048e-16
1.8318679906315083e-15
1.3322676295501878e-15
1.27675647831893e-15
7.716050021144838e-15
0.0
3.941291737419306e-14
1.1823875212257917e-14
0.0
3.133049375492192e-13
2.7045032879868813e-13
5.551115123125783e-17
2.7755575615628914e-16
2.4424906541753444e-15
0.0
4.440892098500626e-16
6.661338147750939e-16
1.1102230246251565e-16
1.4432899320127035e-15
4.6074255521944e-15
7.771561172376096e-16
8.881784197001252e-16
