RA_r1_rl
52m15s__103
1e-07
1.016231264860845
1.2282728245919867
1.1634679634245249
2.0328321910012273
1.049519459310324
1.1201701980243242
1.1615859571302538
1.3934028716493059
1.7558824361538956
1.0266774678169648
0.9621328987558243
1.0520498891352166
1.5653936524134113
1.2672588903862005
1.0263015464684264
1.0435725209260824
1.0682215395144474
1.0402515103052044
1.6107842910546575
1.9601012441968457
1.2256396867649357
2.1515431635675677
1.0663464010894375
1.0786394128290442
1.0662768433772238
1.8950917293861123
1.619322989401117
0.9731888111340548
1.2363000058362625
1.4581823430812064
1.0756548307430103
1.283085056421503
1.7752687638790805
1.2035680505133572
1.6375455839414024
1.8410815691832367
1.4138669312338181
1.4309434210578795
1.5168602744303454
1.0418034297028222
1.9991819575428098
1.1917369458876386
1.019675977824705
1.039486572403073
1.101646545848297
1.1163911181786854
0.9743807434049341
1.2377543738140258
1.7073278731499417
0.9789847724392279
1.967914428882453
1.2306367907578366
1.0085208690077754
1.5029715127570609
1.2268674248551414
1.2698260224961593
1.2983416110918726
1.0774847714704836
0.9243725687931662
1.9150116438982803
1.27575847269307
1.43191485132538
0.9855606668993542
2.2292774223650107
0.9959021551201895
1.7727089611977753
1.7061355108911076
1.2310338523882054
1.9629633602893826
1.8509402969638709
1.1006261647721944
1.0499075718533688
1.2223668342374165
0.9781824257412716
0.9480986916120626
1.0132532245224015
1.1239597410828401
1.2495995734726304
1.5887973960856763
1.2377833085664425
0.9198612971604547
1.3219439349531683
1.1926461083299609
0.9749924088291542
1.1454164018849244
1.674749568152344
1.0352577753262566
1.4035747619334749
1.1907746826900885
1.0642447451525308
1.0216501873340587
2.0770300250567066
1.2958984964388995
1.6971038094059052
2.0730577307625415
1.3439553169313125
1.9923385689248532
1.1675361516288287
1.507146620366448
1.4887487961325088
