1.016231264860845 0.04441919726387826
1.2282728245919867 0.042761232197889416
1.1634679634245249 0.05074957719129793
2.0328321910012273 0.04660663128724301
1.049519459310324 0.04832107182192305
1.1201701980243242 0.04981975100443792
1.1615859571302538 0.04787637092905867
1.3934028716493059 0.03989916803957109
1.7558824361538956 0.04336801416390769
1.0266774678169648 0.04966271683354143
0.9621328987558243 0.0511238147757597
1.0520498891352166 0.04555561446837434
1.5653936524134113 0.036830447250153366
1.2672588903862005 0.037881985371812255
1.0263015464684264 0.045957511512582434
1.0435725209260824 0.044964558204022925
1.0682215395144474 0.04835123033133932
1.0402515103052044 0.04242161551518299
1.6107842910546575 0.04641932052937872
1.9601012441968457 0.04687625149441098
1.2256396867649357 0.047482996632852256
2.1515431635675677 0.04842555020386843
1.0663464010894375 0.04575375487453542
1.0786394128290442 0.04490277773156894
1.0662768433772238 0.04615102747889242
1.8950917293861123 0.05193813924524068
1.619322989401117 0.04901588168825328
0.9731888111340548 0.047451138860428226
1.2363000058362625 0.04813494322920955
1.4581823430812064 0.04629028108243616
1.0756548307430103 0.046087032546849024
1.283085056421503 0.04651542872215164
1.7752687638790805 0.04236235580740737
1.2035680505133572 0.045400024113600536
1.6375455839414024 0.044819203831645296
1.8410815691832367 0.0494400789212917
1.4138669312338181 0.048180840505263896
1.4309434210578795 0.04485938374416301
1.5168602744303454 0.04301239175712457
1.0418034297028222 0.045231808631340825
1.9991819575428098 0.052144843942987434
1.1917369458876386 0.04140635698322972
1.019675977824705 0.0439339962648406
1.039486572403073 0.04794173979638596
1.101646545848297 0.04971336936054591
1.1163911181786854 0.044406076193241835
0.9743807434049341 0.044309442202870135
1.2377543738140258 0.03889860727749996
1.7073278731499417 0.04382170655405766
0.9789847724392279 0.05161361073099525
1.967914428882453 0.04207956012526221
1.2306367907578366 0.039682043155059105
1.0085208690077754 0.04584665619145828
1.5029715127570609 0.04163268434417852
1.2268674248551414 0.04515694821479345
1.2698260224961593 0.040501856438138514
1.2983416110918726 0.04430113548605792
1.0774847714704836 0.0446247103642377
0.9243725687931662 0.049142234181044374
1.9150116438982803 0.050710235789785
1.27575847269307 0.04753069683909202
1.43191485132538 0.049571108150821344
0.9855606668993542 0.046828556574044965
2.2292774223650107 0.052200762885445555
0.9959021551201895 0.05120400610570761
1.7727089611977753 0.04600431631201764
1.7061355108911076 0.04402221989544905
1.2310338523882054 0.04094230841480406
1.9629633602893826 0.043888171991997134
1.8509402969638709 0.04860990907997354
1.1006261647721944 0.04554799848045099
1.0499075718533688 0.045345120289074115
1.2223668342374165 0.03963254018557411
0.9781824257412716 0.051059257087454554
0.9480986916120626 0.0451500076340011
1.0132532245224015 0.04430154549166453
1.1239597410828401 0.04441917889533278
1.2495995734726304 0.04703422641813156
1.5887973960856763 0.04096619353026551
1.2377833085664425 0.04003988365358645
0.9198612971604547 0.05078375310040233
1.3219439349531683 0.05150983826377212
1.1926461083299609 0.05219732157938886
0.9749924088291542 0.047938924197279
1.1454164018849244 0.04693980199790676
1.674749568152344 0.047354815194570465
1.0352577753262566 0.05170520179689952
1.4035747619334749 0.03721222345756443
1.1907746826900885 0.0444240913677173
1.0642447451525308 0.0541638938525288
1.0216501873340587 0.04422302752311149
2.0770300250567066 0.051243330173274954
1.2958984964388995 0.040503605545122216
1.6971038094059052 0.04712529918084207
2.0730577307625415 0.05225683144825123
1.3439553169313125 0.04996176318109636
1.9923385689248532 0.04625402299332759
1.1675361516288287 0.041792936881594675
1.507146620366448 0.04845826442911033
1.4887487961325088 0.05146075869223462
