With Shot Noise
02/11/2024 21:17:52 

VQEr_100_shots_10000_COBYLA_maxIter_10000_tol_1e-07_RA_r1_rl 

Reference value: 9.0655987147e-01 

Number of pauli strings:  14
Qubits:  3
VQE runs:  100
Optimizer:  COBYLA
Max iterations:  10000
Optimizers's tolerance:  1e-07
Ansatz:  RA_r1_rl 

All run converged!!!
Number of iterations for each converged VQE run:
[101, 104, 87, 101, 102, 113, 95, 104, 98, 89, 110, 101, 100, 104, 96, 111, 95, 110, 120, 106, 110, 101, 96, 103, 105, 92, 92, 101, 106, 117, 109, 110, 101, 97, 109, 95, 111, 98, 90, 114, 98, 111, 108, 97, 111, 107, 103, 105, 110, 108, 116, 105, 102, 111, 103, 97, 97, 116, 105, 105, 102, 101, 95, 92, 109, 102, 86, 104, 112, 106, 99, 95, 105, 90, 104, 107, 107, 106, 107, 115, 114, 92, 97, 111, 104, 93, 98, 97, 86, 96, 111, 96, 109, 111, 107, 98, 89, 117, 94, 100] 

Average iterations of converged run:
103 

VQE eigenvalues:
[1.016231264860845, 1.2282728245919867, 1.1634679634245249, 2.0328321910012273, 1.049519459310324, 1.1201701980243242, 1.1615859571302538, 1.3934028716493059, 1.7558824361538956, 1.0266774678169648, 0.9621328987558243, 1.0520498891352166, 1.5653936524134113, 1.2672588903862005, 1.0263015464684264, 1.0435725209260824, 1.0682215395144474, 1.0402515103052044, 1.6107842910546575, 1.9601012441968457, 1.2256396867649357, 2.1515431635675677, 1.0663464010894375, 1.0786394128290442, 1.0662768433772238, 1.8950917293861123, 1.619322989401117, 0.9731888111340548, 1.2363000058362625, 1.4581823430812064, 1.0756548307430103, 1.283085056421503, 1.7752687638790805, 1.2035680505133572, 1.6375455839414024, 1.8410815691832367, 1.4138669312338181, 1.4309434210578795, 1.5168602744303454, 1.0418034297028222, 1.9991819575428098, 1.1917369458876386, 1.019675977824705, 1.039486572403073, 1.101646545848297, 1.1163911181786854, 0.9743807434049341, 1.2377543738140258, 1.7073278731499417, 0.9789847724392279, 1.967914428882453, 1.2306367907578366, 1.0085208690077754, 1.5029715127570609, 1.2268674248551414, 1.2698260224961593, 1.2983416110918726, 1.0774847714704836, 0.9243725687931662, 1.9150116438982803, 1.27575847269307, 1.43191485132538, 0.9855606668993542, 2.2292774223650107, 0.9959021551201895, 1.7727089611977753, 1.7061355108911076, 1.2310338523882054, 1.9629633602893826, 1.8509402969638709, 1.1006261647721944, 1.0499075718533688, 1.2223668342374165, 0.9781824257412716, 0.9480986916120626, 1.0132532245224015, 1.1239597410828401, 1.2495995734726304, 1.5887973960856763, 1.2377833085664425, 0.9198612971604547, 1.3219439349531683, 1.1926461083299609, 0.9749924088291542, 1.1454164018849244, 1.674749568152344, 1.0352577753262566, 1.4035747619334749, 1.1907746826900885, 1.0642447451525308, 1.0216501873340587, 2.0770300250567066, 1.2958984964388995, 1.6971038094059052, 2.0730577307625415, 1.3439553169313125, 1.9923385689248532, 1.1675361516288287, 1.507146620366448, 1.4887487961325088] 

VQE eigenvalues standard deviation:
[0.04441919726387826, 0.042761232197889416, 0.05074957719129793, 0.04660663128724301, 0.04832107182192305, 0.04981975100443792, 0.04787637092905867, 0.03989916803957109, 0.04336801416390769, 0.04966271683354143, 0.0511238147757597, 0.04555561446837434, 0.036830447250153366, 0.037881985371812255, 0.045957511512582434, 0.044964558204022925, 0.04835123033133932, 0.04242161551518299, 0.04641932052937872, 0.04687625149441098, 0.047482996632852256, 0.04842555020386843, 0.04575375487453542, 0.04490277773156894, 0.04615102747889242, 0.05193813924524068, 0.04901588168825328, 0.047451138860428226, 0.04813494322920955, 0.04629028108243616, 0.046087032546849024, 0.04651542872215164, 0.04236235580740737, 0.045400024113600536, 0.044819203831645296, 0.0494400789212917, 0.048180840505263896, 0.04485938374416301, 0.04301239175712457, 0.045231808631340825, 0.052144843942987434, 0.04140635698322972, 0.0439339962648406, 0.04794173979638596, 0.04971336936054591, 0.044406076193241835, 0.044309442202870135, 0.03889860727749996, 0.04382170655405766, 0.05161361073099525, 0.04207956012526221, 0.039682043155059105, 0.04584665619145828, 0.04163268434417852, 0.04515694821479345, 0.040501856438138514, 0.04430113548605792, 0.0446247103642377, 0.049142234181044374, 0.050710235789785, 0.04753069683909202, 0.049571108150821344, 0.046828556574044965, 0.052200762885445555, 0.05120400610570761, 0.04600431631201764, 0.04402221989544905, 0.04094230841480406, 0.043888171991997134, 0.04860990907997354, 0.04554799848045099, 0.045345120289074115, 0.03963254018557411, 0.051059257087454554, 0.0451500076340011, 0.04430154549166453, 0.04441917889533278, 0.04703422641813156, 0.04096619353026551, 0.04003988365358645, 0.05078375310040233, 0.05150983826377212, 0.05219732157938886, 0.047938924197279, 0.04693980199790676, 0.047354815194570465, 0.05170520179689952, 0.03721222345756443, 0.0444240913677173, 0.0541638938525288, 0.04422302752311149, 0.051243330173274954, 0.040503605545122216, 0.04712529918084207, 0.05225683144825123, 0.04996176318109636, 0.04625402299332759, 0.041792936881594675, 0.04845826442911033, 0.05146075869223462] 

Median VQE eigenvalues:
1.2294548076749117 

Min eigenvalue after 100 VQE steps on Aer qasm simulator: 9.19861e-01
Delta from reference energy value is 1.33014e-02 

Optimizer history of the smallest VQE eigenvalue:
[4.312500629292839, 7.9701778060989685, 5.488014992219596, 4.945833257467604, 5.113084006000514, 4.890466771932659, 4.847362035680278, 1.9142110334635127, 2.856911140530029, 2.195086430501525, 2.040817786593988, 1.9720449581486916, 2.2343420675650405, 1.5396213072822307, 2.1688995362977597, 1.376781701418233, 1.8074591224109609, 1.395930888611483, 1.0936384721607162, 1.0763498367163393, 1.0776470425521496, 1.2292964905445358, 0.969806132376831, 1.0149134198620795, 0.9515787833839465, 1.152489122677959, 0.9710571272910149, 0.9330510202310222, 0.969163281829575, 0.9762808994135228, 1.000251998617659, 0.9621359744272459, 0.923185698013228, 0.9341310254483328, 0.9437733204461489, 0.9502767198555209, 0.9169783670059052, 0.9536369007931351, 0.9517031572924397, 0.8739428419566786, 0.908650631827467, 0.8649962642687616, 0.9492006067130069, 0.980701160871801, 0.9687767087041598, 0.9303287969156834, 0.9618923299201321, 1.0003373059499525, 0.9224503211752069, 0.9485465393981822, 0.9973059731918077, 0.9193665659780359, 0.9192930066551486, 0.9644984997650164, 0.9387013565637183, 0.8976256578497197, 0.9875114694028815, 0.9561012225320985, 0.9186696814583133, 0.8772206569594455, 0.9519193628478154, 0.9241978612965214, 0.9576241586411657, 0.9391823567004737, 0.9659197915739193, 0.9489425555005973, 0.9029534171548387, 0.92368187448595, 0.8891144200398015, 0.9151847281135106, 0.9470010152119571, 0.8426032817001889, 0.9227625839329909, 0.9146379469784949, 0.9622939304921461, 0.9283580351107397, 0.9848338439282525, 0.9249933936371484, 0.9629463252763972, 0.9601503544130972, 0.8999825854622637, 0.8612149164475684, 0.9197260735860093, 0.8964157185460405, 0.9744348428384296, 0.9147127416005298, 0.9263954467976507, 0.8757718837808347, 0.9574643028632563, 0.9214228882055007, 0.9054950396913208, 0.9221770370192439, 0.9310937493175985, 0.9618369173907465, 0.9321473559356372, 0.9439249294164257, 0.913952098141333, 0.9461724290594747, 0.9610424551643975, 0.9207373849802725, 0.9596829338756858, 0.9875802040971089, 0.899915346551377, 0.9413770019755056, 0.984323655304248, 0.927576303757021, 0.9743721501345983, 0.9314104211830168, 0.9482267735286856, 0.9350936904012113, 0.9254716308211979, 0.956840046715407, 0.9360886299680097, 0.9198612971604547] 

Optimizer history of the smallest VQE eigenvalue standard deviation:
[0.04863819454849301, 0.0525542636729015, 0.0408882524357369, 0.0483102285949272, 0.05112654049374107, 0.05101417797668963, 0.0488275217936887, 0.04670779994511942, 0.04831675488911962, 0.04773603776186783, 0.04789309920351162, 0.04680162360396905, 0.04833409742263095, 0.04765060441833465, 0.046727475715890865, 0.045098976600158054, 0.044772347291939886, 0.04582282928602034, 0.047914396316633974, 0.04967552200420474, 0.05085540167187036, 0.04766451828839318, 0.0507595224910815, 0.052370730239305475, 0.05067804461565208, 0.04990650507584176, 0.050655099860222624, 0.05034082099917172, 0.04964992520805691, 0.05048047721105452, 0.04959843323371081, 0.050619805267279605, 0.050910371430268504, 0.05100188504196105, 0.05099814066673511, 0.05048898526841407, 0.05060779864221431, 0.050730328529866725, 0.05088542513426293, 0.05068809757421611, 0.050762884627065484, 0.0505312484257542, 0.05095022098261043, 0.05091047031949524, 0.0505273360741372, 0.05094828081994152, 0.050476784338720236, 0.05077310497878111, 0.050682418928579526, 0.050734472408430036, 0.05084798405446684, 0.050794073024693416, 0.05065908426243463, 0.05090465305243886, 0.05074984124868395, 0.050600211028688356, 0.050874501164253925, 0.0508098675963554, 0.050722159218569894, 0.05081434884010778, 0.05079230738727641, 0.050760355032937736, 0.05072500838925483, 0.050881221145680416, 0.05083075153988963, 0.05079199442120643, 0.05072672518353246, 0.050824298641077854, 0.050728114818895616, 0.05075405152872906, 0.05084121438569009, 0.05060295910256603, 0.05074435150921246, 0.050654046332840874, 0.05080890010549523, 0.050743190451085975, 0.050720454704698756, 0.05080629435595199, 0.050792983538792066, 0.0508033233393808, 0.050696861333213515, 0.050631052316948214, 0.05086201225853273, 0.05072286913135906, 0.050900149157120655, 0.05070714764548356, 0.05073958370203013, 0.05076628334775145, 0.050678546538542674, 0.05072699162670958, 0.05077350253770594, 0.050885671307792944, 0.05075341508598606, 0.05079004916474803, 0.0506707678397577, 0.0506688254742316, 0.05084204803728761, 0.05074455262725554, 0.05086180330089096, 0.05083440226063528, 0.05071220999950336, 0.05092901320378561, 0.050815705706006506, 0.050805635770811805, 0.05088522000693949, 0.05080863963155643, 0.050772493952098575, 0.0506594095646321, 0.05089129012921488, 0.05076092035378984, 0.050784241173536054, 0.05090722153225995, 0.05076836506901776, 0.05078375310040233] 

Smallest VQE eingenvalue optimizer final message:
{   'aux_operators_evaluated': None,
    'cost_function_evals': 114,
    'eigenvalue': 0.9198612971604547,
    'optimal_circuit': <qiskit.circuit.library.n_local.real_amplitudes.RealAmplitudes object at 0x00000177A50270E0>,
    'optimal_parameters': {   ParameterVectorElement(θ[0]): -3.7062139526845597,
                              ParameterVectorElement(θ[1]): -1.6857096476005793,
                              ParameterVectorElement(θ[2]): 1.7387870870291273,
                              ParameterVectorElement(θ[3]): 2.1977679612651975,
                              ParameterVectorElement(θ[4]): 1.207657935454759,
                              ParameterVectorElement(θ[5]): 1.4645593243911441},
    'optimal_point': array([-3.70621395, -1.68570965,  1.73878709,  2.19776796,  1.20765794,
        1.46455932]),
    'optimal_value': 0.9198612971604547,
    'optimizer_evals': None,
    'optimizer_result': <qiskit_algorithms.optimizers.optimizer.OptimizerResult object at 0x00000177A16D52E0>,
    'optimizer_time': 35.14336609840393}
     ┌──────────┐ ░            ░ ┌──────────┐
q_0: ┤ Ry(θ[0]) ├─░────────■───░─┤ Ry(θ[3]) ├
     ├──────────┤ ░      ┌─┴─┐ ░ ├──────────┤
q_1: ┤ Ry(θ[1]) ├─░───■──┤ X ├─░─┤ Ry(θ[4]) ├
     ├──────────┤ ░ ┌─┴─┐└───┘ ░ ├──────────┤
q_2: ┤ Ry(θ[2]) ├─░─┤ X ├──────░─┤ Ry(θ[5]) ├
     └──────────┘ ░ └───┘      ░ └──────────┘
The number of ansatz parameters is: 
 6
Line for latex table
RA r1 rl & $1\mathrm{e}{-07}$ & 10000 & 100/100 &103 & $9.1986\mathrm{e}{-01}$ & $5.0784\mathrm{e}{-02}$ & $1.3301\mathrm{e}{-02}$ & $1.2295\mathrm{e}{+00}$ & $3.2289\mathrm{e}{-01}$ & - & 00h 52m 15s\\

