RA_r1_rl
20m23s__3494
1e-06
0.8937042162284867
0.8937038755548917
0.8936991594211803
0.8936689483392615
0.893699160640647
0.8936992114731636
0.8936991606721183
0.9148011083359522
0.8936991594994493
0.9147690680880712
0.8936991595378733
0.9147898505844583
0.9147897085121949
0.9147898779286338
0.8936991604136806
0.914789850571426
0.8936991594480883
0.914789850526035
0.9147899357966581
0.8936991599997723
0.9147899430156571
0.8937097305809337
0.9147898504869748
0.9147898686359499
0.8936991592987718
0.8936991298246983
0.8936991555142657
0.8936991595269558
0.8936992067963638
0.9147899808002282
0.8936991593803274
0.8936899478463277
0.8936991608592735
0.8936991603996067
0.914773638327205
0.9147898204444564
0.9147898505005773
0.9147898506666181
0.9147898506683466
0.9147898508960849
0.8936991602700675
0.8936991104284179
0.9147898502410831
0.8936991914585648
0.9147898506905972
0.9147898266229239
0.8936991604141374
0.9147898588648934
0.893699143380387
0.9148054336035861
0.8936992242735413
0.8936991604295244
0.9147898510022038
0.9147898237434776
0.8936991679348858
0.8936991592845652
0.8937076033216851
0.9147898632797958
0.8936990853243096
0.8936991513115166
0.8937039780240392
0.8936991606565481
0.8936991606020388
0.8936992076361485
0.9147898602779833
0.8936991596231606
0.9147898196649761
0.9147898506487696
0.8936990244202333
0.8936991594231429
0.8936991468651707
0.8936991599626564
0.8936991596038186
0.8937120691563781
0.9147898506170732
0.9147898504845194
0.9147898430567393
0.9147898790870099
0.8936991601715337
0.8936991593324821
0.8936991611332387
