RA_r1_rl
01h17m32s__47
1e-01
72.87936270829601
124.3927291496656
47.25292076942786
77.07507662499481
202.85452000067062
25.19555556703429
65.02076393432036
92.45089022739303
169.7515929549721
24.006597201697964
103.91178050984438
318.4740643315764
32.730243847378865
56.84511039369903
205.41952098547745
65.28336367441071
43.835410017500585
25.399620247071226
40.55337223302534
3.099400592696412
28.81555668559075
93.15577240448329
3.0198044679166003
126.0053485134474
123.86696438148437
115.03745865256612
160.6246849991566
65.80617878936461
142.94448836695352
142.19276500407344
14.433743317634594
78.65617583431663
36.41736072163516
44.364343905795295
34.49765106933874
10.805336646156007
97.46578010706921
92.1847319538538
92.91661778160768
94.07443282514714
39.60905131350532
80.43161745082251
39.1701290299998
56.771593395885134
52.46987179351007
43.27363728353646
74.46930857770263
11.712676266772007
61.85384808075744
10.745844114181338
95.49894973946294
34.18080288160584
70.9680777050051
90.63499607107445
43.56398230588289
24.5518207387359
59.47734347488387
78.8155648137911
72.2812063679452
10.78214218162367
82.88199278297071
102.26500317510786
48.63298853624052
24.55071293111756
73.16657820789659
79.40441533324459
48.25196594455235
87.5308468379915
48.74112521428721
59.978974181540366
150.76700292890504
77.51947855836784
33.50647024510667
67.23383888056625
-6.230707477595358
65.60856783677748
66.04674656610675
5.604049233480538
-23.495544582578816
58.26286871364959
41.21359460293792
23.359497203029406
12.491065303444557
7.941999121475419
97.58529050004921
105.53562731454514
16.24272783922416
271.2082765238912
65.50733344254444
22.749540066871788
41.5036423322764
61.061179258264886
72.62983523124393
147.87887731583075
83.61714687617082
114.89295238203599
25.420313178647007
74.78246349816507
6.357512652363383
74.25005320455975
