72.87936270829601 15.8856423011024
124.3927291496656 16.572008426317872
47.25292076942786 14.728952502395325
77.07507662499481 15.555605923348502
202.85452000067062 15.549172081281158
25.19555556703429 14.612027579620303
65.02076393432036 16.140742588117323
92.45089022739303 17.606502876448516
169.7515929549721 17.625586745368725
24.006597201697964 13.6607369641158
103.91178050984438 15.961478173194486
318.4740643315764 16.100382755140636
32.730243847378865 15.760110291555895
56.84511039369903 14.921930151561668
205.41952098547745 13.962281977109544
65.28336367441071 15.712796697190484
43.835410017500585 14.007820953386776
25.399620247071226 15.76441788971499
40.55337223302534 15.549303531196625
3.099400592696412 15.694708193505983
28.81555668559075 13.231289410285235
93.15577240448329 17.018009365833198
3.0198044679166003 13.50445191272714
126.0053485134474 16.300867131920885
123.86696438148437 15.658330374685956
115.03745865256612 15.888921653839425
160.6246849991566 15.45370711575615
65.80617878936461 15.441351903422794
142.94448836695352 17.544111508305583
142.19276500407344 17.55913946887297
14.433743317634594 14.517025199940129
78.65617583431663 17.357156904080174
36.41736072163516 13.427784029236369
44.364343905795295 16.068087436412448
34.49765106933874 13.351263772826622
10.805336646156007 13.703998896183661
97.46578010706921 16.803924269191317
92.1847319538538 15.040163377562159
92.91661778160768 16.745200596206793
94.07443282514714 14.200879339573959
39.60905131350532 15.098085612052213
80.43161745082251 15.763528987913917
39.1701290299998 15.157092042524202
56.771593395885134 17.319500126104153
52.46987179351007 15.836264157221573
43.27363728353646 15.335430297070673
74.46930857770263 16.274051455835668
11.712676266772007 14.054588492482905
61.85384808075744 17.27470723229903
10.745844114181338 12.795992477815481
95.49894973946294 16.868910922428046
34.18080288160584 16.236532488308658
70.9680777050051 15.524054455436856
90.63499607107445 14.892257078046482
43.56398230588289 15.385348181717259
24.5518207387359 15.797248680969863
59.47734347488387 16.199689652070564
78.8155648137911 11.970715155570346
72.2812063679452 17.326860954189662
10.78214218162367 12.850865554848884
82.88199278297071 14.975298250031916
102.26500317510786 17.767945486482816
48.63298853624052 14.452457036866551
24.55071293111756 15.538824562607832
73.16657820789659 12.696217491266546
79.40441533324459 15.302473996320552
48.25196594455235 12.597980634561244
87.5308468379915 13.425037842346072
48.74112521428721 15.237987615474339
59.978974181540366 13.944492239816281
150.76700292890504 16.240633147750188
77.51947855836784 14.937682785705327
33.50647024510667 16.28697076511147
67.23383888056625 14.486743641220054
-6.230707477595358 14.625467926825586
65.60856783677748 15.910715339335626
66.04674656610675 16.114472950406437
5.604049233480538 11.933062929065605
-23.495544582578816 12.972179702512504
58.26286871364959 15.558790395400191
41.21359460293792 13.430049550920922
23.359497203029406 14.177947613422116
12.491065303444557 12.982210297918087
7.941999121475419 14.991972489242404
97.58529050004921 17.93265509611946
105.53562731454514 16.44053255425765
16.24272783922416 16.337568123283802
271.2082765238912 17.18022702760293
65.50733344254444 14.432729691017487
22.749540066871788 13.504319796615755
41.5036423322764 15.100144404679922
61.061179258264886 15.5515371016199
72.62983523124393 15.945406031251345
147.87887731583075 16.08131576597197
83.61714687617082 16.567651101499756
114.89295238203599 16.614239782092906
25.420313178647007 12.075750921015286
74.78246349816507 15.619579047723011
6.357512652363383 12.887202076197076
74.25005320455975 15.717966070894812
