0.4303905588293393
0.3633577882564736
0.36570686613152326
0.37137868861452583
0.43469700033312997
0.37525267283548636
0.36700155618642305
0.36458241452963613
0.39577691714174656
0.359727466475919
0.37204514164217606
0.36530653294760795
0.3696429857389133
0.36082445889025394
0.3624142676725577
0.3990475297108531
0.36254417901328984
0.3708084769702794
0.3744880333034948
0.38552027309790204
0.36674654327544176
0.3687399199661643
0.3624164543476126
0.3704348188430465
0.36656266594934517
0.36952098920828336
0.3633064678750054
0.39962291168552144
0.36194233724877156
0.3928587174611773
0.4503459545672578
0.39657545555704765
0.3757303731711993
0.36985299783218994
0.4105967347929911
0.3747379278784636
0.36456857519874053
0.3666011236691561
0.3956551874947841
0.3724673277594247
0.37764685426129674
0.37924403893484615
0.3573691302838715
0.3641683264712907
0.3874945212820162
0.3579928303332589
0.3644941354695921
0.3706352823032778
0.3745379586801829
0.386588246739891
0.3638028544469405
0.38104488699135164
0.3715018405083862
0.3646981410203062
0.3785794829951885
0.3715516523923208
0.3622221777678285
0.39096824758792703
0.3596226760740018
0.3771303188094718
0.3892679644040353
0.36121319694628407
0.40504905278944925
0.3699166753480031
0.37201965412789684
0.39495414339710133
0.40107672763620283
0.3698836541448053
0.3647643052412525
0.36423610105478765
0.37048710600324286
0.37159172641143
0.3583824201850305
0.35887527498635363
0.36311475302087404
0.3665227467024791
0.3593618450193322
0.3790602907208711
0.3698320332191819
0.3725879673758463
0.3782258967747253
0.38462135724100355
0.37502399898219374
0.3613506103098286
0.3714593213863484
0.36740200873608464
0.36808171499414777
0.36433040669532546
0.3883369281832324
0.3678765027517953
0.3735926145255678
0.37190349953604096
0.3609959938638656
0.4167022437961566
0.39297046944073044
0.36183949433104723
0.3684699501623936
0.3788842092473772
0.35995669470706704
0.45869865236065793
