RA_r1_rl
10m58s__119
1e-07
0.013000000000000123
0.000500000000000167
0.0020999999999999908
0.0043000000000001926
0.0034000000000000696
0.0030000000000001137
0.0023000000000001908
0.001000000000000112
0.00019999999999997797
0.014800000000000146
0.0005999999999999339
0.00019999999999997797
9.999999999998899e-05
0.0027999999999999137
0.0022999999999999687
0.0031000000000001027
0.02059999999999995
0.00019999999999997797
0.06869999999999998
0.001100000000000101
0.010699999999999932
0.0023000000000001908
0.0020999999999999908
9.999999999998899e-05
0.00019999999999997797
0.018000000000000016
0.00039999999999995595
0.3952
0.0007999999999999119
0.0028000000000001357
0.008199999999999985
9.999999999998899e-05
0.0043999999999999595
0.00019999999999997797
0.000500000000000167
0.0009000000000001229
0.001000000000000112
0.0044999999999999485
0.0038000000000000256
0.0043999999999999595
0.0012000000000000899
0.0020999999999999908
0.0026000000000001577
0.0009999999999998899
0.0022999999999999687
0.01419999999999999
0.0019000000000000128
0.00029999999999996696
0.0014000000000000679
0.0021999999999999797
0.0012000000000000899
0.0014000000000000679
0.0004999999999999449
0.012399999999999967
0.0009000000000001229
0.0047999999999999154
0.0005999999999999339
0.009200000000000097
0.00029999999999996696
0.00770000000000004
0.0047000000000001485
0.02220000000000022
0.01200000000000001
0.006200000000000205
0.0024000000000001798
0.01649999999999996
0.00039999999999995595
0.010399999999999965
0.0043999999999999595
0.01970000000000005
0.0051000000000001044
0.009100000000000108
0.000300000000000189
0.0031000000000001027
0.0046000000000001595
0.0028000000000001357
0.0012000000000000899
0.0018000000000000238
0.007100000000000106
0.0021999999999999797
0.006199999999999983
0.0045999999999999375
0.006000000000000227
0.013700000000000045
0.008099999999999996
0.0038000000000000256
0.0017000000000000348
0.0019000000000000128
0.01770000000000005
0.0005999999999999339
0.0017000000000000348
0.0023999999999999577
0.012500000000000178
0.000700000000000145
0.0014000000000000679
0.0009000000000001229
0.00039999999999995595
0.0032000000000000917
0.0038000000000000256
0.008199999999999985
