0.013000000000000123 0.0011366107513128675
0.000500000000000167 0.00022358219964925714
0.0020999999999999908 0.00045785914864726645
0.0043000000000001926 0.0006551862330666025
0.0034000000000000696 0.0005827555233543495
0.0030000000000001137 0.0005473536334034949
0.0023000000000001908 0.00047931305010400036
0.001000000000000112 0.00031616767703229547
0.00019999999999997797 0.00014140721339449809
0.014800000000000146 0.0012114891662743002
0.0005999999999999339 0.00024492039523077284
0.00019999999999997797 0.00014141428499270803
9.999999999998899e-05 9.999499987499086e-05
0.0027999999999999137 0.0005288950746603692
0.0022999999999999687 0.00047932348158628477
0.0031000000000001027 0.0005561123987109076
0.02059999999999995 0.0014213971999409573
0.00019999999999997797 0.00014141428499270803
0.06869999999999998 0.0025876713469836165
0.001100000000000101 0.00033159463204339976
0.010699999999999932 0.0010298101766830629
0.0023000000000001908 0.0004793151364186214
0.0020999999999999908 0.0004580163752531173
9.999999999998899e-05 9.999499987499087e-05
0.00019999999999997797 0.0001414072133944981
0.018000000000000016 0.001335505896654897
0.00039999999999995595 0.00019995999599920286
0.3952 0.0052180241471269555
0.0007999999999999119 0.0002827543103119704
0.0028000000000001357 0.000528758924274568
0.008199999999999985 0.0009031135033870315
9.999999999998899e-05 9.999499987499086e-05
0.0043999999999999595 0.0006624726409445164
0.00019999999999997797 0.00014141428499270803
0.000500000000000167 0.00022355088906108006
0.0009000000000001229 0.00029986496961132716
0.001000000000000112 0.0003161233936297684
0.0044999999999999485 0.0006700171639592534
0.0038000000000000256 0.0006156378805759082
0.0043999999999999595 0.000662299026120378
0.0012000000000000899 0.00034633221045694807
0.0020999999999999908 0.00045795087072741453
0.0026000000000001577 0.0005094899410194455
0.0009999999999998899 0.00031615818825390674
0.0022999999999999687 0.0004793860657132224
0.01419999999999999 0.0011853092423498592
0.0019000000000000128 0.00043564549808301973
0.00029999999999996696 0.0001731964202863277
0.0014000000000000679 0.0003739679130620645
0.0021999999999999797 0.00046861071263896314
0.0012000000000000899 0.0003463293230438289
0.0014000000000000679 0.00037401871610923544
0.0004999999999999449 0.0002235866722324783
0.012399999999999967 0.0011112263495795965
0.0009000000000001229 0.00029989164709941837
0.0047999999999999154 0.0006922355090574276
0.0005999999999999339 0.0002448958962498121
0.009200000000000097 0.0009553732254988094
0.00029999999999996696 0.00017319064639869137
0.00770000000000004 0.0008763190058420523
0.0047000000000001485 0.0006849605828075105
0.02220000000000022 0.0014832700361026641
0.01200000000000001 0.0010910948629702186
0.006200000000000205 0.0007860674271333257
0.0024000000000001798 0.0004894793151911535
0.01649999999999996 0.001280795455956959
0.00039999999999995595 0.00019998499943744773
0.010399999999999965 0.001017596187099776
0.0043999999999999595 0.0006623397919497236
0.01970000000000005 0.0013936480904446452
0.0051000000000001044 0.000713365964985713
0.009100000000000108 0.0009519658607324111
0.000300000000000189 0.00017317909804592883
0.0031000000000001027 0.0005561825239972912
0.0046000000000001595 0.0006771203733458363
0.0028000000000001357 0.000528902637543059
0.0012000000000000899 0.0003463206606600265
0.0018000000000000238 0.000424049525409475
0.007100000000000106 0.0008406777028088694
0.0021999999999999797 0.00046882192781481344
0.006199999999999983 0.000786173008949046
0.0045999999999999375 0.0006776680603363333
0.006000000000000227 0.0007734442449200892
0.013700000000000045 0.001164904717133551
0.008099999999999996 0.0008983957925101831
0.0038000000000000256 0.0006160470761232481
0.0017000000000000348 0.00041215167111149784
0.0019000000000000128 0.0004357028804127921
0.01770000000000005 0.001323933155412311
0.0005999999999999339 0.0002449122291760868
0.0017000000000000348 0.0004120618885555944
0.0023999999999999577 0.0004896141337829158
0.012500000000000178 0.0011139331218704292
0.000700000000000145 0.0002645392220446758
0.0014000000000000679 0.00037401871610923544
0.0009000000000001229 0.0002999516627725204
0.00039999999999995595 0.00019997499843730677
0.0032000000000000917 0.0005652167725749166
0.0038000000000000256 0.0006158652450008816
0.008199999999999985 0.0009038307363660544
