With Shot Noise
01/11/2024 18:32:37 

VQEr_100_shots_10000_COBYLA_maxIter_10000_tol_1e-07_RA_r1_rl 

Reference value: 0.0000000000e+00 

Number of pauli strings:  4
Qubits:  3
VQE runs:  100
Optimizer:  COBYLA
Max iterations:  10000
Optimizers's tolerance:  1e-07
Ansatz:  RA_r1_rl 

All run converged!!!
Number of iterations for each converged VQE run:
[114, 107, 124, 137, 106, 102, 119, 111, 128, 118, 127, 114, 122, 120, 112, 124, 121, 112, 145, 109, 130, 112, 128, 119, 127, 113, 118, 111, 109, 134, 120, 116, 134, 134, 127, 122, 126, 107, 112, 122, 107, 117, 124, 112, 111, 136, 115, 116, 103, 113, 127, 126, 109, 119, 115, 114, 117, 105, 121, 98, 119, 117, 117, 110, 139, 116, 129, 111, 127, 121, 119, 100, 116, 106, 127, 121, 133, 135, 124, 116, 118, 122, 117, 143, 106, 111, 118, 108, 127, 103, 118, 129, 147, 111, 120, 110, 111, 116, 153, 112] 

Average iterations of converged run:
119 

VQE eigenvalues:
[0.013000000000000123, 0.000500000000000167, 0.0020999999999999908, 0.0043000000000001926, 0.0034000000000000696, 0.0030000000000001137, 0.0023000000000001908, 0.001000000000000112, 0.00019999999999997797, 0.014800000000000146, 0.0005999999999999339, 0.00019999999999997797, 9.999999999998899e-05, 0.0027999999999999137, 0.0022999999999999687, 0.0031000000000001027, 0.02059999999999995, 0.00019999999999997797, 0.06869999999999998, 0.001100000000000101, 0.010699999999999932, 0.0023000000000001908, 0.0020999999999999908, 9.999999999998899e-05, 0.00019999999999997797, 0.018000000000000016, 0.00039999999999995595, 0.3952, 0.0007999999999999119, 0.0028000000000001357, 0.008199999999999985, 9.999999999998899e-05, 0.0043999999999999595, 0.00019999999999997797, 0.000500000000000167, 0.0009000000000001229, 0.001000000000000112, 0.0044999999999999485, 0.0038000000000000256, 0.0043999999999999595, 0.0012000000000000899, 0.0020999999999999908, 0.0026000000000001577, 0.0009999999999998899, 0.0022999999999999687, 0.01419999999999999, 0.0019000000000000128, 0.00029999999999996696, 0.0014000000000000679, 0.0021999999999999797, 0.0012000000000000899, 0.0014000000000000679, 0.0004999999999999449, 0.012399999999999967, 0.0009000000000001229, 0.0047999999999999154, 0.0005999999999999339, 0.009200000000000097, 0.00029999999999996696, 0.00770000000000004, 0.0047000000000001485, 0.02220000000000022, 0.01200000000000001, 0.006200000000000205, 0.0024000000000001798, 0.01649999999999996, 0.00039999999999995595, 0.010399999999999965, 0.0043999999999999595, 0.01970000000000005, 0.0051000000000001044, 0.009100000000000108, 0.000300000000000189, 0.0031000000000001027, 0.0046000000000001595, 0.0028000000000001357, 0.0012000000000000899, 0.0018000000000000238, 0.007100000000000106, 0.0021999999999999797, 0.006199999999999983, 0.0045999999999999375, 0.006000000000000227, 0.013700000000000045, 0.008099999999999996, 0.0038000000000000256, 0.0017000000000000348, 0.0019000000000000128, 0.01770000000000005, 0.0005999999999999339, 0.0017000000000000348, 0.0023999999999999577, 0.012500000000000178, 0.000700000000000145, 0.0014000000000000679, 0.0009000000000001229, 0.00039999999999995595, 0.0032000000000000917, 0.0038000000000000256, 0.008199999999999985] 

VQE eigenvalues standard deviation:
[0.0011366107513128675, 0.00022358219964925714, 0.00045785914864726645, 0.0006551862330666025, 0.0005827555233543495, 0.0005473536334034949, 0.00047931305010400036, 0.00031616767703229547, 0.00014140721339449809, 0.0012114891662743002, 0.00024492039523077284, 0.00014141428499270803, 9.999499987499086e-05, 0.0005288950746603692, 0.00047932348158628477, 0.0005561123987109076, 0.0014213971999409573, 0.00014141428499270803, 0.0025876713469836165, 0.00033159463204339976, 0.0010298101766830629, 0.0004793151364186214, 0.0004580163752531173, 9.999499987499087e-05, 0.0001414072133944981, 0.001335505896654897, 0.00019995999599920286, 0.0052180241471269555, 0.0002827543103119704, 0.000528758924274568, 0.0009031135033870315, 9.999499987499086e-05, 0.0006624726409445164, 0.00014141428499270803, 0.00022355088906108006, 0.00029986496961132716, 0.0003161233936297684, 0.0006700171639592534, 0.0006156378805759082, 0.000662299026120378, 0.00034633221045694807, 0.00045795087072741453, 0.0005094899410194455, 0.00031615818825390674, 0.0004793860657132224, 0.0011853092423498592, 0.00043564549808301973, 0.0001731964202863277, 0.0003739679130620645, 0.00046861071263896314, 0.0003463293230438289, 0.00037401871610923544, 0.0002235866722324783, 0.0011112263495795965, 0.00029989164709941837, 0.0006922355090574276, 0.0002448958962498121, 0.0009553732254988094, 0.00017319064639869137, 0.0008763190058420523, 0.0006849605828075105, 0.0014832700361026641, 0.0010910948629702186, 0.0007860674271333257, 0.0004894793151911535, 0.001280795455956959, 0.00019998499943744773, 0.001017596187099776, 0.0006623397919497236, 0.0013936480904446452, 0.000713365964985713, 0.0009519658607324111, 0.00017317909804592883, 0.0005561825239972912, 0.0006771203733458363, 0.000528902637543059, 0.0003463206606600265, 0.000424049525409475, 0.0008406777028088694, 0.00046882192781481344, 0.000786173008949046, 0.0006776680603363333, 0.0007734442449200892, 0.001164904717133551, 0.0008983957925101831, 0.0006160470761232481, 0.00041215167111149784, 0.0004357028804127921, 0.001323933155412311, 0.0002449122291760868, 0.0004120618885555944, 0.0004896141337829158, 0.0011139331218704292, 0.0002645392220446758, 0.00037401871610923544, 0.0002999516627725204, 0.00019997499843730677, 0.0005652167725749166, 0.0006158652450008816, 0.0009038307363660544] 

Median VQE eigenvalues:
0.0024000000000000687 

Min eigenvalue after 100 VQE steps on Aer qasm simulator: 1.00000e-04
Delta from reference energy value is 1.00000e-04 

Optimizer history of the smallest VQE eigenvalue:
[1.0952, 1.274, 0.6614, 0.2945, 0.40890000000000004, 0.7642, 0.2873000000000001, 0.7248000000000001, 0.4324000000000001, 0.36139999999999994, 0.45209999999999995, 0.3057000000000001, 0.13649999999999984, 0.14090000000000003, 0.1602999999999999, 0.24760000000000004, 0.11559999999999993, 0.1181000000000001, 0.1311, 0.10760000000000014, 0.10650000000000004, 0.15660000000000007, 0.0506000000000002, 0.06550000000000011, 0.048899999999999944, 0.03639999999999999, 0.03620000000000001, 0.020399999999999974, 0.07010000000000005, 0.02200000000000002, 0.014900000000000135, 0.006299999999999972, 0.011300000000000088, 0.0029000000000001247, 0.0026000000000001577, 0.0024000000000001798, 0.006199999999999983, 0.0018000000000000238, 0.007100000000000106, 0.0040000000000000036, 0.0020999999999999908, 0.006299999999999972, 0.0012000000000000899, 0.0018000000000000238, 0.0019000000000000128, 0.001100000000000101, 0.0026000000000001577, 0.0007999999999999119, 0.0012000000000000899, 9.999999999998899e-05, 0.0005999999999999339, 0.0015000000000000568, 0.0, 0.0, 0.0, 0.000500000000000167, 0.0, 0.0, 0.0, 0.0, 0.00019999999999997797, 0.00019999999999997797, 0.0, 9.999999999998899e-05, 9.999999999998899e-05, 0.0, 0.0, 0.0, 0.0, 0.0, 0.0, 0.0, 0.0, 0.0, 0.0, 9.999999999998899e-05, 0.0, 0.0, 0.0, 0.0, 9.999999999998899e-05, 0.0, 9.999999999998899e-05, 0.0, 9.999999999998899e-05, 0.0, 0.0, 0.0, 0.0, 0.0, 9.999999999998899e-05, 0.00019999999999997797, 0.00019999999999997797, 9.999999999998899e-05, 0.0, 0.00019999999999997797, 0.00019999999999997797, 0.0, 9.999999999998899e-05, 0.0, 0.0, 0.00029999999999996696, 9.999999999998899e-05, 0.00019999999999997797, 0.0, 0.0, 0.0, 9.999999999998899e-05, 0.0, 0.0, 0.0, 9.999999999998899e-05, 9.999999999998899e-05, 0.0, 0.00029999999999996696, 9.999999999998899e-05, 9.999999999998899e-05, 0.00019999999999997797, 9.999999999998899e-05, 0.00019999999999997797, 0.0, 9.999999999998899e-05] 

Optimizer history of the smallest VQE eigenvalue standard deviation:
[0.008104464818851397, 0.0069650773147180494, 0.006436947257823385, 0.0049903073051666864, 0.005882811147742208, 0.007229683948832065, 0.004936669221246245, 0.007392317228041557, 0.0060200968430748686, 0.00535820996229151, 0.00593337585190758, 0.005111576958239013, 0.0034398760152075237, 0.0036187043261366354, 0.003746339947201802, 0.004579383582972712, 0.0032231248812293937, 0.003248180567640906, 0.003431044884579623, 0.0031226344646788223, 0.0031515581860406755, 0.0037695002321262694, 0.0022196598838560844, 0.0025245508511416432, 0.002179136755690196, 0.0018907331911192542, 0.001889917987638617, 0.0014232835276219555, 0.00261589736037177, 0.001476707147676885, 0.0012167789445910058, 0.000791524478459129, 0.001058684561141799, 0.0005381774800193699, 0.0005096763679041837, 0.0004896754026903911, 0.0007863815867630685, 0.00042388205906832574, 0.0008405587427419965, 0.0006317040446284937, 0.00045777614616753247, 0.0007914511987482212, 0.00034633798521098143, 0.00042412026596238335, 0.00043574648592960616, 0.0003316006634492819, 0.0005095507825526366, 0.000282800282885282, 0.0003463293230438289, 9.999499987499087e-05, 0.0002449081460466319, 0.0003871524247631691, 0.0, 0.0, 0.0, 0.00022358219964925714, 0.0, 0.0, 0.0, 0.0, 0.00014140721339449809, 0.00014140721339449809, 0.0, 9.999499987499086e-05, 9.999499987499086e-05, 0.0, 0.0, 0.0, 0.0, 0.0, 0.0, 0.0, 0.0, 0.0, 0.0, 9.999499987499087e-05, 0.0, 0.0, 0.0, 0.0, 9.999499987499087e-05, 0.0, 9.999499987499087e-05, 0.0, 9.999499987499087e-05, 0.0, 0.0, 0.0, 0.0, 0.0, 9.999499987499086e-05, 0.00014141428499270803, 0.00014141428499270803, 9.999499987499087e-05, 0.0, 0.00014141428499270803, 0.00014141428499270803, 0.0, 9.999499987499087e-05, 0.0, 0.0, 0.0001731964202863277, 9.999499987499087e-05, 0.0001414072133944981, 0.0, 0.0, 0.0, 9.999499987499086e-05, 0.0, 0.0, 0.0, 9.999499987499086e-05, 9.999499987499087e-05, 0.0, 0.00017319064639869137, 9.999499987499087e-05, 9.999499987499086e-05, 0.00014141428499270803, 9.999499987499086e-05, 0.00014141428499270803, 0.0, 9.999499987499086e-05] 

Smallest VQE eingenvalue optimizer final message:
{   'aux_operators_evaluated': None,
    'cost_function_evals': 122,
    'eigenvalue': 9.999999999998899e-05,
    'optimal_circuit': <qiskit.circuit.library.n_local.real_amplitudes.RealAmplitudes object at 0x00000200F31B1BE0>,
    'optimal_parameters': {   ParameterVectorElement(θ[0]): 0.01384856662979965,
                              ParameterVectorElement(θ[1]): 0.7620145043948421,
                              ParameterVectorElement(θ[2]): -1.5665243872391792,
                              ParameterVectorElement(θ[3]): 0.013564881336627073,
                              ParameterVectorElement(θ[4]): 0.758310453307235,
                              ParameterVectorElement(θ[5]): -1.5663345107534647},
    'optimal_point': array([ 0.01384857,  0.7620145 , -1.56652439,  0.01356488,  0.75831045,
       -1.56633451]),
    'optimal_value': 9.999999999998899e-05,
    'optimizer_evals': None,
    'optimizer_result': <qiskit_algorithms.optimizers.optimizer.OptimizerResult object at 0x00000200F31B2960>,
    'optimizer_time': 6.8602070808410645}
     ┌──────────┐ ░            ░ ┌──────────┐
q_0: ┤ Ry(θ[0]) ├─░────────■───░─┤ Ry(θ[3]) ├
     ├──────────┤ ░      ┌─┴─┐ ░ ├──────────┤
q_1: ┤ Ry(θ[1]) ├─░───■──┤ X ├─░─┤ Ry(θ[4]) ├
     ├──────────┤ ░ ┌─┴─┐└───┘ ░ ├──────────┤
q_2: ┤ Ry(θ[2]) ├─░─┤ X ├──────░─┤ Ry(θ[5]) ├
     └──────────┘ ░ └───┘      ░ └──────────┘
The number of ansatz parameters is: 
 6
Line for latex table
RA r1 rl & $1\mathrm{e}{-07}$ & 10000 & 100/100 &119 & $1\mathrm{e}{-04}$ & $9.9995\mathrm{e}{-05}$ & $1\mathrm{e}{-04}$ & $2.4\mathrm{e}{-03}$ & $2.4\mathrm{e}{-03}$ & - & 00h 10m 58s\\

