RA_r1_rl
35s__186
1e-07
5.551115123125783e-16
1.0286216323152075e-13
1.27675647831893e-15
2.3869795029440866e-15
2.1094237467877974e-15
1.4432899320127035e-15
2.886579864025407e-14
1.1657341758564144e-15
2.6645352591003757e-15
9.71445146547012e-15
4.440892098500626e-15
5.551115123125783e-16
2.6645352591003757e-15
2.4424906541753444e-15
1.6653345369377348e-15
2.3869795029440866e-15
4.3298697960381105e-15
2.3314683517128287e-15
3.497202527569243e-15
1.2545520178264269e-14
1.3322676295501878e-15
2.7200464103316335e-15
3.83026943495679e-15
1.7763568394002505e-15
6.217248937900877e-15
2.3092638912203256e-14
7.771561172376096e-15
4.9960036108132044e-15
2.55351295663786e-15
1.887379141862766e-15
1.5543122344752192e-15
2.220446049250313e-15
1.587618925213974e-14
6.439293542825908e-15
3.6637359812630166e-15
2.4424906541753444e-15
4.6629367034256575e-15
1.2212453270876722e-15
1.887379141862766e-15
4.6629367034256575e-15
1.0602629885170245e-13
3.419486915845482e-14
2.7755575615628914e-15
8.881784197001252e-16
1.3322676295501878e-15
1.7208456881689926e-15
9.43689570931383e-16
1.8540724511240114e-14
2.4424906541753444e-15
6.661338147750939e-16
5.551115123125783e-15
1.7208456881689926e-15
1.7763568394002505e-15
3.3306690738754696e-15
2.220446049250313e-15
1.7208456881689926e-15
4.996003610813204e-16
2.886579864025407e-15
4.773959005888173e-15
3.885780586188048e-16
3.9968028886505635e-15
1.9984014443252818e-15
1.6653345369377348e-15
2.3314683517128287e-15
8.881784197001252e-16
1.1213252548714081e-14
2.275957200481571e-15
2.609024107869118e-15
4.6629367034256575e-15
5.551115123125783e-16
2.609024107869118e-15
1.6214807274650411e-13
4.3298697960381105e-15
3.6637359812630166e-15
3.0531133177191805e-15
3.3306690738754696e-16
0.0
2.831068712794149e-15
1.049160758270773e-14
3.6637359812630166e-15
1.8318679906315083e-15
1.1102230246251565e-16
1.3322676295501878e-15
4.884981308350689e-15
1.1213252548714081e-14
8.326672684688674e-16
2.55351295663786e-15
4.440892098500626e-15
3.885780586188048e-16
1.3322676295501878e-15
2.0539125955565396e-15
6.439293542825908e-15
1.1102230246251565e-15
8.030243137113757e-13
2.9976021664879227e-15
4.773959005888173e-15
2.7755575615628914e-15
4.218847493575595e-15
2.886579864025407e-15
6.106226635438361e-16
