RA_r1_rl
30s__115
1e-01
1.0851083386655966
0.030494089131801183
0.23953670026776613
0.09163885408413996
0.22059560296675723
0.050163446464397354
0.4932554307634736
0.7441410884775952
0.26891118009775855
0.7201694394426705
0.25938942813345134
0.2755047767511348
0.15995711559425058
0.0537547183003485
0.0955217873271706
0.06176597096435904
0.1337515568654284
0.14664591316818565
0.07928871603353632
0.0745931488466775
0.09519311272148917
0.16382771828897907
0.10837704638236073
0.374361869706999
0.10306149786112367
0.15526559208946872
0.17689746403182177
0.1624367991131232
0.2777931280097823
0.26800304153122095
0.06749069208963077
0.1816626963196365
0.11087187596182435
0.23237455737678547
0.11041176398774416
0.12905652510460147
0.07765000436278391
0.8377860178311841
0.21713883148989116
0.08360886007842377
0.0379784448558641
0.5621848865103616
0.05003753963791796
0.05419701678037264
0.23118820301044635
0.3326897046728041
0.06930622731661795
0.4820671440624844
0.14458930097979883
0.13944923805617632
0.4636134642101401
0.05516646670254993
0.05784622168172726
0.38234008304200173
1.1849339876562168
0.09996635944464655
0.11028504696900276
0.10596301571281763
1.528115652563127
0.2607638521015413
0.060296378323577204
0.07437201380011088
0.1730177546480008
0.693378989485632
0.2908325241875533
1.431161206051312
0.030284105050644328
0.06505020005326617
0.18434565831000282
0.04506861660838685
0.24553065999456658
0.0858192399489438
0.051679367117167085
0.09852188939353834
0.055512207371400724
0.3218933643841326
1.224482985175543
0.38856308260226236
1.332445906998415
0.08793694401261953
0.09079404800310586
0.10800963641589734
0.2699749581545404
0.042962981806718814
0.07006693004874665
0.09683811226818051
0.03228377739591548
0.13508986977230159
0.3805203830991173
0.05393751201348512
0.07759576628659182
0.35437642734555413
0.05243926069098043
0.0688175817483
0.1261164511686948
1.0592218105221796
0.5074672782086347
0.0374664672641522
0.07672099640507396
0.09438157844104361
