0.032010130776753964
0.03201054180593077
0.03201035976898203
0.032010125805360556
0.03201247955205888
0.03201022612563864
0.03201021253400238
0.0320102667323674
0.03201064898518258
0.032010143553293124
0.03201162578624572
0.032010273289707736
0.03201016191925432
0.03201103139038408
0.03201454139762461
0.032010702860056695
0.03201053765448336
0.03201074751867805
0.03201195677681046
0.03201021360949163
0.032010790147052104
0.03201045924765711
0.03201083540013239
0.03201153407073798
0.03201019740259581
0.03201173235263299
0.03201026991566214
0.03201103801816152
0.03201120813139158
0.032010620198524076
0.0320101633065073
0.03201054786661417
0.0320101892333402
0.03201072912930558
0.032010507595224835
0.03201017820922081
0.032010852643727605
0.03201029970268199
0.03201020139875588
0.032010364675512104
0.03201035625369175
0.0320108436364952
0.032010834293855095
0.03201026607214463
0.0320102485846635
0.03201069447639715
0.03201036954500924
0.032011136261689166
0.03201116839375795
0.03201016631435227
0.03201030891066292
0.03201043943549853
0.03201055796237051
0.032010518833270774
0.032010206361612226
0.03201023628669708
0.03201209252927639
0.03201026011571184
0.03201039434133757
0.03201034500710109
0.032010237212357295
0.03201019922265602
0.03201101767745529
0.032010164331384816
0.03201014950168801
0.03201067237393729
0.032010168725446486
0.03201045684435977
0.032010395818222515
