0.9169079153924441
0.8934215938250728
0.8934217696099972
0.893421465477854
0.8934215938236271
0.9169079146411423
0.9054855234050403
0.8934215938239588
0.90548552340311
0.8934215938237307
0.8934215938236648
0.9169079088601401
0.905485523405246
0.8934215938238714
0.8934218130353152
0.9054855234054155
0.8934215938238714
0.8934216190433241
0.8934215938239876
0.9054855234043867
0.9054855234031871
0.9054855234038098
0.9169079154950761
0.9169079155147607
0.9054855234039354
0.9054855234038593
0.8934215938235982
0.8934215938239753
0.9054855234041915
0.8934214380746324
0.9169079117402761
0.8934215938237401
0.9054855234031086
0.9169079147901529
0.8934216039181702
0.9169079152753135
0.8934216068821016
0.9054855234073256
0.9169079151543665
0.9169079150369894
0.8934215938237234
0.8934215938234299
0.9054855234072947
0.9169079155469215
0.9054855234056073
0.8934215686943494
0.893421560318805
0.8934215938262982
0.9054855234066953
0.9054855234054063
0.8934215696145399
0.9054855234037585
0.893421593824669
0.8934216123803193
0.9169078956939792
