No Shot Noise
31/10/2024 19:56:08 

VQEr_100_COBYLA_maxIter_10000_tol_1e-07_RA_r1_rl 

Reference value: 8.8458044387e-01 

Qubits:  4
VQE runs:  100
Optimizer:  COBYLA
Max iterations:  10000
Optimizers's tolerance:  1e-07
Ansatz:  RA_r1_rl 

Only 55 runs out of 100 converged
Number of iterations for each converged VQE run:
[747, 1153, 2013, 1500, 893, 914, 3311, 1057, 3120, 874, 1038, 2570, 4677, 1043, 2135, 3880, 790, 2255, 719, 6126, 4582, 4182, 735, 871, 3438, 2578, 823, 1047, 5925, 1650, 1504, 815, 3643, 941, 5547, 726, 7820, 3565, 1011, 934, 994, 1027, 2844, 768, 4207, 2343, 2363, 970, 9088, 3852, 2153, 3460, 1020, 4596, 3737] 

Average iterations of converged run:
2483 

VQE eigenvalues:
[0.9169079153924441, 0.8934215938250728, 0.8934217696099972, 0.893421465477854, 0.8934215938236271, 0.9169079146411423, 0.9054855234050403, 0.8934215938239588, 0.90548552340311, 0.8934215938237307, 0.8934215938236648, 0.9169079088601401, 0.905485523405246, 0.8934215938238714, 0.8934218130353152, 0.9054855234054155, 0.8934215938238714, 0.8934216190433241, 0.8934215938239876, 0.9054855234043867, 0.9054855234031871, 0.9054855234038098, 0.9169079154950761, 0.9169079155147607, 0.9054855234039354, 0.9054855234038593, 0.8934215938235982, 0.8934215938239753, 0.9054855234041915, 0.8934214380746324, 0.9169079117402761, 0.8934215938237401, 0.9054855234031086, 0.9169079147901529, 0.8934216039181702, 0.9169079152753135, 0.8934216068821016, 0.9054855234073256, 0.9169079151543665, 0.9169079150369894, 0.8934215938237234, 0.8934215938234299, 0.9054855234072947, 0.9169079155469215, 0.9054855234056073, 0.8934215686943494, 0.893421560318805, 0.8934215938262982, 0.9054855234066953, 0.9054855234054063, 0.8934215696145399, 0.9054855234037585, 0.893421593824669, 0.8934216123803193, 0.9169078956939792] 

Median VQE eigenvalues:
0.90548552340311 

Min eigenvalue after 100 VQE steps on Aer qasm simulator: 8.93421e-01
Delta from reference energy value is 8.84099e-03 

Optimizer history of the smallest VQE eigenvalue:
[33.43783229626818, 34.11767933712417, 27.521578179561793, 10.013152713910117, 13.065689232988365, 12.381425842109369, 15.564664981405024, 27.056401284645105, 8.86947925136358, 18.46380927347033, 7.963145653665015, 7.675200070674676, 10.405814080574222, 6.339788033449158, 10.952004036101513, 5.247459679357118, 7.103388856899451, 4.8251535816646705, 4.447190272214311, 3.6775444643082045, 2.5444430294958216, 2.0432041083302344, 1.9139444220545405, 1.7103246760030386, 1.3212760273585937, 1.2186872884925206, 1.5662132639263557, 1.1282731788548936, 1.1141080860864174, 1.672698640356403, 1.152934464636739, 1.6564820464599919, 1.2174758853654082, 1.075438152076071, 1.1442880942266078, 1.091939562592542, 1.2220176323756418, 1.0914363838302537, 1.1210685092784967, 1.1092327283579597, 1.1997321517012731, 1.0865646762517276, 1.0930910727959442, 1.057226233105008, 1.0811583666388949, 1.078452994474262, 1.0543022358900824, 1.0226517254721208, 0.9916499223245931, 0.9938673029835281, 0.9941159824197987, 0.9830863072148445, 0.9735924615339856, 0.9800124494841886, 0.9826027335457581, 0.9747729232700869, 0.9664234903745159, 0.9981063269373102, 0.9549762086460454, 0.9706954027180945, 0.9508949624765034, 0.9417717462350369, 0.9350827098348614, 0.9301124353135758, 0.9303653602330998, 0.9280446597319646, 0.9294588342709489, 0.9272688692085868, 0.9311380595170706, 0.929961115206238, 0.9228112933168812, 0.9276150209325191, 0.9243650899151431, 0.9269207792571192, 0.9217880544670974, 0.9231857013419537, 0.919039435418964, 0.9199339026699835, 0.9180741864283197, 0.9184573473090627, 0.9189289390217664, 0.9158039302408746, 0.9163812336980426, 0.9162320203863118, 0.914098132775232, 0.9128999697865228, 0.9116642872589937, 0.9104804621189424, 0.912345279803476, 0.9132223917698036, 0.9077104269998243, 0.9072180738914281, 0.9070656559577949, 0.9071293914490269, 0.9068592167960092, 0.9065694847852832, 0.9064557610500317, 0.90634171176183, 0.9060169681200487, 0.9067780648798336, 0.9076173324039821, 0.9054073769123199, 0.9059255322167614, 0.9049894721169811, 0.9043429244548742, 0.9045772855076062, 0.9043986452753093, 0.9039684118485861, 0.90325290303912, 0.9027550930684038, 0.9022842923342214, 0.9025431094177679, 0.9029581703862721, 0.9014380447079945, 0.9011374380002292, 0.9012771347362591, 0.9010782518056634, 0.9008375907901872, 0.9009528322280549, 0.9014220499211218, 0.9011840022795902, 0.9001221706671645, 0.8998141267873901, 0.9002752762233386, 0.8998420706530752, 0.8991040886372983, 0.8987484250679371, 0.8984180083555101, 0.8979052893820207, 0.8977831482615672, 0.8978003893984065, 0.8975631852263838, 0.8975965927271372, 0.897464369010338, 0.8968573633366589, 0.8970940209121274, 0.8970511833628759, 0.8965607028829106, 0.8969917390804131, 0.8965411851273053, 0.8965470321254354, 0.896574415680505, 0.8966486772072291, 0.8966479643618592, 0.8965762045719142, 0.8965890768094678, 0.8970254933614856, 0.8964124312384066, 0.8963685809122285, 0.8962410694086624, 0.8962133158847824, 0.896399921206083, 0.8959331829833009, 0.8958955924411222, 0.8958794683987885, 0.8958077545811188, 0.895835375537166, 0.8959034065105237, 0.8958519749524361, 0.8956270705433399, 0.8955458081727926, 0.8954850948715108, 0.8953188818092573, 0.8955117473102806, 0.8953284192386137, 0.8952128743397607, 0.8952943778784723, 0.8952164602454694, 0.895215340950637, 0.8951798644905545, 0.8951100635424306, 0.895137804123122, 0.8951589636348046, 0.895156948594538, 0.8951408060044188, 0.8950604118900173, 0.8950675834399469, 0.8950309169715157, 0.8949919941988659, 0.8950085794897467, 0.8950078141765165, 0.8949561032020449, 0.8949217196012333, 0.8948703846233534, 0.8948563484207552, 0.8948202369348661, 0.8947874715651565, 0.8947834803420225, 0.8947447330221898, 0.894675071138134, 0.8946518955642302, 0.8946286172356642, 0.8946304714749693, 0.8946264025209638, 0.8946467432704934, 0.8945966260954378, 0.8945890229443184, 0.8945784582460522, 0.8945435446621688, 0.8945539357628732, 0.8945598665884501, 0.8945372075817487, 0.8945742470200798, 0.8944786234460271, 0.8944465170856757, 0.894408245900222, 0.8944095560734062, 0.8944053670879545, 0.8944386232749616, 0.8943993306307839, 0.894362028354653, 0.8943528399538184, 0.8943464945511144, 0.8943869796325398, 0.8943729799033923, 0.8942958900497203, 0.8942670755617032, 0.8942624788418098, 0.8942722707986799, 0.8942424964380393, 0.8942514009270461, 0.8942408835138251, 0.8941895750796788, 0.8941571466977076, 0.894146940981991, 0.8941345315225045, 0.8941244430571915, 0.8941063441957762, 0.894148234955213, 0.8941088617462092, 0.8940821493059468, 0.8940577073959634, 0.8940717964683222, 0.894069063113322, 0.8941163041645721, 0.8940526655298954, 0.8940149365501479, 0.8939989308489081, 0.8939733715492799, 0.8939433092317023, 0.8939131479243774, 0.8939062653394867, 0.8939100909073817, 0.8938792670411493, 0.8938690147142159, 0.8938297220870053, 0.8938170345455185, 0.8938316451746461, 0.893827282793157, 0.8938207599395634, 0.8938189818221683, 0.8938092330590949, 0.8937975182779944, 0.8938230056146188, 0.8937982361979073, 0.8937903958238261, 0.8937980638011802, 0.8937892035690183, 0.8937823943236498, 0.8937784338694419, 0.8937616564499413, 0.8937630168097446, 0.8937608609226649, 0.8937467249923768, 0.8937429532219147, 0.8937430047803768, 0.893742012351533, 0.8937393140920211, 0.8937447810087876, 0.8937252963216152, 0.8937181995047717, 0.893717376227016, 0.8937108139244341, 0.8937021853797315, 0.8936988302122683, 0.8937051850116966, 0.8936935598164693, 0.8936897744980742, 0.8936918090807261, 0.8936913905151732, 0.8936832936283516, 0.8936730922501409, 0.8936732631950773, 0.8936741245410365, 0.8936679441144951, 0.8936847175090704, 0.8936752225053022, 0.8936608816697195, 0.8936582167678684, 0.8936567676110262, 0.8936482240468797, 0.8936407068228958, 0.893636684116373, 0.8936274602699524, 0.8936319157094902, 0.8936315493718942, 0.8936313983311429, 0.8936282866237291, 0.8936206509403248, 0.8936184245704201, 0.8936147079341253, 0.8936097144129194, 0.893605118008591, 0.8936024598887307, 0.8935951791975009, 0.8935875011016229, 0.8935836829712405, 0.893574890601459, 0.8935672993243821, 0.8935688843723526, 0.8935645273790166, 0.8935617662461485, 0.8935652777350307, 0.8935587768387445, 0.8935565033554482, 0.8935587221201391, 0.8935537727580943, 0.8935589655730501, 0.8935566967321864, 0.8935447009841123, 0.8935518568405255, 0.8935437943093373, 0.8935411612240676, 0.8935372102869188, 0.8935406727127895, 0.893536781318024, 0.8935381857153545, 0.8935363945677945, 0.8935536683471228, 0.8935295543312657, 0.8935353594569526, 0.8935321906618718, 0.8935316877330362, 0.8935261582626148, 0.8935277543912166, 0.8935260620032888, 0.8935258239154243, 0.8935259681755037, 0.8935248277604964, 0.8935218039297047, 0.8935181109886294, 0.8935161557153235, 0.8935126483682194, 0.8935105458146301, 0.8935073162835467, 0.8935054883073407, 0.8935043395163756, 0.8935041574301297, 0.8935057860341884, 0.8935005578486067, 0.8934983487302083, 0.8934970350426943, 0.8934969410650359, 0.8934975127245627, 0.8934955272915782, 0.8934996853164467, 0.8934953167330798, 0.8934918640662924, 0.8934897147495922, 0.8934896972884642, 0.8934907722795569, 0.893487271499636, 0.8934863469926733, 0.8934841703592381, 0.8934866678406825, 0.8934850548179717, 0.8934820097323916, 0.8934826774945223, 0.8934814739464652, 0.8934798842457012, 0.8934798667140424, 0.8934801411948853, 0.8934774128194091, 0.8934758251907151, 0.8934738067757053, 0.8934723870745919, 0.8934705771467906, 0.8934684022729679, 0.8934681673488666, 0.8934683317665603, 0.8934675320964959, 0.8934672356749518, 0.8934665322993893, 0.8934651306971354, 0.8934694592852683, 0.8934649129487202, 0.8934629285244707, 0.8934642740216187, 0.8934618369170741, 0.8934607413446601, 0.8934609134159817, 0.8934598389742742, 0.8934596184264306, 0.89345999936755, 0.8934596300744602, 0.8934595458076507, 0.8934616671758249, 0.8934588808155451, 0.8934571002536361, 0.8934564609579838, 0.8934563264150995, 0.8934565650577371, 0.893455947188474, 0.8934554365277508, 0.8934554073432004, 0.8934551555364469, 0.8934539817001118, 0.8934530733212432, 0.8934533369112237, 0.8934530698904846, 0.8934523346826574, 0.8934518634454318, 0.8934521354961138, 0.8934517385488064, 0.8934519495462113, 0.8934513656641063, 0.893450651032399, 0.8934507966501867, 0.8934505087682446, 0.8934504486208861, 0.8934503431435148, 0.8934496665374378, 0.8934491676045289, 0.8934488438040828, 0.893448499836815, 0.8934484642328991, 0.8934486477260358, 0.8934481847760155, 0.8934477424793933, 0.8934472541670877, 0.89344708696684, 0.8934466687567625, 0.8934462698353203, 0.8934459303007316, 0.893445568046945, 0.8934452950448478, 0.8934452992302561, 0.8934452852828308, 0.8934448359616698, 0.8934445126762667, 0.8934442010893563, 0.8934438281818152, 0.893443614586359, 0.8934432732589576, 0.8934429200411469, 0.8934425888095697, 0.8934423488632316, 0.8934419732369125, 0.8934416692714909, 0.893441385624066, 0.8934411610554513, 0.8934415071173548, 0.8934412464252014, 0.8934407250562026, 0.8934405415425514, 0.8934404409817762, 0.8934404189138676, 0.8934401668911868, 0.8934401026011417, 0.8934399039769099, 0.8934395315160888, 0.8934394859303499, 0.893439490774113, 0.8934390912362132, 0.8934388659883213, 0.8934386837367592, 0.8934386944361367, 0.8934388290651504, 0.8934382823085611, 0.8934380308968475, 0.893437867304988, 0.8934378393346689, 0.8934377377249525, 0.8934375384546948, 0.8934374010706247, 0.893437013481143, 0.8934367098315721, 0.8934364360623259, 0.8934362261559357, 0.8934362303914811, 0.893436185398694, 0.8934359751647348, 0.8934361017693232, 0.8934360274226316, 0.8934356509290745, 0.8934355106452995, 0.8934355379480988, 0.8934356216613392, 0.8934354135556691, 0.8934352707637357, 0.8934354059505587, 0.8934349712963745, 0.8934348675905723, 0.8934348406060487, 0.893434673725672, 0.893434584522647, 0.8934344485696517, 0.8934344809180941, 0.893434699554467, 0.8934342855527535, 0.893433874599072, 0.8934335388284145, 0.8934332610550382, 0.8934331220630458, 0.893433079256931, 0.8934330227386571, 0.8934332002642574, 0.8934330599030079, 0.8934329912237343, 0.8934330743801445, 0.8934326605374563, 0.8934325201722846, 0.8934326336425844, 0.8934324492694797, 0.8934321786897172, 0.8934320561037458, 0.8934320552802346, 0.8934320419861808, 0.8934320311230874, 0.8934318283227543, 0.8934320605668704, 0.8934317422685616, 0.8934314796585066, 0.8934313670350891, 0.8934314391109189, 0.8934313643377293, 0.8934310966004798, 0.8934308403620247, 0.8934305916422444, 0.8934303877001558, 0.8934303878562011, 0.893430413566597, 0.8934303177787041, 0.8934300130743368, 0.8934298236781867, 0.8934296969848577, 0.8934295800963591, 0.8934297030452714, 0.8934296896308357, 0.8934296949022718, 0.8934296295957692, 0.8934293361509142, 0.8934292366559901, 0.8934292675280021, 0.8934293146323817, 0.8934290292051543, 0.8934291651744914, 0.8934289822891589, 0.8934287701519914, 0.8934287199810502, 0.8934287063590698, 0.89342853845037, 0.893428419530749, 0.8934285442610489, 0.8934284561488972, 0.8934281590125623, 0.8934280930317933, 0.8934281019870776, 0.8934279661137093, 0.8934279958803307, 0.8934280357286352, 0.8934277508539391, 0.8934276780484393, 0.8934276303943692, 0.8934276260868385, 0.8934275472014386, 0.8934274287715076, 0.8934275102667891, 0.8934276036554819, 0.893427220667093, 0.893427135707408, 0.8934271462068717, 0.8934271576043544, 0.8934271361697165, 0.8934270332633025, 0.8934268948555871, 0.8934268969988199, 0.8934269418311198, 0.8934267832580226, 0.8934270691816348, 0.8934268894344782, 0.8934266959545488, 0.8934267534856883, 0.8934265299330479, 0.8934265265158018, 0.8934265277871831, 0.8934263447944889, 0.8934262062344906, 0.8934260663534465, 0.8934261934479948, 0.8934261635299573, 0.8934259300995211, 0.8934257374707937, 0.8934257416952415, 0.8934257952707559, 0.8934256992427112, 0.8934257201100563, 0.8934257746624162, 0.8934256627395059, 0.8934254772069641, 0.893425469728948, 0.8934255161784225, 0.8934253219460704, 0.8934251790718023, 0.8934250151818466, 0.8934250115471535, 0.8934250096714893, 0.8934248373442476, 0.8934246521250492, 0.8934244892478806, 0.8934243914847817, 0.8934243164005583, 0.8934242825056906, 0.8934243002423616, 0.8934242557427413, 0.8934241500021339, 0.8934240451263976, 0.8934239769147342, 0.8934239801053295, 0.8934240218411387, 0.8934239420141499, 0.8934242991900526, 0.8934238998650619, 0.893423847117254, 0.8934238451313868, 0.8934238034297736, 0.8934237680762206, 0.8934238764958433, 0.8934237983805087, 0.8934236763402825, 0.8934236367167452, 0.8934235749850923, 0.8934235524113037, 0.8934235556388479, 0.8934235997448672, 0.893423536594786, 0.8934234733053118, 0.8934234670148143, 0.8934234748717736, 0.8934234456909231, 0.893423433744741, 0.8934233429592892, 0.8934232904683744, 0.89342327491067, 0.893423270848904, 0.8934232428809538, 0.8934231763430023, 0.8934231169210798, 0.8934230779791029, 0.8934230883371825, 0.8934230715915237, 0.8934230520303904, 0.8934230502500135, 0.8934230378739306, 0.893423116100792, 0.8934230206290754, 0.8934229601628855, 0.8934229603595215, 0.8934229725034766, 0.8934229049543031, 0.8934228914304415, 0.8934228903988448, 0.8934228872050911, 0.8934228890915511, 0.8934229147489321, 0.893422835096427, 0.893422838429943, 0.893422847468509, 0.8934228265501446, 0.893422854980874, 0.893422781104437, 0.8934227451321406, 0.8934227409563725, 0.8934227380722592, 0.8934227336180859, 0.8934227716513877, 0.8934226706262994, 0.893422620127341, 0.8934226082297401, 0.8934226080451859, 0.8934225973560362, 0.8934225919514885, 0.8934225846306123, 0.8934225229222118, 0.8934225038914964, 0.8934224715721845, 0.8934224288989464, 0.8934224139354451, 0.8934223663004245, 0.8934223324292762, 0.8934222940947535, 0.8934222954664273, 0.8934222964132656, 0.893422277635456, 0.8934222651437594, 0.8934222525364424, 0.8934222363134036, 0.8934222568407124, 0.893422247901298, 0.893422203528279, 0.8934221954314618, 0.893422164310746, 0.8934221413768944, 0.8934221287110227, 0.8934221046657116, 0.8934220899035229, 0.8934220830679651, 0.8934220707028427, 0.8934220877746258, 0.8934220638634874, 0.8934220746297941, 0.8934220518989429, 0.8934220392510103, 0.8934220022507002, 0.8934219965558625, 0.8934219946396867, 0.8934219953019239, 0.8934219849146556, 0.8934219672805686, 0.8934219503168415, 0.8934220099382627, 0.8934219500218822, 0.8934219142949745, 0.8934219139847958, 0.8934219025336425, 0.8934218697931887, 0.893421859202212, 0.8934218624951351, 0.8934218775647801, 0.8934218641217196, 0.8934218646081393, 0.8934218426024971, 0.8934218268069634, 0.8934218621122817, 0.8934218346083704, 0.8934218086691896, 0.8934217846907488, 0.8934218104049906, 0.8934217837439554, 0.8934217826684484, 0.8934218061381064, 0.8934217569279772, 0.8934217766521371, 0.8934217567279825, 0.8934217594038818, 0.893421762594125, 0.8934217882607663, 0.8934217378473118, 0.8934217719626476, 0.8934217407633465, 0.8934217517652815, 0.8934217398605125, 0.8934217434031374, 0.8934217275422947, 0.8934217334067475, 0.8934217278783344, 0.8934217389284556, 0.8934217290737471, 0.8934217146254283, 0.8934217101765065, 0.8934216994012878, 0.8934216903939157, 0.8934216842645355, 0.8934216761974912, 0.8934216701959721, 0.8934216702886248, 0.8934216733239677, 0.8934216570105419, 0.8934216477281051, 0.893421641717288, 0.8934216367733688, 0.8934216397741979, 0.8934216346706149, 0.8934216410705317, 0.8934216368962885, 0.8934216315379965, 0.8934216284787209, 0.8934216266043663, 0.8934216355644231, 0.8934216346208367, 0.8934216179906969, 0.8934216103387751, 0.8934216105856985, 0.8934216106250439, 0.8934216123511491, 0.8934216127763851, 0.8934216100004124, 0.8934216037472473, 0.8934215956119561, 0.8934215917288222, 0.8934216026460743, 0.8934215950062937, 0.8934215867449048, 0.8934215884778037, 0.8934215895026029, 0.8934215888613705, 0.8934215870583856, 0.8934215890868357, 0.8934215837488524, 0.8934215844759412, 0.893421583693256, 0.8934215827914369, 0.8934215825042242, 0.8934215851315574, 0.893421576533021, 0.8934215722096618, 0.8934215703399555, 0.8934215702495537, 0.893421569979169, 0.8934215670484494, 0.8934215643420802, 0.8934215600278067, 0.8934215583072722, 0.8934215557721079, 0.8934215516004749, 0.8934215478701416, 0.8934215448795052, 0.8934215435485251, 0.8934215465262819, 0.8934215428664638, 0.8934215450758852, 0.8934215425869444, 0.8934215406378291, 0.8934215383465792, 0.893421539914912, 0.8934215402062423, 0.8934215350562468, 0.8934215363556632, 0.8934215352576574, 0.8934215322824879, 0.8934215291418172, 0.8934215263421792, 0.8934215232047669, 0.8934215207973915, 0.8934215192464984, 0.893421518105171, 0.8934215173317027, 0.8934215167580082, 0.8934215136852006, 0.8934215109274312, 0.8934215097514934, 0.8934215088101193, 0.893421509966464, 0.8934215061028943, 0.8934215033965264, 0.8934215018233677, 0.8934215009963336, 0.8934215020309391, 0.8934214991417618, 0.893421502254016, 0.8934214989046365, 0.8934214962924465, 0.8934214952251058, 0.8934214942442024, 0.8934214948731396, 0.8934214943010699, 0.8934214947554681, 0.8934214930850852, 0.8934214915123893, 0.8934214921876663, 0.8934214910903828, 0.8934214914574936, 0.8934214912127387, 0.8934214915304931, 0.8934214899914069, 0.8934214894004628, 0.8934214889746241, 0.893421489368228, 0.8934214895675094, 0.8934214876545372, 0.8934214871602063, 0.8934214865933093, 0.8934214859981761, 0.893421485553343, 0.893421486664255, 0.8934214862540372, 0.8934214844168786, 0.8934214834737098, 0.8934214830735003, 0.8934214833395521, 0.8934214832354874, 0.8934214836252071, 0.8934214825160522, 0.8934214814830045, 0.8934214807121673, 0.8934214800656776, 0.8934214801519924, 0.8934214796537584, 0.8934214790645708, 0.8934214785380901, 0.89342147847415, 0.8934214779800627, 0.8934214778680942, 0.8934214777972159, 0.8934214783651256, 0.8934214786689724, 0.8934214763968678, 0.8934214756993165, 0.893421475379509, 0.893421475891406, 0.8934214759713953, 0.8934214745933322, 0.8934214738203676, 0.8934214736035003, 0.8934214732601621, 0.893421472414207, 0.8934214722417563, 0.8934214720445064, 0.8934214708802187, 0.8934214701311376, 0.8934214693158058, 0.893421468802734, 0.893421468167171, 0.8934214675902408, 0.8934214673786556, 0.8934214672531658, 0.8934214667413266, 0.8934214657518934, 0.8934214655875038, 0.8934214654315258, 0.8934214649534257, 0.8934214642843276, 0.89342146433576, 0.8934214644417952, 0.8934214654094957, 0.8934214640550658, 0.8934214632294535, 0.8934214626594491, 0.8934214618052386, 0.8934214619502839, 0.8934214618898275, 0.8934214614534169, 0.8934214610258581, 0.8934214603003792, 0.8934214599152551, 0.8934214596782182, 0.8934214600692211, 0.8934214601120188, 0.8934214587475033, 0.8934214581375806, 0.8934214579772214, 0.8934214580068336, 0.8934214576115639, 0.8934214578261291, 0.8934214575274011, 0.8934214570676227, 0.8934214562843409, 0.8934214558454364, 0.8934214557945793, 0.8934214555055217, 0.8934214547884908, 0.8934214547994344, 0.8934214548944087, 0.8934214548814953, 0.8934214550549627, 0.8934214540946399, 0.8934214542237127, 0.8934214538661706, 0.8934214535097339, 0.8934214529419259, 0.8934214525109782, 0.8934214522318363, 0.8934214520950843, 0.8934214521774099, 0.8934214516790614, 0.8934214514755902, 0.8934214510377889, 0.8934214511748682, 0.8934214509080467, 0.8934214504826529, 0.8934214505658874, 0.8934214504089523, 0.8934214502460311, 0.8934214502233934, 0.8934214510285847, 0.8934214504211998, 0.8934214496363683, 0.89342144932903, 0.8934214494099872, 0.893421449470044, 0.893421448783084, 0.8934214491710791, 0.8934214487609687, 0.893421448661016, 0.8934214486171, 0.893421448807033, 0.8934214485077441, 0.8934214484952037, 0.8934214484385601, 0.8934214484460322, 0.8934214486189359, 0.8934214488640388, 0.8934214485242726, 0.8934214483686673, 0.893421448128123, 0.893421448077121, 0.8934214480890494, 0.8934214478597963, 0.8934214479328025, 0.8934214479685493, 0.8934214477004615, 0.8934214478240217, 0.8934214476961965, 0.8934214474339061, 0.8934214473991682, 0.8934214474136467, 0.8934214474201682, 0.8934214475458296, 0.8934214471937183, 0.893421447152093, 0.893421447146889, 0.893421447069501, 0.8934214470138082, 0.8934214468987681, 0.8934214469759025, 0.8934214469417028, 0.8934214469236955, 0.893421446772053, 0.8934214465501312, 0.8934214463640073, 0.8934214463199238, 0.8934214462728296, 0.8934214465006466, 0.8934214462752557, 0.8934214460343243, 0.8934214460231097, 0.8934214460090398, 0.8934214458664838, 0.8934214460023263, 0.8934214458043763, 0.8934214455733254, 0.8934214456362295, 0.8934214455965904, 0.893421445428345, 0.8934214451983846, 0.8934214449695943, 0.8934214447589419, 0.8934214446196718, 0.8934214445864681, 0.8934214445685033, 0.8934214446971461, 0.8934214447081474, 0.8934214443280539, 0.8934214441727808, 0.8934214441971949, 0.893421444126744, 0.8934214441685875, 0.8934214440981104, 0.8934214439680463, 0.8934214438088832, 0.8934214437810132, 0.8934214437459221, 0.8934214436420471, 0.8934214437420087, 0.8934214436507899, 0.8934214434220515, 0.893421443439814, 0.8934214434054992, 0.8934214432646006, 0.8934214432511863, 0.8934214432173713, 0.8934214431170313, 0.8934214429751265, 0.8934214430291394, 0.8934214428652341, 0.8934214429349505, 0.8934214429451619, 0.8934214427203818, 0.8934214427021477, 0.8934214427909715, 0.893421442598448, 0.8934214424895162, 0.89342144249284, 0.8934214426106512, 0.8934214424291573, 0.8934214422722896, 0.8934214421715885, 0.8934214420784984, 0.8934214420426408, 0.8934214420099886, 0.8934214420812908, 0.8934214421053407, 0.8934214418527633, 0.8934214418269886, 0.8934214418138933, 0.8934214417759102, 0.8934214420232551, 0.8934214418593864, 0.8934214415714782, 0.8934214414710965, 0.8934214414585946, 0.8934214414414923, 0.8934214416929445, 0.8934214414914324, 0.8934214412691099, 0.8934214412311139, 0.8934214412209153, 0.893421441362389, 0.8934214413219971, 0.8934214410632676, 0.8934214410169888, 0.8934214410134954, 0.8934214410888826, 0.8934214411096645, 0.8934214408544254, 0.8934214407611085, 0.8934214407956336, 0.8934214407880778, 0.8934214407525534, 0.8934214406975586, 0.8934214406081323, 0.8934214404918402, 0.8934214405054088, 0.8934214404847868, 0.8934214404444023, 0.8934214404591453, 0.8934214403996381, 0.8934214403752552, 0.8934214403847677, 0.8934214403424459, 0.893421440434678, 0.8934214404532309, 0.8934214402757721, 0.8934214403812817, 0.8934214403207016, 0.893421440172476, 0.8934214400988856, 0.8934214402174643, 0.8934214400418655, 0.8934214399744643, 0.8934214399698277, 0.8934214399787993, 0.8934214399495658, 0.8934214399535668, 0.893421440189372, 0.8934214398833944, 0.8934214397841357, 0.8934214399319621, 0.893421439829928, 0.8934214397265176, 0.8934214397291839, 0.8934214397253518, 0.8934214397375779, 0.89342143972075, 0.8934214396676157, 0.893421439653168, 0.8934214396147496, 0.8934214395760717, 0.8934214395291771, 0.8934214395015438, 0.8934214395005241, 0.8934214395233502, 0.8934214394398627, 0.8934214393966741, 0.8934214394215471, 0.8934214393909757, 0.8934214393580838, 0.8934214393322696, 0.8934214393409464, 0.8934214393175055, 0.8934214392930935, 0.8934214393153078, 0.8934214393317549, 0.893421439237394, 0.8934214392118046, 0.8934214392122817, 0.8934214392143476, 0.8934214391935976, 0.893421439226897, 0.8934214392104223, 0.8934214391508422, 0.8934214391655033, 0.8934214391500828, 0.8934214391230316, 0.893421439083093, 0.893421439052098, 0.8934214390161023, 0.8934214390399321, 0.8934214390117933, 0.8934214389765587, 0.8934214389811157, 0.8934214389835362, 0.8934214389607059, 0.8934214389762916, 0.8934214389678138, 0.8934214389479535, 0.8934214389226128, 0.8934214389266124, 0.8934214389386543, 0.8934214389521447, 0.8934214389213575, 0.8934214388827935, 0.8934214388811361, 0.8934214388892893, 0.893421438895129, 0.8934214388556337, 0.8934214389130054, 0.8934214388677909, 0.8934214388271469, 0.8934214388232085, 0.8934214388473691, 0.8934214387973226, 0.8934214387550131, 0.8934214387347028, 0.8934214387412962, 0.8934214387371464, 0.8934214387504861, 0.8934214387469034, 0.89342143869864, 0.8934214386861374, 0.8934214386880939, 0.8934214386823907, 0.8934214386759164, 0.8934214386596997, 0.8934214386373495, 0.8934214386435998, 0.8934214386189331, 0.8934214386022898, 0.8934214386435656, 0.8934214386211013, 0.893421438578849, 0.893421438587223, 0.8934214385829823, 0.8934214385568036, 0.8934214385325169, 0.8934214385183067, 0.8934214384973274, 0.8934214384957059, 0.89342143850803, 0.893421438509111, 0.8934214384947893, 0.893421438467773, 0.8934214384855823, 0.893421438466514, 0.8934214384790695, 0.8934214384667526, 0.8934214384944411, 0.8934214384576, 0.8934214384551613, 0.8934214384431404, 0.8934214384592296, 0.8934214384420123, 0.893421438428351, 0.8934214384279595, 0.8934214384261226, 0.89342143842727, 0.8934214384256383, 0.8934214384280666, 0.8934214384213562, 0.8934214384085295, 0.8934214384068537, 0.8934214384069994, 0.8934214383986356, 0.8934214384058942, 0.8934214383994457, 0.893421438385791, 0.8934214383864804, 0.8934214383847325, 0.8934214383803847, 0.8934214383800513, 0.8934214383838994, 0.8934214383817894, 0.8934214383834962, 0.8934214383759493, 0.8934214383721433, 0.8934214383656525, 0.893421438364334, 0.8934214383643118, 0.8934214383610893, 0.8934214383547747, 0.8934214383489757, 0.8934214383435493, 0.8934214383381865, 0.8934214383348718, 0.8934214383335777, 0.8934214383350848, 0.8934214383313978, 0.893421438331272, 0.8934214383258977, 0.8934214383200142, 0.8934214383138681, 0.8934214383081691, 0.8934214383079686, 0.8934214383074837, 0.8934214383040792, 0.8934214383006993, 0.8934214383000082, 0.8934214383005561, 0.893421438297545, 0.8934214382926408, 0.8934214382893421, 0.8934214382911763, 0.8934214382876309, 0.8934214382861696, 0.8934214382864849, 0.8934214382813311, 0.8934214382804706, 0.8934214382798226, 0.8934214382797745, 0.8934214382837538, 0.8934214382746609, 0.8934214382700016, 0.8934214382696338, 0.8934214382696686, 0.8934214382651222, 0.8934214382616288, 0.8934214382582822, 0.8934214382535762, 0.8934214382518422, 0.8934214382474557, 0.893421438243699, 0.8934214382408164, 0.8934214382370824, 0.8934214382352008, 0.893421438232545, 0.893421438232733, 0.8934214382318482, 0.8934214382283926, 0.8934214382255323, 0.8934214382249459, 0.8934214382268675, 0.8934214382202971, 0.8934214382170131, 0.8934214382144134, 0.8934214382132981, 0.8934214382144916, 0.893421438215243, 0.8934214382117418, 0.8934214382124168, 0.8934214382081859, 0.8934214382069339, 0.8934214382063437, 0.8934214382090125, 0.8934214382017875, 0.8934214381980939, 0.8934214381951829, 0.8934214381949175, 0.893421438196041, 0.8934214381951759, 0.8934214381962653, 0.8934214381913289, 0.8934214381880303, 0.8934214381856024, 0.8934214381826405, 0.8934214381800898, 0.8934214381776743, 0.8934214381739952, 0.8934214381714246, 0.893421438169929, 0.8934214381685208, 0.8934214381651372, 0.893421438161844, 0.8934214381595826, 0.8934214381572154, 0.8934214381556255, 0.8934214381523322, 0.8934214381506056, 0.8934214381511536, 0.8934214381514005, 0.8934214381478803, 0.8934214381458261, 0.8934214381447096, 0.8934214381439226, 0.8934214381445903, 0.8934214381442475, 0.8934214381418794, 0.8934214381409962, 0.8934214381393677, 0.8934214381363433, 0.893421438135185, 0.8934214381341112, 0.8934214381342532, 0.8934214381352472, 0.8934214381320856, 0.8934214381315558, 0.8934214381310825, 0.8934214381320446, 0.8934214381287521, 0.8934214381325988, 0.8934214381289419, 0.8934214381267811, 0.8934214381266549, 0.8934214381266142, 0.893421438125754, 0.8934214381261091, 0.8934214381254852, 0.8934214381233937, 0.8934214381209467, 0.8934214381217773, 0.8934214381210283, 0.8934214381200409, 0.8934214381198075, 0.8934214381206722, 0.8934214381194063, 0.8934214381206739, 0.8934214381172837, 0.893421438118111, 0.8934214381160932, 0.893421438116543, 0.8934214381162146, 0.8934214381157131, 0.8934214381157366, 0.8934214381157587, 0.893421438115657, 0.893421438116219, 0.8934214381150378, 0.8934214381140055, 0.8934214381132822, 0.8934214381132108, 0.8934214381128815, 0.8934214381120312, 0.8934214381115059, 0.8934214381121245, 0.8934214381111792, 0.8934214381103973, 0.8934214381095406, 0.8934214381092602, 0.8934214381082622, 0.8934214381083899, 0.8934214381085348, 0.8934214381072133, 0.8934214381067247, 0.893421438106193, 0.8934214381057677, 0.8934214381052853, 0.8934214381056956, 0.8934214381052623, 0.8934214381042087, 0.8934214381039094, 0.893421438103351, 0.8934214381038547, 0.8934214381031286, 0.8934214381033011, 0.8934214381035526, 0.8934214381023287, 0.8934214381019956, 0.8934214381016666, 0.8934214381020342, 0.893421438102407, 0.893421438100766, 0.8934214381002441, 0.893421438100091, 0.8934214380998337, 0.8934214380997056, 0.8934214381000782, 0.8934214380989437, 0.8934214380988894, 0.893421438098372, 0.8934214380984694, 0.8934214380984721, 0.8934214380974372, 0.8934214380973917, 0.8934214380970611, 0.8934214380963812, 0.8934214380963856, 0.8934214380962202, 0.8934214380955956, 0.8934214380958683, 0.8934214380955532, 0.8934214380950539, 0.8934214380942787, 0.8934214380940853, 0.8934214380935284, 0.8934214380931161, 0.8934214380933514, 0.8934214380928553, 0.8934214380923307, 0.8934214380929606, 0.8934214380928126, 0.8934214380914726, 0.8934214380912442, 0.8934214380912271, 0.8934214380916928, 0.8934214380912521, 0.8934214380914464, 0.8934214380909875, 0.8934214380906802, 0.8934214380900789, 0.893421438090353, 0.8934214380898973, 0.8934214380896447, 0.8934214380893807, 0.8934214380893449, 0.8934214380897296, 0.8934214380893755, 0.8934214380894733, 0.8934214380900074, 0.8934214380889244, 0.8934214380887219, 0.8934214380886821, 0.8934214380886056, 0.8934214380884044, 0.8934214380881512, 0.8934214380880863, 0.8934214380881368, 0.8934214380880823, 0.8934214380881037, 0.8934214380877621, 0.8934214380874469, 0.8934214380871588, 0.8934214380870066, 0.8934214380868539, 0.8934214380867407, 0.8934214380866188, 0.8934214380864742, 0.8934214380863895, 0.8934214380864122, 0.8934214380860968, 0.8934214380858092, 0.8934214380855346, 0.8934214380853714, 0.8934214380852543, 0.8934214380850629, 0.8934214380849305, 0.8934214380849259, 0.8934214380849479, 0.8934214380846489, 0.8934214380843679, 0.8934214380841227, 0.8934214380839927, 0.8934214380839864, 0.8934214380840702, 0.8934214380837987, 0.8934214380837446, 0.8934214380838544, 0.8934214380834975, 0.8934214380832592, 0.8934214380831108, 0.8934214380831199, 0.8934214380830654, 0.8934214380828963, 0.8934214380827614, 0.8934214380825833, 0.8934214380824091, 0.8934214380822543, 0.8934214380820599, 0.8934214380819446, 0.8934214380818483, 0.8934214380817285, 0.8934214380815635, 0.8934214380814142, 0.8934214380813423, 0.8934214380812591, 0.8934214380810985, 0.8934214380810269, 0.8934214380813381, 0.8934214380809935, 0.8934214380807357, 0.8934214380805552, 0.8934214380805668, 0.8934214380805553, 0.8934214380806182, 0.8934214380805559, 0.8934214380804032, 0.8934214380804482, 0.8934214380804817, 0.8934214380802088, 0.8934214380800157, 0.8934214380798526, 0.8934214380797036, 0.8934214380796172, 0.893421438079451, 0.8934214380793347, 0.8934214380791645, 0.8934214380790851, 0.8934214380789608, 0.8934214380788821, 0.8934214380788842, 0.8934214380787974, 0.8934214380786605, 0.8934214380785276, 0.8934214380784962, 0.8934214380784478, 0.8934214380783506, 0.8934214380782628, 0.8934214380784181, 0.8934214380783246, 0.8934214380780983, 0.8934214380779575, 0.8934214380779404, 0.8934214380779092, 0.8934214380778067, 0.8934214380778157, 0.8934214380777877, 0.8934214380776331, 0.8934214380775689, 0.8934214380775422, 0.8934214380775318, 0.8934214380773987, 0.8934214380772961, 0.8934214380771455, 0.8934214380770777, 0.8934214380770651, 0.8934214380770477, 0.8934214380771112, 0.8934214380769883, 0.89342143807687, 0.8934214380769149, 0.8934214380768615, 0.8934214380767955, 0.8934214380768549, 0.8934214380767559, 0.8934214380766109, 0.8934214380765969, 0.8934214380765896, 0.8934214380764962, 0.8934214380763946, 0.8934214380763331, 0.8934214380762947, 0.8934214380763945, 0.8934214380761704, 0.8934214380761168, 0.8934214380761406, 0.8934214380761499, 0.8934214380761439, 0.8934214380761549, 0.8934214380762779, 0.8934214380759589, 0.8934214380759438, 0.8934214380759782, 0.8934214380758296, 0.8934214380757575, 0.8934214380758833, 0.8934214380757659, 0.8934214380756927, 0.893421438075682, 0.8934214380755799, 0.8934214380754851, 0.8934214380755414, 0.8934214380754605, 0.8934214380753609, 0.8934214380752878, 0.8934214380752006, 0.8934214380751355, 0.8934214380750439, 0.8934214380749779, 0.8934214380750114, 0.8934214380749685, 0.8934214380749296, 0.89342143807486, 0.8934214380747498, 0.8934214380747705, 0.8934214380747688, 0.8934214380747001, 0.8934214380747071, 0.8934214380746907, 0.8934214380746459, 0.8934214380746943, 0.8934214380746619, 0.8934214380746324] 

Smallest VQE eingenvalue optimizer final message:
{   'aux_operators_evaluated': None,
    'cost_function_evals': 1650,
    'eigenvalue': 0.8934214380746324,
    'optimal_circuit': <qiskit.circuit.library.n_local.real_amplitudes.RealAmplitudes object at 0x000002800CB97E60>,
    'optimal_parameters': {   ParameterVectorElement(θ[0]): 0.02168644321071023,
                              ParameterVectorElement(θ[1]): 0.011962004128331514,
                              ParameterVectorElement(θ[2]): 1.933602107682797,
                              ParameterVectorElement(θ[3]): -1.570796394344652,
                              ParameterVectorElement(θ[4]): -0.36823202533820243,
                              ParameterVectorElement(θ[5]): -0.39357054071427716,
                              ParameterVectorElement(θ[6]): 2.034461024429503,
                              ParameterVectorElement(θ[7]): -1.5707996760399277},
    'optimal_point': array([ 0.02168644,  0.011962  ,  1.93360211, -1.57079639, -0.36823203,
       -0.39357054,  2.03446102, -1.57079968]),
    'optimal_value': 0.8934214380746324,
    'optimizer_evals': None,
    'optimizer_result': <qiskit_algorithms.optimizers.optimizer.OptimizerResult object at 0x000002800CBEFFE0>,
    'optimizer_time': 3.707448959350586}
     ┌──────────┐ ░                 ░ ┌──────────┐
q_0: ┤ Ry(θ[0]) ├─░─────────────■───░─┤ Ry(θ[4]) ├
     ├──────────┤ ░           ┌─┴─┐ ░ ├──────────┤
q_1: ┤ Ry(θ[1]) ├─░────────■──┤ X ├─░─┤ Ry(θ[5]) ├
     ├──────────┤ ░      ┌─┴─┐└───┘ ░ ├──────────┤
q_2: ┤ Ry(θ[2]) ├─░───■──┤ X ├──────░─┤ Ry(θ[6]) ├
     ├──────────┤ ░ ┌─┴─┐└───┘      ░ ├──────────┤
q_3: ┤ Ry(θ[3]) ├─░─┤ X ├───────────░─┤ Ry(θ[7]) ├
     └──────────┘ ░ └───┘           ░ └──────────┘
The number of ansatz parameters is: 
 8
Line for latex table
RA r1 rl & $1\mathrm{e}{-07}$ & 55/100 &2483 & $8.9342\mathrm{e}{-01}$ & $8.841\mathrm{e}{-03}$ & $9.0549\mathrm{e}{-01}$ & $2.0905\mathrm{e}{-02}$ & - & 00h 22m 35s\\

