RA_r1_rl
04m09s__33
1e-02
-0.4375
-0.4375
-0.4375
-0.43700000000000006
-0.4295
-0.43599999999999994
-0.41975000000000007
-0.4345000000000001
-0.43725000000000014
-0.4345000000000001
-0.43674999999999997
-0.43700000000000006
-0.4224999999999999
-0.43725000000000014
-0.43625
-0.43725000000000014
-0.43599999999999994
-0.43725000000000014
-0.4285000000000001
-0.4375
-0.4364999999999999
-0.4364999999999999
-0.4375
-0.43674999999999997
-0.43725000000000014
-0.4375
-0.43399999999999994
-0.43725000000000014
-0.43725000000000014
-0.4355
-0.4375
-0.43700000000000006
-0.4375
-0.43399999999999994
-0.43625
-0.4375
-0.4375
-0.4357500000000001
-0.4357500000000001
-0.4375
-0.43674999999999997
-0.43625
-0.4375
-0.4375
-0.4375
-0.43625
-0.43700000000000006
-0.4364999999999999
-0.4352499999999999
-0.43599999999999994
-0.43174999999999986
-0.43725000000000014
-0.4375
-0.4375
-0.43700000000000006
-0.43725000000000014
-0.43725000000000014
-0.4375
-0.4375
-0.4375
-0.4364999999999999
-0.43725000000000014
-0.4375
-0.43625
-0.43725000000000014
-0.43700000000000006
-0.4255
-0.43700000000000006
-0.43025
-0.43725000000000014
-0.4295
-0.43725000000000014
-0.4375
-0.42674999999999996
-0.4325000000000001
-0.4375
-0.4375
-0.43700000000000006
-0.4375
-0.4375
-0.43725000000000014
-0.43725000000000014
-0.4325000000000001
-0.4375
-0.43700000000000006
-0.43599999999999994
-0.43725000000000014
-0.4375
-0.43674999999999997
-0.4375
-0.43625
-0.43274999999999997
-0.43725000000000014
-0.4375
-0.4375
-0.4375
-0.4375
-0.4375
-0.43599999999999994
-0.4375
