-0.4375 0.0
-0.4375 0.0
-0.4375 0.0
-0.43700000000000006 0.0003535180334862453
-0.4295 0.0014119490075778201
-0.43599999999999994 0.0006121886964000483
-0.41975000000000007 0.002099045914219124
-0.4345000000000001 0.0008655056325639898
-0.43725000000000014 0.0002499874996874772
-0.4345000000000001 0.0008655056325639898
-0.43674999999999997 0.0004329477451148221
-0.43700000000000006 0.0003535180334862453
-0.4224999999999999 0.0019306734576307817
-0.43725000000000014 0.0002499874996874772
-0.43625 0.0005588772226527001
-0.43725000000000014 0.0002499874996874772
-0.43599999999999994 0.0006121886964000483
-0.43725000000000014 0.0002499874996874772
-0.4285000000000001 0.0014972975656161306
-0.4375 0.0
-0.4364999999999999 0.0004998999899980072
-0.4364999999999999 0.0004998999899980072
-0.4375 0.0
-0.43674999999999997 0.0004329477451148221
-0.43725000000000014 0.0002499874996874772
-0.4375 0.0
-0.43399999999999994 0.0009347593273137265
-0.43725000000000014 0.0002499874996874772
-0.43725000000000014 0.0002499874996874772
-0.4355 0.0007068238818829035
-0.4375 0.0
-0.43700000000000006 0.0003535180334862453
-0.4375 0.0
-0.43399999999999994 0.0009347593273137265
-0.43625 0.0005588772226527001
-0.4375 0.0
-0.4375 0.0
-0.4357500000000001 0.0006612062839991704
-0.4357500000000001 0.0006612062839991704
-0.4375 0.0
-0.43674999999999997 0.0004329477451148221
-0.43625 0.0005588772226527001
-0.4375 0.0
-0.4375 0.0
-0.4375 0.0
-0.43625 0.0005588772226527001
-0.43700000000000006 0.0003535180334862453
-0.4364999999999999 0.0004998999899980072
-0.4352499999999999 0.000749662424028318
-0.43599999999999994 0.0006121886964000483
-0.43174999999999986 0.0011975782855412921
-0.43725000000000014 0.0002499874996874772
-0.4375 0.0
-0.4375 0.0
-0.43700000000000006 0.0003535180334862453
-0.43725000000000014 0.0002499874996874772
-0.43725000000000014 0.0002499874996874772
-0.4375 0.0
-0.4375 0.0
-0.4375 0.0
-0.4364999999999999 0.0004998999899980072
-0.43725000000000014 0.0002499874996874772
-0.4375 0.0
-0.43625 0.0005588772226527001
-0.43725000000000014 0.0002499874996874772
-0.43700000000000006 0.0003535180334862453
-0.4255 0.0017278888853164186
-0.43700000000000006 0.0003535180334862453
-0.43025 0.0013443376621965245
-0.43725000000000014 0.0002499874996874772
-0.4295 0.0014119490075778201
-0.43725000000000014 0.0002499874996874772
-0.4375 0.0
-0.42674999999999996 0.001635831210730499
-0.4325000000000001 0.0011169153951844331
-0.4375 0.0
-0.4375 0.0
-0.43700000000000006 0.0003535180334862453
-0.4375 0.0
-0.4375 0.0
-0.43725000000000014 0.0002499874996874772
-0.43725000000000014 0.0002499874996874772
-0.4325000000000001 0.0011169153951844331
-0.4375 0.0
-0.43700000000000006 0.0003535180334862453
-0.43599999999999994 0.0006121886964000483
-0.43725000000000014 0.0002499874996874772
-0.4375 0.0
-0.43674999999999997 0.0004329477451148221
-0.4375 0.0
-0.43625 0.0005588772226527001
-0.43274999999999997 0.0010886890051800908
-0.43725000000000014 0.0002499874996874772
-0.4375 0.0
-0.4375 0.0
-0.4375 0.0
-0.4375 0.0
-0.4375 0.0
-0.43599999999999994 0.0006121886964000483
-0.4375 0.0
