RA_r1_rl
10m27s__82
1e-08
-0.43074999999999997
-0.4375
-0.4355
-0.43700000000000006
-0.4375
-0.43700000000000006
-0.4375
-0.4364999999999999
-0.43700000000000006
-0.43599999999999994
-0.43674999999999997
-0.4364999999999999
-0.4357500000000001
-0.43700000000000006
-0.43700000000000006
-0.4337500000000001
-0.41474999999999995
-0.4364999999999999
-0.43599999999999994
-0.43700000000000006
-0.42900000000000005
-0.43399999999999994
-0.4375
-0.4375
-0.4357500000000001
-0.43725000000000014
-0.43299999999999983
-0.4375
-0.4375
-0.43725000000000014
-0.4375
-0.4375
-0.4357500000000001
-0.4375
-0.4375
-0.43674999999999997
-0.43725000000000014
-0.43700000000000006
-0.43725000000000014
-0.43725000000000014
-0.43725000000000014
-0.43725000000000014
-0.4315
-0.43674999999999997
-0.43225
-0.43425
-0.4375
-0.43725000000000014
-0.4375
-0.43625
-0.4345000000000001
-0.43674999999999997
-0.4375
-0.43725000000000014
-0.43674999999999997
-0.4352499999999999
-0.4325000000000001
-0.43700000000000006
-0.4375
-0.4252499999999999
-0.43625
-0.43725000000000014
-0.43325000000000014
-0.43725000000000014
-0.4375
-0.4335
-0.4364999999999999
-0.4375
-0.43674999999999997
-0.43674999999999997
-0.4375
-0.43025
-0.4375
-0.4375
-0.4375
-0.4375
-0.43599999999999994
-0.43725000000000014
-0.4364999999999999
-0.4357500000000001
-0.4375
-0.43674999999999997
-0.4375
-0.4375
-0.43599999999999994
-0.43674999999999997
-0.43625
-0.43700000000000006
-0.4375
-0.42274999999999996
-0.4375
-0.4364999999999999
-0.41999999999999993
-0.4375
-0.4375
-0.4375
-0.43674999999999997
-0.43700000000000006
-0.4375
-0.4375
