-0.43074999999999997 0.0012972832188847554
-0.4375 0.0
-0.4355 0.0007068238818829035
-0.43700000000000006 0.0003535180334862453
-0.4375 0.0
-0.43700000000000006 0.0003535180334862453
-0.4375 0.0
-0.4364999999999999 0.0004998999899980072
-0.43700000000000006 0.0003535180334862453
-0.43599999999999994 0.0006121886964000483
-0.43674999999999997 0.0004329477451148221
-0.4364999999999999 0.0004998999899980072
-0.4357500000000001 0.0006612062839991704
-0.43700000000000006 0.0003535180334862453
-0.43700000000000006 0.0003535180334862453
-0.4337500000000001 0.0009675193796508652
-0.41474999999999995 0.0023739721460034036
-0.4364999999999999 0.0004998999899980072
-0.43599999999999994 0.0006121886964000483
-0.43700000000000006 0.0003535180334862453
-0.42900000000000005 0.0014552577091360873
-0.43399999999999994 0.0009347593273137265
-0.4375 0.0
-0.4375 0.0
-0.4357500000000001 0.0006612062839991704
-0.43725000000000014 0.0002499874996874772
-0.43299999999999983 0.0010597051476708144
-0.4375 0.0
-0.4375 0.0
-0.43725000000000014 0.0002499874996874772
-0.4375 0.0
-0.4375 0.0
-0.4357500000000001 0.0006612062839991704
-0.4375 0.0
-0.4375 0.0
-0.43674999999999997 0.0004329477451148221
-0.43725000000000014 0.0002499874996874772
-0.43700000000000006 0.0003535180334862453
-0.43725000000000014 0.0002499874996874772
-0.43725000000000014 0.0002499874996874772
-0.43725000000000014 0.0002499874996874772
-0.43725000000000014 0.0002499874996874772
-0.4315 0.0012232742946698472
-0.43674999999999997 0.0004329477451148221
-0.43225 0.001144440365418831
-0.43425 0.0009008017262416937
-0.4375 0.0
-0.43725000000000014 0.0002499874996874772
-0.4375 0.0
-0.43625 0.0005588772226527001
-0.4345000000000001 0.0008655056325639898
-0.43674999999999997 0.0004329477451148221
-0.4375 0.0
-0.43725000000000014 0.0002499874996874772
-0.43674999999999997 0.0004329477451148221
-0.4352499999999999 0.000749662424028318
-0.4325000000000001 0.0011169153951844331
-0.43700000000000006 0.0003535180334862453
-0.4375 0.0
-0.4252499999999999 0.0017457072349051014
-0.43625 0.0005588772226527001
-0.43725000000000014 0.0002499874996874772
-0.43325000000000014 0.0010298998737741372
-0.43725000000000014 0.0002499874996874772
-0.4375 0.0
-0.4335 0.0009991996797437367
-0.4364999999999999 0.0004998999899980072
-0.4375 0.0
-0.43674999999999997 0.0004329477451148221
-0.43674999999999997 0.0004329477451148221
-0.4375 0.0
-0.43025 0.0013443376621965245
-0.4375 0.0
-0.4375 0.0
-0.4375 0.0
-0.4375 0.0
-0.43599999999999994 0.0006121886964000483
-0.43725000000000014 0.0002499874996874772
-0.4364999999999999 0.0004998999899980072
-0.4357500000000001 0.0006612062839991704
-0.4375 0.0
-0.43674999999999997 0.0004329477451148221
-0.4375 0.0
-0.4375 0.0
-0.43599999999999994 0.0006121886964000483
-0.43674999999999997 0.0004329477451148221
-0.43625 0.0005588772226527001
-0.43700000000000006 0.0003535180334862453
-0.4375 0.0
-0.42274999999999996 0.0019146132115913158
-0.4375 0.0
-0.4364999999999999 0.0004998999899980072
-0.41999999999999993 0.002084316434709473
-0.4375 0.0
-0.4375 0.0
-0.4375 0.0
-0.43674999999999997 0.0004329477451148221
-0.43700000000000006 0.0003535180334862453
-0.4375 0.0
-0.4375 0.0
