With Shot Noise
02/11/2024 09:59:55 

VQEr_100_shots_10000_COBYLA_maxIter_10000_tol_1e-08_RA_r1_rl 

Reference value: -4.3750000000e-01 

Number of pauli strings:  2
Qubits:  2
VQE runs:  100
Optimizer:  COBYLA
Max iterations:  10000
Optimizers's tolerance:  1e-08
Ansatz:  RA_r1_rl 

All run converged!!!
Number of iterations for each converged VQE run:
[78, 76, 92, 82, 93, 86, 68, 85, 83, 80, 85, 84, 90, 97, 83, 95, 79, 79, 76, 97, 86, 92, 84, 63, 82, 88, 80, 90, 81, 80, 96, 91, 74, 62, 92, 78, 90, 85, 82, 77, 88, 94, 82, 84, 98, 81, 64, 77, 52, 86, 73, 78, 79, 78, 92, 87, 79, 87, 89, 75, 80, 90, 84, 87, 87, 80, 87, 80, 85, 89, 101, 93, 61, 87, 70, 58, 78, 85, 80, 89, 70, 89, 78, 75, 81, 88, 85, 82, 65, 80, 87, 74, 91, 91, 64, 54, 89, 81, 90, 69] 

Average iterations of converged run:
82 

VQE eigenvalues:
[-0.43074999999999997, -0.4375, -0.4355, -0.43700000000000006, -0.4375, -0.43700000000000006, -0.4375, -0.4364999999999999, -0.43700000000000006, -0.43599999999999994, -0.43674999999999997, -0.4364999999999999, -0.4357500000000001, -0.43700000000000006, -0.43700000000000006, -0.4337500000000001, -0.41474999999999995, -0.4364999999999999, -0.43599999999999994, -0.43700000000000006, -0.42900000000000005, -0.43399999999999994, -0.4375, -0.4375, -0.4357500000000001, -0.43725000000000014, -0.43299999999999983, -0.4375, -0.4375, -0.43725000000000014, -0.4375, -0.4375, -0.4357500000000001, -0.4375, -0.4375, -0.43674999999999997, -0.43725000000000014, -0.43700000000000006, -0.43725000000000014, -0.43725000000000014, -0.43725000000000014, -0.43725000000000014, -0.4315, -0.43674999999999997, -0.43225, -0.43425, -0.4375, -0.43725000000000014, -0.4375, -0.43625, -0.4345000000000001, -0.43674999999999997, -0.4375, -0.43725000000000014, -0.43674999999999997, -0.4352499999999999, -0.4325000000000001, -0.43700000000000006, -0.4375, -0.4252499999999999, -0.43625, -0.43725000000000014, -0.43325000000000014, -0.43725000000000014, -0.4375, -0.4335, -0.4364999999999999, -0.4375, -0.43674999999999997, -0.43674999999999997, -0.4375, -0.43025, -0.4375, -0.4375, -0.4375, -0.4375, -0.43599999999999994, -0.43725000000000014, -0.4364999999999999, -0.4357500000000001, -0.4375, -0.43674999999999997, -0.4375, -0.4375, -0.43599999999999994, -0.43674999999999997, -0.43625, -0.43700000000000006, -0.4375, -0.42274999999999996, -0.4375, -0.4364999999999999, -0.41999999999999993, -0.4375, -0.4375, -0.4375, -0.43674999999999997, -0.43700000000000006, -0.4375, -0.4375] 

VQE eigenvalues standard deviation:
[0.0012972832188847554, 0.0, 0.0007068238818829035, 0.0003535180334862453, 0.0, 0.0003535180334862453, 0.0, 0.0004998999899980072, 0.0003535180334862453, 0.0006121886964000483, 0.0004329477451148221, 0.0004998999899980072, 0.0006612062839991704, 0.0003535180334862453, 0.0003535180334862453, 0.0009675193796508652, 0.0023739721460034036, 0.0004998999899980072, 0.0006121886964000483, 0.0003535180334862453, 0.0014552577091360873, 0.0009347593273137265, 0.0, 0.0, 0.0006612062839991704, 0.0002499874996874772, 0.0010597051476708144, 0.0, 0.0, 0.0002499874996874772, 0.0, 0.0, 0.0006612062839991704, 0.0, 0.0, 0.0004329477451148221, 0.0002499874996874772, 0.0003535180334862453, 0.0002499874996874772, 0.0002499874996874772, 0.0002499874996874772, 0.0002499874996874772, 0.0012232742946698472, 0.0004329477451148221, 0.001144440365418831, 0.0009008017262416937, 0.0, 0.0002499874996874772, 0.0, 0.0005588772226527001, 0.0008655056325639898, 0.0004329477451148221, 0.0, 0.0002499874996874772, 0.0004329477451148221, 0.000749662424028318, 0.0011169153951844331, 0.0003535180334862453, 0.0, 0.0017457072349051014, 0.0005588772226527001, 0.0002499874996874772, 0.0010298998737741372, 0.0002499874996874772, 0.0, 0.0009991996797437367, 0.0004998999899980072, 0.0, 0.0004329477451148221, 0.0004329477451148221, 0.0, 0.0013443376621965245, 0.0, 0.0, 0.0, 0.0, 0.0006121886964000483, 0.0002499874996874772, 0.0004998999899980072, 0.0006612062839991704, 0.0, 0.0004329477451148221, 0.0, 0.0, 0.0006121886964000483, 0.0004329477451148221, 0.0005588772226527001, 0.0003535180334862453, 0.0, 0.0019146132115913158, 0.0, 0.0004998999899980072, 0.002084316434709473, 0.0, 0.0, 0.0, 0.0004329477451148221, 0.0003535180334862453, 0.0, 0.0] 

Median VQE eigenvalues:
-0.43700000000000006 

Min eigenvalue after 100 VQE steps on Aer qasm simulator: -4.37500e-01
Delta from reference energy value is 0.00000e+00 

Optimizer history of the smallest VQE eigenvalue:
[-0.28925, -0.25050000000000017, -0.28049999999999997, -0.2875000000000001, 0.30200000000000005, 0.10650000000000004, -0.20225000000000004, -0.21150000000000002, -0.2197499999999999, -0.3534999999999999, -0.40625, -0.4375, -0.40549999999999997, -0.4375, -0.42900000000000005, -0.42799999999999994, -0.43700000000000006, -0.4375, -0.43425, -0.43674999999999997, -0.43725000000000014, -0.4364999999999999, -0.4375, -0.43700000000000006, -0.4375, -0.4375, -0.4375, -0.43725000000000014, -0.43700000000000006, -0.43725000000000014, -0.4375, -0.4375, -0.43700000000000006, -0.4375, -0.43725000000000014, -0.4375, -0.4375, -0.43725000000000014, -0.4375, -0.43725000000000014, -0.4375, -0.4375, -0.43725000000000014, -0.43725000000000014, -0.43674999999999997, -0.4375, -0.43725000000000014, -0.4375, -0.43725000000000014, -0.4375, -0.4375, -0.4375, -0.4375, -0.4375, -0.4375, -0.43725000000000014, -0.43700000000000006, -0.43700000000000006, -0.43725000000000014, -0.4375, -0.4375, -0.4375, -0.4375, -0.43700000000000006, -0.4375, -0.4375, -0.4375, -0.43725000000000014, -0.4375, -0.4375, -0.43725000000000014, -0.4375, -0.43700000000000006, -0.4375, -0.43725000000000014, -0.4375] 

Optimizer history of the smallest VQE eigenvalue standard deviation:
[0.005904633244326019, 0.006576708903395375, 0.006065072134773007, 0.005937171043518959, 0.011410038343493856, 0.01031534778861091, 0.007299194732982538, 0.00716884928004488, 0.007049538548727852, 0.004504930632096348, 0.002777560755411123, 0.0, 0.0028102668912400454, 0.0, 0.0014552577091360873, 0.001538172617101219, 0.0003535180334862453, 0.0, 0.0009008017262416937, 0.0004329477451148221, 0.0002499874996874772, 0.0004998999899980072, 0.0, 0.0003535180334862453, 0.0, 0.0, 0.0, 0.0002499874996874772, 0.0003535180334862453, 0.0002499874996874772, 0.0, 0.0, 0.0003535180334862453, 0.0, 0.0002499874996874772, 0.0, 0.0, 0.0002499874996874772, 0.0, 0.0002499874996874772, 0.0, 0.0, 0.0002499874996874772, 0.0002499874996874772, 0.0004329477451148221, 0.0, 0.0002499874996874772, 0.0, 0.0002499874996874772, 0.0, 0.0, 0.0, 0.0, 0.0, 0.0, 0.0002499874996874772, 0.0003535180334862453, 0.0003535180334862453, 0.0002499874996874772, 0.0, 0.0, 0.0, 0.0, 0.0003535180334862453, 0.0, 0.0, 0.0, 0.0002499874996874772, 0.0, 0.0, 0.0002499874996874772, 0.0, 0.0003535180334862453, 0.0, 0.0002499874996874772, 0.0] 

Smallest VQE eingenvalue optimizer final message:
{   'aux_operators_evaluated': None,
    'cost_function_evals': 76,
    'eigenvalue': -0.4375,
    'optimal_circuit': <qiskit.circuit.library.n_local.real_amplitudes.RealAmplitudes object at 0x00000135A83AC5C0>,
    'optimal_parameters': {   ParameterVectorElement(θ[0]): -1.6581761585468595,
                              ParameterVectorElement(θ[1]): 1.5855157911041198,
                              ParameterVectorElement(θ[2]): -1.3040991429102606,
                              ParameterVectorElement(θ[3]): 1.5791544403125137},
    'optimal_point': array([-1.65817616,  1.58551579, -1.30409914,  1.57915444]),
    'optimal_value': -0.4375,
    'optimizer_evals': None,
    'optimizer_result': <qiskit_algorithms.optimizers.optimizer.OptimizerResult object at 0x00000135A801F140>,
    'optimizer_time': 5.552807331085205}
     ┌──────────┐ ░       ░ ┌──────────┐
q_0: ┤ Ry(θ[0]) ├─░───■───░─┤ Ry(θ[2]) ├
     ├──────────┤ ░ ┌─┴─┐ ░ ├──────────┤
q_1: ┤ Ry(θ[1]) ├─░─┤ X ├─░─┤ Ry(θ[3]) ├
     └──────────┘ ░ └───┘ ░ └──────────┘
The number of ansatz parameters is: 
 4
Line for latex table
RA r1 rl & $1\mathrm{e}{-08}$ & 10000 & 100/100 &82 & $-4.375\mathrm{e}{-01}$ & $0\mathrm{e}{+00}$ & $0\mathrm{e}{+00}$ & $-4.37\mathrm{e}{-01}$ & $5\mathrm{e}{-04}$ & - & 00h 10m 27s\\

