RA_r1_rl
05m08s__28
1e-01
0.37274122521605824
0.3631555867080727
0.37969879373304405
0.3699713767350745
0.4168636528546079
0.36909046762097564
0.3657346234982599
0.41982683834332946
0.36844086808231147
0.36731366028844703
0.35762299652729235
0.3588706624675808
0.3643124409575651
0.4572645509454931
0.3937238333437134
0.3598233536610389
0.37522270066800933
0.36893878655429413
0.3664902584168699
0.3656781263825142
0.37212650659029656
0.36930239045122626
0.7035022591930145
0.4323922891834595
0.3654659943481584
0.3634183284078696
0.3717147316896874
0.35748157517105494
0.39166870348849137
0.3841046811833486
0.3629446740045985
0.3592656372144116
0.36001000229580127
0.3731440210115686
0.396573075748631
0.41732511394905947
0.3573158897461055
0.3966061709927997
0.39150840045045854
0.3621827945019369
0.3577401538148175
0.3727445260749569
0.3644663514819051
0.36367690705163236
0.36461538468271715
0.6777249467970978
0.3777419394835517
0.3723637648904996
0.38206224970033476
0.37436757081278715
0.37596224970033454
0.3743029567890783
0.4015279963997478
0.3767918348814989
0.3759474698001095
0.3622949265362929
0.35982005280214
0.37961960901321534
0.4025898759024096
0.48627249454310073
0.3759353377657537
0.37793468477272363
0.38284717394082635
0.37272701165368494
0.35760583923976696
0.37110447197924334
0.3588049770426318
0.37795011766597875
0.3651769070516324
0.36487518265736196
0.36292127213302194
0.361070662467581
0.3784490462647381
0.3958139307670163
0.364935485695395
0.3609141653518355
0.37830194666230166
0.365436705026277
0.39220007433838977
0.3679483319972445
0.37027589692485563
0.37267797845287287
0.3901865750435103
0.4220902076554425
0.4469904781340115
0.3639698002704459
0.37114294961032823
0.3972778917976951
0.3648819323048018
0.3626961458671749
0.3748114308307884
0.3786447352790625
0.36507604485449696
0.40318169771998247
0.37234559747619755
0.36069995178946224
0.3624517807857852
0.3618292411113435
0.361258530433225
0.3663094972324128
