0.37274122521605824 0.0020606458938886153
0.3631555867080727 0.0010853363533946574
0.37969879373304405 0.0029457431150730026
0.3699713767350745 0.0019135761024845644
0.4168636528546079 0.00584265307886751
0.36909046762097564 0.0027966513011099562
0.3657346234982599 0.0015026940806431674
0.41982683834332946 0.005119044686267156
0.36844086808231147 0.0017111268217172024
0.36731366028844703 0.0018848843465846946
0.35762299652729235 0.0004794934827502748
0.3588706624675808 0.0009959851906529507
0.3643124409575651 0.0015457503032508169
0.4572645509454931 0.007303807397515354
0.3937238333437134 0.004398247491899471
0.3598233536610389 0.0013180172608884921
0.37522270066800933 0.0029668124308759396
0.36893878655429413 0.0016505858051007259
0.3664902584168699 0.0016265280507879358
0.3656781263825142 0.001693375327563269
0.37212650659029656 0.0025540239818764455
0.36930239045122626 0.0015496883557670606
0.7035022591930145 0.008109991245371356
0.4323922891834595 0.006475716871513146
0.3654659943481584 0.001688862783058475
0.3634183284078696 0.001302242296963212
0.3717147316896874 0.002809509298792226
0.35748157517105494 0.00042413677039369673
0.39166870348849137 0.004127498394911863
0.3841046811833486 0.0029275980769224454
0.3629446740045985 0.0014235411831064093
0.3592656372144116 0.0010424231386533926
0.36001000229580127 0.0008713363300126995
0.3731440210115686 0.00279634654504766
0.396573075748631 0.004801580885500108
0.41732511394905947 0.005309792227573505
0.3573158897461055 0.00024492447815600507
0.3966061709927997 0.004636318582668796
0.39150840045045854 0.004276989595498218
0.3621827945019369 0.0009532712100971115
0.3577401538148175 0.0003872596028505665
0.3727445260749569 0.002473437486576121
0.3644663514819051 0.0020296206542110245
0.36367690705163236 0.001267295151099378
0.36461538468271715 0.0014191152173097133
0.6777249467970978 0.007660835104608375
0.3777419394835517 0.002661084271495361
0.3723637648904996 0.0024978729951700904
0.38206224970033476 0.0036470395528428244
0.37436757081278715 0.002139673339554428
0.37596224970033454 0.00347201706505023
0.3743029567890783 0.003055727491122205
0.4015279963997478 0.004617708847469705
0.3767918348814989 0.0022367288615297116
0.3759474698001095 0.0023791548919731963
0.3622949265362929 0.000981628493881468
0.35982005280214 0.0007138718372369152
0.37961960901321534 0.003517975767398066
0.4025898759024096 0.004580213259227129
0.48627249454310073 0.00795012914989436
0.3759353377657537 0.0022314214079819164
0.37793468477272363 0.0034462440424322827
0.38284717394082635 0.0035438954555686297
0.37272701165368494 0.0019777263460853266
0.35760583923976696 0.0005193813627769162
0.37110447197924334 0.0016077280553625998
0.3588049770426318 0.00097641256649021
0.37795011766597875 0.0034212388107233895
0.3651769070516324 0.0012435650364978862
0.36487518265736196 0.0016859451355248814
0.36292127213302194 0.001156520211669477
0.361070662467581 0.0010067226529685304
0.3784490462647381 0.002977000755794329
0.3958139307670163 0.004097735777231129
0.364935485695395 0.0012395753305063737
0.3609141653518355 0.001116873314212496
0.37830194666230166 0.0036651622747158144
0.365436705026277 0.0016188480472237035
0.39220007433838977 0.0042342804583541714
0.3679483319972445 0.0021679904289456597
0.37027589692485563 0.0024283716766590724
0.37267797845287287 0.0026094218708365307
0.3901865750435103 0.004411724946095347
0.4220902076554425 0.006235289688538938
0.4469904781340115 0.006905507077688068
0.3639698002704459 0.0011987505995827556
0.37114294961032823 0.0017469497703139591
0.3972778917976951 0.00416091979014256
0.3648819323048018 0.0012131502380167134
0.3626961458671749 0.0014032795516218455
0.3748114308307884 0.0027622054594110103
0.3786447352790625 0.00336708939590264
0.36507604485449696 0.0015642485416326923
0.40318169771998247 0.004324127310799256
0.37234559747619755 0.0031346767775960564
0.36069995178946224 0.001023877922410681
0.3624517807857852 0.0015281889608291205
0.3618292411113435 0.0009186411159968925
0.361258530433225 0.0009480775284753905
0.3663094972324128 0.001745564378646631
