0.08609999999999918 0.007374335427684323
0.037799999999999834 0.004931938361334215
0.04749999999999854 0.002578499369788563
0.04410000000000025 0.0035127440840459537
0.07889999999999997 0.005092289760019539
0.14709999999999912 0.007590084123380988
0.039699999999999847 0.0025054219205554898
0.0039999999999995595 0.0013330011252808546
0.015200000000000102 0.0023391759232687225
0.01920000000000055 0.001944683007587602
0.0649999999999995 0.0037322925930317855
0.08119999999999905 0.0035491779329867544
0.08029999999999848 0.006960053376232107
0.14110000000000067 0.008133821795441558
0.016199999999999548 0.0028600629363704434
0.013200000000000323 0.001492257350459348
0.057299999999999685 0.005094973895909568
0.06099999999999994 0.004058960950785302
0.03259999999999952 0.0038365515766114844
0.10120000000000129 0.005887145997849891
0.09039999999999893 0.005819365257482979
0.23330000000000073 0.007246714220941791
0.4883000000000006 0.012394862605127987
0.1543000000000001 0.008976375270675806
0.022199999999999775 0.0029289411055874754
0.004400000000000404 0.001325189797727095
0.04139999999999944 0.002908519898505093
0.18920000000000048 0.0044744787405909155
0.020500000000001073 0.003278304592315969
0.05990000000000073 0.0042289441944769
0.1651000000000007 0.009206356771274935
0.027699999999998504 0.0028589982511362474
0.043300000000001226 0.0035321204679342293
0.0041999999999999815 0.0016542805082572368
0.011800000000000033 0.002200089998159163
0.06609999999999872 0.005656214723646913
0.1504000000000003 0.009279834265761426
0.019699999999999385 0.0023919303919637826
0.028400000000001313 0.004217847792417371
1.0744000000000007 0.007050739819338105
0.018199999999999328 0.00233289776887028
0.08810000000000073 0.005087931505042111
0.1780999999999997 0.007187244186751976
0.023100000000000342 0.003451376392107926
0.15589999999999993 0.0052787239935423716
0.013600000000000279 0.002511914011267097
0.017100000000000115 0.0029854756739923563
0.1814000000000009 0.008953823987548563
0.02400000000000091 0.0033160162846403523
0.008000000000000007 0.0016055628296643592
0.05770000000000053 0.002931952762238832
0.12789999999999946 0.005267116383753061
0.44839999999999947 0.013367921304376385
0.09060000000000024 0.006100584889992099
0.021300000000000097 0.0016424582186466664
0.026100000000000456 0.003151251338754192
0.6489000000000003 0.012550912357275068
0.15669999999999984 0.00453057248038258
0.016699999999998383 0.002790452830635194
0.018599999999999284 0.0034456128627575015
0.03329999999999966 0.004328276446808806
0.11350000000000016 0.00491605685483804
0.039400000000000546 0.0029764072302022044
0.0005000000000006111 0.00038726864061008664
0.005299999999999194 0.0018569310703415842
0.05410000000000004 0.0054242390249693235
0.02430000000000021 0.002475181811503946
0.09050000000000047 0.005517320273466087
0.07869999999999955 0.003833098355116926
0.15609999999999946 0.0060337727003923645
0.06040000000000045 0.0051827749324083175
0.0647000000000002 0.004904233783171445
0.043499999999998984 0.004462956307202644
0.0948999999999991 0.006164911110470292
0.016000000000000014 0.0018231653792237209
0.070599999999998 0.005184518492589253
0.10770000000000035 0.0038524583060690044
0.027800000000000047 0.003896998845265436
0.015499999999999403 0.0025958615140257244
0.18979999999999997 0.01013088347578828
0.009000000000000341 0.002134182747564052
0.05799999999999894 0.005914299282248073
0.05979999999999919 0.003441806502405379
0.0038000000000009138 0.0014273976320563128
0.03759999999999941 0.004330095610953637
1.6775000000000002 0.011212454637589398
0.028199999999998226 0.003847734918104411
0.017999999999999794 0.002836774929387236
0.18980000000000086 0.010251991221221364
0.2019000000000002 0.010513700252527658
0.32370000000000054 0.01253098068787914
0.0049000000000001265 0.001768220291705779
0.024700000000000166 0.0035072936860206243
0.08819999999999961 0.0039729334250651425
0.005399999999998073 0.0015087001027374468
0.2276000000000007 0.011074758326934277
0.046299999999999564 0.0046300588549174964
1.0374000000000008 0.004897705993626003
0.044500000000001094 0.003783952034579737
0.007599999999999163 0.002225202912095894
