With Shot Noise
01/11/2024 17:52:55 

VQEr_100_shots_10000_COBYLA_maxIter_10000_tol_1e-02_RA_r1_rl 

Reference value: 0.0000000000e+00 

Number of pauli strings:  16
Qubits:  5
VQE runs:  100
Optimizer:  COBYLA
Max iterations:  10000
Optimizers's tolerance:  1e-02
Ansatz:  RA_r1_rl 

All run converged!!!
Number of iterations for each converged VQE run:
[110, 121, 103, 103, 130, 81, 121, 114, 105, 109, 116, 165, 162, 99, 128, 122, 114, 124, 97, 114, 150, 84, 91, 105, 96, 95, 119, 108, 107, 92, 109, 96, 127, 158, 120, 95, 128, 94, 131, 81, 138, 121, 128, 105, 88, 123, 119, 92, 88, 95, 113, 93, 143, 84, 110, 186, 79, 83, 96, 84, 86, 93, 114, 129, 127, 83, 116, 69, 124, 103, 108, 84, 85, 126, 115, 88, 134, 125, 151, 128, 107, 100, 116, 148, 108, 127, 131, 134, 139, 161, 127, 91, 126, 113, 120, 140, 160, 97, 93, 113] 

Average iterations of converged run:
113 

VQE eigenvalues:
[0.08609999999999918, 0.037799999999999834, 0.04749999999999854, 0.04410000000000025, 0.07889999999999997, 0.14709999999999912, 0.039699999999999847, 0.0039999999999995595, 0.015200000000000102, 0.01920000000000055, 0.0649999999999995, 0.08119999999999905, 0.08029999999999848, 0.14110000000000067, 0.016199999999999548, 0.013200000000000323, 0.057299999999999685, 0.06099999999999994, 0.03259999999999952, 0.10120000000000129, 0.09039999999999893, 0.23330000000000073, 0.4883000000000006, 0.1543000000000001, 0.022199999999999775, 0.004400000000000404, 0.04139999999999944, 0.18920000000000048, 0.020500000000001073, 0.05990000000000073, 0.1651000000000007, 0.027699999999998504, 0.043300000000001226, 0.0041999999999999815, 0.011800000000000033, 0.06609999999999872, 0.1504000000000003, 0.019699999999999385, 0.028400000000001313, 1.0744000000000007, 0.018199999999999328, 0.08810000000000073, 0.1780999999999997, 0.023100000000000342, 0.15589999999999993, 0.013600000000000279, 0.017100000000000115, 0.1814000000000009, 0.02400000000000091, 0.008000000000000007, 0.05770000000000053, 0.12789999999999946, 0.44839999999999947, 0.09060000000000024, 0.021300000000000097, 0.026100000000000456, 0.6489000000000003, 0.15669999999999984, 0.016699999999998383, 0.018599999999999284, 0.03329999999999966, 0.11350000000000016, 0.039400000000000546, 0.0005000000000006111, 0.005299999999999194, 0.05410000000000004, 0.02430000000000021, 0.09050000000000047, 0.07869999999999955, 0.15609999999999946, 0.06040000000000045, 0.0647000000000002, 0.043499999999998984, 0.0948999999999991, 0.016000000000000014, 0.070599999999998, 0.10770000000000035, 0.027800000000000047, 0.015499999999999403, 0.18979999999999997, 0.009000000000000341, 0.05799999999999894, 0.05979999999999919, 0.0038000000000009138, 0.03759999999999941, 1.6775000000000002, 0.028199999999998226, 0.017999999999999794, 0.18980000000000086, 0.2019000000000002, 0.32370000000000054, 0.0049000000000001265, 0.024700000000000166, 0.08819999999999961, 0.005399999999998073, 0.2276000000000007, 0.046299999999999564, 1.0374000000000008, 0.044500000000001094, 0.007599999999999163] 

VQE eigenvalues standard deviation:
[0.007374335427684323, 0.004931938361334215, 0.002578499369788563, 0.0035127440840459537, 0.005092289760019539, 0.007590084123380988, 0.0025054219205554898, 0.0013330011252808546, 0.0023391759232687225, 0.001944683007587602, 0.0037322925930317855, 0.0035491779329867544, 0.006960053376232107, 0.008133821795441558, 0.0028600629363704434, 0.001492257350459348, 0.005094973895909568, 0.004058960950785302, 0.0038365515766114844, 0.005887145997849891, 0.005819365257482979, 0.007246714220941791, 0.012394862605127987, 0.008976375270675806, 0.0029289411055874754, 0.001325189797727095, 0.002908519898505093, 0.0044744787405909155, 0.003278304592315969, 0.0042289441944769, 0.009206356771274935, 0.0028589982511362474, 0.0035321204679342293, 0.0016542805082572368, 0.002200089998159163, 0.005656214723646913, 0.009279834265761426, 0.0023919303919637826, 0.004217847792417371, 0.007050739819338105, 0.00233289776887028, 0.005087931505042111, 0.007187244186751976, 0.003451376392107926, 0.0052787239935423716, 0.002511914011267097, 0.0029854756739923563, 0.008953823987548563, 0.0033160162846403523, 0.0016055628296643592, 0.002931952762238832, 0.005267116383753061, 0.013367921304376385, 0.006100584889992099, 0.0016424582186466664, 0.003151251338754192, 0.012550912357275068, 0.00453057248038258, 0.002790452830635194, 0.0034456128627575015, 0.004328276446808806, 0.00491605685483804, 0.0029764072302022044, 0.00038726864061008664, 0.0018569310703415842, 0.0054242390249693235, 0.002475181811503946, 0.005517320273466087, 0.003833098355116926, 0.0060337727003923645, 0.0051827749324083175, 0.004904233783171445, 0.004462956307202644, 0.006164911110470292, 0.0018231653792237209, 0.005184518492589253, 0.0038524583060690044, 0.003896998845265436, 0.0025958615140257244, 0.01013088347578828, 0.002134182747564052, 0.005914299282248073, 0.003441806502405379, 0.0014273976320563128, 0.004330095610953637, 0.011212454637589398, 0.003847734918104411, 0.002836774929387236, 0.010251991221221364, 0.010513700252527658, 0.01253098068787914, 0.001768220291705779, 0.0035072936860206243, 0.0039729334250651425, 0.0015087001027374468, 0.011074758326934277, 0.0046300588549174964, 0.004897705993626003, 0.003783952034579737, 0.002225202912095894] 

Median VQE eigenvalues:
0.05079999999999929 

Min eigenvalue after 100 VQE steps on Aer qasm simulator: 5.00000e-04
Delta from reference energy value is 5.00000e-04 

Optimizer history of the smallest VQE eigenvalue:
[9.3261, 9.4239, 9.3663, 6.5609, 7.7721, 6.8606, 6.1021, 5.695600000000001, 5.9816, 5.5319, 5.7973, 4.3904, 4.8843, 4.4742, 5.792199999999999, 4.1836, 4.5396, 4.4154, 4.2267, 4.2997, 4.3675999999999995, 4.447100000000001, 3.7627, 3.5282, 3.5325999999999995, 3.346, 3.4639000000000006, 3.2159000000000004, 3.3874999999999993, 3.1058000000000012, 2.997700000000002, 2.8624, 3.3611000000000004, 2.759999999999999, 2.4295999999999998, 1.7361000000000004, 2.2477, 1.5232999999999999, 1.5827, 1.2300000000000004, 0.6620000000000008, 0.5886000000000013, 0.6192000000000002, 0.7658999999999994, 0.6500000000000004, 0.7377000000000002, 0.7676999999999987, 0.481799999999998, 1.1059, 1.0645999999999987, 0.6186999999999996, 0.6439000000000004, 0.3451999999999993, 0.4007000000000005, 0.42020000000000035, 0.31259999999999977, 0.28089999999999904, 0.22610000000000063, 0.25980000000000025, 0.18730000000000047, 0.21549999999999958, 0.28690000000000104, 0.26700000000000035, 0.12340000000000018, 0.08169999999999966, 0.10860000000000092, 0.3335000000000008, 0.0954000000000006, 0.10339999999999971, 0.09009999999999785, 0.017799999999998484, 0.10980000000000079, 0.028300000000000658, 0.08980000000000032, 0.03249999999999975, 0.11489999999999956, 0.05960000000000054, 0.018800000000000594, 0.052100000000001145, 0.03750000000000053, 0.016600000000000392, 0.04130000000000056, 0.04389999999999894, 0.03859999999999886, 0.036300000000000665, 0.01789999999999825, 0.043400000000000105, 0.015900000000001135, 0.02059999999999995, 0.02660000000000018, 0.02719999999999967, 0.014600000000000612, 0.025599999999998957, 0.01249999999999929, 0.009399999999999409, 0.0045999999999999375, 0.012900000000000134, 0.0029999999999992255, 0.0042999999999997485, 0.0035000000000007248, 0.004600000000001714, 0.009299999999998754, 0.004100000000000215, 0.001800000000001134, 0.0022999999999990806, 0.0030000000000001137, 0.0029000000000003467, 0.0017999999999993577, 0.0019000000000000128, 0.004500000000001059, 0.0045000000000001705, 0.0041999999999999815, 0.005700000000000038, 0.003400000000000958, 0.0, 0.000700000000000145, 0.0, 9.999999999976694e-05, 0.0003000000000010772, 0.0022999999999999687, 0.000600000000000378, 0.0, 0.0003000000000010772, 0.00020000000000042206, 0.0009000000000014552, 0.001200000000000756, 0.0009000000000014552, 0.0, 0.0005000000000006111] 

Optimizer history of the smallest VQE eigenvalue standard deviation:
[0.03630376485985992, 0.036190697879427525, 0.036630116229681826, 0.040609704689889094, 0.04187253363483036, 0.039369737362598696, 0.04063999664124002, 0.04066438456438263, 0.04047334609344772, 0.04089345357144588, 0.041089199639321276, 0.035328036345090005, 0.03715900605506019, 0.035103419548528324, 0.040157704814892, 0.033808416348595806, 0.032883739081801505, 0.03393641253874664, 0.033167981865045694, 0.03346085765487789, 0.03349384456881593, 0.033247490777500784, 0.03006212625547302, 0.027200144999613513, 0.02727685172449342, 0.02759092705945199, 0.02622022011730641, 0.026099136326706292, 0.029205528260930324, 0.026773496297644805, 0.02592172280154234, 0.02566285346566122, 0.027765340714639177, 0.025046919810627417, 0.025720345409811277, 0.02171591727282087, 0.027147666768987718, 0.019894907966612967, 0.022350370086421385, 0.018890598719998264, 0.015456434388305733, 0.016326862895241084, 0.01763081563626595, 0.01819828890308097, 0.016940605183995053, 0.017749701039735853, 0.01800133131187802, 0.015697509101765154, 0.02485780189397285, 0.023154427654338602, 0.017062487714281288, 0.018343435201728167, 0.010758877636631067, 0.011479188777958135, 0.011983362800149219, 0.01030672304857368, 0.00938359456711552, 0.008685580521761334, 0.009169145652676703, 0.008522434217991955, 0.00967716823249447, 0.01202274315620192, 0.010739816013321645, 0.006660311704417452, 0.005911387400602338, 0.0063709327417576745, 0.0133426312622361, 0.005941867046644506, 0.007293871125815156, 0.005977525993251714, 0.0024719676373286103, 0.007102205854521546, 0.003358772841381224, 0.006239708326516557, 0.003745925653293187, 0.008005169142497855, 0.005706709384575307, 0.0027255149972069737, 0.005110993934647158, 0.0038506556584560845, 0.001910592578233253, 0.003792382232845201, 0.0038310561207061293, 0.003880950399064625, 0.0035914360637494466, 0.002395514349779572, 0.0041683070904145435, 0.0021117653752251915, 0.0025503207641392705, 0.002855838931032355, 0.0029749998319327834, 0.0022652293482117564, 0.0031169228415217328, 0.0020300298027368957, 0.0018637811030268567, 0.001455700518650684, 0.0024783795108901207, 0.0013259049739705957, 0.0015584732913977266, 0.0013297605047526292, 0.0015805125750843812, 0.0022942526016112384, 0.0016150346745503845, 0.0008943690513428633, 0.0011089350747450707, 0.0011998599918323187, 0.0013377051244575834, 0.0006781415781383427, 0.0006998964209081386, 0.001359923159593896, 0.0013451486906657787, 0.0010579300543986725, 0.001577666948376648, 0.0013926392210475917, 0.0, 0.00047955083150796424, 0.0, 9.999499987499087e-05, 0.00026456190201916066, 0.0011356720477320198, 0.0003999799994999635, 0.0, 0.00026456190201916066, 0.0002828285699854161, 0.00047955083150796424, 0.0005656288535779925, 0.00047955083150796424, 0.0, 0.00038726864061008664] 

Smallest VQE eingenvalue optimizer final message:
{   'aux_operators_evaluated': None,
    'cost_function_evals': 129,
    'eigenvalue': 0.0005000000000006111,
    'optimal_circuit': <qiskit.circuit.library.n_local.real_amplitudes.RealAmplitudes object at 0x000001F361F4C590>,
    'optimal_parameters': {   ParameterVectorElement(θ[0]): 3.154298686169506,
                              ParameterVectorElement(θ[1]): -3.1509173635607373,
                              ParameterVectorElement(θ[2]): 0.007794791079644555,
                              ParameterVectorElement(θ[3]): -0.004678567274037674,
                              ParameterVectorElement(θ[4]): -0.036079053400606506,
                              ParameterVectorElement(θ[5]): 3.1396055938000207,
                              ParameterVectorElement(θ[6]): -0.01075341079030171,
                              ParameterVectorElement(θ[7]): -3.1388583835623014,
                              ParameterVectorElement(θ[8]): -0.002437401937191856,
                              ParameterVectorElement(θ[9]): -3.0930898671219618},
    'optimal_point': array([ 3.15429869e+00, -3.15091736e+00,  7.79479108e-03, -4.67856727e-03,
       -3.60790534e-02,  3.13960559e+00, -1.07534108e-02, -3.13885838e+00,
       -2.43740194e-03, -3.09308987e+00]),
    'optimal_value': 0.0005000000000006111,
    'optimizer_evals': None,
    'optimizer_result': <qiskit_algorithms.optimizers.optimizer.OptimizerResult object at 0x000001F35EC9DC40>,
    'optimizer_time': 9.7367103099823}
     ┌──────────┐ ░                      ░ ┌──────────┐
q_0: ┤ Ry(θ[0]) ├─░──────────────────■───░─┤ Ry(θ[5]) ├
     ├──────────┤ ░                ┌─┴─┐ ░ ├──────────┤
q_1: ┤ Ry(θ[1]) ├─░─────────────■──┤ X ├─░─┤ Ry(θ[6]) ├
     ├──────────┤ ░           ┌─┴─┐└───┘ ░ ├──────────┤
q_2: ┤ Ry(θ[2]) ├─░────────■──┤ X ├──────░─┤ Ry(θ[7]) ├
     ├──────────┤ ░      ┌─┴─┐└───┘      ░ ├──────────┤
q_3: ┤ Ry(θ[3]) ├─░───■──┤ X ├───────────░─┤ Ry(θ[8]) ├
     ├──────────┤ ░ ┌─┴─┐└───┘           ░ ├──────────┤
q_4: ┤ Ry(θ[4]) ├─░─┤ X ├────────────────░─┤ Ry(θ[9]) ├
     └──────────┘ ░ └───┘                ░ └──────────┘
The number of ansatz parameters is: 
 10
Line for latex table
RA r1 rl & $1\mathrm{e}{-02}$ & 10000 & 100/100 &113 & $5\mathrm{e}{-04}$ & $3.8727\mathrm{e}{-04}$ & $5\mathrm{e}{-04}$ & $5.08\mathrm{e}{-02}$ & $5.08\mathrm{e}{-02}$ & - & 00h 14m 29s\\

