RA_r1_rl
06m00s__49
1e-04
-0.4375
-0.4375
-0.43599999999999994
-0.43674999999999997
-0.43700000000000006
-0.4364999999999999
-0.4277500000000001
-0.43725000000000014
-0.43700000000000006
-0.4375
-0.43700000000000006
-0.4375
-0.4375
-0.43700000000000006
-0.4375
-0.4375
-0.43674999999999997
-0.4357500000000001
-0.4375
-0.43274999999999997
-0.4364999999999999
-0.4375
-0.4375
-0.43700000000000006
-0.43474999999999997
-0.43700000000000006
-0.4355
-0.4375
-0.4375
-0.43700000000000006
-0.43725000000000014
-0.4375
-0.43625
-0.43700000000000006
-0.43725000000000014
-0.4375
-0.4357500000000001
-0.43725000000000014
-0.4272499999999999
-0.4257500000000001
-0.43725000000000014
-0.4272499999999999
-0.4375
-0.4364999999999999
-0.43725000000000014
-0.4352499999999999
-0.41575000000000006
-0.4375
-0.43474999999999997
-0.43725000000000014
-0.43725000000000014
-0.43500000000000005
-0.43725000000000014
-0.4375
-0.4375
-0.43474999999999997
-0.4375
-0.43325000000000014
-0.4375
-0.43700000000000006
-0.4355
-0.4375
-0.4375
-0.43725000000000014
-0.4375
-0.4355
-0.4245000000000001
-0.4375
-0.43425
-0.4375
-0.4375
-0.43474999999999997
-0.43700000000000006
-0.43500000000000005
-0.43700000000000006
-0.43700000000000006
-0.43500000000000005
-0.4364999999999999
-0.43700000000000006
-0.43100000000000005
-0.4364999999999999
-0.4375
-0.43725000000000014
-0.4375
-0.43725000000000014
-0.4357500000000001
-0.4375
-0.4375
-0.4375
-0.4375
-0.43599999999999994
-0.43399999999999994
-0.43325000000000014
-0.43725000000000014
-0.4375
-0.43399999999999994
-0.4375
-0.43700000000000006
-0.4364999999999999
-0.43700000000000006
