-0.4375 0.0
-0.4375 0.0
-0.43599999999999994 0.0006121886964000483
-0.43674999999999997 0.0004329477451148221
-0.43700000000000006 0.0003535180334862453
-0.4364999999999999 0.0004998999899980072
-0.4277500000000001 0.0015582020889473923
-0.43725000000000014 0.0002499874996874772
-0.43700000000000006 0.0003535180334862453
-0.4375 0.0
-0.43700000000000006 0.0003535180334862453
-0.4375 0.0
-0.4375 0.0
-0.43700000000000006 0.0003535180334862453
-0.4375 0.0
-0.4375 0.0
-0.43674999999999997 0.0004329477451148221
-0.4357500000000001 0.0006612062839991704
-0.4375 0.0
-0.43274999999999997 0.0010886890051800908
-0.4364999999999999 0.0004998999899980072
-0.4375 0.0
-0.4375 0.0
-0.43700000000000006 0.0003535180334862453
-0.43474999999999997 0.0008287000362012739
-0.43700000000000006 0.0003535180334862453
-0.4355 0.0007068238818829035
-0.4375 0.0
-0.4375 0.0
-0.43700000000000006 0.0003535180334862453
-0.43725000000000014 0.0002499874996874772
-0.4375 0.0
-0.43625 0.0005588772226527001
-0.43700000000000006 0.0003535180334862453
-0.43725000000000014 0.0002499874996874772
-0.4375 0.0
-0.4357500000000001 0.0006612062839991704
-0.43725000000000014 0.0002499874996874772
-0.4272499999999999 0.0015974960876321393
-0.4257500000000001 0.0017098812093241996
-0.43725000000000014 0.0002499874996874772
-0.4272499999999999 0.0015974960876321393
-0.4375 0.0
-0.4364999999999999 0.0004998999899980072
-0.43725000000000014 0.0002499874996874772
-0.4352499999999999 0.000749662424028318
-0.41575000000000006 0.0023216790798902412
-0.4375 0.0
-0.43474999999999997 0.0008287000362012739
-0.43725000000000014 0.0002499874996874772
-0.43725000000000014 0.0002499874996874772
-0.43500000000000005 0.0007901740314639554
-0.43725000000000014 0.0002499874996874772
-0.4375 0.0
-0.4375 0.0
-0.43474999999999997 0.0008287000362012739
-0.4375 0.0
-0.43325000000000014 0.0010298998737741372
-0.4375 0.0
-0.43700000000000006 0.0003535180334862453
-0.4355 0.0007068238818829035
-0.4375 0.0
-0.4375 0.0
-0.43725000000000014 0.0002499874996874772
-0.4375 0.0
-0.4355 0.0007068238818829035
-0.4245000000000001 0.0017980823117977622
-0.4375 0.0
-0.43425 0.0009008017262416937
-0.4375 0.0
-0.4375 0.0
-0.43474999999999997 0.0008287000362012739
-0.43700000000000006 0.0003535180334862453
-0.43500000000000005 0.0007901740314639554
-0.43700000000000006 0.0003535180334862453
-0.43700000000000006 0.0003535180334862453
-0.43500000000000005 0.0007901740314639554
-0.4364999999999999 0.0004998999899980072
-0.43700000000000006 0.0003535180334862453
-0.43100000000000005 0.0012730966184858075
-0.4364999999999999 0.0004998999899980072
-0.4375 0.0
-0.43725000000000014 0.0002499874996874772
-0.4375 0.0
-0.43725000000000014 0.0002499874996874772
-0.4357500000000001 0.0006612062839991704
-0.4375 0.0
-0.4375 0.0
-0.4375 0.0
-0.4375 0.0
-0.43599999999999994 0.0006121886964000483
-0.43399999999999994 0.0009347593273137265
-0.43325000000000014 0.0010298998737741372
-0.43725000000000014 0.0002499874996874772
-0.4375 0.0
-0.43399999999999994 0.0009347593273137265
-0.4375 0.0
-0.43700000000000006 0.0003535180334862453
-0.4364999999999999 0.0004998999899980072
-0.43700000000000006 0.0003535180334862453
