6.48925357893404e-13
1.887379141862766e-15
3.3306690738754696e-16
4.996003610813204e-16
4.413136522884997e-14
5.551115123125783e-17
8.548717289613705e-15
3.3806291099836017e-14
0.0
7.216449660063518e-15
1.7319479184152442e-14
1.2712053631958042e-14
1.4377388168895777e-14
5.218048215738236e-15
3.9190872769268026e-14
7.216449660063518e-16
7.771561172376096e-16
7.771561172376096e-16
0.0
1.4988010832439613e-15
1.6653345369377348e-16
5.551115123125783e-17
8.326672684688674e-16
5.329070518200751e-15
1.887379141862766e-15
1.0547118733938987e-15
1.3877787807814457e-15
9.43689570931383e-16
3.608224830031759e-15
5.828670879282072e-15
1.1102230246251565e-15
2.7755575615628914e-16
4.6629367034256575e-15
2.7755575615628914e-16
1.9134693829414573e-13
5.865308239094702e-13
1.1102230246251565e-15
7.127631818093505e-14
5.551115123125783e-16
4.718447854656915e-15
5.551115123125783e-16
1.0547118733938987e-15
2.9976021664879227e-15
8.881784197001252e-16
5.467848396278896e-14
-5.551115123125783e-17
2.275957200481571e-15
4.440892098500626e-16
2.2842838731662596e-13
1.7763568394002505e-15
6.106226635438361e-16
1.1102230246251565e-16
1.8318679906315083e-15
7.577272143066693e-14
5.828670879282072e-15
9.992007221626409e-16
8.326672684688674e-16
1.7619239400801234e-13
1.27675647831893e-15
1.2212453270876722e-15
8.104628079763643e-15
8.326672684688674e-16
5.551115123125783e-16
9.992007221626409e-16
6.106226635438361e-16
5.034861416675085e-14
3.885780586188048e-16
2.3370194668359545e-14
2.7755575615628914e-15
5.551115123125783e-17
6.106226635438361e-16
1.2656542480726785e-14
9.43689570931383e-16
1.4432899320127035e-15
2.3869795029440866e-15
1.199040866595169e-14
0.0
9.348077867343818e-14
4.440892098500626e-16
6.206146707654625e-14
2.55351295663786e-15
1.4055423491754482e-13
6.827871601444713e-15
1.3877787807814457e-15
1.0547118733938987e-15
3.164135620181696e-15
7.216449660063518e-16
1.9984014443252818e-15
3.0531133177191805e-15
-1.6653345369377348e-16
6.772360450213455e-15
1.6653345369377348e-15
1.27675647831893e-15
1.2212453270876722e-15
1.7763568394002505e-15
3.608224830031759e-15
1.942890293094024e-15
7.771561172376096e-16
2.5979218776228663e-14
3.3806291099836017e-14
