No Shot Noise
31/10/2024 16:40:21 

VQEr_100_COBYLA_maxIter_10000_tol_1e-08_RA_r1_rl 

Reference value: 0.0000000000e+00 

Qubits:  4
VQE runs:  100
Optimizer:  COBYLA
Max iterations:  10000
Optimizers's tolerance:  1e-08
Ansatz:  RA_r1_rl 

All run converged!!!
Number of iterations for each converged VQE run:
[7698, 294, 306, 293, 1314, 287, 712, 748, 358, 569, 600, 571, 704, 458, 1279, 315, 300, 285, 295, 317, 410, 295, 327, 701, 310, 324, 288, 423, 367, 687, 267, 313, 339, 315, 3360, 7562, 327, 2099, 335, 345, 309, 318, 276, 313, 1915, 294, 382, 303, 3686, 373, 375, 270, 274, 1610, 436, 324, 292, 2328, 313, 290, 924, 312, 268, 289, 375, 1996, 310, 1277, 262, 343, 328, 481, 342, 404, 356, 625, 315, 1479, 303, 2616, 300, 2570, 564, 278, 326, 372, 340, 305, 361, 284, 482, 314, 320, 321, 307, 630, 316, 285, 787, 1213] 

Average iterations of converged run:
761 

VQE eigenvalues:
[6.48925357893404e-13, 1.887379141862766e-15, 3.3306690738754696e-16, 4.996003610813204e-16, 4.413136522884997e-14, 5.551115123125783e-17, 8.548717289613705e-15, 3.3806291099836017e-14, 0.0, 7.216449660063518e-15, 1.7319479184152442e-14, 1.2712053631958042e-14, 1.4377388168895777e-14, 5.218048215738236e-15, 3.9190872769268026e-14, 7.216449660063518e-16, 7.771561172376096e-16, 7.771561172376096e-16, 0.0, 1.4988010832439613e-15, 1.6653345369377348e-16, 5.551115123125783e-17, 8.326672684688674e-16, 5.329070518200751e-15, 1.887379141862766e-15, 1.0547118733938987e-15, 1.3877787807814457e-15, 9.43689570931383e-16, 3.608224830031759e-15, 5.828670879282072e-15, 1.1102230246251565e-15, 2.7755575615628914e-16, 4.6629367034256575e-15, 2.7755575615628914e-16, 1.9134693829414573e-13, 5.865308239094702e-13, 1.1102230246251565e-15, 7.127631818093505e-14, 5.551115123125783e-16, 4.718447854656915e-15, 5.551115123125783e-16, 1.0547118733938987e-15, 2.9976021664879227e-15, 8.881784197001252e-16, 5.467848396278896e-14, -5.551115123125783e-17, 2.275957200481571e-15, 4.440892098500626e-16, 2.2842838731662596e-13, 1.7763568394002505e-15, 6.106226635438361e-16, 1.1102230246251565e-16, 1.8318679906315083e-15, 7.577272143066693e-14, 5.828670879282072e-15, 9.992007221626409e-16, 8.326672684688674e-16, 1.7619239400801234e-13, 1.27675647831893e-15, 1.2212453270876722e-15, 8.104628079763643e-15, 8.326672684688674e-16, 5.551115123125783e-16, 9.992007221626409e-16, 6.106226635438361e-16, 5.034861416675085e-14, 3.885780586188048e-16, 2.3370194668359545e-14, 2.7755575615628914e-15, 5.551115123125783e-17, 6.106226635438361e-16, 1.2656542480726785e-14, 9.43689570931383e-16, 1.4432899320127035e-15, 2.3869795029440866e-15, 1.199040866595169e-14, 0.0, 9.348077867343818e-14, 4.440892098500626e-16, 6.206146707654625e-14, 2.55351295663786e-15, 1.4055423491754482e-13, 6.827871601444713e-15, 1.3877787807814457e-15, 1.0547118733938987e-15, 3.164135620181696e-15, 7.216449660063518e-16, 1.9984014443252818e-15, 3.0531133177191805e-15, -1.6653345369377348e-16, 6.772360450213455e-15, 1.6653345369377348e-15, 1.27675647831893e-15, 1.2212453270876722e-15, 1.7763568394002505e-15, 3.608224830031759e-15, 1.942890293094024e-15, 7.771561172376096e-16, 2.5979218776228663e-14, 3.3806291099836017e-14] 

Median VQE eigenvalues:
1.7208456881689926e-15 

Min eigenvalue after 100 VQE steps on Aer qasm simulator: -1.66533e-16
Delta from reference energy value is 1.66533e-16 

Optimizer history of the smallest VQE eigenvalue:
[3.520539906299794, 3.256404463660314, 3.4504051938220126, 4.0862198050738225, 2.7085307929211084, 2.54276653739269, 2.062878920193991, 2.0302932094749147, 2.4178036133098266, 1.5568991522986204, 2.015175143449493, 1.829883708156158, 1.7347239314667235, 1.6760462997845103, 1.4485249023147007, 1.5653780690107444, 1.8973520679650038, 1.242712354613162, 0.8891893280344364, 0.6705211183461619, 0.8089156251931026, 0.5742519690935811, 0.42787914761453105, 0.4343310301267571, 0.7273373137138177, 0.5216061182669963, 0.43079141906609664, 0.3733177690998325, 0.2575791979943916, 0.4002809098932068, 0.3452183848803485, 0.16956443771574303, 0.14205719414174733, 0.10193366928050995, 0.3468498248136952, 0.23616014188632162, 0.1228017827263378, 0.12458701499480218, 0.10092362062010446, 0.14332988188230966, 0.0962792724604204, 0.11144025872510599, 0.09574962975654355, 0.07220941084440252, 0.07262699494731156, 0.13777288240023827, 0.12731890820228992, 0.02083029863943503, 0.04832144368335528, 0.013847003022637527, 0.05607953767831375, 0.015559037479164595, 0.01888086924175264, 0.04018329110828145, 0.016800988970019526, 0.031480222673747005, 0.01506363963501578, 0.006294859653410534, 0.010062862192065869, 0.0068370181502419025, 0.02072969705958233, 0.009728863924832465, 0.004331401156833281, 0.0027742195127969382, 0.0028553868703188323, 0.0072281611435400794, 0.002942382399339194, 0.006519782649776706, 0.0007546821657972158, 0.0012920500033973825, 0.0008724700810323061, 0.0013121365178992428, 0.001285776295387453, 0.0020396210665601933, 0.0009674636191008279, 0.0006425990620196886, 0.00048296519206880717, 0.0003438034933610501, 0.0003460109359411656, 0.0010093697919200117, 0.00039952546795191113, 0.00025240967533263214, 0.0005344294163889818, 0.0003199100726593018, 0.0003328714222290974, 0.0002753995634761086, 0.00027572005912779307, 0.00021255727533192603, 9.650570988722906e-05, 9.277670592933163e-05, 0.00014372207544532944, 3.7127217349608443e-05, 5.585704993676943e-05, 2.7987336255475004e-05, 5.266818547744467e-05, 5.4803710124951e-05, 2.9750655493376854e-05, 5.3850992410398035e-05, 4.262401316612596e-05, 3.924479598060859e-05, 2.6842724839493126e-05, 2.9234046759529786e-05, 1.880031947532057e-05, 1.3212983228372277e-05, 7.701970973050809e-06, 2.0572631958037935e-05, 8.080238230401271e-06, 1.6766811160473516e-05, 1.8965029319639726e-05, 9.623085491516914e-06, 8.560133940904713e-06, 3.797296455054777e-06, 3.7432838502771126e-06, 4.066725775686564e-06, 4.971161642886024e-06, 1.94302314138195e-06, 5.563037600464504e-06, 3.4624655984027974e-06, 2.8689093152234335e-06, 2.5986720564863397e-06, 2.3553139525955835e-06, 1.8622660826195236e-06, 2.3619172043742864e-06, 2.4898722509325566e-06, 1.931156027090708e-06, 1.4015498651098746e-06, 6.373570075601798e-07, 1.0212521671659758e-06, 5.55665435331143e-07, 5.410229424462898e-07, 7.204967069074364e-07, 4.3982970393541265e-07, 2.6507017658605747e-07, 7.072277226627399e-07, 1.485525887301442e-07, 6.262823915026416e-08, 7.610196789409329e-08, 1.3265829562625342e-07, 2.817080060890653e-07, 1.1484308126696874e-07, 2.8839361154719967e-07, 5.7020303645405335e-08, 5.192636171047482e-08, 1.0401685368588431e-07, 3.815069637980173e-08, 5.720838414102758e-08, 6.594293949779839e-08, 5.11679242864993e-08, 3.014917282495588e-08, 4.105922613018009e-08, 4.287281291093237e-08, 4.0476020479740527e-08, 1.9350736180090422e-08, 6.616029613049079e-09, 9.901258146705061e-09, 1.5786721319077657e-08, 4.285526766789616e-09, 5.351900589367631e-09, 5.523032753362855e-09, 4.378631124346555e-09, 1.517049191823716e-08, 2.028803292031256e-09, 2.5957702098899915e-09, 6.089530601993687e-09, 3.341261878286872e-09, 3.585077790191349e-09, 3.814961069270595e-09, 2.3876372545750257e-09, 2.8390201856076658e-09, 5.346405929085307e-09, 1.8160021819646488e-09, 2.9162148251771214e-09, 1.4729824027170935e-09, 2.2111200648211593e-09, 7.216401920473459e-10, 2.191997694467318e-10, 3.1724423088519416e-10, 1.165397556235348e-09, 2.1100965419407203e-10, 8.261920037000436e-10, 3.5693870081843215e-10, 9.213003693275823e-10, 8.345368840423362e-11, 1.2481604638736599e-10, 3.193293962588939e-10, 4.368561068446297e-11, 6.203010327610059e-11, 2.5419344407140443e-10, 7.171457871990583e-11, 6.802336471878334e-11, 8.621531266683746e-11, 3.505817858240334e-11, 6.074662994848268e-11, 4.795491781450778e-11, 2.6312618750523598e-11, 1.6007528635952895e-11, 2.2734203408703024e-11, 1.7098100713042186e-11, 1.717248565569207e-11, 1.0886347379113204e-11, 1.4540757486969369e-11, 1.3269163545714946e-11, 6.604716773495056e-12, 5.475231379392653e-12, 6.166955834885357e-12, 2.2681301281579636e-12, 4.490630090003833e-12, 2.6353919047039653e-12, 3.5733083159072976e-12, 1.8794410472366962e-12, 9.586775817638227e-13, 1.6304180228132736e-12, 4.3942627314663696e-12, 1.647071368182651e-12, 1.5137335829251697e-12, 1.603994714827195e-12, 1.0990097720764425e-12, 2.6290081223123707e-13, 3.8202774277351637e-13, 6.475375791126226e-13, 4.0772940579358874e-13, 4.3903769508801815e-13, 8.990030941902205e-13, 2.6184610035784317e-13, 2.071676163950542e-13, 2.1571633368466792e-13, 2.790545572395331e-13, 2.2282176104226892e-13, 2.90656387846866e-13, 1.6087131626818518e-13, 1.6103784972187896e-13, 2.1360690993788012e-13, 1.6908696665041134e-13, 1.7619239400801234e-13, 1.0513812043200232e-13, 1.471600619140645e-13, 1.4560574967958928e-13, 4.9682480351975755e-14, 3.3362201889985954e-14, 2.5146551507759796e-14, 6.888933867799096e-14, 3.624878175401136e-14, 7.643885524544203e-14, 5.0459636469213365e-14, 2.3647750424515834e-14, 2.2148949341271873e-14, 3.6914915568786455e-14, 1.4155343563970746e-14, 2.0872192862952943e-14, 1.787459069646502e-14, 5.6066262743570405e-15, 1.4488410471358293e-14, 9.325873406851315e-15, 8.548717289613705e-15, 9.769962616701378e-15, 7.16093850883226e-15, 2.0539125955565396e-15, 2.942091015256665e-15, 4.9960036108132044e-15, 2.3314683517128287e-15, 3.552713678800501e-15, 1.1657341758564144e-15, 1.6653345369377348e-16, 8.881784197001252e-16, 3.2751579226442118e-15, 1.7208456881689926e-15, 3.6637359812630166e-15, 5.551115123125783e-17, 5.551115123125783e-17, 4.440892098500626e-16, 7.771561172376096e-16, 1.1102230246251565e-15, -1.6653345369377348e-16, 1.1102230246251565e-16, 2.7755575615628914e-16, 3.3306690738754696e-16, 5.551115123125783e-17, -1.6653345369377348e-16, 5.551115123125783e-17, -1.6653345369377348e-16, -1.6653345369377348e-16, -1.6653345369377348e-16, 5.551115123125783e-17, -1.6653345369377348e-16] 

Smallest VQE eingenvalue optimizer final message:
{   'aux_operators_evaluated': None,
    'cost_function_evals': 284,
    'eigenvalue': -1.6653345369377348e-16,
    'optimal_circuit': <qiskit.circuit.library.n_local.real_amplitudes.RealAmplitudes object at 0x00000241CFF8BEF0>,
    'optimal_parameters': {   ParameterVectorElement(θ[0]): 4.92453693755348,
                              ParameterVectorElement(θ[1]): -1.570796336186284,
                              ParameterVectorElement(θ[2]): 1.5707963324682581,
                              ParameterVectorElement(θ[3]): -1.5707963236269105,
                              ParameterVectorElement(θ[4]): 1.3586483719208005,
                              ParameterVectorElement(θ[5]): -1.5707963259098312,
                              ParameterVectorElement(θ[6]): 1.570796335383131,
                              ParameterVectorElement(θ[7]): -1.5707963371822775},
    'optimal_point': array([ 4.92453694, -1.57079634,  1.57079633, -1.57079632,  1.35864837,
       -1.57079633,  1.57079634, -1.57079634]),
    'optimal_value': -1.6653345369377348e-16,
    'optimizer_evals': None,
    'optimizer_result': <qiskit_algorithms.optimizers.optimizer.OptimizerResult object at 0x00000241CFFABFE0>,
    'optimizer_time': 0.6392168998718262}
     ┌──────────┐ ░                 ░ ┌──────────┐
q_0: ┤ Ry(θ[0]) ├─░─────────────■───░─┤ Ry(θ[4]) ├
     ├──────────┤ ░           ┌─┴─┐ ░ ├──────────┤
q_1: ┤ Ry(θ[1]) ├─░────────■──┤ X ├─░─┤ Ry(θ[5]) ├
     ├──────────┤ ░      ┌─┴─┐└───┘ ░ ├──────────┤
q_2: ┤ Ry(θ[2]) ├─░───■──┤ X ├──────░─┤ Ry(θ[6]) ├
     ├──────────┤ ░ ┌─┴─┐└───┘      ░ ├──────────┤
q_3: ┤ Ry(θ[3]) ├─░─┤ X ├───────────░─┤ Ry(θ[7]) ├
     └──────────┘ ░ └───┘           ░ └──────────┘
The number of ansatz parameters is: 
 8
Line for latex table
RA r1 rl & $1\mathrm{e}{-08}$ & 100/100 &761 & $-1.6653\mathrm{e}{-16}$ & $1.6653\mathrm{e}{-16}$ & $1.7208\mathrm{e}{-15}$ & $1.7208\mathrm{e}{-15}$ & - & 00h 03m 04s\\

