RA_r1_rl
09m40s__87
1e-04
0.006800000000000139
0.008199999999999985
0.0025000000000001688
0.0024999999999999467
0.006699999999999928
0.0
0.0012000000000000899
0.0036000000000000476
0.000700000000000145
0.00029999999999996696
0.0014000000000000679
0.0030999999999998806
0.0024999999999999467
0.0026999999999999247
0.0013000000000000789
0.0037000000000000366
0.0015000000000000568
0.006599999999999939
0.0028999999999999027
0.0012000000000000899
0.0022999999999999687
0.007500000000000062
0.019000000000000128
0.0021999999999999797
0.000700000000000145
0.0046999999999999265
0.0023999999999999577
0.006299999999999972
0.0039000000000000146
0.009800000000000031
0.0028999999999999027
0.00029999999999996696
0.0005999999999999339
0.0013000000000000789
0.0013000000000000789
0.000700000000000145
0.00029999999999996696
0.001100000000000101
0.011500000000000066
0.00039999999999995595
0.0008000000000001339
0.0034000000000000696
0.42290000000000005
0.0020000000000000018
0.018799999999999928
0.000700000000000145
9.999999999998899e-05
0.0008000000000001339
9.999999999998899e-05
0.0009000000000001229
0.000700000000000145
0.01750000000000007
0.0009000000000001229
0.00019999999999997797
0.0535000000000001
9.999999999998899e-05
0.0035000000000000586
0.03909999999999991
0.0014000000000000679
0.0036000000000000476
0.00039999999999995595
0.01770000000000005
0.006000000000000005
0.00019999999999997797
0.010099999999999998
0.0
0.008000000000000007
0.0013000000000000789
0.0008000000000001339
0.019200000000000106
0.01760000000000006
0.015700000000000047
0.0005999999999999339
0.0009000000000001229
0.0
0.010800000000000143
0.00039999999999995595
0.0052000000000000934
0.0014000000000000679
0.0035000000000000586
0.00029999999999996696
0.001100000000000101
0.002200000000000202
0.02320000000000011
0.0008999999999999009
0.000500000000000167
0.0046000000000001595
0.0026999999999999247
0.00029999999999996696
0.0018000000000002458
0.0036000000000000476
0.001000000000000112
0.013900000000000023
0.0030000000000001137
0.000500000000000167
0.0020999999999999908
0.00029999999999996696
0.0026999999999999247
0.0
0.005400000000000071
