0.006800000000000139 0.0008228110354145729
0.008199999999999985 0.0009040320790768425
0.0025000000000001688 0.0004997409328842356
0.0024999999999999467 0.0004996188547282827
0.006699999999999928 0.000815869474854893
0.0 0.0
0.0012000000000000899 0.0003463148856171206
0.0036000000000000476 0.0005993946946712144
0.000700000000000145 0.000264527881328231
0.00029999999999996696 0.00017317909804592886
0.0014000000000000679 0.00037407218554712034
0.0030999999999998806 0.0005564809071297956
0.0024999999999999467 0.0004997749493522052
0.0026999999999999247 0.0005192812340148615
0.0013000000000000789 0.00036042058764726995
0.0037000000000000366 0.0006077129256482917
0.0015000000000000568 0.0003871524247631655
0.006599999999999939 0.0008114751998675002
0.0028999999999999027 0.000537835476702677
0.0012000000000000899 0.0003463148856171206
0.0022999999999999687 0.00047939440964617366
0.007500000000000062 0.0008638720970143665
0.019000000000000128 0.0013663220703772569
0.0021999999999999797 0.00046880486345599943
0.000700000000000145 0.000264527881328231
0.0046999999999999265 0.0006845283047471425
0.0023999999999999577 0.0004896958239560526
0.006299999999999972 0.0007928574903474179
0.0039000000000000146 0.0006240024038415198
0.009800000000000031 0.0009857332296316277
0.0028999999999999027 0.0005382183571748561
0.00029999999999996696 0.00017319064639869137
0.0005999999999999339 0.00024492039523077284
0.0013000000000000789 0.0003604039400450575
0.0013000000000000789 0.0003603539926239172
0.000700000000000145 0.000264527881328231
0.00029999999999996696 0.00017319064639869137
0.001100000000000101 0.00033148001448050956
0.011500000000000066 0.0010685256197209279
0.00039999999999995595 0.0001999749984373068
0.0008000000000001339 0.000282782602010804
0.0034000000000000696 0.000582556435034406
0.42290000000000005 0.005597301224697488
0.0020000000000000018 0.0004468467298750218
0.018799999999999928 0.0013659685208671528
0.000700000000000145 0.00026453544185987214
9.999999999998899e-05 9.999499987499087e-05
0.0008000000000001339 0.0002827967467988309
9.999999999998899e-05 9.999499987499087e-05
0.0009000000000001229 0.0002999516627725204
0.000700000000000145 0.0002645392220446758
0.01750000000000007 0.0013183334176148315
0.0009000000000001229 0.00029995166277252037
0.00019999999999997797 0.00014141428499270803
0.0535000000000001 0.002292187383265165
9.999999999998899e-05 9.999499987499086e-05
0.0035000000000000586 0.0005909492363985224
0.03909999999999991 0.0019607419514051302
0.0014000000000000679 0.0003740507986891574
0.0036000000000000476 0.0005989774620133887
0.00039999999999995595 0.0001999749984373068
0.01770000000000005 0.0013235486390760286
0.006000000000000005 0.0007725645604090267
0.00019999999999997797 0.00014141428499270803
0.010099999999999998 0.0010031894138197428
0.0 0.0
0.008000000000000007 0.0008917936981163304
0.0013000000000000789 0.0003604427832541572
0.0008000000000001339 0.00028278613827414256
0.019200000000000106 0.0013769153931887026
0.01760000000000006 0.0013222745554535952
0.015700000000000047 0.0012486372571727945
0.0005999999999999339 0.0002448754785600193
0.0009000000000001229 0.000299931658882487
0.0 0.0
0.010800000000000143 0.00103591891574582
0.00039999999999995595 0.0001999799989998856
0.0052000000000000934 0.0007195679259110959
0.0014000000000000679 0.0003739705870787134
0.0035000000000000586 0.0005911996278753896
0.00029999999999996696 0.0001731964202863277
0.001100000000000101 0.0003315825689025271
0.002200000000000202 0.0004688581875151557
0.02320000000000011 0.001516859914428488
0.0008999999999999009 0.0002999449949573981
0.000500000000000167 0.00022357772697654513
0.0046000000000001595 0.0006775116235165293
0.0026999999999999247 0.0005193736612497785
0.00029999999999996696 0.0001731964202863277
0.0018000000000002458 0.0004240707488143961
0.0036000000000000476 0.0005996282181485442
0.001000000000000112 0.00031616767703229547
0.013900000000000023 0.0011762444473832818
0.0030000000000001137 0.0005474267074230184
0.000500000000000167 0.00022356878136269533
0.0020999999999999908 0.0004580425744404056
0.00029999999999996696 0.0001731964202863277
0.0026999999999999247 0.00051931011929289
0.0 0.0
0.005400000000000071 0.0007334930129183246
