With Shot Noise
01/11/2024 18:00:07 

VQEr_100_shots_10000_COBYLA_maxIter_10000_tol_1e-04_RA_r1_rl 

Reference value: 0.0000000000e+00 

Number of pauli strings:  4
Qubits:  3
VQE runs:  100
Optimizer:  COBYLA
Max iterations:  10000
Optimizers's tolerance:  1e-04
Ansatz:  RA_r1_rl 

All run converged!!!
Number of iterations for each converged VQE run:
[74, 81, 110, 78, 82, 87, 85, 71, 78, 94, 105, 80, 74, 101, 88, 71, 77, 79, 88, 79, 76, 69, 93, 72, 91, 86, 105, 72, 87, 98, 72, 83, 96, 81, 85, 89, 94, 91, 85, 101, 88, 113, 79, 90, 80, 85, 95, 74, 79, 102, 89, 76, 75, 87, 86, 79, 87, 111, 89, 87, 92, 109, 71, 96, 81, 93, 81, 87, 92, 120, 87, 72, 93, 79, 93, 117, 91, 91, 83, 89, 87, 73, 91, 80, 94, 83, 78, 85, 105, 86, 92, 71, 79, 73, 91, 97, 103, 109, 88, 99] 

Average iterations of converged run:
87 

VQE eigenvalues:
[0.006800000000000139, 0.008199999999999985, 0.0025000000000001688, 0.0024999999999999467, 0.006699999999999928, 0.0, 0.0012000000000000899, 0.0036000000000000476, 0.000700000000000145, 0.00029999999999996696, 0.0014000000000000679, 0.0030999999999998806, 0.0024999999999999467, 0.0026999999999999247, 0.0013000000000000789, 0.0037000000000000366, 0.0015000000000000568, 0.006599999999999939, 0.0028999999999999027, 0.0012000000000000899, 0.0022999999999999687, 0.007500000000000062, 0.019000000000000128, 0.0021999999999999797, 0.000700000000000145, 0.0046999999999999265, 0.0023999999999999577, 0.006299999999999972, 0.0039000000000000146, 0.009800000000000031, 0.0028999999999999027, 0.00029999999999996696, 0.0005999999999999339, 0.0013000000000000789, 0.0013000000000000789, 0.000700000000000145, 0.00029999999999996696, 0.001100000000000101, 0.011500000000000066, 0.00039999999999995595, 0.0008000000000001339, 0.0034000000000000696, 0.42290000000000005, 0.0020000000000000018, 0.018799999999999928, 0.000700000000000145, 9.999999999998899e-05, 0.0008000000000001339, 9.999999999998899e-05, 0.0009000000000001229, 0.000700000000000145, 0.01750000000000007, 0.0009000000000001229, 0.00019999999999997797, 0.0535000000000001, 9.999999999998899e-05, 0.0035000000000000586, 0.03909999999999991, 0.0014000000000000679, 0.0036000000000000476, 0.00039999999999995595, 0.01770000000000005, 0.006000000000000005, 0.00019999999999997797, 0.010099999999999998, 0.0, 0.008000000000000007, 0.0013000000000000789, 0.0008000000000001339, 0.019200000000000106, 0.01760000000000006, 0.015700000000000047, 0.0005999999999999339, 0.0009000000000001229, 0.0, 0.010800000000000143, 0.00039999999999995595, 0.0052000000000000934, 0.0014000000000000679, 0.0035000000000000586, 0.00029999999999996696, 0.001100000000000101, 0.002200000000000202, 0.02320000000000011, 0.0008999999999999009, 0.000500000000000167, 0.0046000000000001595, 0.0026999999999999247, 0.00029999999999996696, 0.0018000000000002458, 0.0036000000000000476, 0.001000000000000112, 0.013900000000000023, 0.0030000000000001137, 0.000500000000000167, 0.0020999999999999908, 0.00029999999999996696, 0.0026999999999999247, 0.0, 0.005400000000000071] 

VQE eigenvalues standard deviation:
[0.0008228110354145729, 0.0009040320790768425, 0.0004997409328842356, 0.0004996188547282827, 0.000815869474854893, 0.0, 0.0003463148856171206, 0.0005993946946712144, 0.000264527881328231, 0.00017317909804592886, 0.00037407218554712034, 0.0005564809071297956, 0.0004997749493522052, 0.0005192812340148615, 0.00036042058764726995, 0.0006077129256482917, 0.0003871524247631655, 0.0008114751998675002, 0.000537835476702677, 0.0003463148856171206, 0.00047939440964617366, 0.0008638720970143665, 0.0013663220703772569, 0.00046880486345599943, 0.000264527881328231, 0.0006845283047471425, 0.0004896958239560526, 0.0007928574903474179, 0.0006240024038415198, 0.0009857332296316277, 0.0005382183571748561, 0.00017319064639869137, 0.00024492039523077284, 0.0003604039400450575, 0.0003603539926239172, 0.000264527881328231, 0.00017319064639869137, 0.00033148001448050956, 0.0010685256197209279, 0.0001999749984373068, 0.000282782602010804, 0.000582556435034406, 0.005597301224697488, 0.0004468467298750218, 0.0013659685208671528, 0.00026453544185987214, 9.999499987499087e-05, 0.0002827967467988309, 9.999499987499087e-05, 0.0002999516627725204, 0.0002645392220446758, 0.0013183334176148315, 0.00029995166277252037, 0.00014141428499270803, 0.002292187383265165, 9.999499987499086e-05, 0.0005909492363985224, 0.0019607419514051302, 0.0003740507986891574, 0.0005989774620133887, 0.0001999749984373068, 0.0013235486390760286, 0.0007725645604090267, 0.00014141428499270803, 0.0010031894138197428, 0.0, 0.0008917936981163304, 0.0003604427832541572, 0.00028278613827414256, 0.0013769153931887026, 0.0013222745554535952, 0.0012486372571727945, 0.0002448754785600193, 0.000299931658882487, 0.0, 0.00103591891574582, 0.0001999799989998856, 0.0007195679259110959, 0.0003739705870787134, 0.0005911996278753896, 0.0001731964202863277, 0.0003315825689025271, 0.0004688581875151557, 0.001516859914428488, 0.0002999449949573981, 0.00022357772697654513, 0.0006775116235165293, 0.0005193736612497785, 0.0001731964202863277, 0.0004240707488143961, 0.0005996282181485442, 0.00031616767703229547, 0.0011762444473832818, 0.0005474267074230184, 0.00022356878136269533, 0.0004580425744404056, 0.0001731964202863277, 0.00051931011929289, 0.0, 0.0007334930129183246] 

Median VQE eigenvalues:
0.0021499999999999853 

Min eigenvalue after 100 VQE steps on Aer qasm simulator: 0.00000e+00
Delta from reference energy value is 0.00000e+00 

Optimizer history of the smallest VQE eigenvalue:
[1.6017000000000001, 1.5030999999999999, 1.4599, 1.2876, 1.0202, 1.2045, 1.1534, 0.9769000000000001, 0.9222, 0.8412000000000001, 0.4705999999999999, 0.399, 0.2732000000000001, 0.6109000000000001, 0.2768999999999999, 0.5991, 0.2652000000000001, 0.5451, 0.2983, 0.2526999999999999, 0.3953, 0.31210000000000004, 0.25680000000000014, 0.2927000000000002, 0.27, 0.27479999999999993, 0.22670000000000012, 0.22429999999999994, 0.22060000000000013, 0.22020000000000017, 0.18579999999999997, 0.16470000000000007, 0.14100000000000001, 0.12680000000000002, 0.1169, 0.1352, 0.13760000000000017, 0.08340000000000014, 0.06899999999999995, 0.05080000000000018, 0.03279999999999994, 0.023900000000000032, 0.010199999999999987, 0.007000000000000117, 0.005700000000000038, 0.006099999999999994, 0.009400000000000075, 0.001000000000000112, 0.011400000000000077, 0.008599999999999941, 0.0045000000000001705, 0.0026999999999999247, 0.0, 0.0008000000000001339, 0.00039999999999995595, 0.000600000000000156, 0.001000000000000112, 0.0013000000000000789, 9.999999999998899e-05, 9.999999999998899e-05, 0.00039999999999995595, 0.0, 0.00019999999999997797, 9.999999999998899e-05, 9.999999999998899e-05, 0.00029999999999996696, 0.00029999999999996696, 0.00029999999999996696, 9.999999999998899e-05, 0.0004999999999999449, 0.00029999999999996696, 9.999999999998899e-05, 0.00039999999999995595, 0.00029999999999996696, 0.00019999999999997797, 0.0005999999999999339, 0.0005999999999999339, 0.00019999999999997797, 0.0, 0.0, 0.0, 0.0, 9.999999999998899e-05, 9.999999999998899e-05, 9.999999999998899e-05, 0.0, 0.0] 

Optimizer history of the smallest VQE eigenvalue standard deviation:
[0.006280350547541116, 0.006622402358661092, 0.00728669561598397, 0.0069056862077566195, 0.005493233109927158, 0.006704923787784615, 0.004498377707574143, 0.00754660367317643, 0.007720165542266564, 0.007306579363833668, 0.006006493319733237, 0.005683774626073767, 0.004931721606092542, 0.006614539968886725, 0.004979521161718263, 0.006908371515777072, 0.004694168083910076, 0.006508916269241754, 0.0048550638512794035, 0.004593909337372691, 0.005550062251903126, 0.0052455706076650985, 0.004574752452319142, 0.004905617494261044, 0.004667571745565352, 0.004667914309410574, 0.004462973560307074, 0.0044603216251745785, 0.004421597222723933, 0.004452967998986743, 0.004123183963880342, 0.0038832000978574355, 0.0035824781925365566, 0.0033773679100743523, 0.0032589051842605056, 0.003468735504474217, 0.0034861359698095547, 0.0027794326759250708, 0.002545921444192651, 0.0022136905836182253, 0.0017939453726354099, 0.0015340713803470804, 0.0010068733783351316, 0.0008352508605203589, 0.0007542406777680432, 0.0007788626323043134, 0.0009677448010710272, 0.00031616767703229547, 0.001064211445155519, 0.0009256964945380347, 0.0006703036625291567, 0.0005193736612497785, 0.0, 0.0002827967467988309, 0.00019998499943744776, 0.00024491222917609256, 0.00031616767703229547, 0.00036047329998212084, 9.999499987499087e-05, 9.999499987499087e-05, 0.0001999749984373068, 0.0, 0.0001414072133944981, 9.999499987499087e-05, 9.999499987499087e-05, 0.0001731964202863277, 0.00017319064639869137, 0.00017319064639869137, 9.999499987499087e-05, 0.0002235866722324783, 0.0001731964202863277, 9.999499987499087e-05, 0.00019995999599920291, 0.0001731964202863277, 0.00014141428499270803, 0.00024492039523077284, 0.00024492039523077284, 0.00014141428499270803, 0.0, 0.0, 0.0, 0.0, 9.999499987499087e-05, 9.999499987499087e-05, 9.999499987499087e-05, 0.0, 0.0] 

Smallest VQE eingenvalue optimizer final message:
{   'aux_operators_evaluated': None,
    'cost_function_evals': 87,
    'eigenvalue': 0.0,
    'optimal_circuit': <qiskit.circuit.library.n_local.real_amplitudes.RealAmplitudes object at 0x00000200F3D43BF0>,
    'optimal_parameters': {   ParameterVectorElement(θ[0]): -1.0784216653971572,
                              ParameterVectorElement(θ[1]): 4.708109937872749,
                              ParameterVectorElement(θ[2]): 4.724396532032916,
                              ParameterVectorElement(θ[3]): 1.066273734418129,
                              ParameterVectorElement(θ[4]): -1.5788535819870086,
                              ParameterVectorElement(θ[5]): -1.555516004971134},
    'optimal_point': array([-1.07842167,  4.70810994,  4.72439653,  1.06627373, -1.57885358,
       -1.555516  ]),
    'optimal_value': 0.0,
    'optimizer_evals': None,
    'optimizer_result': <qiskit_algorithms.optimizers.optimizer.OptimizerResult object at 0x00000200F62FE510>,
    'optimizer_time': 5.706278562545776}
     ┌──────────┐ ░            ░ ┌──────────┐
q_0: ┤ Ry(θ[0]) ├─░────────■───░─┤ Ry(θ[3]) ├
     ├──────────┤ ░      ┌─┴─┐ ░ ├──────────┤
q_1: ┤ Ry(θ[1]) ├─░───■──┤ X ├─░─┤ Ry(θ[4]) ├
     ├──────────┤ ░ ┌─┴─┐└───┘ ░ ├──────────┤
q_2: ┤ Ry(θ[2]) ├─░─┤ X ├──────░─┤ Ry(θ[5]) ├
     └──────────┘ ░ └───┘      ░ └──────────┘
The number of ansatz parameters is: 
 6
Line for latex table
RA r1 rl & $1\mathrm{e}{-04}$ & 10000 & 100/100 &87 & $0\mathrm{e}{+00}$ & $0\mathrm{e}{+00}$ & $0\mathrm{e}{+00}$ & $2.15\mathrm{e}{-03}$ & $2.15\mathrm{e}{-03}$ & - & 00h 09m 40s\\

