RA_r1_rl
13s__36
1e-02
-0.4373781808985211
-0.43747755864001014
-0.43612277152488077
-0.43726683428760493
-0.43727796093981186
-0.437479772835095
-0.43713794946440043
-0.4372709040277012
-0.4374842095722442
-0.43748177430701185
-0.4374557723846453
-0.43746432937367086
-0.43748917319298664
-0.437425807935401
-0.43740158778902716
-0.43746847818869505
-0.4372780800302267
-0.43739342798676784
-0.4374310388422068
-0.43745009625177045
-0.4373101932252723
-0.43746802983043054
-0.43746707193495105
-0.4367148437414228
-0.4374506745365354
-0.43743877059315217
-0.43746942395938215
-0.4363367649738028
-0.4372822181368644
-0.43739433225994784
-0.4372965769568269
-0.43741104155336585
-0.4373908297930622
-0.43745583227089724
-0.4374681903078189
-0.4374624936896232
-0.43737984367394944
-0.4374557535416116
-0.43744108556282746
-0.43720120780567817
-0.4370571947798887
-0.4374475940471343
-0.4374072693065538
-0.43747961118362566
-0.437455305893784
-0.43739860929711083
-0.43748811468593063
-0.4374584436006492
-0.43730397221338246
-0.43743677315122764
-0.43720920908435634
-0.43728512357305327
-0.43747336164323447
-0.4374845278209223
-0.43733330153459526
-0.4374139508036592
-0.43730549065576696
-0.43727367171138254
-0.4368293878005749
-0.43740040846237815
-0.4374756165562461
-0.43746454142153346
-0.43739140143901867
-0.43744314532108064
-0.43743796846948135
-0.43749887003493326
-0.4374862839132363
-0.4374021541887849
-0.43727942279292287
-0.4374437895747708
-0.4371647236801326
-0.4374677635605164
-0.4374251197228072
-0.437418980953173
-0.4373546306298062
-0.43718477956908997
-0.437431113439508
-0.43741614643305704
-0.43742681180969756
-0.43740188442495864
-0.4373931464256242
-0.4372438553085949
-0.4374776606829721
-0.43738597515764943
-0.43746255123311717
-0.43744676273236216
-0.4373124849404355
-0.4374889117658175
-0.4373727465223505
-0.4374506729973795
-0.43686500231044867
-0.4374543932308078
-0.43746273362927823
-0.4373446940804768
-0.43744076311524727
-0.4374339701704155
-0.4373758873421856
-0.4374020564642632
-0.43733787127804824
-0.4373201467786695
