RA_r1_rl
34m50s__54
1e-02
14.944557467196066
12.612746073128116
16.399747606712204
6.966816441628783
20.90599684024393
15.510286520045899
28.08312185603104
16.183052502685435
14.591389920456024
8.035375411349662
3.088021123874881
13.859473599192679
1.197502731876999
2.9257439910339444
10.645004331777372
8.010261707618795
12.865383255746426
10.006728617114986
22.532017258214793
6.171280261220884
10.937641700052106
28.338519683483817
11.340857190296184
13.328254130946101
11.03709614228373
5.799388910712338
10.077685604191714
5.4473249092348155
3.801813294623976
7.831550739972695
2.9471042831663166
16.41949151168591
5.063604296380365
14.237923433236709
9.138220282872016
10.497477831180483
10.920342733533694
13.892448937414933
13.296454678255639
4.469648864583413
25.559772540991332
9.637415955679066
6.698901552405923
28.126480639700688
3.0428105781307124
10.63890517310973
3.8703893607695887
8.884462029815449
29.017183378082827
3.9727184337199706
3.7781955621340337
3.154640039682807
4.738391619354714
8.282818096050546
3.6009426166075347
18.737461604689486
10.039610749555521
11.150171381813577
14.027376753487285
1.5128684962941703
16.253828101588034
4.850170263573565
7.488146297427647
10.878525744922829
30.602422546234138
5.584083174504265
2.2726473278632042
15.673826505204211
4.629964710495323
11.205065316268914
14.59915259832885
8.04774417805885
5.186354159804006
9.05652295688455
3.6867980437517005
6.221269562240963
3.275509903667615
5.993793237873377
4.231671475872848
10.453340211097563
7.136423441653394
10.932945597577401
9.203214743430333
5.444642840623681
7.247349507153807
25.314971061653218
2.5227583955380863
13.209202585208764
12.132637497556678
2.369654022967768
4.980975119179934
9.854647154908601
17.824900866866955
6.576235282900013
7.461900779415351
1.446675129840413
8.303298085686153
11.682138886768117
6.904898357932989
1.156001057516912
