14.944557467196066 1.4638748424766854
12.612746073128116 1.3957486698482506
16.399747606712204 1.3419744180343582
6.966816441628783 1.3115067251537507
20.90599684024393 1.4528952272686326
15.510286520045899 1.3196698913220888
28.08312185603104 1.5473773995462015
16.183052502685435 1.4798146121162312
14.591389920456024 1.4529105607961432
8.035375411349662 1.3425513573288457
3.088021123874881 1.1649109583363215
13.859473599192679 1.2723858520309559
1.197502731876999 1.2184510322178792
2.9257439910339444 1.1230231459364048
10.645004331777372 1.4190773382869044
8.010261707618795 1.2757432560942112
12.865383255746426 1.3829558060278164
10.006728617114986 1.4260582074143238
22.532017258214793 1.5035871191300445
6.171280261220884 1.4222729341243652
10.937641700052106 1.3728178382446579
28.338519683483817 1.4564183535083488
11.340857190296184 1.2969267757248066
13.328254130946101 1.483929468269923
11.03709614228373 1.3161389678611404
5.799388910712338 1.3942499404771083
10.077685604191714 1.4628164302589366
5.4473249092348155 1.3393184112477767
3.801813294623976 1.274380475821643
7.831550739972695 1.255953220133814
2.9471042831663166 1.021975002662154
16.41949151168591 1.413052836780939
5.063604296380365 0.9860166477575604
14.237923433236709 1.0964237854515861
9.138220282872016 1.1398187136441125
10.497477831180483 1.527655631345564
10.920342733533694 1.4103036318143927
13.892448937414933 1.3889198325728218
13.296454678255639 1.504331256174146
4.469648864583413 1.2215150340992078
25.559772540991332 1.450080351376233
9.637415955679066 1.2556844352640735
6.698901552405923 0.967867398491677
28.126480639700688 1.4771193093024066
3.0428105781307124 1.2387858939792187
10.63890517310973 1.3460299777622116
3.8703893607695887 1.4281980918091806
8.884462029815449 1.444180540352575
29.017183378082827 1.4729385009985985
3.9727184337199706 1.2928737062747617
3.7781955621340337 1.4526867827693084
3.154640039682807 1.3645643003718364
4.738391619354714 1.3817415342784662
8.282818096050546 1.433186423386097
3.6009426166075347 1.0981062916668431
18.737461604689486 1.5633496784784455
10.039610749555521 1.445901817184136
11.150171381813577 1.423470181324834
14.027376753487285 1.493373764500956
1.5128684962941703 1.1378576133100389
16.253828101588034 1.397331981690405
4.850170263573565 1.4363747739490782
7.488146297427647 1.484846203827635
10.878525744922829 1.1149868059594352
30.602422546234138 1.3698923861587853
5.584083174504265 1.2578382830443784
2.2726473278632042 1.3160352988884485
15.673826505204211 1.4384995380636227
4.629964710495323 1.2906521594738953
11.205065316268914 1.4415230943347994
14.59915259832885 1.5179953191716864
8.04774417805885 1.4261946537529355
5.186354159804006 1.4500287927769469
9.05652295688455 1.5084969258380614
3.6867980437517005 1.4433029504045645
6.221269562240963 1.414816809476221
3.275509903667615 1.3401266384862718
5.993793237873377 1.3306122681543997
4.231671475872848 1.2907160943979519
10.453340211097563 1.4828300849150626
7.136423441653394 1.487964828739219
10.932945597577401 1.3995280176502571
9.203214743430333 1.4739071585051218
5.444642840623681 1.4390265185821958
7.247349507153807 1.4441204157944
25.314971061653218 1.390336877612733
2.5227583955380863 1.1988175891700092
13.209202585208764 1.4031362349408438
12.132637497556678 1.3496902449372525
2.369654022967768 1.094434862901522
4.980975119179934 1.3415099230785998
9.854647154908601 1.5025619133653605
17.824900866866955 1.217704593191677
6.576235282900013 1.3842967765666057
7.461900779415351 1.3976755695162852
1.446675129840413 1.3012384317342416
8.303298085686153 1.382172322077832
11.682138886768117 1.3239635040571092
6.904898357932989 1.2993277950631248
1.156001057516912 1.2956255928644753
