RA_r1_rl
14m51s__2890
1e-05
0.8936992562439559
0.8936991720765661
0.8936993104942019
0.8936992074285123
0.893699178527949
0.9147901449361856
0.8937002663884571
0.9147898532392301
0.8937023783408901
0.8936991744593361
0.9147901372761977
0.893699313799262
0.8934649742203044
0.8936991900008748
0.8936991963473052
0.893386586180011
0.8936992237884365
0.9147727144829095
0.8933477526700933
0.914789901224609
0.8937150684054339
0.8936992605373496
0.9147897411821143
0.8936991964056882
0.9132411529038573
0.8936991873365149
0.8936991950609704
0.9147062142067715
0.8937038993978218
0.9147898764473069
0.8937103302064063
0.8936992314399881
0.8936992473255447
0.9147691790051041
0.8933237120404831
0.9147900073860902
0.893699258847997
0.9147901875414953
0.8936991797566507
0.9148361072049503
0.8936992531390693
0.9147898982817831
0.89369931177258
0.9147900544165196
0.8937127826631537
0.91479000827924
0.8936992996325771
0.914772637097059
0.9147898835776214
0.8936992717638311
0.8936992601572928
0.8936993478421262
0.9147899288046805
0.914789901463118
0.914789881844933
0.893699189432879
0.8936991958365771
0.9147900069334151
0.9147899502447151
0.8936991789589543
0.8937465841773057
0.9147908343072323
0.893699648881035
0.9132389205750331
0.8936991799667457
0.8936960397529208
0.8936991953895073
0.8937238054327513
0.8936991805066615
0.8936992337257853
0.9148187214990274
0.91478996343445
0.9147768976789143
0.9147899191752784
0.9147900942919428
0.8936993171696637
0.8936992123011792
0.8937181038804316
0.9147898925888807
0.9147898789334414
0.8936992740015228
0.914789969535539
0.8936993480847707
0.9147781946893248
0.9148017695950252
0.9132384806386228
0.9147899821757803
0.914815809896634
0.8936997771307902
0.8936992072272564
0.914790023575589
