RA_r1_rl
57m15s__112
1e-08
1.5079347705123467
1.2098957362323308
1.2063464849152266
1.0686628831362346
1.8078168387971547
1.5504241164459516
1.5074295757175376
1.2502785704957642
2.0404679358803612
1.0347130359942687
1.1430088207750666
1.6630845745476264
1.7272500468503091
1.0117177330755065
1.1388420719259968
1.666080096192465
1.1001577354183383
0.9623079149550207
0.9826944845318408
1.1364148914497474
1.1931034835795622
1.2143017978629815
1.7626304664708803
1.831800810752459
1.4373973841847072
2.205523011677528
2.0893964813403563
1.8270208444695615
1.2430199644756248
0.9190932451239593
1.0466060781761999
1.0492404072178145
1.8121822590751493
1.0805914988002985
1.3230872241585028
1.2957444887589218
1.264873930186542
1.485552301559823
1.0315109481630866
1.065163701974667
1.072124615538905
1.0387076310588998
0.94795154202136
1.0150368148471327
1.5265615116916114
1.0089246175623852
1.5146466177891555
1.1208653604160215
1.1223069560800036
1.1053005466458967
1.144904413046974
0.9796210664055358
1.17236553380765
0.996124775319075
1.1965710694733764
1.0377349376806166
1.4094335120735662
1.1777160674207596
1.0199302028303237
1.7882103406603325
0.961848499686389
1.009328200743524
1.1940894795697958
2.2261936489200487
0.9860043771263935
1.007036846986314
1.1054848728094497
1.504354909804583
1.0513269797685638
1.1717489723709564
1.0937113801019693
0.9334486153524069
1.7376296951849568
1.4253300626526526
1.0231719921756197
1.457445454125498
1.6203134254966938
1.1008462006878323
1.404814699515836
0.9936460459398934
1.2977527755181764
1.8000204439708771
1.4063464837200974
1.1893030995501803
1.167966168812487
0.934268460607331
2.195377641505989
2.0934040789418242
1.4980958858000128
1.427294455487036
1.014561569906351
1.8471448474035115
1.7272598711747351
1.703106586559198
1.5230251067839846
1.2365043710407237
1.1589941701425193
1.0007172315568142
1.0404118665480262
1.3130385591774416
