1.5079347705123467 0.043915249539447504
1.2098957362323308 0.047574912945190416
1.2063464849152266 0.045601791029986634
1.0686628831362346 0.051801934649083975
1.8078168387971547 0.047003358407357525
1.5504241164459516 0.04302013030547984
1.5074295757175376 0.04085444534448457
1.2502785704957642 0.0446375529535156
2.0404679358803612 0.03758537538071091
1.0347130359942687 0.0470997579123349
1.1430088207750666 0.038610674149269476
1.6630845745476264 0.03812987205777933
1.7272500468503091 0.04773628948338161
1.0117177330755065 0.04620521323162655
1.1388420719259968 0.05070183687734755
1.666080096192465 0.048361494405473354
1.1001577354183383 0.04548058784958719
0.9623079149550207 0.04404239482790741
0.9826944845318408 0.049946545897628196
1.1364148914497474 0.04563407605990177
1.1931034835795622 0.04725725601048939
1.2143017978629815 0.044474917827869886
1.7626304664708803 0.041774587210867416
1.831800810752459 0.04651564824385646
1.4373973841847072 0.04741379574398143
2.205523011677528 0.050776262043457136
2.0893964813403563 0.05153100944490298
1.8270208444695615 0.047556444642281544
1.2430199644756248 0.04597961442641532
0.9190932451239593 0.05159276611559477
1.0466060781761999 0.045966889144856665
1.0492404072178145 0.04564241250324755
1.8121822590751493 0.05096713937466481
1.0805914988002985 0.04591360730060781
1.3230872241585028 0.04810830476602938
1.2957444887589218 0.048334388209547434
1.264873930186542 0.052051752984418324
1.485552301559823 0.03545669898053472
1.0315109481630866 0.0452021952966551
1.065163701974667 0.04295229807737512
1.072124615538905 0.05179841833183677
1.0387076310588998 0.04017002706864192
0.94795154202136 0.04946204101520723
1.0150368148471327 0.04487275277138501
1.5265615116916114 0.03622294497931882
1.0089246175623852 0.04668718872451264
1.5146466177891555 0.043668782998340254
1.1208653604160215 0.04794811876511495
1.1223069560800036 0.03861714798507349
1.1053005466458967 0.04779648982802226
1.144904413046974 0.04590279085091485
0.9796210664055358 0.0441240873488846
1.17236553380765 0.04718229284474541
0.996124775319075 0.051822879212279786
1.1965710694733764 0.04200937185984567
1.0377349376806166 0.05030898369210126
1.4094335120735662 0.03601190902055947
1.1777160674207596 0.050688457988070826
1.0199302028303237 0.04360538926651229
1.7882103406603325 0.04777772679252322
0.961848499686389 0.049680348289048944
1.009328200743524 0.046959425044186154
1.1940894795697958 0.047488800852235176
2.2261936489200487 0.047151101526078695
0.9860043771263935 0.04529612437847398
1.007036846986314 0.052245490969361194
1.1054848728094497 0.04477209546247013
1.504354909804583 0.044124569273990666
1.0513269797685638 0.05190000472182534
1.1717489723709564 0.04508200511037299
1.0937113801019693 0.04809160089545654
0.9334486153524069 0.0461340184444446
1.7376296951849568 0.05002686268714221
1.4253300626526526 0.04927243942375321
1.0231719921756197 0.04456176641193309
1.457445454125498 0.04967351264900531
1.6203134254966938 0.041178598086888764
1.1008462006878323 0.04714433101661695
1.404814699515836 0.03948720928201187
0.9936460459398934 0.050731301174106236
1.2977527755181764 0.05099542721291647
1.8000204439708771 0.04339162870038769
1.4063464837200974 0.038977141103950654
1.1893030995501803 0.043803305248076345
1.167966168812487 0.04405186852184412
0.934268460607331 0.04878952786514882
2.195377641505989 0.050664170207009834
2.0934040789418242 0.044224545380370746
1.4980958858000128 0.04894345327251066
1.427294455487036 0.04818810489031497
1.014561569906351 0.04632884982410381
1.8471448474035115 0.04869737118200891
1.7272598711747351 0.03965704504359328
1.703106586559198 0.04626313806351956
1.5230251067839846 0.05167847060200868
1.2365043710407237 0.044855927763356625
1.1589941701425193 0.04194299260663829
1.0007172315568142 0.0450231813161636
1.0404118665480262 0.044695591572687834
1.3130385591774416 0.048776140378135296
