With Shot Noise
02/11/2024 22:15:13 

VQEr_100_shots_10000_COBYLA_maxIter_10000_tol_1e-08_RA_r1_rl 

Reference value: 9.0655987147e-01 

Number of pauli strings:  14
Qubits:  3
VQE runs:  100
Optimizer:  COBYLA
Max iterations:  10000
Optimizers's tolerance:  1e-08
Ansatz:  RA_r1_rl 

All run converged!!!
Number of iterations for each converged VQE run:
[116, 117, 119, 109, 112, 103, 120, 120, 107, 108, 123, 115, 118, 97, 110, 109, 115, 124, 117, 112, 106, 113, 108, 116, 122, 112, 113, 113, 124, 110, 106, 120, 110, 117, 124, 114, 113, 133, 103, 107, 117, 116, 107, 108, 93, 108, 126, 108, 109, 110, 110, 107, 125, 115, 105, 111, 106, 117, 105, 115, 127, 108, 110, 100, 107, 107, 127, 129, 113, 116, 102, 114, 123, 105, 107, 115, 117, 107, 117, 114, 107, 100, 115, 117, 106, 115, 107, 108, 114, 108, 107, 95, 114, 120, 113, 111, 104, 97, 110, 114] 

Average iterations of converged run:
112 

VQE eigenvalues:
[1.5079347705123467, 1.2098957362323308, 1.2063464849152266, 1.0686628831362346, 1.8078168387971547, 1.5504241164459516, 1.5074295757175376, 1.2502785704957642, 2.0404679358803612, 1.0347130359942687, 1.1430088207750666, 1.6630845745476264, 1.7272500468503091, 1.0117177330755065, 1.1388420719259968, 1.666080096192465, 1.1001577354183383, 0.9623079149550207, 0.9826944845318408, 1.1364148914497474, 1.1931034835795622, 1.2143017978629815, 1.7626304664708803, 1.831800810752459, 1.4373973841847072, 2.205523011677528, 2.0893964813403563, 1.8270208444695615, 1.2430199644756248, 0.9190932451239593, 1.0466060781761999, 1.0492404072178145, 1.8121822590751493, 1.0805914988002985, 1.3230872241585028, 1.2957444887589218, 1.264873930186542, 1.485552301559823, 1.0315109481630866, 1.065163701974667, 1.072124615538905, 1.0387076310588998, 0.94795154202136, 1.0150368148471327, 1.5265615116916114, 1.0089246175623852, 1.5146466177891555, 1.1208653604160215, 1.1223069560800036, 1.1053005466458967, 1.144904413046974, 0.9796210664055358, 1.17236553380765, 0.996124775319075, 1.1965710694733764, 1.0377349376806166, 1.4094335120735662, 1.1777160674207596, 1.0199302028303237, 1.7882103406603325, 0.961848499686389, 1.009328200743524, 1.1940894795697958, 2.2261936489200487, 0.9860043771263935, 1.007036846986314, 1.1054848728094497, 1.504354909804583, 1.0513269797685638, 1.1717489723709564, 1.0937113801019693, 0.9334486153524069, 1.7376296951849568, 1.4253300626526526, 1.0231719921756197, 1.457445454125498, 1.6203134254966938, 1.1008462006878323, 1.404814699515836, 0.9936460459398934, 1.2977527755181764, 1.8000204439708771, 1.4063464837200974, 1.1893030995501803, 1.167966168812487, 0.934268460607331, 2.195377641505989, 2.0934040789418242, 1.4980958858000128, 1.427294455487036, 1.014561569906351, 1.8471448474035115, 1.7272598711747351, 1.703106586559198, 1.5230251067839846, 1.2365043710407237, 1.1589941701425193, 1.0007172315568142, 1.0404118665480262, 1.3130385591774416] 

VQE eigenvalues standard deviation:
[0.043915249539447504, 0.047574912945190416, 0.045601791029986634, 0.051801934649083975, 0.047003358407357525, 0.04302013030547984, 0.04085444534448457, 0.0446375529535156, 0.03758537538071091, 0.0470997579123349, 0.038610674149269476, 0.03812987205777933, 0.04773628948338161, 0.04620521323162655, 0.05070183687734755, 0.048361494405473354, 0.04548058784958719, 0.04404239482790741, 0.049946545897628196, 0.04563407605990177, 0.04725725601048939, 0.044474917827869886, 0.041774587210867416, 0.04651564824385646, 0.04741379574398143, 0.050776262043457136, 0.05153100944490298, 0.047556444642281544, 0.04597961442641532, 0.05159276611559477, 0.045966889144856665, 0.04564241250324755, 0.05096713937466481, 0.04591360730060781, 0.04810830476602938, 0.048334388209547434, 0.052051752984418324, 0.03545669898053472, 0.0452021952966551, 0.04295229807737512, 0.05179841833183677, 0.04017002706864192, 0.04946204101520723, 0.04487275277138501, 0.03622294497931882, 0.04668718872451264, 0.043668782998340254, 0.04794811876511495, 0.03861714798507349, 0.04779648982802226, 0.04590279085091485, 0.0441240873488846, 0.04718229284474541, 0.051822879212279786, 0.04200937185984567, 0.05030898369210126, 0.03601190902055947, 0.050688457988070826, 0.04360538926651229, 0.04777772679252322, 0.049680348289048944, 0.046959425044186154, 0.047488800852235176, 0.047151101526078695, 0.04529612437847398, 0.052245490969361194, 0.04477209546247013, 0.044124569273990666, 0.05190000472182534, 0.04508200511037299, 0.04809160089545654, 0.0461340184444446, 0.05002686268714221, 0.04927243942375321, 0.04456176641193309, 0.04967351264900531, 0.041178598086888764, 0.04714433101661695, 0.03948720928201187, 0.050731301174106236, 0.05099542721291647, 0.04339162870038769, 0.038977141103950654, 0.043803305248076345, 0.04405186852184412, 0.04878952786514882, 0.050664170207009834, 0.044224545380370746, 0.04894345327251066, 0.04818810489031497, 0.04632884982410381, 0.04869737118200891, 0.03965704504359328, 0.04626313806351956, 0.05167847060200868, 0.044855927763356625, 0.04194299260663829, 0.0450231813161636, 0.044695591572687834, 0.048776140378135296] 

Median VQE eigenvalues:
1.1935964815746791 

Min eigenvalue after 100 VQE steps on Aer qasm simulator: 9.19093e-01
Delta from reference energy value is 1.25334e-02 

Optimizer history of the smallest VQE eigenvalue:
[11.881653579200309, 8.012462709181396, 4.931750242931648, 5.819766079618359, 5.179992761089039, 1.6588459728673186, 2.090295289221223, 3.176945920975766, 1.4516694092290725, 1.5051589480580194, 1.940880539991621, 1.735482137322168, 2.184475071324027, 1.1966520864158197, 1.3977667993680554, 1.465998127574968, 1.2834470818145967, 1.2965173053720265, 1.0316223264939437, 0.9950094303895813, 0.9471281003129839, 1.0499223967813172, 0.9385477437186076, 1.0372939212087404, 0.9764501288854491, 0.9674422414063328, 0.962191437822308, 0.9502526197721823, 0.9946289955679881, 0.9508385490463732, 1.0155777861937285, 0.9510222042364443, 0.9577643968945742, 0.9137958700499375, 0.9707975213291968, 0.9309994998719786, 0.9487546232814499, 0.9837166461007316, 0.8774486833811999, 0.9038004389950194, 0.9677119373036008, 0.9852606576158212, 0.9649091374905053, 0.9431529274569429, 0.9793720127822486, 0.94315482987047, 0.9641114456166118, 0.9854403000026595, 0.9686490867529373, 1.0073707291767497, 0.9481748579682544, 0.9430164133746415, 1.0097238992172493, 0.9964757766823815, 0.9300022355497256, 0.9715893445117919, 0.9982515333522838, 0.9519156028547766, 0.9504975869429764, 0.893136318223693, 0.9720056625904321, 0.9673757489709791, 0.9775354711090805, 0.97306932068779, 0.9861258665937556, 0.934610074516742, 0.945051001604686, 0.9984421674040761, 0.9723053672257409, 0.939932760102012, 0.9342057269998675, 0.9379578766448464, 0.9315358109841304, 0.988488811031629, 0.9672352819536885, 0.9317448569802513, 0.9289925377001806, 0.977905489892269, 0.920803541468638, 1.0100031925561925, 0.9207351179842641, 0.938382927891901, 0.9537504008641389, 0.9535172021640166, 0.9920533661698581, 0.9239219119712737, 0.9394416117716619, 0.9712421119206549, 0.9859724106636225, 0.9683144711363105, 0.8756077009149618, 0.9345197632981929, 0.9466527133247218, 0.9487700769163541, 0.9973622481531889, 0.910939086796266, 0.9484387935452312, 0.9393903233449239, 0.9146215542117687, 0.9411452850785585, 0.956551957774795, 0.9614110471432369, 0.9613802714753524, 0.9427708543301446, 0.9416060729641206, 0.9226517803375719, 0.9655900498826788, 0.8987301395444527, 0.9616971254495598, 0.9190932451239593] 

Optimizer history of the smallest VQE eigenvalue standard deviation:
[0.04794208269326843, 0.05192838829747361, 0.05185152462347464, 0.05241068597359575, 0.0409744289680674, 0.05188085044374967, 0.051999563874213305, 0.04881439852342812, 0.05174119355773793, 0.05168811749676355, 0.051713296422048194, 0.05071130608428842, 0.05171915851145444, 0.051685293374309015, 0.05181661421410315, 0.0516226196109814, 0.05182033004427839, 0.05167067498754254, 0.05173083851458453, 0.05176149467213593, 0.051600022913843094, 0.051694673284178115, 0.05154402400780067, 0.051663625097913585, 0.05170548165921141, 0.051327041999923356, 0.05156972240804518, 0.05166801841184752, 0.05161880978201797, 0.05154969585126876, 0.05166179558232802, 0.05164086184057181, 0.051574303546533265, 0.05151262360107145, 0.05154566584704716, 0.051556537406201926, 0.051577225501920794, 0.05153542782700953, 0.05150780763943169, 0.05155668301222288, 0.05161270588904773, 0.05175293171809072, 0.051594446749695634, 0.05157526066123175, 0.05156953938115899, 0.051585215515636454, 0.05153722286085195, 0.05162215957049491, 0.05159487846643378, 0.051594456484133265, 0.051599684090928126, 0.051706141534163814, 0.0516537264764311, 0.051688763359051246, 0.05162837035327261, 0.051613806812793796, 0.05169583629568263, 0.05158061154287728, 0.05161528400506569, 0.05152643121135734, 0.05158222483133307, 0.051641273120927006, 0.05160224294019582, 0.05159206918648293, 0.051609330466641345, 0.051592424349472456, 0.05161661203893651, 0.05170886989144138, 0.051627330143901695, 0.05154129284983809, 0.05149804844779705, 0.051627101698299885, 0.051619654780601515, 0.051569036466359366, 0.05163336257363692, 0.05155452362923496, 0.051532073074557025, 0.05165117490292028, 0.05152878182461693, 0.05165940373028899, 0.05164964311831813, 0.05154450002046726, 0.05159803182821995, 0.05152423804968456, 0.051633546355089516, 0.05153661573692869, 0.051524707624514866, 0.051586396941197564, 0.051605129887686875, 0.05161671256854271, 0.05148254444508073, 0.051621936530612936, 0.05167337880170866, 0.05162406705766207, 0.05163404255954712, 0.0515359376532309, 0.051613463781382866, 0.05157386354397002, 0.05150481650754194, 0.05158743814855601, 0.05155323580245396, 0.05158077410935319, 0.051641311162161606, 0.05149595230756299, 0.051617810621685814, 0.05159134506988283, 0.05160106148154732, 0.051501159841135125, 0.05164940532573191, 0.05159276611559477] 

Smallest VQE eingenvalue optimizer final message:
{   'aux_operators_evaluated': None,
    'cost_function_evals': 110,
    'eigenvalue': 0.9190932451239593,
    'optimal_circuit': <qiskit.circuit.library.n_local.real_amplitudes.RealAmplitudes object at 0x00000177AB976F60>,
    'optimal_parameters': {   ParameterVectorElement(θ[0]): -0.24364317952067874,
                              ParameterVectorElement(θ[1]): 0.7642971085000795,
                              ParameterVectorElement(θ[2]): 1.569333126669034,
                              ParameterVectorElement(θ[3]): 0.01288368368216824,
                              ParameterVectorElement(θ[4]): -1.0507871955503374,
                              ParameterVectorElement(θ[5]): 1.8246486721790491},
    'optimal_point': array([-0.24364318,  0.76429711,  1.56933313,  0.01288368, -1.0507872 ,
        1.82464867]),
    'optimal_value': 0.9190932451239593,
    'optimizer_evals': None,
    'optimizer_result': <qiskit_algorithms.optimizers.optimizer.OptimizerResult object at 0x00000177A174CF20>,
    'optimizer_time': 34.138638973236084}
     ┌──────────┐ ░            ░ ┌──────────┐
q_0: ┤ Ry(θ[0]) ├─░────────■───░─┤ Ry(θ[3]) ├
     ├──────────┤ ░      ┌─┴─┐ ░ ├──────────┤
q_1: ┤ Ry(θ[1]) ├─░───■──┤ X ├─░─┤ Ry(θ[4]) ├
     ├──────────┤ ░ ┌─┴─┐└───┘ ░ ├──────────┤
q_2: ┤ Ry(θ[2]) ├─░─┤ X ├──────░─┤ Ry(θ[5]) ├
     └──────────┘ ░ └───┘      ░ └──────────┘
The number of ansatz parameters is: 
 6
Line for latex table
RA r1 rl & $1\mathrm{e}{-08}$ & 10000 & 100/100 &112 & $9.1909\mathrm{e}{-01}$ & $5.1593\mathrm{e}{-02}$ & $1.2533\mathrm{e}{-02}$ & $1.1936\mathrm{e}{+00}$ & $2.8704\mathrm{e}{-01}$ & - & 00h 57m 15s\\

