RA_r1_rl
13h33m11s__200
1e-08
12.118568071365718
13.630951303764888
16.118817589852593
15.628226911394556
2.995748718522904
21.223067188446855
10.004377414977515
13.008613795663077
4.176241860421141
14.42809912673192
28.900667138552492
12.06111380296112
23.3838132464206
21.342322000625174
13.423770626609763
18.616341959551892
22.39000189241893
38.38699919393088
26.916866635761743
19.30590447686842
14.64833419837041
20.651627964328856
15.682304954102722
12.796228061940846
13.770705117624434
26.046902904429977
10.903437779108282
13.793297826984352
12.984345615334622
18.640519107859717
22.69519610033947
6.237706487535976
11.45927667588065
7.951045159459085
5.409698299196096
28.77778789740595
11.643414480402821
38.57533595698122
11.768851145391789
48.5618220879012
21.667180680321902
24.00524794589709
15.835645413439982
31.245346915092334
8.834970243376164
10.001615444033861
20.360484899563883
9.27856858195277
9.465803101726848
15.944150649116732
12.611741629276711
49.87117176128272
23.378792352757227
9.806897460088226
10.42844024952811
8.867036427980045
27.066842456652264
15.521764359978366
9.099176053611044
9.277988488838677
20.53067895703715
15.201974968745237
32.177315700112466
18.15526647429925
33.26088251950711
21.63994334845656
5.96593624430688
8.659582537125218
9.173682110251898
23.331959027473847
13.533455068670287
7.129336505499298
10.216765587843053
15.34877708331296
14.119368220946777
19.19564753586517
14.947998730079792
10.861684806004114
61.815699324836785
35.270797004485516
12.646159795992226
34.38698994263922
45.627401382938494
12.27617856392102
28.225272704568187
21.2165564637429
26.031441812157702
27.31234459847473
28.523719722084095
5.633363061353121
14.87715910559147
17.35113012140757
11.248370648504814
27.120025235897344
14.90048965194311
21.472022380419464
11.94955362227332
11.693749045874384
14.692793175820785
20.363691200590562
