12.118568071365718 2.7330398708884074
13.630951303764888 3.2268384279474938
16.118817589852593 3.0769644912348677
15.628226911394556 3.4174455609772973
2.995748718522904 3.284190109169366
21.223067188446855 3.0685116534460435
10.004377414977515 3.400093056907861
13.008613795663077 3.2874515288341426
4.176241860421141 2.7771107146810143
14.42809912673192 3.331582835596159
28.900667138552492 3.48506289061766
12.06111380296112 2.608716031825701
23.3838132464206 3.3725738788325694
21.342322000625174 3.270561665431972
13.423770626609763 2.9499127137029584
18.616341959551892 3.1026273316091664
22.39000189241893 3.1306705056531037
38.38699919393088 3.461286217233725
26.916866635761743 3.2245319028301687
19.30590447686842 3.1482354114998525
14.64833419837041 2.6156188348178624
20.651627964328856 2.6617015801041846
15.682304954102722 3.3020142108595123
12.796228061940846 3.4081171413183244
13.770705117624434 3.2240522697550227
26.046902904429977 3.379444687374633
10.903437779108282 2.789516940673482
13.793297826984352 3.2887654317195065
12.984345615334622 2.9455685206715696
18.640519107859717 3.170824484561888
22.69519610033947 3.1974150212971466
6.237706487535976 3.388138929527746
11.45927667588065 2.7995667010126577
7.951045159459085 3.041054255069065
5.409698299196096 3.080020368344797
28.77778789740595 3.071108058805185
11.643414480402821 3.067888389326582
38.57533595698122 3.6731660403356625
11.768851145391789 3.2238979087924906
48.5618220879012 3.5143883502911657
21.667180680321902 3.325223780124844
24.00524794589709 3.292978685499441
15.835645413439982 3.0502534325313095
31.245346915092334 3.405729424564937
8.834970243376164 2.9656383472254673
10.001615444033861 3.1228180373341576
20.360484899563883 3.418398166119494
9.27856858195277 3.105360415404931
9.465803101726848 3.4328398799810587
15.944150649116732 3.2637790245567007
12.611741629276711 3.250405526695512
49.87117176128272 3.772690643685242
23.378792352757227 3.1212166935561765
9.806897460088226 3.3577222357844043
10.42844024952811 3.0493852973565723
8.867036427980045 2.84925745259358
27.066842456652264 3.537491498771076
15.521764359978366 3.3678718619139083
9.099176053611044 2.7589736239152614
9.277988488838677 2.665051005893305
20.53067895703715 2.905133953572994
15.201974968745237 2.6777673551274237
32.177315700112466 3.373371648806656
18.15526647429925 3.1331528414269676
33.26088251950711 3.360325718976265
21.63994334845656 3.2190531271956697
5.96593624430688 3.0337735324876887
8.659582537125218 2.757499109186466
9.173682110251898 3.1147619502437567
23.331959027473847 3.295011661911334
13.533455068670287 3.1813205753417324
7.129336505499298 3.054504859195724
10.216765587843053 2.7801029311763124
15.34877708331296 2.94903803565269
14.119368220946777 3.3487927220057525
19.19564753586517 2.914854338518066
14.947998730079792 2.7422412073954683
10.861684806004114 3.1413916786926706
61.815699324836785 3.5657573153290563
35.270797004485516 3.33865884195706
12.646159795992226 3.118000624388347
34.38698994263922 3.143634004947841
45.627401382938494 3.4535299151128602
12.27617856392102 2.9100809119584805
28.225272704568187 3.328752912609156
21.2165564637429 3.085584954015211
26.031441812157702 3.2697177149414713
27.31234459847473 2.9228077994130057
28.523719722084095 3.555360988981415
5.633363061353121 3.2217205503881283
14.87715910559147 3.08940007093495
17.35113012140757 2.820921180699562
11.248370648504814 3.3405472110413528
27.120025235897344 3.4079493286649423
14.90048965194311 3.302899233194366
21.472022380419464 3.2009519720839115
11.94955362227332 3.3999916544877853
11.693749045874384 3.4160481472451782
14.692793175820785 3.2731029999531702
20.363691200590562 2.7972195834906115
