With Shot Noise
06/11/2024 23:11:51 

VQEr_100_shots_10000_COBYLA_maxIter_10000_tol_1e-08_RA_r1_rl 

Reference value: 8.9163237056e-01 

Number of pauli strings:  352
Qubits:  6
VQE runs:  100
Optimizer:  COBYLA
Max iterations:  10000
Optimizers's tolerance:  1e-08
Ansatz:  RA_r1_rl 

All run converged!!!
Number of iterations for each converged VQE run:
[198, 209, 183, 187, 206, 216, 212, 217, 217, 195, 206, 210, 191, 201, 192, 200, 201, 203, 208, 199, 216, 183, 175, 199, 219, 197, 181, 190, 207, 193, 219, 196, 199, 191, 200, 193, 200, 198, 206, 187, 206, 193, 205, 179, 223, 187, 203, 204, 205, 221, 204, 178, 194, 211, 204, 197, 185, 202, 198, 204, 205, 191, 197, 204, 170, 209, 203, 216, 188, 197, 220, 205, 211, 200, 202, 183, 202, 215, 194, 186, 202, 222, 186, 211, 188, 190, 214, 195, 201, 199, 198, 200, 208, 212, 185, 200, 203, 187, 209, 195] 

Average iterations of converged run:
200 

VQE eigenvalues:
[12.118568071365718, 13.630951303764888, 16.118817589852593, 15.628226911394556, 2.995748718522904, 21.223067188446855, 10.004377414977515, 13.008613795663077, 4.176241860421141, 14.42809912673192, 28.900667138552492, 12.06111380296112, 23.3838132464206, 21.342322000625174, 13.423770626609763, 18.616341959551892, 22.39000189241893, 38.38699919393088, 26.916866635761743, 19.30590447686842, 14.64833419837041, 20.651627964328856, 15.682304954102722, 12.796228061940846, 13.770705117624434, 26.046902904429977, 10.903437779108282, 13.793297826984352, 12.984345615334622, 18.640519107859717, 22.69519610033947, 6.237706487535976, 11.45927667588065, 7.951045159459085, 5.409698299196096, 28.77778789740595, 11.643414480402821, 38.57533595698122, 11.768851145391789, 48.5618220879012, 21.667180680321902, 24.00524794589709, 15.835645413439982, 31.245346915092334, 8.834970243376164, 10.001615444033861, 20.360484899563883, 9.27856858195277, 9.465803101726848, 15.944150649116732, 12.611741629276711, 49.87117176128272, 23.378792352757227, 9.806897460088226, 10.42844024952811, 8.867036427980045, 27.066842456652264, 15.521764359978366, 9.099176053611044, 9.277988488838677, 20.53067895703715, 15.201974968745237, 32.177315700112466, 18.15526647429925, 33.26088251950711, 21.63994334845656, 5.96593624430688, 8.659582537125218, 9.173682110251898, 23.331959027473847, 13.533455068670287, 7.129336505499298, 10.216765587843053, 15.34877708331296, 14.119368220946777, 19.19564753586517, 14.947998730079792, 10.861684806004114, 61.815699324836785, 35.270797004485516, 12.646159795992226, 34.38698994263922, 45.627401382938494, 12.27617856392102, 28.225272704568187, 21.2165564637429, 26.031441812157702, 27.31234459847473, 28.523719722084095, 5.633363061353121, 14.87715910559147, 17.35113012140757, 11.248370648504814, 27.120025235897344, 14.90048965194311, 21.472022380419464, 11.94955362227332, 11.693749045874384, 14.692793175820785, 20.363691200590562] 

VQE eigenvalues standard deviation:
[2.7330398708884074, 3.2268384279474938, 3.0769644912348677, 3.4174455609772973, 3.284190109169366, 3.0685116534460435, 3.400093056907861, 3.2874515288341426, 2.7771107146810143, 3.331582835596159, 3.48506289061766, 2.608716031825701, 3.3725738788325694, 3.270561665431972, 2.9499127137029584, 3.1026273316091664, 3.1306705056531037, 3.461286217233725, 3.2245319028301687, 3.1482354114998525, 2.6156188348178624, 2.6617015801041846, 3.3020142108595123, 3.4081171413183244, 3.2240522697550227, 3.379444687374633, 2.789516940673482, 3.2887654317195065, 2.9455685206715696, 3.170824484561888, 3.1974150212971466, 3.388138929527746, 2.7995667010126577, 3.041054255069065, 3.080020368344797, 3.071108058805185, 3.067888389326582, 3.6731660403356625, 3.2238979087924906, 3.5143883502911657, 3.325223780124844, 3.292978685499441, 3.0502534325313095, 3.405729424564937, 2.9656383472254673, 3.1228180373341576, 3.418398166119494, 3.105360415404931, 3.4328398799810587, 3.2637790245567007, 3.250405526695512, 3.772690643685242, 3.1212166935561765, 3.3577222357844043, 3.0493852973565723, 2.84925745259358, 3.537491498771076, 3.3678718619139083, 2.7589736239152614, 2.665051005893305, 2.905133953572994, 2.6777673551274237, 3.373371648806656, 3.1331528414269676, 3.360325718976265, 3.2190531271956697, 3.0337735324876887, 2.757499109186466, 3.1147619502437567, 3.295011661911334, 3.1813205753417324, 3.054504859195724, 2.7801029311763124, 2.94903803565269, 3.3487927220057525, 2.914854338518066, 2.7422412073954683, 3.1413916786926706, 3.5657573153290563, 3.33865884195706, 3.118000624388347, 3.143634004947841, 3.4535299151128602, 2.9100809119584805, 3.328752912609156, 3.085584954015211, 3.2697177149414713, 2.9228077994130057, 3.555360988981415, 3.2217205503881283, 3.08940007093495, 2.820921180699562, 3.3405472110413528, 3.4079493286649423, 3.302899233194366, 3.2009519720839115, 3.3999916544877853, 3.4160481472451782, 3.2731029999531702, 2.7972195834906115] 

Median VQE eigenvalues:
15.275376026029098 

Min eigenvalue after 100 VQE steps on Aer qasm simulator: 2.99575e+00
Delta from reference energy value is 2.10412e+00 

Optimizer history of the smallest VQE eigenvalue:
[184.47855270959667, 374.24511877385424, 186.48842716650745, 140.84667391665243, 86.70763400314615, 176.2832395072455, 46.676061579570785, 45.39068309935041, 44.892312069286774, 35.341762739702304, 47.62861189631916, 111.85591401343927, 35.00725120175367, 13.052801278597485, 11.164124397390239, 98.19981766388422, 34.98879199697498, 21.08471673589725, 11.976389383203681, 40.86764676074365, 15.979169310524178, 26.058020562792652, 14.34559447271453, 11.016730638959352, 18.27523371292273, 15.306236470150278, 13.934352673259301, 14.79963327330072, 9.191589717347494, 17.095322289987855, 11.243078669408293, 13.048809405479698, 24.864494427010776, 17.217760962589736, 10.260133305057277, 13.516190047632598, 4.045998014055011, 13.871086306924967, 7.126689036922733, 8.639292142191449, 3.4862702639828154, 6.836234965924518, 8.90136997141617, 0.30547232148414505, 5.91605052402748, 6.584201631247547, 6.48554556729892, 5.301484735132145, 11.12132037672815, 10.36043572473513, 5.35953193663482, 1.5309552115532474, 5.251072336034151, 1.9303723912666477, 5.400548881040962, 11.616974306118784, 0.28510616135250677, 6.789792254052758, 6.851218818663469, 2.3486531388779217, 5.819176987036033, 5.2202017583834905, 7.436890222678767, 4.951410825662436, 3.876757292017208, 10.89865794657438, 4.841316166033952, 8.649481924482705, 6.43273084282176, 2.537369326698179, -1.162718088164357, 8.189815261400398, 8.051746660295276, 1.4954147212145417, -2.645989564988588, 1.820411844017101, 3.6258811220264575, 5.684207839614623, 4.697947284805129, 5.561025460909299, 8.453750257605384, 2.5070585496111693, 3.8384386263641743, 6.887159734520404, 4.227766006753287, -1.2830823275339145, 2.48351084422883, 2.239512549867709, 4.7108122109580695, 7.854266467185122, 7.577272683389452, 5.398015963901122, 6.262653693465567, 3.4039981422400274, 0.5536805691830695, 7.147821935753994, 6.840268674657411, 3.4391317328314353, 7.531154589341825, 7.404600318638014, 12.074403792607857, 11.017686102175281, 5.305646562404631, 3.0893447522187985, 10.088837867839375, 10.282552574685681, 8.2527508927179, 2.0323229965833085, -0.29677235780741373, 4.6334142852402485, 6.048655741791897, 11.175997701656023, 3.72599200448508, 5.2965757780281235, 8.70214727218776, 4.075403550291263, 2.6267064073377986, 8.555136645211482, 6.034247508178767, 11.122741330114998, -2.406146990925533, 0.8298832558345892, 2.5670302453371026, 8.180909128797062, 4.029643260368148, 7.273480526167451, 7.203294438920116, 2.7643228674859746, 6.898555264885145, 8.219060003569778, 8.04862968951879, 10.035507842625126, 5.14968469765329, 11.327870440154339, 5.938422303400612, 7.156140565083366, 8.295830311152322, 1.3238188251492207, 7.64540608624837, -0.3183845413011377, 4.000835586532357, 9.419865762305442, 8.057636546088709, 3.6953046401330294, 5.853714182352066, 2.2194382905108174, 4.218002593560687, 5.422984969076804, 5.658791956142711, 6.176500552928197, 5.232760574699629, 3.57405309879807, 7.997549517097028, 8.162095066933718, 0.8721122489213027, 4.1162798794222235, 8.644120412448375, 4.744754950119128, 10.863992679546417, 7.631337630868471, 0.7161944765250423, 5.910022855662311, 3.706289028438528, 6.3942389080057636, 7.989113641012445, 6.961012417382673, 9.872797554975282, -0.5418749276830948, 2.2078889585440447, 4.184907986949726, 2.3671775895468703, 9.562614786985012, -4.482877660532579, 4.929077208919866, 2.3887414058185055, 0.8175594080470452, 1.5825735893979056, 7.073709175353925, 0.5423612360112915, 4.95630891721207, 2.6023401827884527, 9.572904583511416, 7.440571537955659, 10.475826898691974, 9.309381051705163, 4.582011644928223, 6.640285876911082, 4.297699848106194, 8.261024563120342, 3.086252203458917, 4.550674726901381, 3.0046933140659524, 1.8970771146349126, 6.24224022965604, 3.0402012291243343, 4.425473904908843, 9.381662179071617, 6.962455862550767, 7.951292690237289, 10.220190531038186, 0.87227188394312, 8.22568896908212, 5.034107954973482, 2.3455686368070645, 6.4710766975728236, 2.995748718522904] 

Optimizer history of the smallest VQE eigenvalue standard deviation:
[3.961526974741542, 3.8059224965453105, 3.9763510084611284, 3.932782200097625, 3.798251261640472, 3.8436073485581335, 3.5638573054022835, 3.527344643164825, 3.5875688837783137, 3.5925277273703045, 3.6552873002210973, 3.9237597865855185, 3.592001062113355, 3.3816011048993864, 3.359522679032336, 3.8341885039297936, 3.474122177690155, 3.4245449397042753, 3.3517113438138897, 3.6052935906647234, 3.375745465285643, 3.583891828519994, 3.3921052889876693, 3.328485808267365, 3.3317219632868014, 3.3380928646721872, 3.378276950455799, 3.3503836658701434, 3.3674620340505714, 3.379740516608135, 3.3299607394563897, 3.367732308323767, 3.408972542412341, 3.3770094185561317, 3.3401359021698918, 3.32439216854097, 3.3432736654720823, 3.3690276350133552, 3.3555639184738193, 3.3543305544819466, 3.299337007612871, 3.3277247380142474, 3.281654848394548, 3.30026705320342, 3.3011335395067807, 3.306703397497839, 3.294515037194457, 3.301618443677363, 3.303573811681985, 3.2962304634828383, 3.3094794154980667, 3.333289223667423, 3.291962061547577, 3.3068816846794262, 3.3071352584820684, 3.316485274505587, 3.283033310207726, 3.2883689398993603, 3.2800119639918908, 3.285105180330259, 3.285882232480206, 3.289930471253585, 3.2828467158827115, 3.289735439999863, 3.2850180759105725, 3.274291674876452, 3.2854868024923913, 3.2866814725843434, 3.2826084512589837, 3.2776393838167737, 3.2837085540674766, 3.275403224387353, 3.2855277693635694, 3.284910658671256, 3.2919787035049373, 3.286170468748756, 3.2937455591090465, 3.2806317128822515, 3.2910224974610194, 3.2850004998319378, 3.287021422760493, 3.285452879952236, 3.28788060906447, 3.285630714627887, 3.2885508711789853, 3.284648965606316, 3.2869830267966034, 3.2842771322914164, 3.2866486443807275, 3.2822546106248507, 3.284891636010806, 3.290488610628639, 3.2888685378190488, 3.2845859710243186, 3.2903405701185666, 3.2833743714192742, 3.28663977235755, 3.2848186451750974, 3.2857762421625756, 3.28829758948271, 3.277702814632423, 3.293503761174126, 3.2927354778097193, 3.285975263430594, 3.289184941218389, 3.2833969678105017, 3.2863592054784116, 3.284182876105399, 3.2884606022821927, 3.2851628122824796, 3.2880817017282586, 3.2808638741985843, 3.2892462531191176, 3.291006686073151, 3.28561433153657, 3.286449664347325, 3.2888872566532386, 3.2895449710700317, 3.292509500285628, 3.2814053026036922, 3.2875564538773263, 3.283971185982398, 3.2848813942003763, 3.2857278924599767, 3.2904752211630584, 3.2868771509759522, 3.288595675428337, 3.2856503432295217, 3.2939134554999523, 3.2880261736390604, 3.283890175131258, 3.2882045589866635, 3.2861994861729333, 3.2849229744767854, 3.2910582738921668, 3.2870295142586454, 3.2843183317101063, 3.285045143935025, 3.2847030556913777, 3.2876059102393387, 3.2876445754614094, 3.284646270242416, 3.2841687194773663, 3.285986069362998, 3.292491421964504, 3.28483677418609, 3.2824348804956056, 3.29234124061932, 3.287759503517717, 3.286126623841329, 3.2905077336545414, 3.2897851284797706, 3.276455763794536, 3.2888856960197868, 3.2933117200796476, 3.2892558715618314, 3.286922873542839, 3.2884017027222425, 3.2826310523961735, 3.28616846170802, 3.2840860256222917, 3.2915671390493086, 3.2922375016428314, 3.284480712308116, 3.287423811101104, 3.2855842060747036, 3.2902940593799714, 3.291441229863361, 3.2892358057415256, 3.28547758169834, 3.2883683868491786, 3.2892099491801776, 3.2946543047232097, 3.289282058828309, 3.2826883063172843, 3.28990391546171, 3.2868970052445676, 3.2910475839153035, 3.28542965246893, 3.2850030458523083, 3.282430381528307, 3.2816573175258403, 3.280183080689193, 3.284121015244494, 3.2855487233256646, 3.2868514800827073, 3.2852726259497893, 3.279788261336928, 3.2874730604028146, 3.2896856860907397, 3.292931713445783, 3.2882369614225038, 3.2914079128040217, 3.289210404220088, 3.28430914782544, 3.2873155857759198, 3.2822823483051193, 3.287877067479186, 3.287564838967624, 3.2863695388909697, 3.2881821729234497, 3.289275576676882, 3.2897027363010674, 3.2866823658662594, 3.284812057584829, 3.284190109169366] 

Smallest VQE eingenvalue optimizer final message:
{   'aux_operators_evaluated': None,
    'cost_function_evals': 206,
    'eigenvalue': 2.995748718522904,
    'optimal_circuit': <qiskit.circuit.library.n_local.real_amplitudes.RealAmplitudes object at 0x00000177E167EF60>,
    'optimal_parameters': {   ParameterVectorElement(θ[1]): -3.37502294088385,
                              ParameterVectorElement(θ[2]): 3.0623082936038553,
                              ParameterVectorElement(θ[10]): -0.6722337308672194,
                              ParameterVectorElement(θ[9]): 3.016801594045505,
                              ParameterVectorElement(θ[11]): -1.986744112376763,
                              ParameterVectorElement(θ[0]): -2.6986553663179578,
                              ParameterVectorElement(θ[5]): 1.5940053300184067,
                              ParameterVectorElement(θ[8]): -0.0025944385989637507,
                              ParameterVectorElement(θ[6]): 2.091074621266761,
                              ParameterVectorElement(θ[4]): 0.7366558618110264,
                              ParameterVectorElement(θ[3]): 0.18010773061828256,
                              ParameterVectorElement(θ[7]): 0.29134463693755996},
    'optimal_point': array([-2.69865537e+00, -3.37502294e+00,  3.06230829e+00,  1.80107731e-01,
        7.36655862e-01,  1.59400533e+00,  2.09107462e+00,  2.91344637e-01,
       -2.59443860e-03,  3.01680159e+00, -6.72233731e-01, -1.98674411e+00]),
    'optimal_value': 2.995748718522904,
    'optimizer_evals': None,
    'optimizer_result': <qiskit_algorithms.optimizers.optimizer.OptimizerResult object at 0x00000177C0A853A0>,
    'optimizer_time': 486.05914545059204}
     ┌──────────┐ ░                           ░  ┌──────────┐
q_0: ┤ Ry(θ[0]) ├─░───────────────────────■───░──┤ Ry(θ[6]) ├
     ├──────────┤ ░                     ┌─┴─┐ ░  ├──────────┤
q_1: ┤ Ry(θ[1]) ├─░──────────────────■──┤ X ├─░──┤ Ry(θ[7]) ├
     ├──────────┤ ░                ┌─┴─┐└───┘ ░  ├──────────┤
q_2: ┤ Ry(θ[2]) ├─░─────────────■──┤ X ├──────░──┤ Ry(θ[8]) ├
     ├──────────┤ ░           ┌─┴─┐└───┘      ░  ├──────────┤
q_3: ┤ Ry(θ[3]) ├─░────────■──┤ X ├───────────░──┤ Ry(θ[9]) ├
     ├──────────┤ ░      ┌─┴─┐└───┘           ░ ┌┴──────────┤
q_4: ┤ Ry(θ[4]) ├─░───■──┤ X ├────────────────░─┤ Ry(θ[10]) ├
     ├──────────┤ ░ ┌─┴─┐└───┘                ░ ├───────────┤
q_5: ┤ Ry(θ[5]) ├─░─┤ X ├─────────────────────░─┤ Ry(θ[11]) ├
     └──────────┘ ░ └───┘                     ░ └───────────┘
The number of ansatz parameters is: 
 12
Line for latex table
RA r1 rl & $1\mathrm{e}{-08}$ & 10000 & 100/100 &200 & $2.9957\mathrm{e}{+00}$ & $3.2842\mathrm{e}{+00}$ & $2.1041\mathrm{e}{+00}$ & $1.5275\mathrm{e}{+01}$ & $1.4384\mathrm{e}{+01}$ & - & 13h 33m 11s\\

