0.09559999999999746 0.006637014389015584
0.01909999999999812 0.0033750020740734277
0.03340000000000032 0.0042996269605629885
0.06610000000000049 0.0061755219212630075
0.1537000000000015 0.008577881032049822
0.06980000000000075 0.003910172374717007
0.6606000000000005 0.00844735887718759
0.05959999999999965 0.004845103920454116
0.06550000000000011 0.0061863240296641505
0.10540000000000127 0.005522782631970958
0.10860000000000003 0.007394985598363252
0.06379999999999875 0.00538328524230325
0.10179999999999989 0.007441586658771087
0.05179999999999918 0.004296506487834038
0.033800000000000274 0.0038399229158929643
0.20489999999999942 0.007493885440811072
0.02319999999999922 0.0032159129341448227
0.0788000000000002 0.007075403592728832
0.045399999999999 0.0027930442173370526
0.022499999999999964 0.0033881391647923604
0.6329999999999982 0.009959500389075757
0.10080000000000133 0.007170682533762046
0.05600000000000094 0.0049263564629449955
0.010600000000000165 0.002456508090766266
0.021300000000000097 0.002602141617975469
0.08329999999999949 0.004600314880527195
0.19369999999999976 0.008499888058086416
0.01309999999999878 0.00255712709891393
0.05169999999999941 0.004062968742188403
0.06610000000000049 0.005841645059398942
0.10299999999999976 0.00579593650758873
0.08460000000000001 0.004654416397358548
0.23079999999999945 0.008262973798820867
0.1122999999999994 0.0057485004131512555
1.577700000000001 0.014922029319097325
0.030400000000000205 0.003497891936581246
0.9593999999999996 0.009931069227429637
0.0948999999999991 0.007180332930999783
0.043900000000000716 0.004333794065250464
0.21280000000000054 0.00814189953266435
0.023600000000000065 0.0025485713645099243
0.02149999999999963 0.002115529011854954
0.23070000000000057 0.006480082946999981
0.09759999999999991 0.0073070743803522326
0.017300000000000537 0.0029425545024688894
0.11969999999999903 0.007339424023722844
0.12470000000000159 0.008096229925094765
0.1811000000000007 0.007476986625640042
1.3731999999999998 0.01666164289618524
0.023099999999999454 0.0025158129898702575
0.09879999999999978 0.00751160382341881
0.9783000000000008 0.0033643568478982705
0.09059999999999935 0.004316979036316946
0.06209999999999827 0.005573053651275921
0.04659999999999975 0.004957748682617946
0.42930000000000046 0.013470194022359142
0.06259999999999977 0.0053800602227112625
0.062399999999999345 0.0031246113358304214
0.0445999999999982 0.004765363364949193
0.1780999999999997 0.008206308853558946
0.1383000000000001 0.008661977083784045
0.07160000000000011 0.005141430929225845
0.15090000000000003 0.009235735108804273
0.06509999999999927 0.005416856929991766
0.026699999999999946 0.003197044729120957
0.028399999999999537 0.0038324122951478097
0.14539999999999775 0.006001666768490227
0.026099999999999568 0.003834785913189936
0.04780000000000051 0.004915909681839168
0.05770000000000053 0.005586742789855286
0.10519999999999907 0.007959133118625426
0.05370000000000097 0.0055851178143347955
0.08169999999999966 0.006105012940199223
0.08170000000000055 0.0066090130125458215
0.06409999999999982 0.0056067412103645515
0.0486000000000022 0.004117567242923907
0.0766 0.004875216508012759
0.05080000000000062 0.004671897259144296
0.04430000000000067 0.004822922868966494
0.0942999999999996 0.007211075855931632
0.06829999999999892 0.006054767955917049
0.06369999999999898 0.004052635315446007
0.09050000000000047 0.0059925020650809955
0.058900000000000396 0.005992702812587997
0.10879999999999956 0.005860101023020003
0.128000000000001 0.008674275070575055
0.04490000000000016 0.004929252377389489
0.013699999999999157 0.0021729650250291543
0.21860000000000035 0.009110404820862786
0.039699999999999847 0.0037539170209262905
0.03550000000000075 0.0033040270882666732
0.05459999999999887 0.003852127723739185
0.03619999999999912 0.00378756702910985
0.08349999999999991 0.006479259448424642
0.07800000000000029 0.00638725606187822
0.18660000000000032 0.010132572822338854
0.2701999999999991 0.01144838818349552
0.4103000000000012 0.012914148558848156
0.07319999999999993 0.006564242530559023
0.11880000000000024 0.005555362814434363
