RA_r1_rl
31m29s__56
1e-03
1.04330798491323
0.9985725917395236
0.9794509846374857
1.1908255311568656
0.999110908407223
1.2141735193001222
1.8051858884191003
1.1166277519425731
1.0333318961458071
0.898901237333978
1.5935798160454224
2.0011318740287125
1.267197035598894
1.3629001822381228
0.9116242200440212
1.4460251599544456
1.1331458798655287
1.63838079234184
1.2160019721238213
1.0769998225843453
0.926182329622866
1.5739179731855026
1.0800183388390887
1.3726576276242497
1.160891276384489
1.1104330633767465
1.1763652296946474
0.9497913387741651
1.379362011492419
1.2499093079410848
1.0127811118831034
1.9455235598969849
1.195369015648482
1.1065392865352064
1.830066133450424
0.9689795597202155
1.2057585796470343
1.504400754263649
0.9124533172540503
1.0577924565333467
1.3442257934117614
1.1910927463170582
1.1251109204544623
1.118871866948723
1.147305109536171
1.035609272945226
1.0918195266574469
2.070754030423615
1.1671124552927417
1.7692875769030758
1.3210163138189457
1.1644535594474776
1.5596777315044301
1.0549228163041051
1.302292010887595
1.1497414261588412
1.6465418629170834
1.163002098128647
1.185462064814607
1.0130600399848149
1.0691301073770856
1.2113968659500143
1.6377004931695254
1.3489381103223286
1.0677834087082108
1.5260111828633796
2.748577397065432
1.9278075496913942
1.0332799354783484
2.019698391511207
1.0328398849682605
1.287941331174676
1.010720638559333
1.0475871759614286
0.9069302350778113
1.0358184857987567
1.106489398748235
1.0672964057280514
1.4911349262574347
1.2267002036846502
1.0967889006044995
1.2840618314413266
1.9276729014240637
1.0554015550272093
1.7928849613725693
1.1986896876881938
1.0226781418687931
1.7158414845347427
1.0187082923588382
1.1216900129877223
1.099904890880486
1.0764622434110833
1.7149055375704045
1.9306337148729538
1.2276090989076889
1.8286106912874076
1.0374927606936035
1.0665959551657533
1.361284330047926
1.1366262854557585
