1.04330798491323 0.042804911421222516
0.9985725917395236 0.047242384863278385
0.9794509846374857 0.04884158679426074
1.1908255311568656 0.049219380577916215
0.999110908407223 0.0501058355654378
1.2141735193001222 0.04090245183314974
1.8051858884191003 0.04508674797624055
1.1166277519425731 0.040596359476537745
1.0333318961458071 0.051418424984442615
0.898901237333978 0.04466136151878616
1.5935798160454224 0.04930754713197484
2.0011318740287125 0.04593521305698635
1.267197035598894 0.045061719227056415
1.3629001822381228 0.04708372272770256
0.9116242200440212 0.05097781285879634
1.4460251599544456 0.03792254618269798
1.1331458798655287 0.04712073675619467
1.63838079234184 0.04955210467705836
1.2160019721238213 0.041539253506269545
1.0769998225843453 0.04402170151696258
0.926182329622866 0.05125795306541443
1.5739179731855026 0.04459346568990538
1.0800183388390887 0.04998129943890836
1.3726576276242497 0.03669114290196775
1.160891276384489 0.05413517080688374
1.1104330633767465 0.043729311991348864
1.1763652296946474 0.040729176398884
0.9497913387741651 0.050326937329140176
1.379362011492419 0.051515074490625874
1.2499093079410848 0.04889823013012952
1.0127811118831034 0.04490983870769126
1.9455235598969849 0.041639703350424113
1.195369015648482 0.04271761817733413
1.1065392865352064 0.040460217734373805
1.830066133450424 0.045991617076968055
0.9689795597202155 0.04609004952502041
1.2057585796470343 0.04083076119371664
1.504400754263649 0.04739491982456566
0.9124533172540503 0.044658391689482504
1.0577924565333467 0.050716798314482066
1.3442257934117614 0.03644859214808035
1.1910927463170582 0.046187740238719514
1.1251109204544623 0.04667377372984718
1.118871866948723 0.0457603725071839
1.147305109536171 0.04779317383733549
1.035609272945226 0.04823256741708299
1.0918195266574469 0.049406109088873246
2.070754030423615 0.05302998286320366
1.1671124552927417 0.04239652417955458
1.7692875769030758 0.04396791119969391
1.3210163138189457 0.03721166541101388
1.1644535594474776 0.04750982247168091
1.5596777315044301 0.049863476616403744
1.0549228163041051 0.05019523454627581
1.302292010887595 0.04743372131935242
1.1497414261588412 0.042878547139978546
1.6465418629170834 0.047291762789772075
1.163002098128647 0.04627324437228739
1.185462064814607 0.04095415025468946
1.0130600399848149 0.04680755764176794
1.0691301073770856 0.044892321685684224
1.2113968659500143 0.045242920487840343
1.6377004931695254 0.0517277694356631
1.3489381103223286 0.04846042159742375
1.0677834087082108 0.04579679460180225
1.5260111828633796 0.052015748693268825
2.748577397065432 0.0508318005179475
1.9278075496913942 0.05121278679765193
1.0332799354783484 0.045042441033467905
2.019698391511207 0.04553791037886892
1.0328398849682605 0.04617681624007087
1.287941331174676 0.051363886549645986
1.010720638559333 0.049020114974406004
1.0475871759614286 0.04321898582387482
0.9069302350778113 0.04962620605128017
1.0358184857987567 0.05026223911787358
1.106489398748235 0.04283908637760589
1.0672964057280514 0.04829451744362703
1.4911349262574347 0.048372802496174296
1.2267002036846502 0.046006284049577996
1.0967889006044995 0.05113708869214857
1.2840618314413266 0.04375595311939987
1.9276729014240637 0.04671267058137102
1.0554015550272093 0.04446677200192616
1.7928849613725693 0.04564198580505063
1.1986896876881938 0.044780296572826894
1.0226781418687931 0.04512472994966861
1.7158414845347427 0.04843001500904332
1.0187082923588382 0.046747983422328256
1.1216900129877223 0.046179810477034344
1.099904890880486 0.05078894656847549
1.0764622434110833 0.04279191275893509
1.7149055375704045 0.042291911030985556
1.9306337148729538 0.05283645730569391
1.2276090989076889 0.04008972915766754
1.8286106912874076 0.04500031443359173
1.0374927606936035 0.04490954958984246
1.0665959551657533 0.04663404344899296
1.361284330047926 0.03917243466840832
1.1366262854557585 0.04900903683119738
