RA_r1_rl
02m59s__581
1e-08
-0.4375
-0.4375
-0.4374999999999951
-0.43749999999997646
-0.4374999999999998
-0.4375
-0.43749999999972744
-0.4375
-0.4374999999999998
-0.4374999999999999
-0.43749999999999956
-0.4375
-0.4374999999999998
-0.43749999999999967
-0.4374999999999998
-0.4375
-0.4374999999999999
-0.4374999999997117
-0.43749999999999956
-0.4374999999999998
-0.4374999999999871
-0.4374999999999999
-0.4375
-0.4375
-0.4375
-0.4374999999999998
-0.43749999999999867
-0.4374999999999998
-0.43749999999999956
-0.43749999999837275
-0.4375
-0.4374999999999998
-0.4375
-0.4374999999999999
-0.4374999999999999
-0.4374999999999797
-0.43749999999999756
-0.4375
-0.43749999999999534
-0.43749999999999967
-0.43749999999999933
-0.4375
-0.4374999999999992
-0.43749999999999956
-0.43749999999999334
-0.4375
-0.43749999999999956
-0.4374999999999998
-0.4375
-0.43749999999999956
-0.4374999999998488
-0.43749999999999967
-0.4375
-0.4375
-0.43749999999999956
-0.4375
-0.4375
-0.43749999999999956
-0.4374999999999999
-0.4374999999999998
-0.4375
-0.4374999999999958
-0.43749999999999956
-0.43749999999999667
-0.4374999999999998
-0.4374999999999998
-0.4375
-0.4375
-0.43749999999999967
-0.4374999999999998
-0.4375
-0.43749999999999944
-0.43749999999999956
-0.43749999999997347
-0.43749999999999944
-0.4375
-0.4375
-0.4374999999999999
-0.4374999999993976
-0.4374999999999998
-0.4375
-0.43749999999999967
-0.43749999999999956
-0.4374999999999978
-0.43749999999982414
-0.43749999999982947
-0.4374999999999998
-0.4374999999999891
-0.4374999999999998
-0.43749999999999956
-0.4374999999999992
-0.43749999999999967
-0.4374999999999999
-0.4374999999999989
-0.4374999999997854
-0.4374999999997472
-0.4374999999999951
-0.4375
-0.4374999999999998
-0.43749999999999956
