RA_r1_rl
03h33m15s__76
1e-02
1084.3545254503701
-3.5273242147400197
463.89845023451437
860.5017933557259
590.3300953171777
164.6520780234667
-89.05767009321423
914.6090415364166
375.66684131556894
432.0089200763109
318.7291814920361
870.4247027274798
546.5480746819371
1916.1292769037411
721.647257506887
289.74412751927923
387.9589803356669
327.8813994223471
144.23552521611396
123.64889523936904
1260.3004596614967
216.13004608589512
322.96579741575795
840.4218281290268
1254.335142470393
446.3378772215125
328.49537068381676
171.2283207229218
284.1395328989254
484.32201022973857
745.9535535670201
585.982579154811
166.79472147967135
252.64246099174477
1014.7469724255546
1047.3523641992222
228.48023157435105
171.1845048986233
911.0701734393017
428.94901848556776
275.4915975006254
990.1450308955218
430.89303127758353
447.47291678188594
207.38233946732322
330.9403445655814
454.002798801132
684.9696901350633
427.1068505736788
153.27981280891942
447.94633206815865
1076.8227463887408
683.3388360244655
556.0923227990831
332.47080818269154
176.20483204972572
327.86113808957555
341.73798924733717
917.7203323156052
842.093044126312
-56.64934907641715
520.0369631084993
188.9419228767431
662.0738905123164
1335.9849176406785
506.9263582670572
868.1989237651283
445.98040581919633
994.7674695729327
319.88803805314853
401.3424146354557
651.2005254943039
210.9475057651287
54.58360868820108
279.15970944129674
460.183633086582
162.85089073503443
685.7599657939192
396.11968597703674
591.1275236980954
635.0250940122434
353.5985861005735
983.8259544364491
1203.648377781146
138.27025383711873
160.0620960483527
591.7009343444587
127.18543552997585
818.1686983053378
91.70060383866024
945.3547744002433
475.53625109398297
296.0841331702158
394.891360105191
1239.1085321517203
309.9199639195918
515.6726243940009
1227.534584863904
424.9844130534807
794.5966294947349
