1084.3545254503701 162.8287419711839
-3.5273242147400197 144.512007068908
463.89845023451437 161.76005562514135
860.5017933557259 167.48332047369
590.3300953171777 139.7125557595208
164.6520780234667 144.27350734802891
-89.05767009321423 129.01172639201008
914.6090415364166 153.39594270196352
375.66684131556894 158.70749667311023
432.0089200763109 168.43014776427012
318.7291814920361 140.8866510854714
870.4247027274798 142.79320470406498
546.5480746819371 156.34957727599854
1916.1292769037411 163.8379106394587
721.647257506887 169.68499207451333
289.74412751927923 128.34483295706474
387.9589803356669 146.4056382183404
327.8813994223471 158.71681978321072
144.23552521611396 117.78072708919575
123.64889523936904 136.68076816525524
1260.3004596614967 164.61177403946107
216.13004608589512 118.65192872684838
322.96579741575795 154.64914526670964
840.4218281290268 146.84399118082376
1254.335142470393 170.0093544145358
446.3378772215125 160.1279314677267
328.49537068381676 121.16766652415582
171.2283207229218 141.29319087899316
284.1395328989254 157.77296589069294
484.32201022973857 151.22324237455558
745.9535535670201 153.28930847129618
585.982579154811 157.3033423120662
166.79472147967135 153.40295877768904
252.64246099174477 135.18138442820415
1014.7469724255546 159.9377509214535
1047.3523641992222 155.9615484240153
228.48023157435105 144.49281024317347
171.1845048986233 134.88276165080168
911.0701734393017 153.78402259905639
428.94901848556776 155.6002777765327
275.4915975006254 144.95858670867798
990.1450308955218 153.07174117152337
430.89303127758353 161.10902455541776
447.47291678188594 138.56824313589564
207.38233946732322 149.85851093166036
330.9403445655814 139.16684627260113
454.002798801132 159.25589346309664
684.9696901350633 152.18886963127412
427.1068505736788 153.30384528090795
153.27981280891942 151.4928198705864
447.94633206815865 145.61068028643126
1076.8227463887408 163.58427454409218
683.3388360244655 146.56628377386332
556.0923227990831 144.7631412536001
332.47080818269154 135.09575919748295
176.20483204972572 147.8327151468042
327.86113808957555 147.49282619487443
341.73798924733717 165.50997509582925
917.7203323156052 160.10266199358745
842.093044126312 162.89309839761148
-56.64934907641715 154.0432448434657
520.0369631084993 151.54657729630173
188.9419228767431 129.0465871075035
662.0738905123164 137.05443347032977
1335.9849176406785 170.94852072237543
506.9263582670572 144.15633585662698
868.1989237651283 149.76162171973252
445.98040581919633 152.0259582975675
994.7674695729327 160.7038118031199
319.88803805314853 154.87926961760513
401.3424146354557 141.52261885440203
651.2005254943039 146.4499359828518
210.9475057651287 152.28525347800468
54.58360868820108 136.44276076162905
279.15970944129674 151.23506552423123
460.183633086582 112.17312417765389
162.85089073503443 137.3421258477821
685.7599657939192 153.3155851610477
396.11968597703674 139.2880871016376
591.1275236980954 155.20280221218817
635.0250940122434 138.90680594376062
353.5985861005735 129.85921393794587
983.8259544364491 168.53205179692716
1203.648377781146 157.21257708374597
138.27025383711873 103.30455232905737
160.0620960483527 153.10000305644044
591.7009343444587 152.4555554217972
127.18543552997585 120.90419899278973
818.1686983053378 133.14368053530586
91.70060383866024 129.8417672994806
945.3547744002433 156.50898384682984
475.53625109398297 140.9368783790655
296.0841331702158 135.03611854770548
394.891360105191 133.91689889846148
1239.1085321517203 162.36653409989748
309.9199639195918 133.51364974964628
515.6726243940009 141.8701436358275
1227.534584863904 160.09011185457646
424.9844130534807 152.4454938490894
794.5966294947349 149.63152645998565
