RA_r1_rl
02h56m04s__145
1e-08
3.8115774704412932
2.5675423519394274
3.430069921383334
5.057126863087964
2.460279003470811
3.2054153011826614
1.4571917500642888
1.2269055668868885
4.5221374433373835
5.183396180424935
3.81698503744987
1.3078273972022392
1.2816660009883272
2.4517964097677556
8.50277970130985
1.5566903914344803
2.211919945002231
1.8657674147855146
4.336002012385727
2.056836531497746
4.980010928067817
2.374374426301298
3.6221163125409643
3.5041050314123243
2.8039918430927004
3.28124863049441
2.980071508886441
2.656027016526801
2.7988314077366563
3.976546657962781
5.168228389012817
6.308423564061723
1.5591495766513246
6.613336051934363
4.412081682570083
2.5829105114030115
2.34180726563442
4.248675710936414
3.526837986979983
1.0868625173429294
2.2130571600322484
2.143106415266774
3.3041446925641673
3.099382953113082
2.479611458766318
3.89827892015268
1.7890516334395494
1.3580507976074212
2.571173230276619
5.758838929965967
2.2424500232839564
2.7218149668004568
4.006676744373843
1.4010838252015192
3.524894303611794
3.4645299393633326
2.999046510871164
2.7733262750813923
3.8885005382729436
3.418951462810805
4.971875819034229
2.4460084614580153
4.0357056265104765
1.6059000261538228
3.9345846466285406
4.87331596504684
1.214371793201988
5.402974249938664
5.735817422425329
3.638921381767832
3.345086251286681
3.9009308703693804
3.529277966162187
1.2544640519569676
3.2438083131010544
1.3353071870087614
3.227660699652597
1.8147919831295645
2.9842174099672136
4.083586920251875
2.0798606086045486
2.1834338284185764
1.67485711135327
4.5315970354526405
5.7652928001867725
7.014379732838376
4.840572653214912
3.7480499471462227
2.3622876674842996
7.841007705353687
5.599884297373245
1.621966281528276
1.2991075068153415
1.6292940030609864
3.5661806918850147
2.3520751422163997
5.025785792433156
4.051689085374204
3.3676051864453327
4.771510943672046
