3.8115774704412932 0.21196507480391744
2.5675423519394274 0.21951477210179707
3.430069921383334 0.21463897974624482
5.057126863087964 0.19457289712371936
2.460279003470811 0.17706589105824355
3.2054153011826614 0.18821134385115604
1.4571917500642888 0.18724268995383464
1.2269055668868885 0.1935489500118897
4.5221374433373835 0.20901758236489068
5.183396180424935 0.2256991757107092
3.81698503744987 0.21738792001075666
1.3078273972022392 0.21268503329961547
1.2816660009883272 0.20061033840908643
2.4517964097677556 0.19976104693257285
8.50277970130985 0.21548626236755805
1.5566903914344803 0.18743355113292323
2.211919945002231 0.19119993017938589
1.8657674147855146 0.18073441361812678
4.336002012385727 0.20525045666140454
2.056836531497746 0.18835809346174673
4.980010928067817 0.21988980842232042
2.374374426301298 0.20805864052136686
3.6221163125409643 0.22011958506386983
3.5041050314123243 0.21371612617438832
2.8039918430927004 0.16931319742102685
3.28124863049441 0.19845443788155626
2.980071508886441 0.20198400374684625
2.656027016526801 0.19262026155892287
2.7988314077366563 0.21865988721040838
3.976546657962781 0.20676011716822612
5.168228389012817 0.2177366388183958
6.308423564061723 0.2196956270322125
1.5591495766513246 0.20663014848156736
6.613336051934363 0.20348219238393161
4.412081682570083 0.17588960156441283
2.5829105114030115 0.17840838205482523
2.34180726563442 0.16809697392413422
4.248675710936414 0.1859704987752825
3.526837986979983 0.20865614147604214
1.0868625173429294 0.20422167067283778
2.2130571600322484 0.18346107558686578
2.143106415266774 0.17383234554905588
3.3041446925641673 0.15910696962660137
3.099382953113082 0.1680324654023931
2.479611458766318 0.18062298216261236
3.89827892015268 0.20426798426383214
1.7890516334395494 0.2093621364782694
1.3580507976074212 0.1958594404140793
2.571173230276619 0.1959104057368914
5.758838929965967 0.2150988920839418
2.2424500232839564 0.20573423874078814
2.7218149668004568 0.21828441171488255
4.006676744373843 0.21325680173737546
1.4010838252015192 0.18839209763146936
3.524894303611794 0.19638155506943827
3.4645299393633326 0.2084301966594022
2.999046510871164 0.2060722859377352
2.7733262750813923 0.20496493212842748
3.8885005382729436 0.187331641019871
3.418951462810805 0.2024725789479915
4.971875819034229 0.21968005755841855
2.4460084614580153 0.20746970673983867
4.0357056265104765 0.17638593093547028
1.6059000261538228 0.20660527349683216
3.9345846466285406 0.221653575470964
4.87331596504684 0.19804655008387936
1.214371793201988 0.1997378951059941
5.402974249938664 0.22510189447483855
5.735817422425329 0.23325731638377584
3.638921381767832 0.17627672036992076
3.345086251286681 0.17669030935445434
3.9009308703693804 0.1962160522319963
3.529277966162187 0.19639640921425325
1.2544640519569676 0.20649618747468756
3.2438083131010544 0.1891495516845918
1.3353071870087614 0.19530129658192327
3.227660699652597 0.1988067298575286
1.8147919831295645 0.17644717569583615
2.9842174099672136 0.19626585157619836
4.083586920251875 0.21674395390554962
2.0798606086045486 0.21201739056862634
2.1834338284185764 0.21434826817582475
1.67485711135327 0.19224082702778786
4.5315970354526405 0.20946400567809487
5.7652928001867725 0.20986989662066857
7.014379732838376 0.2181794917073365
4.840572653214912 0.1942155237572374
3.7480499471462227 0.19081671065164366
2.3622876674842996 0.19247146894439116
7.841007705353687 0.21997761767810886
5.599884297373245 0.19446481768532997
1.621966281528276 0.20193319738881033
1.2991075068153415 0.2037427899510984
1.6292940030609864 0.20036607569163578
3.5661806918850147 0.20340821023709235
2.3520751422163997 0.19353596865783765
5.025785792433156 0.22481508750389656
4.051689085374204 0.21363130716451517
3.3676051864453327 0.1820725217620824
4.771510943672046 0.20041005479328586
