With Shot Noise
03/11/2024 08:57:38 

VQEr_100_shots_10000_COBYLA_maxIter_10000_tol_1e-08_RA_r1_rl 

Reference value: 8.8458044387e-01 

Number of pauli strings:  48
Qubits:  4
VQE runs:  100
Optimizer:  COBYLA
Max iterations:  10000
Optimizers's tolerance:  1e-08
Ansatz:  RA_r1_rl 

All run converged!!!
Number of iterations for each converged VQE run:
[144, 139, 139, 142, 138, 133, 171, 153, 150, 149, 155, 166, 145, 134, 157, 129, 138, 154, 150, 152, 144, 135, 168, 159, 133, 155, 137, 155, 128, 137, 154, 143, 137, 134, 147, 131, 145, 152, 148, 144, 132, 141, 152, 136, 153, 152, 154, 163, 134, 135, 141, 142, 151, 149, 144, 126, 139, 144, 155, 137, 132, 154, 138, 152, 141, 129, 146, 151, 147, 143, 161, 137, 139, 153, 155, 147, 148, 135, 143, 139, 150, 140, 157, 135, 141, 154, 138, 132, 145, 143, 140, 151, 151, 145, 132, 137, 139, 155, 149, 142] 

Average iterations of converged run:
145 

VQE eigenvalues:
[3.8115774704412932, 2.5675423519394274, 3.430069921383334, 5.057126863087964, 2.460279003470811, 3.2054153011826614, 1.4571917500642888, 1.2269055668868885, 4.5221374433373835, 5.183396180424935, 3.81698503744987, 1.3078273972022392, 1.2816660009883272, 2.4517964097677556, 8.50277970130985, 1.5566903914344803, 2.211919945002231, 1.8657674147855146, 4.336002012385727, 2.056836531497746, 4.980010928067817, 2.374374426301298, 3.6221163125409643, 3.5041050314123243, 2.8039918430927004, 3.28124863049441, 2.980071508886441, 2.656027016526801, 2.7988314077366563, 3.976546657962781, 5.168228389012817, 6.308423564061723, 1.5591495766513246, 6.613336051934363, 4.412081682570083, 2.5829105114030115, 2.34180726563442, 4.248675710936414, 3.526837986979983, 1.0868625173429294, 2.2130571600322484, 2.143106415266774, 3.3041446925641673, 3.099382953113082, 2.479611458766318, 3.89827892015268, 1.7890516334395494, 1.3580507976074212, 2.571173230276619, 5.758838929965967, 2.2424500232839564, 2.7218149668004568, 4.006676744373843, 1.4010838252015192, 3.524894303611794, 3.4645299393633326, 2.999046510871164, 2.7733262750813923, 3.8885005382729436, 3.418951462810805, 4.971875819034229, 2.4460084614580153, 4.0357056265104765, 1.6059000261538228, 3.9345846466285406, 4.87331596504684, 1.214371793201988, 5.402974249938664, 5.735817422425329, 3.638921381767832, 3.345086251286681, 3.9009308703693804, 3.529277966162187, 1.2544640519569676, 3.2438083131010544, 1.3353071870087614, 3.227660699652597, 1.8147919831295645, 2.9842174099672136, 4.083586920251875, 2.0798606086045486, 2.1834338284185764, 1.67485711135327, 4.5315970354526405, 5.7652928001867725, 7.014379732838376, 4.840572653214912, 3.7480499471462227, 2.3622876674842996, 7.841007705353687, 5.599884297373245, 1.621966281528276, 1.2991075068153415, 1.6292940030609864, 3.5661806918850147, 2.3520751422163997, 5.025785792433156, 4.051689085374204, 3.3676051864453327, 4.771510943672046] 

VQE eigenvalues standard deviation:
[0.21196507480391744, 0.21951477210179707, 0.21463897974624482, 0.19457289712371936, 0.17706589105824355, 0.18821134385115604, 0.18724268995383464, 0.1935489500118897, 0.20901758236489068, 0.2256991757107092, 0.21738792001075666, 0.21268503329961547, 0.20061033840908643, 0.19976104693257285, 0.21548626236755805, 0.18743355113292323, 0.19119993017938589, 0.18073441361812678, 0.20525045666140454, 0.18835809346174673, 0.21988980842232042, 0.20805864052136686, 0.22011958506386983, 0.21371612617438832, 0.16931319742102685, 0.19845443788155626, 0.20198400374684625, 0.19262026155892287, 0.21865988721040838, 0.20676011716822612, 0.2177366388183958, 0.2196956270322125, 0.20663014848156736, 0.20348219238393161, 0.17588960156441283, 0.17840838205482523, 0.16809697392413422, 0.1859704987752825, 0.20865614147604214, 0.20422167067283778, 0.18346107558686578, 0.17383234554905588, 0.15910696962660137, 0.1680324654023931, 0.18062298216261236, 0.20426798426383214, 0.2093621364782694, 0.1958594404140793, 0.1959104057368914, 0.2150988920839418, 0.20573423874078814, 0.21828441171488255, 0.21325680173737546, 0.18839209763146936, 0.19638155506943827, 0.2084301966594022, 0.2060722859377352, 0.20496493212842748, 0.187331641019871, 0.2024725789479915, 0.21968005755841855, 0.20746970673983867, 0.17638593093547028, 0.20660527349683216, 0.221653575470964, 0.19804655008387936, 0.1997378951059941, 0.22510189447483855, 0.23325731638377584, 0.17627672036992076, 0.17669030935445434, 0.1962160522319963, 0.19639640921425325, 0.20649618747468756, 0.1891495516845918, 0.19530129658192327, 0.1988067298575286, 0.17644717569583615, 0.19626585157619836, 0.21674395390554962, 0.21201739056862634, 0.21434826817582475, 0.19224082702778786, 0.20946400567809487, 0.20986989662066857, 0.2181794917073365, 0.1942155237572374, 0.19081671065164366, 0.19247146894439116, 0.21997761767810886, 0.19446481768532997, 0.20193319738881033, 0.2037427899510984, 0.20036607569163578, 0.20340821023709235, 0.19353596865783765, 0.22481508750389656, 0.21363130716451517, 0.1820725217620824, 0.20041005479328586] 

Median VQE eigenvalues:
3.262528471797732 

Min eigenvalue after 100 VQE steps on Aer qasm simulator: 1.08686e+00
Delta from reference energy value is 2.02282e-01 

Optimizer history of the smallest VQE eigenvalue:
[17.619013043391746, 14.00792065447453, 22.073375115717283, 10.698923176452153, 28.86292992931557, 13.428054696396, 17.42534602188377, 17.766301697614406, 10.42520873979427, 7.420276317011618, 7.943714029908822, 7.282495675027256, 14.962283088135928, 4.695991341468849, 6.500109512868486, 3.165608789802358, 4.638988800707018, 3.9698081011860165, 4.005417406566413, 4.769018175218939, 2.7332064203203985, 2.7466285582115177, 2.7454109201622696, 2.619086577520649, 3.1030865141485, 1.8001846698286468, 1.7298665150011896, 1.1930671703474363, 1.2085246809515409, 1.0873219478148064, 1.7450283300012552, 1.3319475957166829, 1.751558500130205, 1.6780381233477037, 1.4705065884551614, 1.1403747436948815, 0.8382470807373794, 1.524455802080195, 1.1164086507844138, 1.451823074264098, 1.522806654822491, 1.5320937935753458, 1.4250371905756, 1.2634077873568146, 0.9710256424473434, 1.2556342017100521, 1.2758526787294722, 1.176835110643517, 1.0041265722586163, 0.9550893751352084, 1.1182626071363455, 1.130945888245173, 1.4144840822028895, 1.182853478200755, 1.2457994252935667, 0.9040390518787815, 1.0701586468421405, 1.374212891304249, 1.3843834771437518, 1.1055686480785856, 1.4363801962368241, 1.4040288781729835, 1.1117472831725483, 1.29162931079335, 1.0278373943363386, 1.5771797682725455, 1.0079885253368057, 1.13074014113231, 1.0738138831996495, 1.544915123778688, 1.2307201777888255, 1.1238108776215867, 1.3002098403862998, 1.3515861854548898, 0.9585177359690966, 1.233714100885619, 1.316377270868626, 1.5515753352914698, 1.2252325694615231, 1.5610907331849695, 1.1137722103840462, 1.4063573308496777, 1.3450232590197553, 1.242442371185401, 1.494949918771797, 1.2799765212762364, 1.258473926321694, 1.518012275565895, 1.3558930088465913, 1.244696960849155, 1.2987938093724092, 1.1189158710656666, 0.9396117251054602, 1.228326402026793, 1.4262903607270423, 1.2700069511950385, 1.2610511414929009, 1.249949071720798, 1.2694555234864988, 1.1816572579572573, 1.2394003939447364, 1.3224894189788738, 1.406188007413129, 1.1935157068926028, 1.0544841095695865, 0.967905309466033, 1.5737848360373141, 1.149216276691192, 1.2633135190177691, 1.2961253335910548, 1.3385699201374386, 1.2173987353254065, 1.3981465720343116, 1.3903514763294178, 1.2128752075852451, 1.0477083465913168, 1.1545744346000233, 1.3664669782365033, 1.0642257248809708, 0.8430268822537133, 1.3027750488690786, 1.1956342960533317, 1.3412798428520685, 1.042673110170908, 1.4160797927355702, 1.192661814889486, 1.4398133124949373, 0.8663473288625894, 1.1518934416030697, 1.3376815731448768, 1.3877475033809812, 1.3292443745643756, 1.2613813139147285, 0.7607438446007065, 1.2402201277455533, 0.9150256971932191, 0.9982056122578966, 1.5592222541486163, 1.3083323359958114, 1.1472245820793496, 1.0371754797084372, 1.561198970455011, 1.1959828053805546, 1.0868625173429294] 

Optimizer history of the smallest VQE eigenvalue standard deviation:
[0.2138408507368205, 0.21375299520354468, 0.21778606948344745, 0.21673752065996074, 0.22820213211100962, 0.20752672863284055, 0.18697243090006627, 0.22621505048651347, 0.21754465509076606, 0.2183069004698896, 0.20726348088414417, 0.21520273561473616, 0.23577801149506694, 0.2095501154894477, 0.2066499653498261, 0.2097931609402759, 0.21157092695872132, 0.20929662359867682, 0.21005855961924036, 0.20406042907859562, 0.21375556598807616, 0.21495910032081172, 0.212998399061434, 0.2158968118985025, 0.21790131572428686, 0.20875939306250665, 0.20805619486854615, 0.2081505394834493, 0.20439155224767921, 0.20547609548495593, 0.20788248903085513, 0.20639586216566358, 0.2108769873781358, 0.2072347157497386, 0.20644498499807748, 0.1997768302841277, 0.20435494135011936, 0.20379504615220143, 0.204673949279759, 0.20501135417557545, 0.20563719855348916, 0.20136634019905375, 0.20485609845951983, 0.20366404091647075, 0.20508177704305114, 0.20412362501563205, 0.20396177511279986, 0.20467850839982576, 0.20460359528035194, 0.20445309665490682, 0.20449089527836004, 0.203966270756011, 0.20414652735550784, 0.20447361071953862, 0.20423835220914247, 0.20433619481206478, 0.2037339633272436, 0.20408390005260602, 0.20432485329938935, 0.20429071061391724, 0.20456583117971677, 0.2043191125226201, 0.20424833170410267, 0.20459072274708698, 0.20391803425081415, 0.20407078924913805, 0.20438883013819595, 0.20378664866049584, 0.20447641999217772, 0.20502849314151128, 0.20444352029707974, 0.204288748253266, 0.20478009183297358, 0.20435428894996627, 0.20425645170907766, 0.2041356362810047, 0.20409417797533327, 0.204751239646786, 0.2041733101699312, 0.2045420662860717, 0.2043528103172551, 0.20405558841472, 0.20469654713175778, 0.20411024834713054, 0.20437115643376857, 0.20417882071439508, 0.20445353233692762, 0.20425130159657837, 0.20509039772131366, 0.2044985402349785, 0.20445678365708705, 0.2040300780860961, 0.20406009598344793, 0.20461229998222616, 0.20382740260432033, 0.2046643780613082, 0.2041054119021611, 0.2043428773555769, 0.2046407484234027, 0.2044488187876334, 0.20384865582083683, 0.20418140327786696, 0.20445872996038528, 0.20446708872739672, 0.2040493810450549, 0.20377730101266459, 0.2046640407234954, 0.20469093857515616, 0.2042088585289656, 0.20404963285652952, 0.2043278377926988, 0.20471114951672034, 0.2044035432247442, 0.2044386517889967, 0.20434802080040806, 0.204597180488441, 0.2044566702931618, 0.2042060668138244, 0.20437164063308122, 0.20420923924879478, 0.20485619670405184, 0.2043157264456235, 0.20415575658667295, 0.20421146887088037, 0.20422969778133646, 0.2042497783777808, 0.20445043488870965, 0.20424112671549322, 0.20428782844957663, 0.2042548545041297, 0.2044810765754102, 0.20446744033654637, 0.20430549512030965, 0.20396927698799003, 0.2046464853671153, 0.20384197091292222, 0.20420478502843684, 0.20466908803514572, 0.20410661899935248, 0.20373035777027926, 0.20396799517204298, 0.20413106535256226, 0.2042510891490081, 0.20422167067283778] 

Smallest VQE eingenvalue optimizer final message:
{   'aux_operators_evaluated': None,
    'cost_function_evals': 144,
    'eigenvalue': 1.0868625173429294,
    'optimal_circuit': <qiskit.circuit.library.n_local.real_amplitudes.RealAmplitudes object at 0x000001FC80F876B0>,
    'optimal_parameters': {   ParameterVectorElement(θ[0]): -0.1686359932505904,
                              ParameterVectorElement(θ[1]): -3.0798869993946676,
                              ParameterVectorElement(θ[2]): -2.1180798281242654,
                              ParameterVectorElement(θ[3]): 1.422233937962509,
                              ParameterVectorElement(θ[4]): -0.25836204547080804,
                              ParameterVectorElement(θ[5]): -3.5428793701117263,
                              ParameterVectorElement(θ[6]): 1.026990687890054,
                              ParameterVectorElement(θ[7]): 2.533157122057793},
    'optimal_point': array([-0.16863599, -3.079887  , -2.11807983,  1.42223394, -0.25836205,
       -3.54287937,  1.02699069,  2.53315712]),
    'optimal_value': 1.0868625173429294,
    'optimizer_evals': None,
    'optimizer_result': <qiskit_algorithms.optimizers.optimizer.OptimizerResult object at 0x000001FC32B331A0>,
    'optimizer_time': 103.9735939502716}
     ┌──────────┐ ░                 ░ ┌──────────┐
q_0: ┤ Ry(θ[0]) ├─░─────────────■───░─┤ Ry(θ[4]) ├
     ├──────────┤ ░           ┌─┴─┐ ░ ├──────────┤
q_1: ┤ Ry(θ[1]) ├─░────────■──┤ X ├─░─┤ Ry(θ[5]) ├
     ├──────────┤ ░      ┌─┴─┐└───┘ ░ ├──────────┤
q_2: ┤ Ry(θ[2]) ├─░───■──┤ X ├──────░─┤ Ry(θ[6]) ├
     ├──────────┤ ░ ┌─┴─┐└───┘      ░ ├──────────┤
q_3: ┤ Ry(θ[3]) ├─░─┤ X ├───────────░─┤ Ry(θ[7]) ├
     └──────────┘ ░ └───┘           ░ └──────────┘
The number of ansatz parameters is: 
 8
Line for latex table
RA r1 rl & $1\mathrm{e}{-08}$ & 10000 & 100/100 &145 & $1.0869\mathrm{e}{+00}$ & $2.0422\mathrm{e}{-01}$ & $2.0228\mathrm{e}{-01}$ & $3.2625\mathrm{e}{+00}$ & $2.3779\mathrm{e}{+00}$ & - & 02h 56m 04s\\

