RA_r1_rl
04m52s__39
1e-03
-0.42674999999999996
-0.43625
-0.43674999999999997
-0.4375
-0.4357500000000001
-0.43399999999999994
-0.43700000000000006
-0.4375
-0.43725000000000014
-0.4375
-0.4364999999999999
-0.43725000000000014
-0.4357500000000001
-0.43674999999999997
-0.43674999999999997
-0.4364999999999999
-0.43674999999999997
-0.4364999999999999
-0.4375
-0.4364999999999999
-0.4252499999999999
-0.43674999999999997
-0.43700000000000006
-0.43725000000000014
-0.4375
-0.4375
-0.4364999999999999
-0.43674999999999997
-0.4375
-0.4375
-0.43700000000000006
-0.43700000000000006
-0.4375
-0.4375
-0.4357500000000001
-0.43725000000000014
-0.4375
-0.43500000000000005
-0.4375
-0.43399999999999994
-0.43674999999999997
-0.43625
-0.4364999999999999
-0.4375
-0.4375
-0.43299999999999983
-0.4375
-0.4335
-0.43674999999999997
-0.43674999999999997
-0.4364999999999999
-0.4375
-0.4375
-0.4364999999999999
-0.4155
-0.43625
-0.4375
-0.43700000000000006
-0.43325000000000014
-0.43674999999999997
-0.43725000000000014
-0.4364999999999999
-0.4375
-0.4375
-0.4255
-0.43725000000000014
-0.4375
-0.4304999999999999
-0.43700000000000006
-0.4315
-0.43474999999999997
-0.43500000000000005
-0.43700000000000006
-0.4364999999999999
-0.43700000000000006
-0.4375
-0.43700000000000006
-0.4375
-0.4352499999999999
-0.4375
-0.4364999999999999
-0.43674999999999997
-0.4297500000000001
-0.43199999999999994
-0.4352499999999999
-0.4352499999999999
-0.43625
-0.4375
-0.43725000000000014
-0.4375
-0.4355
-0.43725000000000014
-0.4375
-0.4375
-0.4375
-0.4375
-0.4357500000000001
-0.43700000000000006
-0.4375
-0.43725000000000014
