-0.42674999999999996 0.001635831210730499
-0.43625 0.0005588772226527001
-0.43674999999999997 0.0004329477451148221
-0.4375 0.0
-0.4357500000000001 0.0006612062839991704
-0.43399999999999994 0.0009347593273137265
-0.43700000000000006 0.0003535180334862453
-0.4375 0.0
-0.43725000000000014 0.0002499874996874772
-0.4375 0.0
-0.4364999999999999 0.0004998999899980072
-0.43725000000000014 0.0002499874996874772
-0.4357500000000001 0.0006612062839991704
-0.43674999999999997 0.0004329477451148221
-0.43674999999999997 0.0004329477451148221
-0.4364999999999999 0.0004998999899980072
-0.43674999999999997 0.0004329477451148221
-0.4364999999999999 0.0004998999899980072
-0.4375 0.0
-0.4364999999999999 0.0004998999899980072
-0.4252499999999999 0.0017457072349051014
-0.43674999999999997 0.0004329477451148221
-0.43700000000000006 0.0003535180334862453
-0.43725000000000014 0.0002499874996874772
-0.4375 0.0
-0.4375 0.0
-0.4364999999999999 0.0004998999899980072
-0.43674999999999997 0.0004329477451148221
-0.4375 0.0
-0.4375 0.0
-0.43700000000000006 0.0003535180334862453
-0.43700000000000006 0.0003535180334862453
-0.4375 0.0
-0.4375 0.0
-0.4357500000000001 0.0006612062839991704
-0.43725000000000014 0.0002499874996874772
-0.4375 0.0
-0.43500000000000005 0.0007901740314639554
-0.4375 0.0
-0.43399999999999994 0.0009347593273137265
-0.43674999999999997 0.0004329477451148221
-0.43625 0.0005588772226527001
-0.4364999999999999 0.0004998999899980072
-0.4375 0.0
-0.4375 0.0
-0.43299999999999983 0.0010597051476708144
-0.4375 0.0
-0.4335 0.0009991996797437367
-0.43674999999999997 0.0004329477451148221
-0.43674999999999997 0.0004329477451148221
-0.4364999999999999 0.0004998999899980072
-0.4375 0.0
-0.4375 0.0
-0.4364999999999999 0.0004998999899980072
-0.4155 0.002334866163187941
-0.43625 0.0005588772226527001
-0.4375 0.0
-0.43700000000000006 0.0003535180334862453
-0.43325000000000014 0.0010298998737741372
-0.43674999999999997 0.0004329477451148221
-0.43725000000000014 0.0002499874996874772
-0.4364999999999999 0.0004998999899980072
-0.4375 0.0
-0.4375 0.0
-0.4255 0.0017278888853164186
-0.43725000000000014 0.0002499874996874772
-0.4375 0.0
-0.4304999999999999 0.0013210223313782435
-0.43700000000000006 0.0003535180334862453
-0.4315 0.0012232742946698472
-0.43474999999999997 0.0008287000362012739
-0.43500000000000005 0.0007901740314639554
-0.43700000000000006 0.0003535180334862453
-0.4364999999999999 0.0004998999899980072
-0.43700000000000006 0.0003535180334862453
-0.4375 0.0
-0.43700000000000006 0.0003535180334862453
-0.4375 0.0
-0.4352499999999999 0.000749662424028318
-0.4375 0.0
-0.4364999999999999 0.0004998999899980072
-0.43674999999999997 0.0004329477451148221
-0.4297500000000001 0.0013897819073509336
-0.43199999999999994 0.0011713133654150728
-0.4352499999999999 0.000749662424028318
-0.4352499999999999 0.000749662424028318
-0.43625 0.0005588772226527001
-0.4375 0.0
-0.43725000000000014 0.0002499874996874772
-0.4375 0.0
-0.4355 0.0007068238818829035
-0.43725000000000014 0.0002499874996874772
-0.4375 0.0
-0.4375 0.0
-0.4375 0.0
-0.4375 0.0
-0.4357500000000001 0.0006612062839991704
-0.43700000000000006 0.0003535180334862453
-0.4375 0.0
-0.43725000000000014 0.0002499874996874772
