0.893699413203878
0.914789196811907
0.9147899857550803
0.8936995707984886
0.893700648045788
0.8936998837130655
0.8936995890335814
0.893700164264914
0.8936995141551783
0.8936998980461164
0.8936998763824096
0.8936994415726703
0.8937001488984443
0.8936993995710137
0.914789900822397
0.9147886016577848
0.91478919667302
0.8937004533083838
0.9147888712569949
0.8937066048861033
0.8937199486515417
0.8937015888628733
0.8936999191617612
0.8936994961606024
0.8936995052761549
0.9147889124582983
0.9147885031588767
0.8937004614586225
0.9147894129857536
0.8937057838821832
0.9147895177156529
0.8937001158166674
0.9147891450769932
0.914786380161556
0.9147892723714454
0.8937055090555235
0.8937003413559503
0.8937000132003373
0.893709560904226
0.8936998899930891
0.9147892800884576
0.8936995903006826
0.8937001836808728
0.8937002123480061
0.9147889368141308
0.9147891846848443
0.8937003162421148
0.8936998122945011
0.8936995298776584
0.9147897909927903
0.8937001284610607
0.8936996259866374
0.8937000520052153
0.8936997428005151
0.8937006803705554
0.9133324079651904
0.9133624791916385
0.8937141126591096
0.8936995447257052
0.8937000719613252
0.8937001097870827
0.9147882839930145
0.8937016291316529
0.8936994992487022
0.9147896909631299
