No Shot Noise
31/10/2024 21:33:46 

VQEr_100_COBYLA_maxIter_10000_tol_1e-05_RA_r1_rl 

Reference value: 8.9163237056e-01 

Qubits:  6
VQE runs:  100
Optimizer:  COBYLA
Max iterations:  10000
Optimizers's tolerance:  1e-05
Ansatz:  RA_r1_rl 

Only 65 runs out of 100 converged
Number of iterations for each converged VQE run:
[3239, 6519, 8004, 3509, 6847, 5024, 6316, 8992, 4453, 4478, 8300, 5540, 6943, 4389, 8024, 5834, 9418, 5002, 3812, 9190, 5247, 7599, 2441, 7290, 4612, 6354, 4218, 8853, 5617, 6910, 7504, 8616, 6509, 8605, 6731, 7487, 9755, 7735, 7081, 3647, 8097, 4103, 9557, 6477, 4480, 8209, 9689, 5251, 3765, 6639, 8227, 6646, 4286, 8200, 8802, 6199, 9777, 7713, 5607, 5272, 9151, 4103, 6892, 8950, 9151] 

Average iterations of converged run:
6644 

VQE eigenvalues:
[0.893699413203878, 0.914789196811907, 0.9147899857550803, 0.8936995707984886, 0.893700648045788, 0.8936998837130655, 0.8936995890335814, 0.893700164264914, 0.8936995141551783, 0.8936998980461164, 0.8936998763824096, 0.8936994415726703, 0.8937001488984443, 0.8936993995710137, 0.914789900822397, 0.9147886016577848, 0.91478919667302, 0.8937004533083838, 0.9147888712569949, 0.8937066048861033, 0.8937199486515417, 0.8937015888628733, 0.8936999191617612, 0.8936994961606024, 0.8936995052761549, 0.9147889124582983, 0.9147885031588767, 0.8937004614586225, 0.9147894129857536, 0.8937057838821832, 0.9147895177156529, 0.8937001158166674, 0.9147891450769932, 0.914786380161556, 0.9147892723714454, 0.8937055090555235, 0.8937003413559503, 0.8937000132003373, 0.893709560904226, 0.8936998899930891, 0.9147892800884576, 0.8936995903006826, 0.8937001836808728, 0.8937002123480061, 0.9147889368141308, 0.9147891846848443, 0.8937003162421148, 0.8936998122945011, 0.8936995298776584, 0.9147897909927903, 0.8937001284610607, 0.8936996259866374, 0.8937000520052153, 0.8936997428005151, 0.8937006803705554, 0.9133324079651904, 0.9133624791916385, 0.8937141126591096, 0.8936995447257052, 0.8937000719613252, 0.8937001097870827, 0.9147882839930145, 0.8937016291316529, 0.8936994992487022, 0.9147896909631299] 

Median VQE eigenvalues:
0.8937004533083838 

Min eigenvalue after 100 VQE steps on Aer qasm simulator: 8.93699e-01
Delta from reference energy value is 2.06703e-03 

Optimizer history of the smallest VQE eigenvalue:
[532.7834630094962, 641.9178377147927, 611.1365316200001, 565.493424665649, 445.23112115095495, 380.71491357940516, 387.3193379639586, 421.84903003545867, 392.31178653629877, 345.63161203896533, 302.24664527173894, 170.24867782519482, 170.1623871988822, 87.7251679812963, 88.5279627343724, 109.91064615770385, 76.84644316016126, 91.48279864067308, 51.28324612239028, 58.54011539655529, 93.05204771069677, 31.44972970184315, 24.364463751769026, 35.9155518876232, 24.192277481773946, 28.70939404827657, 21.58770811362609, 71.6835876176919, 22.341084281684587, 50.2213460507123, 33.547799428154526, 21.262655226247404, 16.198986421550277, 18.939619321514403, 27.376346443934292, 19.45109871167298, 18.811318286308904, 19.11689703390459, 31.037285857074153, 17.924215016735054, 16.119890949181624, 12.94674789131122, 14.571850862355134, 14.298210184703382, 12.029588880809523, 13.424447100124963, 10.48537646472921, 12.884353010538169, 10.044038697198399, 11.064761481573218, 11.419015212497444, 10.80819780911352, 9.986440288109883, 9.444748831746073, 9.53623128168085, 10.411457026502374, 9.606151555908841, 10.305591366411267, 9.874491806043851, 9.42902913895586, 8.906820949661045, 9.65109785065615, 8.859120800345806, 8.732060044834055, 9.046526527742381, 9.171298897870415, 8.602770901322785, 7.983987383539572, 7.982533169372691, 8.269730650684087, 7.827835430136099, 8.104147896247495, 8.087517088452776, 7.550543638532384, 7.281254042541099, 8.380025049569214, 7.446221771454859, 7.078559283815222, 7.066659002245501, 7.221562063788414, 7.046548332607993, 7.495369614341258, 7.249729599038814, 6.72190729220267, 6.596241734603798, 6.852159794356003, 6.154908038654768, 6.105623153044847, 6.0300678258292475, 6.221691056520484, 5.886884645437463, 6.073609126714482, 5.966519695563247, 6.080298606172653, 5.901059693940932, 6.052764312997992, 5.811770596682821, 6.430284526246324, 5.7790995287254265, 5.649766849585907, 5.916716165700404, 5.547458932594615, 5.449649867357682, 5.4924645133286125, 5.526096838009663, 5.379846640642228, 5.373141844254171, 5.3873642246655224, 5.324374772032573, 5.312491051978507, 5.609718235264404, 5.236981970917305, 5.294959555443918, 5.15104231748344, 5.118159709874119, 5.239160637977885, 5.064589546649895, 5.034995038409785, 5.227989051911224, 4.9477716515495445, 4.737663576651983, 4.81823055407139, 4.722528712044861, 4.778149768272134, 4.75372083054361, 4.720743644552472, 4.668850880449795, 4.705470757487327, 4.704783545622305, 4.5147895340392745, 4.509434217775518, 4.5476194304995845, 4.537900422461752, 4.508301431468614, 4.576273057686928, 4.606745556627903, 4.408055981350051, 4.456335490584002, 4.363040315026105, 4.235701713687724, 4.279057203803488, 4.303651067474368, 4.426943545334128, 4.141160157759107, 4.1277792244746765, 4.120888687632115, 4.068540645933372, 4.08016955705813, 4.0504729172625185, 4.076950263095249, 4.05255031992491, 4.026632948133108, 4.000626724340339, 3.968167241356459, 3.8750463809181186, 3.831580749530551, 3.7950294331534002, 3.7665799187794105, 3.753949413833117, 3.77074548933531, 3.748349552383688, 3.758775240611971, 3.7562508517073643, 3.7598862790082572, 3.7110327475160307, 3.6766388894215227, 3.806807802655031, 3.68867622248137, 3.5901578974540103, 3.6431438852712676, 3.592535679166537, 3.597037533062224, 3.6055154456180154, 3.5608885594589736, 3.558156873537633, 3.6049343775526754, 3.568680142849846, 3.517958689410731, 3.4553566405733935, 3.398021865683524, 3.4099668165868278, 3.4184254501721276, 3.3922695685500748, 3.4092128588230954, 3.357817207650433, 3.2988281699361153, 3.26518165180188, 3.2624520196189977, 3.292565757115142, 3.2529575169612905, 3.2362239944793045, 3.264412087958655, 3.2305515811049315, 3.261825225466572, 3.1671391980125176, 3.140088131576293, 3.130041087077324, 3.1744016182524386, 3.130241763308173, 3.129195697793345, 3.132725823985203, 3.066824015981158, 3.0474041572197255, 3.080748775438214, 3.002613963570767, 2.983084443462982, 2.9688837922182985, 2.9840183621814145, 2.984784587421511, 2.97221993399381, 2.998196939422934, 2.9727342828523176, 2.936700675624133, 2.9573465278144373, 2.9437337962738135, 2.9456549196165103, 2.92141327877119, 2.971878229990256, 2.9325039926333436, 2.9230058728998745, 2.9211472927628654, 2.902161921062187, 2.872190891504803, 2.889388856358438, 2.895602647798063, 2.8793321250779584, 2.886030287789819, 2.888620666734194, 2.90190738492496, 2.8336259250540903, 2.894834818334753, 2.836082047189178, 2.832692682439825, 2.8153189080077543, 2.827649054381117, 2.829557222620075, 2.819389591812224, 2.8129065520943763, 2.8112104399369593, 2.799866610709016, 2.797626343075999, 2.8062343990678427, 2.7945396416611703, 2.8054834066137504, 2.7933755386048222, 2.7900055555310534, 2.783450427555983, 2.7681757842441206, 2.7566229374788462, 2.753030578892524, 2.7396319604037305, 2.7219714030645394, 2.709744276403974, 2.707636825381983, 2.709123681446841, 2.697052003593743, 2.697718743197844, 2.697560413485287, 2.6964081646526443, 2.694541297600806, 2.6842928607280827, 2.687870306186088, 2.6921204472090965, 2.6812159444008885, 2.676732014726005, 2.667539233772246, 2.657303801308609, 2.665152345860296, 2.6597197114725097, 2.662214032569643, 2.6592462122848604, 2.651028221035277, 2.6512040756939808, 2.6558615725006733, 2.6520193878949363, 2.6478737985029337, 2.6476244328819103, 2.653543709207053, 2.6504638704056447, 2.6515010027309405, 2.65120199493771, 2.649155659936906, 2.6449317581929557, 2.6463637096624204, 2.6502668921237618, 2.6365430066092888, 2.631220219504884, 2.6270247132822484, 2.6253559855589077, 2.624967377529727, 2.6252540718789104, 2.6220401733164342, 2.6242463638173272, 2.6257471673516743, 2.62156543251488, 2.615581542995062, 2.613190264531213, 2.6134201394378658, 2.6110756768728587, 2.6087826508679792, 2.6069187940496277, 2.608572978211205, 2.606102544486589, 2.6056846701255827, 2.603221103629158, 2.597183534024711, 2.594333574559536, 2.5943335358257027, 2.5931745602195337, 2.5913710636785425, 2.590285219299786, 2.587893440062054, 2.5871897841154836, 2.5908594001583665, 2.5844948459791603, 2.5824250988887645, 2.583376137722935, 2.5737717111546248, 2.570224318563405, 2.5711018287819507, 2.5688188440767203, 2.5700415585316247, 2.565908771759185, 2.5654713235635445, 2.5665164639387967, 2.561456838725052, 2.5600986220634985, 2.5592324393310317, 2.5604008222759784, 2.5598945325679074, 2.554455711549543, 2.5605656028762027, 2.555068017495627, 2.5512216493205218, 2.5520362115235473, 2.546621981357965, 2.546369764313327, 2.5467926488078363, 2.54606652484525, 2.5462554694346156, 2.545631038227994, 2.5465797583496483, 2.5455805778657705, 2.541873066085472, 2.5350796975752514, 2.534667607779402, 2.5346666385972165, 2.531852916762582, 2.5281660148148317, 2.5292358706187783, 2.527961708813424, 2.5232294118141874, 2.517450672242469, 2.514884588818968, 2.514242003274785, 2.5130473581331545, 2.5125179720036384, 2.5092077432909905, 2.5049429701583943, 2.49943036656794, 2.5004342636143178, 2.4992782408715044, 2.4985819428407496, 2.498898027108196, 2.4938358856387066, 2.4915034388657706, 2.492646792925735, 2.4887534893823715, 2.4873023961429683, 2.4866852178083247, 2.480991982601668, 2.4791813805739373, 2.4775954708005568, 2.4729763076543914, 2.47010571189047, 2.4675633805452, 2.4672513946798893, 2.474138693924361, 2.466956018466755, 2.4658975777813352, 2.465488679762559, 2.457875764852779, 2.4557826280103128, 2.455390398891614, 2.4521376516827105, 2.4483896941345358, 2.44898490325538, 2.4501731482259044, 2.442558841261313, 2.4403800723945364, 2.4391990516004807, 2.4389284664496333, 2.432150879376031, 2.4295755726026966, 2.4235593627853556, 2.4181695478075174, 2.415998005942213, 2.415201444052514, 2.4174885389765253, 2.409494069234745, 2.407773863706516, 2.404721167003765, 2.4082363152199795, 2.4055553703006245, 2.404115022273784, 2.40398779604789, 2.4005490905419236, 2.3991831057727415, 2.399224300477287, 2.403590325317453, 2.3915051719421183, 2.3883791101645, 2.385071502818199, 2.3851591445772136, 2.3831226972411916, 2.379912024116366, 2.3802362036292926, 2.379276959498048, 2.379726735620494, 2.382900609847342, 2.373371130908476, 2.3710834780389023, 2.3695278539942137, 2.3660323683469278, 2.3691305102014164, 2.366965065333879, 2.3677408875350787, 2.364815855738022, 2.365237792239199, 2.3665281923323853, 2.3582857346812394, 2.3585932393898004, 2.3581488047638053, 2.3561991337888286, 2.358123162224592, 2.3551461168490846, 2.359438143147849, 2.356192815452941, 2.3508725514997133, 2.348428160123654, 2.3468197436962592, 2.344224687719644, 2.343884975508866, 2.3446810975051013, 2.346340963781681, 2.34406840875402, 2.338485789230473, 2.342010525737566, 2.3372979103171905, 2.3335982404175946, 2.3322516615654196, 2.3331640613645472, 2.3347453468031962, 2.331818585376617, 2.333366708732029, 2.3308051987173593, 2.324665468806698, 2.3253231066922666, 2.325312413553668, 2.3248816469206037, 2.3243169406703794, 2.3226503272685743, 2.3256973234015055, 2.320310743591248, 2.315544599847095, 2.3118676381984464, 2.311266166602537, 2.3109042886886333, 2.311426963158377, 2.3115970296748385, 2.310632668009433, 2.3154140821328326, 2.301957050538065, 2.300195256043067, 2.2999216770678745, 2.3011355662682456, 2.299152176156841, 2.294738393629788, 2.2944407363460684, 2.293552444604633, 2.2913096507490898, 2.284743437203368, 2.282187268681503, 2.2752070813862018, 2.2745052758850735, 2.2776343718122987, 2.2704086301015285, 2.269285714404978, 2.2632981472167226, 2.2597087686414206, 2.2597124430368662, 2.259379108176435, 2.2581637869003774, 2.258983676317615, 2.260678655694912, 2.2615036707879588, 2.2560756992292714, 2.249810553879658, 2.245881568233283, 2.2439809844261456, 2.2433278483929335, 2.2408740375871483, 2.2418272349251063, 2.242841778452047, 2.2350203071703767, 2.230105064745349, 2.227245964416197, 2.225287099837988, 2.2213922563832025, 2.221383910156657, 2.221730127216315, 2.223035531890181, 2.219894168135052, 2.216508116088723, 2.2144444384543425, 2.217723858102199, 2.218149350768648, 2.2124852648081568, 2.2062560987529394, 2.2057360705282743, 2.2071595119251053, 2.2021334342003422, 2.198993796714714, 2.1943902414453746, 2.19383459122044, 2.193367795247643, 2.1977416650643535, 2.193157420419639, 2.1866525326165367, 2.1822043481223905, 2.181320398071472, 2.18125050542681, 2.177312651581435, 2.175712666615648, 2.177878065573854, 2.176684049200568, 2.1782312965265502, 2.1671155939619005, 2.163695050558414, 2.163924235176749, 2.163937976210929, 2.160528156983033, 2.159461412523955, 2.1597989057865528, 2.1626428190327056, 2.1590695728733924, 2.1614966885366194, 2.161901568368622, 2.1534634974857396, 2.1501954544074944, 2.149553579664474, 2.1469219015146606, 2.1420119194369915, 2.1377534670080034, 2.1407512193194127, 2.1351262698754656, 2.131785696386983, 2.1273939846687706, 2.126561832407964, 2.1280498869734505, 2.1242401307341443, 2.12336842104638, 2.1225118653020245, 2.1220726157108647, 2.1162265906322477, 2.1169387861368274, 2.118095806023002, 2.1121586865130335, 2.106502642216542, 2.1051684948494955, 2.104378939867387, 2.107946064508852, 2.1050772512157896, 2.102514457434145, 2.1008415515713628, 2.1013860688304105, 2.1008027310399995, 2.0949161801281635, 2.0929779592104643, 2.094729804883375, 2.0918550071302877, 2.096204438268796, 2.0838762903331283, 2.079759760864229, 2.0779034297506107, 2.0778906295450263, 2.0762849726566825, 2.0759913254293516, 2.0754115418334083, 2.0754882430882633, 2.07500257296175, 2.0748536447507253, 2.074806189841446, 2.072339804026507, 2.0620549898685163, 2.0551522593685103, 2.0568433906928716, 2.0549280962971577, 2.0554909079177026, 2.0554382450453064, 2.048591241343657, 2.042918052364171, 2.0421766905303307, 2.042361348094206, 2.037956951493536, 2.035325690018875, 2.033586343087801, 2.033687200062734, 2.031776504098489, 2.0265389374002973, 2.024531825823256, 2.0300041973631324, 2.0196615522874493, 2.0104891331491084, 2.00540703960703, 2.0060814584992843, 2.0062569212237875, 2.003796258176262, 2.0033759058335336, 2.0069568756339025, 2.004635442420646, 2.001628814806741, 2.002829037076765, 2.0006469001337095, 1.9963852395881219, 1.9922280561498977, 1.985670066954948, 1.9835265519023781, 1.9816243326564222, 1.9822259609908819, 1.9738961841443854, 1.9726425494931559, 1.9722711035314202, 1.9688044555013613, 1.9697402569428157, 1.967857615714652, 1.9681450810377017, 1.96667934825096, 1.9612823345422414, 1.9599031735293588, 1.972150907957081, 1.9608135904748072, 1.957331874782325, 1.9566816275767842, 1.950142202745172, 1.9448114913605417, 1.944398529494926, 1.944967585959944, 1.940438682655288, 1.9412833210606883, 1.9429740265224549, 1.9389731163725725, 1.9383212116744941, 1.9414010156813633, 1.9388770278629448, 1.9337117127963313, 1.9313452047288775, 1.9281236654713882, 1.9243279658294856, 1.9235190490484306, 1.9204006637150668, 1.9166205241889092, 1.9147868515241002, 1.9173841170561463, 1.9093318289273893, 1.9088488147212885, 1.9096784123342945, 1.912257917447052, 1.9080080601729734, 1.9015349422424723, 1.8956598321194331, 1.8978180426153137, 1.894571203453951, 1.8915267607634674, 1.8921069999556424, 1.8920034505283903, 1.8894357625012634, 1.8917092756983556, 1.8866109855978226, 1.8882754610623005, 1.8864404347350672, 1.8874729885604304, 1.8855888305469726, 1.885577339961217, 1.8820481515419567, 1.8734765649499603, 1.8714405850826563, 1.8691954052246462, 1.8673573365921217, 1.8702983557426718, 1.8666792261915623, 1.869332497742723, 1.867528128834611, 1.8667294463233253, 1.8597460773346965, 1.8543523972234564, 1.8481030275488217, 1.8470239287043428, 1.8460203573972522, 1.8433888468703823, 1.8478879946679188, 1.8454175258889358, 1.8379841141829802, 1.8317416436206455, 1.8296927367973794, 1.828647940112644, 1.8258638871548887, 1.8214092085759848, 1.8173410552667617, 1.815283585219842, 1.8078547845542936, 1.8020280612883122, 1.7965894094797104, 1.7925313418460094, 1.793982291141509, 1.7933594825109143, 1.7898044958957393, 1.7837502971722492, 1.7809116634538413, 1.7818093372449761, 1.7815914209902646, 1.7830182587335317, 1.780765321432645, 1.7834412774738653, 1.7829096061155774, 1.7773158947348393, 1.7718903643917843, 1.7699106874851678, 1.7682347466022155, 1.7660028854366454, 1.7632904412728474, 1.7661596932953567, 1.7599485513696669, 1.7549872150914638, 1.750557225471421, 1.7500603578964244, 1.7490342172954025, 1.7492068577660336, 1.7517439710324851, 1.7474752627720986, 1.7430783036444213, 1.7405730505287018, 1.7391436650445338, 1.7364336100673432, 1.7303316396851265, 1.731455302582232, 1.7299409923408045, 1.72443293251912, 1.7218801930143595, 1.7154171547248407, 1.71461249406149, 1.71486045267532, 1.716098097410958, 1.7146120726979865, 1.7123028495565868, 1.7116867199462227, 1.715337199612845, 1.7038443790492463, 1.7008204296811247, 1.7029436843784818, 1.6993337568683329, 1.6976406008671847, 1.69345097602401, 1.690093220452078, 1.6848538482494335, 1.6777050666945608, 1.6728596275574936, 1.6744724190272915, 1.6727203073986365, 1.6687982674834336, 1.6665835052681943, 1.6642168651362912, 1.661403198123466, 1.65704720387453, 1.6563451561803453, 1.6545646398476888, 1.6497644107089264, 1.6529340769791776, 1.6509102546661836, 1.644290695741271, 1.6433143808882014, 1.6425409508477644, 1.6387592449727482, 1.6366924310763578, 1.637538564636112, 1.6384425026971625, 1.6401199961768549, 1.6380887066788712, 1.6327720794386165, 1.629139519088832, 1.6258927804460392, 1.624147520446229, 1.6214578265388206, 1.6160095280888478, 1.6098204413428436, 1.6086184785716016, 1.609307100455111, 1.6084345669743525, 1.6054948568057414, 1.6030764349492532, 1.59978100786911, 1.5930060435623823, 1.589536438946713, 1.5899429335902309, 1.5887657723769293, 1.5903119692446086, 1.5898058827327848, 1.585846824120749, 1.5871188403244092, 1.5834311038542206, 1.5808975754096077, 1.5820133702384152, 1.5796255853280778, 1.5811008669989215, 1.5788216932026913, 1.5760594654833617, 1.5779738515878103, 1.5786678791801114, 1.569801271852984, 1.5671727671843738, 1.5680133271312793, 1.5691067624468589, 1.5630868134254448, 1.563597515688885, 1.563155150835224, 1.56366219092826, 1.5633058743233765, 1.5621665701768859, 1.5660657952401205, 1.5633044845727018, 1.5624095845606254, 1.5560646164024963, 1.5564854655873264, 1.5550297053383413, 1.5523506221923968, 1.5552155715954894, 1.5539112815512064, 1.5473295314497957, 1.5483547561566195, 1.5492487576788672, 1.5444090006411215, 1.543083082418658, 1.5392515846814385, 1.5388699808170407, 1.5395466231887294, 1.5386006723906294, 1.5393914436255582, 1.5303741042892547, 1.531554917191361, 1.5303877878732615, 1.5257105397006592, 1.523045354119224, 1.5260089601248892, 1.5208881114474606, 1.5235882526543996, 1.5214787255136826, 1.518723231138356, 1.5173135417953032, 1.5159233104971845, 1.5157542603667176, 1.510380550600493, 1.5059279978829967, 1.508488331679966, 1.5047051963279432, 1.5012408809837163, 1.5029517281728204, 1.500170178778456, 1.495336481736871, 1.4977530241791948, 1.4949084151396732, 1.4947219228625397, 1.494865105037698, 1.4930869173941486, 1.4942205128067971, 1.4903278838575476, 1.4891870493570258, 1.4875144086530658, 1.4817951174901824, 1.4828410696831746, 1.481138136437699, 1.478607970994634, 1.4730872370162735, 1.4732801787813152, 1.472629319812082, 1.4738751272140087, 1.4736046410946377, 1.4688060887716947, 1.4684682022416973, 1.4702921613514899, 1.4666663757873064, 1.4614818635953675, 1.4569105959724455, 1.4562760844245544, 1.4541288600122013, 1.4487944639629413, 1.444077583597322, 1.4412525292082796, 1.4382252802793856, 1.4385365776398766, 1.4375090077420132, 1.4338662096658603, 1.4294587207639133, 1.4271640962580316, 1.4245182426857332, 1.4171192645492108, 1.4119480075801283, 1.4118453064516947, 1.4113082411796014, 1.4100713858370733, 1.409224630927818, 1.4041692349268913, 1.4000261521776989, 1.396722652395635, 1.3951034545905545, 1.3935374098111861, 1.3955576101254152, 1.389793264212911, 1.3873688108760662, 1.3868882096284652, 1.3861870081309697, 1.3857767226042337, 1.388282551641019, 1.388065215664959, 1.3797121506666392, 1.3795909605716368, 1.3794888562745717, 1.3856434510402604, 1.3785229803102736, 1.3757292220599782, 1.3721973444525282, 1.3716895307934884, 1.3725455675337093, 1.3657940045304524, 1.363900150840531, 1.3657258947520043, 1.3623961586228799, 1.3613980537816437, 1.3594436426359617, 1.3566241230897078, 1.3556087029922832, 1.3529213625638128, 1.3500795063237074, 1.3500111503593208, 1.350540606921497, 1.3496662326989655, 1.3475854099231306, 1.3520087022011786, 1.346427671209752, 1.3420595467665224, 1.3466264197608468, 1.3411558627481301, 1.3385184253124691, 1.3360162989303257, 1.3356287058281093, 1.3372004274255713, 1.3360869762674223, 1.3364794813812162, 1.3333118850790178, 1.3300040225151757, 1.3282893205267174, 1.3220817577563497, 1.3209864992593863, 1.3249909586094004, 1.3147535393699383, 1.311491501707993, 1.311559084972607, 1.3123128924888499, 1.3128358573790537, 1.310710427227608, 1.3140357169699062, 1.30974685322227, 1.3099792892040698, 1.310523944289821, 1.308766159149712, 1.3087296916039262, 1.3037751089898075, 1.3021272811432998, 1.3024508434048785, 1.3036135365419346, 1.29758433251525, 1.2957565919940188, 1.297054401443692, 1.2951739068390296, 1.2904905493666352, 1.2898112764337775, 1.2902015658617303, 1.2892642130222816, 1.289815406548446, 1.2894854885697948, 1.2861379181415684, 1.2879653821813433, 1.287853143225911, 1.2840190300349748, 1.287423247053998, 1.283561824848511, 1.2815788223388571, 1.2816656396342472, 1.280948642819373, 1.282220865356477, 1.2792278204232312, 1.2790617769700892, 1.2837509689243765, 1.277308264161251, 1.2764498119726533, 1.2700924201313477, 1.2658462200589191, 1.2669901224673714, 1.265622153146146, 1.2653340465441332, 1.266696434040645, 1.2652761639724843, 1.264268008581543, 1.2662501256147314, 1.26388589133669, 1.2592245638470543, 1.260673879266969, 1.2593059875274257, 1.2569451883391352, 1.2550547505635279, 1.2568831090299053, 1.2540261837293918, 1.2480363354396866, 1.2450955099500272, 1.246949338701011, 1.2449977525281168, 1.2440735599270798, 1.2453148096966116, 1.2447171997670488, 1.2448232556270793, 1.2418866149644283, 1.2424268483360164, 1.245119754399824, 1.2435393498682548, 1.2437589183490028, 1.239783591625737, 1.243184750894448, 1.2365708186182893, 1.2335363857966977, 1.2327511675633114, 1.232466385283984, 1.2315971225797904, 1.2315468306808721, 1.2319479503768973, 1.2316734785785375, 1.2333660518798988, 1.2312228029344614, 1.2356575169675819, 1.235406915261803, 1.225283536468436, 1.222893230427881, 1.2288962118053757, 1.2246925118940133, 1.219524330867138, 1.217653153001468, 1.2179846294372436, 1.2154463695077586, 1.2165579529077089, 1.2165660304893529, 1.2186329322110399, 1.2156627528262984, 1.2131526523331673, 1.2146864821431007, 1.209197646347577, 1.2167316380591526, 1.2084269194496033, 1.2066108679152587, 1.2070320086035549, 1.2066699851287601, 1.2060762902988882, 1.2090818447473357, 1.2076839419505436, 1.2061369866441907, 1.2053822561240646, 1.2071989794604496, 1.2026171279455675, 1.1999871829155566, 1.1951150598351827, 1.1925433544229245, 1.1919432395367822, 1.1935432179605228, 1.1941196155687013, 1.191687537172185, 1.1890965688714867, 1.1862609014192829, 1.1862901298439377, 1.1864254726271548, 1.1893391358457035, 1.1880023412378267, 1.183563731339623, 1.1878543880588526, 1.1856279215416463, 1.1797526283794046, 1.1795048432878315, 1.179916939464406, 1.1821418932353118, 1.1806009586403092, 1.1824778147020687, 1.1808216317084246, 1.1806520476896842, 1.1789144661307513, 1.1781746478051418, 1.1775750024998732, 1.1718084704474856, 1.174363340884363, 1.1735745899001455, 1.1674202603172852, 1.166140758228425, 1.1650110831248475, 1.1645790454460565, 1.1643272292564415, 1.1633399958379573, 1.1637227435104451, 1.1622700578914398, 1.160807088449225, 1.1641051594782243, 1.1611229404055472, 1.1573490219013962, 1.1527888707143519, 1.1518465787794414, 1.1516697666584648, 1.1512360882274741, 1.1562044880257611, 1.150105078144503, 1.1524590629172689, 1.1503628284272833, 1.1464984289711624, 1.1458110843643252, 1.1460193753735561, 1.146219666386595, 1.1495121113641003, 1.1424615215532865, 1.1400026612190715, 1.140097646030415, 1.1402594462896547, 1.1465636727926354, 1.1398410170357103, 1.13832680249963, 1.138840165527385, 1.1403244325284065, 1.1382284546206425, 1.1336187661835482, 1.1317348522046264, 1.1285649267623223, 1.1284063800756556, 1.127421974937565, 1.125243489711177, 1.1261365409951707, 1.126205027405627, 1.123401430260934, 1.1233184132111689, 1.1227354594821364, 1.1224110986137723, 1.1227971383578685, 1.120231733462244, 1.1155551351349902, 1.1130355455347973, 1.1118146473018786, 1.1111458017565983, 1.1141525295048815, 1.1091466484669132, 1.1061509436189996, 1.1039794341274989, 1.102379905611033, 1.1018829333142235, 1.099707761139679, 1.1003285787617143, 1.0999755828946844, 1.0992180108421514, 1.100922597374648, 1.0985332838607764, 1.096109873934204, 1.0947456347618314, 1.096146949539574, 1.0964176929956913, 1.0942592534361097, 1.0945852878440334, 1.0935864551368244, 1.094595637288366, 1.0957145447617136, 1.0922164039916435, 1.0880088804136225, 1.0887714845720102, 1.0881818404711627, 1.0885280943504507, 1.0874654351161288, 1.0875982724907616, 1.087343154779152, 1.088099521200745, 1.0856827156819484, 1.0846237234846035, 1.084011001133481, 1.083920335845286, 1.0843477986356742, 1.083870515611287, 1.0834137207258896, 1.08438803877555, 1.084471277091976, 1.0823979877004972, 1.0801046026643593, 1.0791259840911833, 1.078610837997731, 1.0774667100154207, 1.0776865039592305, 1.0775011995726602, 1.0775552035146736, 1.0775126316371635, 1.0772251149272065, 1.0773874303217557, 1.0760450721662491, 1.0753578801587669, 1.0733052027843444, 1.0718279581931554, 1.07091634469819, 1.0696137104289112, 1.0700112527283236, 1.0705045058996512, 1.0681415486436585, 1.066799582836578, 1.0664268537335027, 1.0662287541815185, 1.0660586231256626, 1.066089638050445, 1.066259543023906, 1.0658180248556925, 1.0640204479899318, 1.063372186406741, 1.062963611656364, 1.061438903077594, 1.0630782762106161, 1.061449961926836, 1.0595178880834448, 1.0585419944944308, 1.0585535798872385, 1.0587526980339437, 1.058594697674011, 1.0583970271075265, 1.0585107232649391, 1.0583100711473679, 1.0574362133099153, 1.0565548889796321, 1.0552660234845304, 1.0568995231867588, 1.055376433955435, 1.053660650407426, 1.053022330824743, 1.0528948837716094, 1.0529395455301465, 1.0519686449713177, 1.0523895185851728, 1.0520656803941668, 1.0519488911200794, 1.0531815476031414, 1.0526710155362253, 1.0500050450189795, 1.0491114871989944, 1.0489644966375704, 1.0487200077142111, 1.0485951388326047, 1.0481830089094544, 1.0461874245091745, 1.0448557105954204, 1.0439759054656501, 1.0438436725876397, 1.0438724863667792, 1.0430413444808901, 1.0420946191833171, 1.041434654263815, 1.0419958674814627, 1.0411089954330162, 1.040059450761679, 1.0392885653234947, 1.0385932935510953, 1.0379403704286607, 1.0384446550312239, 1.0378743708080536, 1.037891283794331, 1.03773269129876, 1.037921088370184, 1.037306209226484, 1.03889072304829, 1.0368990207605524, 1.035599665035779, 1.0346893967866297, 1.0341799965084988, 1.0344726161183122, 1.0353839244701184, 1.0335299923934114, 1.0317181043789472, 1.0310117183558267, 1.0302022579767165, 1.0306769322997618, 1.0300519243380941, 1.0300389443519784, 1.0301813635933335, 1.029989902052479, 1.0291013039326953, 1.0306463265718184, 1.0295078621229496, 1.0275958314817917, 1.0274661406790857, 1.0275021844837307, 1.0284602066377757, 1.0277027697505314, 1.026579902122257, 1.025090442245942, 1.0244267278799983, 1.024720038483888, 1.0248255542547586, 1.0237289569387773, 1.0237680556019924, 1.0240583084134636, 1.0243651547186698, 1.0223452759382265, 1.02192273658719, 1.0219967593358283, 1.0225032057459842, 1.0229925421298018, 1.0221614157169931, 1.0205942904094134, 1.0201289858666558, 1.0197350776091103, 1.0202877997908333, 1.0186855605499654, 1.0195339259151537, 1.0181479770064776, 1.0174073806028232, 1.016108997225124, 1.0162418123026382, 1.0165214467272528, 1.0151603319288107, 1.0150439153126811, 1.0146356854686027, 1.0144978831731455, 1.0139018319618227, 1.0122288579004983, 1.0111358084822952, 1.0102859615138349, 1.0098197650766194, 1.0104909929742527, 1.010214455185315, 1.0093714532907503, 1.010009485930463, 1.009111560066706, 1.0095370954168479, 1.0081406260110823, 1.007427940529868, 1.0071133940323806, 1.0062135769323466, 1.0066148838935562, 1.0066513055813566, 1.0062003901440815, 1.0068960609743995, 1.0054864325363222, 1.0048793166793861, 1.0057664719478077, 1.0045838288867488, 1.0048611527078097, 1.0029112641575362, 1.0025016548347758, 1.0023679145655708, 1.0027686746205322, 1.001832138893071, 1.0011047619866151, 1.000460609399285, 0.9997977764506282, 0.9998632443573058, 0.999978831187361, 0.9997558876301036, 0.9990173096716441, 0.9985801827450788, 0.9983758133183017, 0.998408041030402, 0.9990397695890139, 0.9970188862871242, 0.9968863879625576, 0.9968480048287489, 0.9967226038295625, 0.9967860985117465, 0.9971750972438348, 0.9965412020765643, 0.9966281264339136, 0.9969555289567724, 0.996318297805284, 0.9976188940390787, 0.9946214405431479, 0.994929273687337, 0.9947969179101239, 0.9935772520985355, 0.9933033244834144, 0.9933054807745666, 0.9924432858542567, 0.9930486279620786, 0.9938808598693615, 0.9924306854146382, 0.9908961936220069, 0.9901880313644823, 0.9894668409433445, 0.9891254657534853, 0.989191507173403, 0.9883149142508185, 0.9889847751022636, 0.9879702544634494, 0.9869581067998381, 0.9870584688050774, 0.9872154490968496, 0.9873685179548843, 0.9870393707445823, 0.9868723890127943, 0.9871156751966484, 0.9870893816522837, 0.9868403090369916, 0.9871322148729867, 0.9878845920700334, 0.9852941628301375, 0.9847608703825068, 0.9853055967203631, 0.9853257199053154, 0.9841784562717983, 0.9841376767169354, 0.9841023068505913, 0.9844019225853521, 0.9831586754822174, 0.9835659031873242, 0.9831813296602967, 0.9830505037620396, 0.9828261680302415, 0.9834797735838251, 0.982087256558972, 0.9808562643228713, 0.9807625597987278, 0.9810115398091477, 0.9816654147034836, 0.9804780160027776, 0.9801780855575084, 0.9805953543103493, 0.9804947272018971, 0.9805564844696192, 0.9786979258114687, 0.9788644121562164, 0.9790892373062273, 0.9781848851559778, 0.9781701698394546, 0.9774576949339671, 0.9765413570989068, 0.9764424639206318, 0.9769923039305843, 0.9752519801278525, 0.9758905390520545, 0.9754389375493431, 0.9746703370589564, 0.9742323210450937, 0.9742075526558631, 0.9746045643699869, 0.9754774791874768, 0.9732432434458391, 0.9717956290511219, 0.971848898322838, 0.9716627701390684, 0.9714010764231115, 0.9716055538270041, 0.9715227837813407, 0.971379822276875, 0.9704034327164386, 0.9711678776533609, 0.9701776234921361, 0.97084743145808, 0.9702533633305531, 0.969206737505727, 0.9690011305197062, 0.9692712972016263, 0.9696380586481318, 0.9692178031420096, 0.9699725829220057, 0.9688508428661092, 0.9691162299227373, 0.9674789496887046, 0.9664624047797624, 0.9664793421063903, 0.9665401209595537, 0.9667074521604644, 0.9665295374595835, 0.9659017898627532, 0.9655342990744414, 0.9654087911365767, 0.9655041445657623, 0.9653797506016798, 0.9659102388599727, 0.9674337258008273, 0.9655467981079564, 0.9639382253527884, 0.9636890553115794, 0.9633540995837413, 0.9635964776739481, 0.9627628875992503, 0.9636351598411674, 0.9622872090934216, 0.9621548053641903, 0.9624406847089206, 0.962240955624754, 0.962784821047721, 0.9620634792906443, 0.9620214186276587, 0.9619971321002458, 0.9604316759969428, 0.9600344978347265, 0.959027409893719, 0.9593689109781884, 0.9588184430863591, 0.9588822952925943, 0.9587878030684659, 0.9579120525852901, 0.9576576097812466, 0.9577413426232092, 0.957550954010043, 0.9576850180958597, 0.9579528288851807, 0.9569876764549312, 0.9562829950744075, 0.9570541948398577, 0.9566968349442602, 0.9552289553702963, 0.9550686678593325, 0.9552461200729965, 0.9551960155797764, 0.955230209766865, 0.9550722294952665, 0.9551056048709449, 0.9552558194902727, 0.9550630155912321, 0.9550846650092352, 0.954857792463105, 0.9543691901799565, 0.9549711843419739, 0.9544133083590441, 0.9546419952705606, 0.9543998182153817, 0.9544571903411891, 0.9544994027055839, 0.9543673208457177, 0.9543010282707854, 0.9542097552855464, 0.9541845037214522, 0.9537539418443791, 0.9534330468670081, 0.9530682592098022, 0.9527428253755443, 0.9529027938001696, 0.9527417269293407, 0.9524454698511895, 0.9527590651211739, 0.9522138459877713, 0.9522138541233534, 0.9521637603054662, 0.952165377333034, 0.9521173207204433, 0.9521041745702037, 0.9515578538024985, 0.9513666864455216, 0.9513883783671463, 0.9513891400244144, 0.9509253040170393, 0.9509137131253481, 0.9509240441605267, 0.9504754773273444, 0.9503995018112821, 0.950503132491715, 0.9503528918649573, 0.9504702702355236, 0.9499503301358687, 0.9501891763985189, 0.9503367655158363, 0.9493626174925399, 0.9488975400968146, 0.9483947289231036, 0.9482565493594816, 0.948349447095996, 0.9480784660285313, 0.947940927870523, 0.94786446579082, 0.9484252732276839, 0.9478546621433731, 0.9475033100801743, 0.9469249106439862, 0.9469392667708467, 0.9470076410505138, 0.9464107502201056, 0.9459960891874009, 0.9456202946343609, 0.9453282461881449, 0.9454008948222613, 0.9452519807076302, 0.9453579884532601, 0.9453754086026022, 0.9450342917168382, 0.9446228732389816, 0.9442093063745148, 0.943956923839064, 0.943692662210795, 0.943442045926999, 0.9431255198167681, 0.9430784490526098, 0.9432025894587593, 0.9429152712806385, 0.9424078076851855, 0.9419587179726866, 0.9418398086220346, 0.9418341475626472, 0.941388882488375, 0.9411846152519953, 0.9410975420136435, 0.9410884980029576, 0.9409733238531811, 0.9410986594254848, 0.9410276348583164, 0.9406337517070857, 0.9402231393351329, 0.9398725491664426, 0.9395212797602035, 0.9393848241658593, 0.9394966669262431, 0.9393317766250354, 0.939391321267768, 0.9395451035698437, 0.9392394823985084, 0.9387927869228757, 0.9390398238500139, 0.9388096120133855, 0.9382411530309724, 0.9380007285893724, 0.9378900505876785, 0.9379854984593998, 0.9380469464022526, 0.9375777733098782, 0.9373542148938333, 0.937250751412094, 0.9374829347946653, 0.9371411059125335, 0.9372159464859917, 0.9367548984759578, 0.936580514091411, 0.9365489930465543, 0.9363979383405877, 0.9366286871788653, 0.9361803267898061, 0.9356625863161846, 0.9355300108041573, 0.9355879101261169, 0.935260193316492, 0.935307581812874, 0.9352761540261758, 0.9353238193198411, 0.9352389998543165, 0.9353430832807204, 0.9349743295431635, 0.9347078956279414, 0.9344474135813132, 0.9342536331314863, 0.9340110641220442, 0.9336775634758426, 0.9340560803923987, 0.9336726807089655, 0.9337216254666449, 0.9337549350919953, 0.9333555274828478, 0.9333364617162084, 0.9332036535780311, 0.93300409858078, 0.933017748404084, 0.9329534141020251, 0.9329846224539128, 0.9332365096208668, 0.9325350275468618, 0.9322609833097829, 0.932085600381034, 0.9320868652300192, 0.9318348463344093, 0.9318206080714546, 0.9316244329334061, 0.931468167565459, 0.9318607483333053, 0.9315942478498022, 0.9309243060120518, 0.9309511125119332, 0.9310162819418311, 0.9307942209564647, 0.9308210628977206, 0.9305037624120226, 0.9301352229187136, 0.9300057825718527, 0.9301934913256019, 0.9300510957521944, 0.9299870990864054, 0.9300492446375278, 0.9305683464789395, 0.9300915306850923, 0.929409939493191, 0.9291935585841475, 0.9291366526405673, 0.9291432492371908, 0.9290428246909213, 0.9290709068307921, 0.9292010315435946, 0.9289530598205743, 0.9285481294028477, 0.9286642782093727, 0.9284651814742636, 0.928441391137688, 0.9283858988561703, 0.928159219161608, 0.9282474835990854, 0.9283348013877812, 0.9276886445293513, 0.9275447298107886, 0.9275410448902931, 0.9275114966898562, 0.927493770949508, 0.9271498395116051, 0.926967324929627, 0.9271129015209694, 0.9268606550245436, 0.9266866246051891, 0.9266743105034353, 0.9268901489859922, 0.9265160381115715, 0.9261090648318995, 0.9261085970313344, 0.9261890975609286, 0.9260978288607249, 0.9261200348913895, 0.9261117189685973, 0.9262998287184416, 0.9257948665066676, 0.9255473236250996, 0.925622313586498, 0.9255801547143125, 0.9252533526461266, 0.9251010676250055, 0.9251762749029276, 0.9250898635547972, 0.9250004553287698, 0.9252613542779053, 0.9247821375756465, 0.9248144226967143, 0.9248451368056583, 0.9245703365683215, 0.924594711258687, 0.9245613170316213, 0.924353953443825, 0.9243622029870581, 0.9246285512949618, 0.9246608727030914, 0.9239097688262252, 0.9235472847493972, 0.9232211559283251, 0.9231221190127145, 0.9231208718363091, 0.9231173111590936, 0.9233941450388509, 0.9231180168013589, 0.9231054684667409, 0.9233570530343403, 0.9227519495710524, 0.9227363822834229, 0.9228706635669462, 0.9226366381181426, 0.9224916466861007, 0.9220831057215211, 0.9217727740494348, 0.922142488602138, 0.9217077524539979, 0.9212621577398756, 0.9210492782325121, 0.9208307053091942, 0.9208678977893258, 0.9208222430384796, 0.9206963867521715, 0.920722849467102, 0.9205397476484376, 0.9204415412592282, 0.9205682748728677, 0.9200449962055153, 0.9199878571245211, 0.9200341382750689, 0.9196641295965972, 0.9195638411696396, 0.9196233798670724, 0.9196461516297191, 0.9191189145172659, 0.9188184152201423, 0.9185167156047637, 0.9184281513117082, 0.9184097151958615, 0.9184081054035914, 0.9183450132203423, 0.9184121292816079, 0.9183464256397003, 0.9181415943487814, 0.9181681284283608, 0.9183527153423188, 0.9180295008626683, 0.9179418321227422, 0.9175470450674572, 0.9173036972350317, 0.9170828623548216, 0.9169653959707991, 0.9170979842556498, 0.9169375027523219, 0.9171327393632464, 0.9168585568929128, 0.9164889563005119, 0.9163086914440209, 0.9163099284215425, 0.9163866070181104, 0.9163970767770738, 0.9162587354976833, 0.9161978285614916, 0.915996346865075, 0.9158400815811399, 0.9156424947046031, 0.9158987021420021, 0.9156286004747225, 0.9154527787704161, 0.9152259237453034, 0.9153044554192872, 0.915085382011351, 0.9148579695326633, 0.914896133133128, 0.9149165321457697, 0.9149199179399746, 0.9148632204124358, 0.9147438391228303, 0.9145639187406522, 0.9146048499224287, 0.9145733600896345, 0.9145035702820522, 0.9147540996462252, 0.9143330593535041, 0.9139758266692835, 0.9137426680136201, 0.9137097880131717, 0.913655436608377, 0.9135054583009139, 0.9135301552935217, 0.913597703790242, 0.9136409691691514, 0.9135804483410231, 0.9135436514852522, 0.9131738739809242, 0.9129974533536427, 0.9129184967508296, 0.9129231404931151, 0.9129116887735563, 0.9127725114950765, 0.9126398871842283, 0.9125616412622626, 0.9124017740440499, 0.9121464587717455, 0.9120962378595118, 0.9120494788303855, 0.9118445306828601, 0.9117967852241317, 0.9117817151094711, 0.9116580481142538, 0.9113601470469123, 0.9112370570345923, 0.9112533769361271, 0.9114482021836886, 0.910931072661813, 0.9107556471663834, 0.9105825705689812, 0.9107738008152002, 0.9106342199149481, 0.910662906828267, 0.9106030528749507, 0.910514471207336, 0.9106851532026026, 0.9105270903123377, 0.9104515405883654, 0.9101420779519204, 0.910143398999072, 0.910129058222561, 0.9099872534091457, 0.9098088817049137, 0.9099655671894236, 0.9097916430554703, 0.9096723270767074, 0.9096565381774566, 0.9094651658046536, 0.9093093675178011, 0.9093820957546449, 0.9094750258826925, 0.9091824659050041, 0.9090662537799067, 0.9088493929084501, 0.9086832605205762, 0.9085368898993887, 0.9083633905247815, 0.908132793149362, 0.9080910616941318, 0.9080466454274718, 0.9080695030589111, 0.9080466527709248, 0.9079423563490727, 0.9080508385849461, 0.9077830068065537, 0.9077418164318136, 0.9076428482770207, 0.9077436643797399, 0.9076242380599254, 0.907724031984508, 0.907549009715535, 0.9073444603210461, 0.9073179926107465, 0.907389804170939, 0.9072665314437554, 0.9072553421899725, 0.90725259888048, 0.9072524922368719, 0.9072101851027843, 0.9070898677541462, 0.9067114793313519, 0.9065343075348848, 0.9066068236688036, 0.9066368545679462, 0.9064642365044807, 0.9065399144800764, 0.9065566979216992, 0.9064314418750627, 0.9063948999917002, 0.906437973407273, 0.9062841296579407, 0.9061966229089197, 0.9062242300715925, 0.9061259161510966, 0.9060633726068564, 0.9060884706570438, 0.9059647184362135, 0.9056906243143822, 0.9056890168997144, 0.9057105958702635, 0.9055780176592373, 0.9056273413626695, 0.9057684960827765, 0.9053691207921224, 0.9052711509741699, 0.905272981517406, 0.9051577691591126, 0.9051886235281307, 0.905231777299807, 0.9050485434903485, 0.9052471237165642, 0.9050554422126128, 0.9048974995887474, 0.9048225766862953, 0.9047917225267754, 0.9048712212338911, 0.9047493911045353, 0.9048759585383817, 0.9047541354161318, 0.9048218571905955, 0.9047549579604773, 0.9048715063654028, 0.9045248938159226, 0.904588859582299, 0.9045647798126796, 0.9045739017478327, 0.9045674922843366, 0.9044278662890258, 0.9045833704235728, 0.9044541636161495, 0.904225885402738, 0.9040958787422051, 0.9041759934190143, 0.904128441451455, 0.9040952734989651, 0.9040959106752654, 0.9041843758789887, 0.9041959639987673, 0.9039724037715559, 0.9039951949906975, 0.9038900408396786, 0.903935374807905, 0.9038814077071979, 0.9039795158012904, 0.9039075947306022, 0.9040232808725889, 0.9039739812252471, 0.903870388687777, 0.9037039867078442, 0.9036265315052254, 0.9036294939241677, 0.9036260040712376, 0.9036326669250901, 0.903635466894012, 0.903665123547967, 0.9036311413903728, 0.9035130503760995, 0.9034309440410957, 0.9034362405148957, 0.9034443718403452, 0.9034302588168985, 0.9034165188917047, 0.9033228191910154, 0.9033031741135443, 0.9031999911430038, 0.903201885169999, 0.903231271997912, 0.9031232193492683, 0.9031147398658365, 0.9030659780365775, 0.9030631534830509, 0.9029734327048995, 0.9030098756897648, 0.9029739060164192, 0.9028741970743192, 0.9028381246147803, 0.9028379834028544, 0.9028695172036382, 0.9028696023560431, 0.9027746549091605, 0.9027696677732486, 0.9027909563807084, 0.9027443964743138, 0.9027212607888375, 0.9027350324182083, 0.9027269308335034, 0.9025789272337629, 0.9024979430858879, 0.9024751531507823, 0.9024920017133443, 0.9024732789511175, 0.9024734437597571, 0.9024706217981429, 0.902394835484463, 0.9023432701725242, 0.9023365294536749, 0.9022817943680508, 0.9021797335186608, 0.9021280006664812, 0.9020549418485362, 0.9021221055511385, 0.9020730568634626, 0.9021034442895194, 0.9020233426386699, 0.9019241004462887, 0.9018804319659318, 0.9018902509321878, 0.9018800671747094, 0.9018791156526506, 0.9018928601472029, 0.9018565960858487, 0.9018860405049597, 0.9019550996808516, 0.9017235804337477, 0.9016407967884879, 0.9016043290548764, 0.9016026592582277, 0.9015904768718338, 0.9016317861978213, 0.9016445002438196, 0.9015869205025202, 0.901472462051441, 0.9014442062906058, 0.9014380018578358, 0.9014247604805369, 0.9013843239219249, 0.9013007355773575, 0.9012640014647664, 0.9012862227888436, 0.9012519946932941, 0.9012020311936659, 0.9011922883068141, 0.901200743838846, 0.9010823943044018, 0.9010486991760551, 0.9009577876466524, 0.9009982228438954, 0.9009755562034371, 0.9009084532777989, 0.9008928850517863, 0.9009682953325431, 0.9009116688050949, 0.9008793987029309, 0.9008688474101791, 0.9008486412828515, 0.9008495225522406, 0.9008052029727444, 0.9006967970084294, 0.9006672262862008, 0.9006171681752574, 0.900614813212244, 0.9006065817502077, 0.9006479729665195, 0.9005166725422536, 0.9004709493343386, 0.9004504837046906, 0.9005119232272607, 0.9004715486571433, 0.9004661509002967, 0.9004106475233512, 0.9004127619570668, 0.9002950641349884, 0.9002660490178157, 0.9002702010575498, 0.9001863659654789, 0.9001575696087276, 0.9002409052862698, 0.9001909239098113, 0.9000815401524885, 0.9001308924822996, 0.9000609304495952, 0.9000555692903577, 0.900060410755049, 0.9000390167473149, 0.900024310913154, 0.89996106955049, 0.9000152688406649, 0.8999878903386272, 0.8998731881965001, 0.8998385561274964, 0.8998611997806157, 0.8998855398487141, 0.8997562879382796, 0.8996697304965905, 0.8996228887321894, 0.8996397128267841, 0.8996383841875324, 0.8996058747265562, 0.8995968849703816, 0.8995805275062021, 0.8995654828489706, 0.8995016666811548, 0.899416960643602, 0.8994687297787795, 0.8994176987334046, 0.8993551641062022, 0.8993049106959298, 0.8992980494498393, 0.8992692733648624, 0.8992237145915601, 0.8992286583854145, 0.8992105632129526, 0.8992613178555183, 0.8992329868841296, 0.8992277986814994, 0.8991426098334816, 0.8991280114608574, 0.8991500258067859, 0.8990368367191355, 0.8990159035142813, 0.8990140926354182, 0.8990381225104485, 0.8990441387628803, 0.8989312982638522, 0.898946207399096, 0.8989243859694561, 0.8988828843989172, 0.8988959667658246, 0.8988502737387882, 0.8988648070393724, 0.8988122495198788, 0.8987766366629661, 0.8987115034009663, 0.8987102832243961, 0.898716464640728, 0.8986433970496018, 0.8985993547575021, 0.8985916469618056, 0.8985619618338553, 0.8984649950417343, 0.8984192300739793, 0.898392141612323, 0.8983986602916597, 0.8984291055323845, 0.898389254748389, 0.8983631148181865, 0.8983175228975113, 0.8983166231008537, 0.8982982447909755, 0.898301253922313, 0.8982525605542547, 0.8982882689188654, 0.8982550417110899, 0.8982359320324519, 0.8981311734471505, 0.8981101151981237, 0.898092868013626, 0.8980787039500121, 0.8980630596210655, 0.8980532180489117, 0.8980528899911199, 0.8980482376318301, 0.8980609820670121, 0.8980496613245031, 0.8980098395828572, 0.8979196543327107, 0.897915116546925, 0.8979056483159722, 0.8978372422014885, 0.897805922582837, 0.8977798972120322, 0.8978116819769248, 0.8977716923826962, 0.8978379432719304, 0.897753626195209, 0.8977295229527911, 0.8977464908236944, 0.8976574167181347, 0.8976224518709326, 0.8976137672868936, 0.89762533325744, 0.8975855135660569, 0.8975854438157354, 0.8976142445419306, 0.8975826278967203, 0.8976309527752422, 0.8975057035469237, 0.8974792731415355, 0.8974605711082335, 0.8974548907731148, 0.8974535400435996, 0.8974132569920557, 0.8974932844716045, 0.8974070062116078, 0.8973810214288989, 0.8973838144304321, 0.8973815859195324, 0.897343944048019, 0.8973111854308581, 0.8973458453648078, 0.897325652068375, 0.8972853482748214, 0.8972820158843119, 0.8972325815874966, 0.8972286137619344, 0.8972440815552774, 0.8972598658231973, 0.8972313812496416, 0.8972377946290603, 0.8972088577407131, 0.8971964693862876, 0.897165559471406, 0.8971152923725964, 0.8970880898876092, 0.8971176470007671, 0.8970964616474151, 0.8971724411511717, 0.8971065686862651, 0.897026666222653, 0.896993783357277, 0.8969942909205927, 0.896990390310847, 0.8969720432535337, 0.8969922969155449, 0.8969773915101463, 0.8970093006222727, 0.8969854424986159, 0.8969092008394901, 0.8969464416295914, 0.8969162055879336, 0.8968968724330454, 0.8968912020692289, 0.8969132992219341, 0.896895384842268, 0.8968502757137676, 0.8968115354428943, 0.8968188620521425, 0.8968297988158079, 0.8968297738348497, 0.8968079768102583, 0.8968243590261278, 0.8968176325275322, 0.8967832468046995, 0.896730126730136, 0.8967273930431668, 0.8967268226715908, 0.8967334826996748, 0.8967337558864558, 0.8967551770235092, 0.8967227089758562, 0.8967220348615738, 0.8967432574729282, 0.8966487253905363, 0.8966483428934751, 0.896632354701699, 0.8966010764118072, 0.8966595401497489, 0.8966151346338594, 0.8965522301839458, 0.8965644450605262, 0.8965468378743123, 0.8965324435713992, 0.8965263523757582, 0.8965225192779582, 0.8965135187238881, 0.8965329772473841, 0.8965143812155995, 0.8965309157125112, 0.896486127064167, 0.8964506392648681, 0.8964745619894399, 0.8964616828451989, 0.8964829380740295, 0.8964416921099781, 0.8963952422715507, 0.8964099227543545, 0.8964082983469824, 0.8964220734722619, 0.8963950324260869, 0.8963792682814328, 0.8964062376278873, 0.8963954900789955, 0.8964210687801432, 0.896423588971243, 0.8963472260858567, 0.8963038981414176, 0.8962975749782998, 0.8963277301910887, 0.8963059226627083, 0.8962991813072445, 0.8963023979042708, 0.8962732508202984, 0.8962943039367319, 0.8962738201580606, 0.8962484851116329, 0.8962743071986523, 0.8962438875562284, 0.8962662588065012, 0.8962753419980649, 0.8962304471561544, 0.8961722328390569, 0.8961946623458361, 0.896196880240303, 0.8962049357612722, 0.896170095091261, 0.8961635150937749, 0.8961693887466564, 0.8961266385630215, 0.8962683483884583, 0.8961395996530311, 0.896057035960424, 0.8960401493699602, 0.8960419498208625, 0.8960881823220656, 0.8960387816334318, 0.8960205659503797, 0.8960338755329305, 0.8959800468617244, 0.895939363201847, 0.8959066590229345, 0.8959203192276877, 0.8959025848147489, 0.8959432829357078, 0.8959340692981508, 0.8958600052036069, 0.8958234519714594, 0.8957836602933594, 0.8957980408253713, 0.8957916539135217, 0.8957951764634148, 0.8957941446815948, 0.895818498163504, 0.8957810644619844, 0.8957658586383728, 0.8957336005508806, 0.8957481155017878, 0.8957106671640123, 0.8957348541022696, 0.8957066035660117, 0.8957186297248976, 0.8957172583145379, 0.8956563494310494, 0.8956581779097376, 0.8956565871373092, 0.8956631833114672, 0.8956665877551465, 0.8956797671836307, 0.8956772151299827, 0.8956484783305422, 0.8956379874748284, 0.8956390089851303, 0.8956262779992884, 0.8956425367476727, 0.8956131084673317, 0.8956026663894278, 0.8955945351622773, 0.8955868276509968, 0.8955776241633395, 0.8955804738402479, 0.8955828591756368, 0.8955935550786646, 0.8955795248450215, 0.8955994913426941, 0.8955814907441342, 0.8955462458887821, 0.8955383334493039, 0.8955233682114749, 0.8955288656795027, 0.8955264962208628, 0.8955246119555604, 0.8955245501348993, 0.895502814514368, 0.8955148750237231, 0.8954941325920699, 0.8954878809892339, 0.8954868487839782, 0.8954820236381505, 0.8954814803659572, 0.8954733394385251, 0.8954955413802599, 0.8954860797415871, 0.8954491283707842, 0.8954488315382934, 0.895446346323335, 0.8954593933856413, 0.8954249443221585, 0.895426145142229, 0.8954285737515271, 0.8954295031551444, 0.8954289210937503, 0.8954131904227858, 0.8953983417014761, 0.8953764043512198, 0.8953786146560495, 0.895383926221626, 0.8953548966678367, 0.8953479153985039, 0.8953452122134824, 0.8953490025396021, 0.8953480058890882, 0.8953601033503141, 0.8953298818034342, 0.8953244744661256, 0.8953215245392419, 0.895309755553328, 0.8953015220787732, 0.8952991188744684, 0.8953011596443906, 0.8953029982720949, 0.89531266610241, 0.8952862807889228, 0.8952799878905155, 0.8952713478900869, 0.8952582141556574, 0.8952447966457113, 0.8952417137997435, 0.8952335657152721, 0.8952256970011042, 0.8952166490603745, 0.8952215273529924, 0.8952117383185991, 0.8951879365803491, 0.8951794348519695, 0.8951766675801162, 0.8951767562785549, 0.8951678812621149, 0.8951680026113071, 0.8951676024203256, 0.895162504369033, 0.8951830548136971, 0.8951783431493606, 0.8951332185762317, 0.8951157645503837, 0.8951115133685543, 0.8951044102938235, 0.8951065747766738, 0.8950998246464779, 0.8950851462011927, 0.8950744854887558, 0.8950636475247479, 0.8950658882749076, 0.8950625907977632, 0.8950615167756557, 0.8950507007292184, 0.8950380144377994, 0.8950412062467595, 0.8950358945806064, 0.8950257034063881, 0.8950311470426522, 0.8950175417069467, 0.8950109195381212, 0.8950172693514941, 0.8950126470904994, 0.8950124563247983, 0.8950119056196993, 0.8950170705749724, 0.8950182726024558, 0.8950119438225907, 0.8950264260667977, 0.8949953133263703, 0.8949966906045379, 0.894991916720814, 0.8949763086770901, 0.8949666198426393, 0.894962325995477, 0.8949539186641925, 0.89497933733367, 0.8949501589797091, 0.8949337224486531, 0.8949330065986905, 0.8949347219512565, 0.8949181398034289, 0.8949151594519664, 0.8949304012965104, 0.894896118217758, 0.8948927738840872, 0.8949070735343476, 0.8948728203941787, 0.8948749494816769, 0.8948688337483555, 0.8948714841051787, 0.8948705736255121, 0.8948692378303078, 0.8948671204539232, 0.8948776185726969, 0.8948616724810826, 0.8948452501689689, 0.8948405906011084, 0.89483787760789, 0.8948224423502202, 0.894825421208413, 0.894827333154938, 0.8948021358077227, 0.8947989880331108, 0.8947995194417969, 0.894791093158855, 0.8947916964399721, 0.8947931585751261, 0.8947930316255512, 0.8947957583583568, 0.894786341289181, 0.8947729522015726, 0.8947699356894429, 0.8947710963006505, 0.8947845520209767, 0.8947677820148442, 0.8947731720485861, 0.8947663600591732, 0.8947516259959315, 0.8947538880381448, 0.8947503264259934, 0.894756331002518, 0.8947514202300983, 0.8947532720106722, 0.8947637200164453, 0.8947476069273503, 0.8947351434526767, 0.8947347896390909, 0.8947347793939027, 0.8947323945644936, 0.8947320773988786, 0.8947286670449254, 0.8947225358129438, 0.894714356815177, 0.8947112455868543, 0.8947097769027665, 0.8947068316815606, 0.8947056192882837, 0.8947077865015572, 0.8947065225119243, 0.8946952073006222, 0.8946868252967547, 0.8946800684519494, 0.8946765964494173, 0.8946742956095075, 0.8946738904684691, 0.8946667825508748, 0.8946571841863076, 0.8946509980157282, 0.8946422470155477, 0.894639016990598, 0.8946358451044916, 0.8946271160259255, 0.8946182130455278, 0.8946115732636618, 0.8946047869976995, 0.894603431190907, 0.894605128210491, 0.8946012780416926, 0.8946053399809583, 0.8945919437530959, 0.8945845228908172, 0.8945799944759887, 0.8945788392915196, 0.8945758670341686, 0.89456803472261, 0.8945622026483747, 0.8945597777844032, 0.8945575887538283, 0.8945572933106436, 0.8945555357885436, 0.8945464513723373, 0.8945374757791048, 0.894531196880318, 0.894527792783968, 0.8945299573127281, 0.8945259780675043, 0.894519686406294, 0.8945145793050044, 0.8945132766094006, 0.8945125590514585, 0.894522006379925, 0.8945108713575364, 0.8945077033191957, 0.8945070999622772, 0.8944978074884288, 0.8944927096737104, 0.8944922459223967, 0.894491094033454, 0.8944860925677655, 0.8944826923582148, 0.8944865717034796, 0.8944805684616276, 0.8944724781608215, 0.8944709939508421, 0.8944706921204975, 0.8944709992035061, 0.8944706267334172, 0.8944690263877357, 0.8944724362312054, 0.8944683403768842, 0.8944686020440274, 0.8944724620675812, 0.8944584845931185, 0.8944586493209461, 0.8944580489335173, 0.8944515609963729, 0.8944490057958703, 0.8944434116436897, 0.8944467755038016, 0.8944460859810219, 0.8944403115347352, 0.8944405947550292, 0.8944468658406735, 0.8944409151074624, 0.8944369035884974, 0.8944377111027711, 0.8944281154014084, 0.8944250578787263, 0.8944216985205569, 0.8944213391408176, 0.8944234850343487, 0.8944180074954238, 0.8944095657481478, 0.8944028266768431, 0.8944017351674346, 0.8944019523655563, 0.8944012564732365, 0.894401175875242, 0.8943969313775103, 0.8943916035034087, 0.8943846260703425, 0.894376809988241, 0.8943780691931815, 0.8943770564568937, 0.8943711854081358, 0.8943667695983892, 0.8943611944375455, 0.8943581277181349, 0.8943534688927713, 0.8943534479772542, 0.8943543812743829, 0.8943575851602287, 0.8943540058875943, 0.8943525920633904, 0.8943564159617357, 0.8943440404705184, 0.8943385784129747, 0.8943343331033409, 0.8943346757892249, 0.8943324899417668, 0.8943294542024489, 0.894325137542177, 0.8943271767170254, 0.8943261635082462, 0.8943171548813911, 0.894311162441885, 0.8943077790593631, 0.8943035199160789, 0.8943005716699634, 0.8943004276917882, 0.8942947157418699, 0.8942928467222866, 0.8942876965960669, 0.894288102957581, 0.8942901995893666, 0.8942812690603923, 0.8942803024570382, 0.8942796280704849, 0.8942735623932507, 0.8942730194191945, 0.8942738369753553, 0.8942689410413209, 0.894267889572696, 0.8942656864692027, 0.894260273349176, 0.8942563644366516, 0.8942526516046649, 0.8942571611313229, 0.8942524316395012, 0.8942440379939558, 0.8942392768596351, 0.8942361143185665, 0.8942331550890503, 0.8942337805117656, 0.8942317601258534, 0.8942334052522345, 0.8942298945526332, 0.8942279304986765, 0.8942277062352361, 0.8942245628831775, 0.8942176539468609, 0.894212578666144, 0.8942069154957017, 0.8942043353790016, 0.8942089462223626, 0.8942057869023036, 0.8941993088292769, 0.8941989469829106, 0.8941982805827748, 0.8941939105447158, 0.894190895745107, 0.8941878368796212, 0.8941880502118809, 0.8941869906688974, 0.894185303347022, 0.8941884082920685, 0.8941811742199196, 0.8941752974718268, 0.894174102266263, 0.8941737155341066, 0.8941705779708908, 0.8941727982199049, 0.8941710902305293, 0.8941689108275297, 0.8941681037557196, 0.8941709909675752, 0.8941692614065803, 0.8941644882411567, 0.8941587972144048, 0.8941532233494955, 0.8941520287021331, 0.8941500851406138, 0.8941480690630291, 0.8941488091889391, 0.8941507254610671, 0.8941476974099644, 0.8941509762356704, 0.8941482881869245, 0.8941407405938965, 0.8941367806933116, 0.8941341093161569, 0.8941317540493579, 0.8941346335532196, 0.8941299961840746, 0.8941276379244036, 0.8941245859704874, 0.894123214771517, 0.8941243119137493, 0.8941251724590348, 0.894123885770224, 0.8941259985583603, 0.894121799332579, 0.894122763911722, 0.8941242181444592, 0.8941151595156888, 0.8941181922592634, 0.894114891663928, 0.8941114282499042, 0.8941130640867282, 0.8941115950785995, 0.894107397455335, 0.8941102199579054, 0.8941096473089643, 0.894102746287132, 0.8941028492529788, 0.8941026529981867, 0.894099995012018, 0.8940982631547992, 0.8940959848119319, 0.8940980530447936, 0.8941010523874857, 0.894090523194553, 0.8940893179015988, 0.8940917992665031, 0.8940863108544173, 0.8940837805883786, 0.8940858321210462, 0.8940852523166611, 0.8940794288490487, 0.8940793935058018, 0.8940798611507824, 0.8940751424804502, 0.8940767951833101, 0.8940771072210777, 0.8940791866739024, 0.8940757542477126, 0.8940681232631991, 0.8940676208532229, 0.8940703404670568, 0.8940641765131554, 0.8940624088748353, 0.894061303763874, 0.8940580957562754, 0.8940530623658197, 0.8940498279413923, 0.8940484087394336, 0.8940495370806268, 0.8940452981869229, 0.8940446164157575, 0.8940460783609905, 0.8940388083739776, 0.8940345338597377, 0.8940309518176683, 0.8940305484398089, 0.894032405413923, 0.8940264780776962, 0.8940204828908227, 0.8940166724692773, 0.8940156174024203, 0.8940165979921042, 0.8940144778187935, 0.8940166421263592, 0.8940111561074197, 0.8940077720716288, 0.8940083524346213, 0.8940085716636779, 0.8940043652546389, 0.8940028060303447, 0.8940041305245928, 0.89399843504899, 0.8940019309592739, 0.8939970942276093, 0.8939951348766975, 0.8939964018665352, 0.8939917957922554, 0.8939901446310511, 0.8939909546267688, 0.8939884151150796, 0.8939893568904282, 0.8939871804917097, 0.8939891150698596, 0.8939874168646503, 0.8939893351847815, 0.8939854874706097, 0.893980878198425, 0.8939805358987891, 0.8939799138273195, 0.8939809404754127, 0.8939805155087396, 0.8939824744706638, 0.8939806089726394, 0.8939814741422818, 0.8939803060057022, 0.8939753328942247, 0.8939748289471309, 0.8939750714094017, 0.8939743433223148, 0.8939768277549841, 0.8939724956935202, 0.8939729406883089, 0.8939719583855866, 0.8939668935334721, 0.8939632577936376, 0.8939647770548074, 0.8939637434065298, 0.8939635539174567, 0.8939621019757962, 0.8939646874892767, 0.8939615998934859, 0.8939582376642534, 0.8939582020750777, 0.8939579994273659, 0.8939597935086855, 0.8939583843759176, 0.8939573233515673, 0.8939586352515165, 0.8939604909779381, 0.8939585125685063, 0.8939515832115795, 0.8939514758990202, 0.8939515575368727, 0.8939506342261575, 0.8939507304194514, 0.893954485335187, 0.8939509959100719, 0.8939451278868531, 0.8939448636393843, 0.8939447848443972, 0.8939450576858273, 0.8939461738526072, 0.8939455024140828, 0.8939449018047798, 0.8939437009583027, 0.8939382514351556, 0.8939379846721415, 0.89393925715673, 0.8939425058365223, 0.8939380747722078, 0.8939334213833423, 0.8939303753671891, 0.8939292069541449, 0.8939308361372089, 0.893929293628358, 0.8939292984842286, 0.8939288411970169, 0.8939285716764368, 0.8939293762380313, 0.8939285096892587, 0.8939237990377105, 0.8939222466137828, 0.8939226786269615, 0.8939216967191816, 0.8939204177577353, 0.8939200585415502, 0.8939199364032316, 0.8939174169708292, 0.8939204335383898, 0.8939166607570257, 0.893912561376487, 0.8939128897130427, 0.8939128405145838, 0.8939108035335964, 0.893910622283812, 0.8939086608765033, 0.8939104439133088, 0.8939074757782327, 0.8939048668917533, 0.8939009650513728, 0.8938982683812701, 0.8938975136811712, 0.893898123843738, 0.8938981209180613, 0.8938960531489141, 0.8938950728366825, 0.8938963766843111, 0.8938954800435145, 0.8938910065204148, 0.8938872176381188, 0.8938870775611164, 0.8938863994181968, 0.8938869661019648, 0.893885838366795, 0.8938851527699118, 0.8938864676371152, 0.8938839714495103, 0.8938848866814535, 0.8938829803445167, 0.8938852762306709, 0.893887684408652, 0.8938829579406068, 0.8938786046036561, 0.8938782154374131, 0.8938764971699851, 0.8938752420655762, 0.8938741176973681, 0.8938722115626284, 0.8938740054231495, 0.8938711967910468, 0.8938688274663646, 0.8938686663677294, 0.8938673168370385, 0.89386812494731, 0.8938664183605521, 0.8938640223024401, 0.8938627897546223, 0.8938634762016578, 0.893865148569942, 0.893861244304523, 0.8938634640304528, 0.8938603963521192, 0.893856467084834, 0.8938578303222899, 0.8938560515042361, 0.8938550446939786, 0.893854914849443, 0.8938543834510113, 0.8938545233138522, 0.8938566060440477, 0.8938555757972588, 0.8938552337404083, 0.8938525166554124, 0.8938511148123459, 0.8938512995440738, 0.8938529617827391, 0.8938503398878461, 0.8938517991185904, 0.8938507120914885, 0.8938514815298501, 0.8938509623991931, 0.8938491679012067, 0.8938466583852271, 0.8938466948842773, 0.8938467365685516, 0.893847086569801, 0.8938515074699748, 0.8938452801276503, 0.8938429247725227, 0.8938423639975271, 0.8938424957862225, 0.8938415146249712, 0.8938417474412998, 0.8938434708288017, 0.8938432298163491, 0.8938379014085579, 0.8938406115284653, 0.8938385921118343, 0.8938374678332948, 0.8938387168758235, 0.8938351856009702, 0.8938388987900037, 0.8938351312574946, 0.8938360211197027, 0.8938351369313375, 0.893834830487882, 0.8938348907726392, 0.8938360479199386, 0.8938373114305599, 0.893832433064894, 0.8938325519047361, 0.8938325009014295, 0.893833220006527, 0.8938311701549511, 0.893827841279078, 0.8938298078543664, 0.8938276332670629, 0.893825002462189, 0.8938242426111701, 0.89382633046474, 0.893823860087876, 0.8938273237293539, 0.8938254865062171, 0.8938246679630173, 0.8938258550554814, 0.8938232512506473, 0.8938226102676026, 0.8938209366209772, 0.8938199464030515, 0.8938195665675754, 0.8938231354813831, 0.8938199463776856, 0.8938176324819426, 0.8938175641936147, 0.893819925340341, 0.8938148709430433, 0.8938138529467493, 0.8938121935489595, 0.8938103585360434, 0.8938094268761688, 0.8938110326476438, 0.8938109917844522, 0.8938072831430925, 0.8938074001428733, 0.8938090007964121, 0.8938085613973451, 0.8938077006398013, 0.8938067986229317, 0.8938055864712459, 0.8938054372767379, 0.8938074873010303, 0.8938049056964793, 0.8938042375088702, 0.8938013400241822, 0.8937991642763053, 0.8938007561499951, 0.8937992738204908, 0.8937989445172293, 0.8937993272650939, 0.8937981283048926, 0.8937975051045021, 0.8937987677498861, 0.8937965607677351, 0.8937967490689868, 0.8937967755579602, 0.893795847029247, 0.8937954128283868, 0.8937953007561968, 0.8937953768726432, 0.8937979961690571, 0.8937940820918474, 0.893799360863075, 0.8937941965007725, 0.8937927629073917, 0.8937922619405433, 0.8937904797976497, 0.8937927196045753, 0.8937901965206086, 0.8937897833149353, 0.8937896079272407, 0.8937878624329315, 0.8937873672842548, 0.8937873085933297, 0.8937884310172577, 0.8937875054266021, 0.8937880361720086, 0.8937870619325565, 0.8937948121772585, 0.8937855200030274, 0.893783674855044, 0.8937832400507616, 0.8937825477358352, 0.8937820012254437, 0.8937848859271875, 0.8937845957230256, 0.8937818267659559, 0.8937806134090551, 0.8937794742783085, 0.8937781803940545, 0.8937787130337431, 0.8937786843735952, 0.8937764520328956, 0.8937793042293819, 0.8937751746449029, 0.8937754538516388, 0.8937744666582734, 0.8937739580037277, 0.8937740780844207, 0.8937754920407079, 0.8937740639340325, 0.8937754968349946, 0.8937734189244162, 0.8937744882522195, 0.8937736062809438, 0.8937726310158671, 0.8937722010025778, 0.8937727958301364, 0.893773135711024, 0.8937717990308188, 0.8937719818007539, 0.8937708634947199, 0.8937697822911187, 0.893770521328259, 0.8937697547867733, 0.893769603051422, 0.8937698107334284, 0.8937691423465364, 0.8937691257217127, 0.8937681394333415, 0.8937670945124263, 0.8937661909777689, 0.8937657585484119, 0.8937679579715747, 0.8937658662366398, 0.893764686837752, 0.8937639303934124, 0.8937637844974048, 0.8937639771294948, 0.8937641838252562, 0.8937639181523492, 0.8937643410725374, 0.8937639887780146, 0.8937648606173612, 0.8937643983900285, 0.8937625530510158, 0.8937618995558194, 0.8937613653274057, 0.8937620906736464, 0.8937611557691015, 0.893760083950793, 0.8937597768635455, 0.8937591611215484, 0.8937590506182188, 0.8937583003633627, 0.8937579220223774, 0.8937579170563407, 0.8937569511747551, 0.8937568226144996, 0.893757126434535, 0.8937558258560476, 0.8937550417342347, 0.8937549802954633, 0.8937549113201796, 0.8937550369572625, 0.8937546181200213, 0.893754965300208, 0.8937545764272513, 0.8937536595615899, 0.8937533440641937, 0.8937535467426508, 0.8937531546812145, 0.8937530950662524, 0.8937527795680762, 0.893753542710293, 0.8937529368439752, 0.8937522238877657, 0.8937513364438171, 0.8937514316481855, 0.8937509308361667, 0.8937511303408232, 0.8937510968800165, 0.8937521571018698, 0.8937506384617103, 0.8937503527251134, 0.893750315279703, 0.8937491614143095, 0.8937500574995881, 0.8937490911053515, 0.8937487037717806, 0.8937492698167486, 0.8937475767813365, 0.8937472632616837, 0.8937473875936118, 0.893747493138801, 0.8937472538141837, 0.8937471348719559, 0.8937472872966487, 0.8937468568611324, 0.8937477323199486, 0.8937468272705817, 0.8937466838318745, 0.8937472071375814, 0.8937457213140118, 0.8937466849705722, 0.8937461063760712, 0.8937463554170343, 0.8937457430915331, 0.893744921426347, 0.8937451458851428, 0.8937448352522059, 0.89374428472958, 0.8937443754171446, 0.8937443625024498, 0.8937444627306999, 0.893743885242405, 0.8937428738466545, 0.8937432522430777, 0.8937427057318712, 0.8937422771480888, 0.8937427774567457, 0.8937425303899798, 0.8937424054812759, 0.8937423191245399, 0.8937423067624448, 0.8937424679377719, 0.8937426566967234, 0.8937422632797942, 0.8937428807721185, 0.8937421844406999, 0.8937423638143384, 0.893741583959015, 0.8937413709367171, 0.8937410600418139, 0.8937412753780802, 0.8937410755809245, 0.8937406924308736, 0.8937405731325397, 0.8937407486025554, 0.8937403211670822, 0.8937403774761769, 0.8937402661374637, 0.8937402364201331, 0.893740148458262, 0.8937401175457833, 0.8937397983056783, 0.8937397181364086, 0.8937391125576776, 0.8937388598857137, 0.8937386171969246, 0.8937382700752222, 0.8937382098322108, 0.8937381433085737, 0.8937379770007942, 0.8937380494670245, 0.8937379032232184, 0.8937379042021417, 0.8937377717624717, 0.8937377013321282, 0.893738171373872, 0.8937376307450462, 0.893737131008646, 0.8937372886279245, 0.8937371022397841, 0.8937371452658374, 0.893737105118665, 0.8937370395555654, 0.8937370059188213, 0.8937369050237874, 0.8937369759112576, 0.8937364422225111, 0.89373637156022, 0.8937363700015285, 0.8937363171094664, 0.8937365547595234, 0.8937358466968679, 0.8937356121266913, 0.893735243110041, 0.8937349912885909, 0.8937349909445198, 0.8937352321919992, 0.8937345810941959, 0.8937347370802132, 0.8937346285491407, 0.893734657972688, 0.8937345478126697, 0.8937341782130128, 0.8937341237200308, 0.8937341272653097, 0.893733706653088, 0.8937335528554237, 0.8937341628903192, 0.8937335638162677, 0.8937331638401819, 0.8937331312042283, 0.8937330977494073, 0.8937327591252107, 0.8937327617620507, 0.8937327077482324, 0.8937325411472816, 0.8937321784934129, 0.8937321190448858, 0.8937321764202287, 0.8937316371795797, 0.8937312231768805, 0.8937309703109689, 0.8937308060798554, 0.8937308744493254, 0.8937308495751772, 0.8937305997186886, 0.8937301445165866, 0.893729870381226, 0.8937297487325404, 0.8937297384060026, 0.8937293474862926, 0.8937291613545454, 0.8937287901021238, 0.8937285302461786, 0.8937284790022585, 0.8937284864166842, 0.893728645235271, 0.893728406447199, 0.8937286378294522, 0.8937284105922342, 0.893728067396322, 0.8937277753289873, 0.8937278551478787, 0.8937276953400944, 0.8937275334457065, 0.8937274618681178, 0.8937275648145655, 0.8937274194056776, 0.893726975387128, 0.8937267995630308, 0.8937268570246767, 0.8937268389938251, 0.8937268446693167, 0.893726978707517, 0.89372646946594, 0.8937262231018316, 0.8937259818285246, 0.8937261533041554, 0.8937258304988892, 0.8937257492463928, 0.8937257801468173, 0.8937255842937869, 0.8937257630024733, 0.8937255661851685, 0.8937252155156765, 0.8937250172044856, 0.8937250207632991, 0.8937249274962549, 0.8937248493998087, 0.8937246820817454, 0.8937244393207059, 0.8937241579358263, 0.8937239219397156, 0.8937240417278293, 0.8937238020241878, 0.893723735923973, 0.893723886868234, 0.8937233312119156, 0.893723041242625, 0.8937229726578199, 0.8937229803111689, 0.8937228752226835, 0.8937227715860987, 0.8937229897455551, 0.8937227821190615, 0.8937226551933617, 0.8937227638697728, 0.8937226366221352, 0.8937222666032483, 0.8937221271688205, 0.8937221670740556, 0.8937221760057596, 0.8937221402260778, 0.8937221601213239, 0.8937217278268955, 0.8937218367711317, 0.8937217706695906, 0.8937215372540062, 0.8937218613250907, 0.8937215226034012, 0.8937212820415616, 0.8937211405135723, 0.8937209918423961, 0.8937212008619744, 0.8937210134215424, 0.8937208961543595, 0.8937209251295437, 0.8937207873610014, 0.8937209945673712, 0.8937203958287706, 0.8937201286588758, 0.8937200398357512, 0.8937199668937801, 0.8937198638760374, 0.8937199891898839, 0.8937199138663752, 0.8937199063400237, 0.8937198769922732, 0.8937195340695929, 0.8937194567716557, 0.8937194106567532, 0.8937194672804089, 0.8937194569718065, 0.8937193506763741, 0.8937191949320173, 0.8937192723652662, 0.893719164155572, 0.8937189764540708, 0.893718626382876, 0.8937184549970457, 0.8937183466929838, 0.8937182730423587, 0.8937180752870465, 0.8937184820233031, 0.8937179855134931, 0.8937180274652277, 0.893718110606987, 0.8937178366261315, 0.8937179186605103, 0.8937179249872698, 0.8937179134732283, 0.8937174836603416, 0.8937174228376331, 0.8937173682378937, 0.8937176105059244, 0.8937172869877773, 0.8937170461287347, 0.8937168395593005, 0.8937167730425514, 0.8937168623848472, 0.8937167329783012, 0.8937167575903356, 0.8937164355927701, 0.8937162235965637, 0.8937159779386501, 0.8937156896841806, 0.8937156036958135, 0.8937157291248834, 0.8937156292427542, 0.8937155428602271, 0.8937154944532363, 0.8937154302576, 0.8937153333038358, 0.8937152792305703, 0.8937153644643683, 0.893715232293431, 0.8937151129376681, 0.8937156104801447, 0.8937152260914674, 0.8937147873458341, 0.8937146656356182, 0.8937147247819748, 0.893714872489255, 0.893714770655707, 0.8937145872807813, 0.8937146109577305, 0.8937147228639848, 0.8937146214566646, 0.8937143011412845, 0.8937142323785581, 0.8937141575898554, 0.8937142845201634, 0.8937141771457933, 0.8937138759559402, 0.8937137520248944, 0.8937135238442206, 0.8937134114985186, 0.8937132260936136, 0.8937132513779618, 0.8937132596280889, 0.8937130423696955, 0.8937128879864447, 0.8937128090101468, 0.8937128043607128, 0.8937127437687048, 0.8937126658534376, 0.8937125735001308, 0.8937126574266345, 0.893712503811434, 0.8937126255029915, 0.8937127031711377, 0.8937121842569857, 0.8937120324118376, 0.8937119585811281, 0.8937119017771782, 0.8937118038395641, 0.8937117754407009, 0.8937117292288107, 0.8937121782899979, 0.8937118108742896, 0.8937114599334685, 0.8937113065668185, 0.8937112892119577, 0.8937112506451435, 0.8937113113329422, 0.8937111855230052, 0.8937113877804449, 0.8937112355454904, 0.8937109082623073, 0.8937109252227283, 0.8937109343444402, 0.8937109919689463, 0.8937109142631272, 0.8937109459951462, 0.8937109894472931, 0.8937108488242415, 0.8937107926081789, 0.8937107048274039, 0.8937107039465426, 0.8937107278343419, 0.8937107043126433, 0.8937106672735828, 0.8937106508221898, 0.8937107034071498, 0.8937104965814626, 0.8937103593661898, 0.8937102698340752, 0.8937102029502165, 0.8937101838985161, 0.893710197240539, 0.8937100803825292, 0.8937099804117334, 0.8937098701190888, 0.8937098024263983, 0.8937098132377985, 0.8937097944464685, 0.8937098042340076, 0.8937098445329844, 0.893709657014884, 0.8937095643444455, 0.8937094893453983, 0.893709456479342, 0.8937094577346556, 0.8937094124590862, 0.8937094139396005, 0.893709376997593, 0.8937093045399753, 0.8937092585903222, 0.8937091321196351, 0.8937090590416646, 0.8937089658064882, 0.8937088613424025, 0.8937087930874573, 0.8937087878125736, 0.8937088059568317, 0.8937088021127535, 0.8937087882661892, 0.8937087575266061, 0.8937088235325272, 0.8937087264138689, 0.8937086411989971, 0.8937084989194984, 0.8937084580493458, 0.8937083810787585, 0.8937083306345723, 0.8937083498433684, 0.8937083362210064, 0.8937083139116511, 0.8937082771045258, 0.8937081698261007, 0.893708119550577, 0.8937081152286636, 0.8937081062840465, 0.8937081233725787, 0.8937080026614056, 0.8937079224728351, 0.8937078761920959, 0.8937078150066173, 0.8937078149792909, 0.8937077605454997, 0.8937076527276149, 0.8937075927515067, 0.8937074814577357, 0.8937074688842337, 0.893707504484716, 0.8937074464228165, 0.8937074596261655, 0.8937073989726437, 0.8937073618446718, 0.8937073599042915, 0.8937073225214607, 0.8937074038679155, 0.8937073040316001, 0.8937071997275332, 0.8937071857980888, 0.8937072299707622, 0.8937070754055231, 0.8937069623494499, 0.893706868154256, 0.8937067652921501, 0.8937066826329281, 0.8937066253465382, 0.8937066157963657, 0.8937066017688672, 0.8937066229034722, 0.8937066301449955, 0.8937066041520664, 0.893706629008428, 0.8937066070870612, 0.893706594562822, 0.8937064513962207, 0.8937063848988797, 0.8937063533145704, 0.8937063256744743, 0.8937062964045662, 0.893706351263776, 0.8937062938560073, 0.8937062039003014, 0.8937061579487489, 0.8937061827819927, 0.8937061429501302, 0.8937061566281567, 0.89370615064371, 0.8937061280555337, 0.893706035847612, 0.8937059543561707, 0.8937060260598999, 0.8937059474450497, 0.8937058810172419, 0.893705831665659, 0.8937057855999281, 0.8937057849742136, 0.8937057915821901, 0.8937057769804504, 0.8937057750340587, 0.8937057741827817, 0.8937057701987866, 0.8937058513907452, 0.8937058371497519, 0.8937056521585582, 0.8937055595694605, 0.893705492104128, 0.8937054692717198, 0.8937054882228267, 0.8937054724209385, 0.8937055072285314, 0.8937054886890429, 0.8937055531893203, 0.8937054768205673, 0.8937053864087559, 0.8937054140262625, 0.8937053686652664, 0.8937053964782193, 0.8937053378168918, 0.8937053450801831, 0.8937053525884243, 0.893705269780257, 0.8937052368354803, 0.8937052520323178, 0.8937052548279224, 0.8937052185044106, 0.893705204720327, 0.893705208876914, 0.8937051752092112, 0.8937051414108674, 0.8937051652293612, 0.8937052387415638, 0.8937050080030831, 0.8937049732062662, 0.893704976566376, 0.8937049708638709, 0.8937049728269557, 0.8937049551985969, 0.8937049565954943, 0.8937049743131361, 0.8937049377531494, 0.8937049487126135, 0.8937049445889238, 0.8937048772649301, 0.8937049398794167, 0.8937047731198162, 0.8937047089342922, 0.8937047430032623, 0.8937047173586152, 0.893704732088733, 0.893704695735269, 0.8937046923496674, 0.8937046887553688, 0.8937046725414955, 0.8937046661708501, 0.8937047320780178, 0.8937046817833075, 0.8937046375210081, 0.8937045975797028, 0.8937045268294032, 0.893704478084671, 0.8937043885135446, 0.8937043597732204, 0.8937043173294552, 0.8937042304452657, 0.8937041627387621, 0.8937040715747939, 0.8937039869133254, 0.8937039256482229, 0.8937038852308904, 0.8937038489547877, 0.8937038714138622, 0.8937038591194228, 0.8937038565829224, 0.8937038446867097, 0.89370376847326, 0.8937037535219237, 0.8937037027238758, 0.8937036574352963, 0.8937035773383614, 0.8937035507968474, 0.8937035286677825, 0.8937035488955322, 0.8937035438464133, 0.8937035364281918, 0.8937035437204476, 0.8937034862121773, 0.893703485101371, 0.8937034287289614, 0.893703391091, 0.8937033908240997, 0.8937034284241157, 0.8937033671548591, 0.8937033239143719, 0.8937033376499189, 0.8937033446305757, 0.8937032866006478, 0.8937032579555975, 0.8937032814485288, 0.8937032445115674, 0.8937032482058931, 0.8937032443416962, 0.8937033110000057, 0.8937031597375735, 0.89370316488802, 0.893703120376334, 0.893703075008777, 0.8937030458095334, 0.8937030334182436, 0.8937030638862512, 0.8937030393265897, 0.8937030529676895, 0.8937030144019815, 0.8937029642952408, 0.8937029487931415, 0.8937029593405383, 0.8937029713805548, 0.8937029663946843, 0.893702920437204, 0.8937029563044594, 0.893702980897802, 0.8937028393606941, 0.8937028090378024, 0.8937028112014678, 0.8937028184877565, 0.8937028092825028, 0.8937028331686544, 0.8937028064246212, 0.8937028149608812, 0.8937027980089219, 0.8937027781588808, 0.8937027476391148, 0.8937027443422669, 0.8937027254169457, 0.8937026900265626, 0.8937027725195674, 0.8937026889712639, 0.893702598002797, 0.8937025759963654, 0.8937025814487767, 0.8937025970159145, 0.8937025819654293, 0.8937025552212122, 0.8937025664947232, 0.8937025554235204, 0.8937025418238326, 0.8937025332748196, 0.8937025172828543, 0.8937024716998796, 0.8937024669243716, 0.8937024689751603, 0.8937024505244531, 0.8937024079125533, 0.8937024120146038, 0.8937024067576042, 0.8937024422733962, 0.893702453036575, 0.8937023489605161, 0.8937023268302814, 0.8937023840067393, 0.8937023483371966, 0.8937022897321663, 0.8937023037950534, 0.8937022960921862, 0.893702323077754, 0.8937023417108696, 0.893702232976718, 0.8937022146154998, 0.8937022271868396, 0.893702219087013, 0.8937022125248729, 0.8937021756870421, 0.8937021273200014, 0.8937021333525518, 0.893702145198515, 0.8937021277779612, 0.8937021541914327, 0.8937020834938489, 0.8937020572254186, 0.8937020456152098, 0.8937020505155623, 0.8937020470000299, 0.8937020424191142, 0.8937020220064708, 0.8937020197298184, 0.8937020494326942, 0.8937020225398871, 0.8937020867015676, 0.8937019275080353, 0.8937019225062522, 0.8937019199073528, 0.8937019496610566, 0.8937019236404282, 0.8937019543402179, 0.8937019363468617, 0.8937018611283464, 0.8937018490198688, 0.8937018404496841, 0.8937018422672216, 0.893701846989466, 0.8937018294140685, 0.8937018441455602, 0.8937017952050859, 0.8937017351235196, 0.8937017055733936, 0.8937017215823846, 0.8937016981068565, 0.8937016664558376, 0.8937016704393822, 0.8937016589339668, 0.8937016795980959, 0.8937016848463194, 0.8937016679208926, 0.8937016425814613, 0.8937016498948032, 0.8937016457752244, 0.8937016400817563, 0.8937016644706547, 0.8937016412444841, 0.8937016127114981, 0.8937016071688746, 0.8937016240683994, 0.8937015798622349, 0.893701554610245, 0.8937015316403819, 0.8937015120116153, 0.8937015071328887, 0.8937015099220714, 0.893701516329771, 0.8937014948349971, 0.8937014751800061, 0.893701473424988, 0.8937014738724214, 0.8937014491602151, 0.8937014313119527, 0.8937014124460936, 0.8937013960945581, 0.8937013864084286, 0.8937013894244766, 0.8937013769850352, 0.8937013549423527, 0.8937013505822977, 0.8937013446443763, 0.8937013221065278, 0.893701321403133, 0.8937013237752319, 0.8937013166788433, 0.8937013181440673, 0.8937013128560092, 0.8937013051323378, 0.8937013363512624, 0.8937013216591866, 0.8937012797897609, 0.8937012532307302, 0.8937012372613813, 0.8937012358278302, 0.8937012294358638, 0.8937012075785682, 0.8937011962944573, 0.8937011830964681, 0.8937011815784807, 0.8937011793580056, 0.8937012008237039, 0.893701173212054, 0.8937011925692516, 0.8937011777140235, 0.8937011425140452, 0.8937011307543992, 0.8937011144581083, 0.893701120467829, 0.8937011143115691, 0.8937011197661502, 0.8937011180131527, 0.8937011006936376, 0.8937010764473929, 0.8937010690476632, 0.8937010690109876, 0.8937010760520495, 0.8937010664616768, 0.8937010502372628, 0.8937010646229492, 0.8937010561033758, 0.8937010337237308, 0.8937010260412094, 0.8937010253397458, 0.8937010126286407, 0.8937010217735682, 0.8937010027867842, 0.8937009813596529, 0.8937009647011761, 0.8937009663556974, 0.8937009642362456, 0.8937009538803582, 0.8937009497969969, 0.8937009564368347, 0.8937009530548864, 0.8937009334997713, 0.8937009083828481, 0.893700894199556, 0.8937008974946373, 0.8937008953278188, 0.8937008914596016, 0.8937008978799096, 0.8937008754396989, 0.8937008496974101, 0.8937008529949358, 0.8937008537177648, 0.8937008412019964, 0.8937008300984515, 0.8937008329204995, 0.8937008085510656, 0.8937008021941465, 0.8937007928097459, 0.8937007795564116, 0.8937007688011481, 0.8937007560012146, 0.8937007743214839, 0.8937007470578209, 0.8937007251767236, 0.8937007113142896, 0.8937006995150738, 0.8937006903096366, 0.8937006977798421, 0.893700680300666, 0.8937006763467084, 0.8937006801666317, 0.8937006832574463, 0.8937006897210367, 0.8937006582905758, 0.893700654785893, 0.8937006515314284, 0.8937006323714888, 0.8937006306326766, 0.8937006308621387, 0.8937006314624937, 0.8937006279830363, 0.893700614718329, 0.893700604385693, 0.8937005788490743, 0.8937005915515167, 0.8937005756261, 0.8937005632537145, 0.8937005497844133, 0.8937005601564714, 0.8937005500038667, 0.8937005491931352, 0.8937005531472949, 0.8937005436899871, 0.8937005419447649, 0.8937005331390748, 0.8937005070566876, 0.8937004930146807, 0.8937004830930592, 0.8937004712564453, 0.8937004611037905, 0.8937004820939458, 0.8937004742019279, 0.8937004434407336, 0.8937004366743724, 0.8937004369990852, 0.8937004409984248, 0.8937004392936977, 0.8937004357671091, 0.8937004334052352, 0.8937004231380237, 0.8937004039338573, 0.8937003839763329, 0.8937003789327415, 0.8937003670918073, 0.8937003690420093, 0.8937003732977868, 0.8937003464355703, 0.8937003683002553, 0.8937003460629396, 0.8937003294332252, 0.8937003230926015, 0.8937003233733994, 0.8937003236642366, 0.8937003232736997, 0.89370032483678, 0.8937003174765313, 0.8937003231405851, 0.8937003219207922, 0.8937003191279569, 0.8937003214504111, 0.8937003039697031, 0.8937003069083599, 0.8937003054967402, 0.8937003021070518, 0.8937003227556413, 0.8937002794354931, 0.8937002701253877, 0.8937002662593082, 0.8937002661579346, 0.8937002755675796, 0.8937002654245699, 0.8937002667937853, 0.8937002634439077, 0.8937002678268904, 0.893700274724914, 0.8937002472104651, 0.8937002373950493, 0.8937002386002248, 0.8937002341481625, 0.8937002372508553, 0.8937002297161917, 0.8937002168186506, 0.8937002073055726, 0.8937002032648639, 0.8937002063280595, 0.8937001927076001, 0.8937001962310805, 0.8937001932525712, 0.8937001945161681, 0.8937001959279294, 0.8937002001824399, 0.8937002001347975, 0.8937001729259968, 0.8937001723174309, 0.8937001714268655, 0.8937001798948699, 0.8937001734272234, 0.893700173140293, 0.8937001767011561, 0.8937001647122865, 0.8937001428776644, 0.8937001402076795, 0.8937001459614982, 0.893700131884736, 0.8937001262399604, 0.8937001279641155, 0.8937001237333465, 0.893700111376869, 0.8937001109589419, 0.8937001113175027, 0.89370011305086, 0.8937001141617795, 0.893700118706451, 0.893700112475243, 0.8937001087417751, 0.893700106250772, 0.8937001168445962, 0.8937001253367806, 0.8937000911058643, 0.8937000817754058, 0.8937000840878224, 0.8937000733183601, 0.8937000810841929, 0.8937000731435633, 0.8937000676421294, 0.8937000670864933, 0.8937000673069625, 0.8937000665877308, 0.8937000568032655, 0.8937000524715383, 0.8937000605199413, 0.8937000492655546, 0.8937000302044412, 0.8937000215538007, 0.8937000374600377, 0.8937000268339504, 0.8937000050536383, 0.8937000077546585, 0.8937000085294841, 0.8937000043722748, 0.8937000061430126, 0.8937000097955249, 0.8937000043170849, 0.8937000016412636, 0.8936999986036388, 0.8937000132856828, 0.8936999896973147, 0.8936999778374222, 0.8936999717684149, 0.8936999756508883, 0.8936999825230073, 0.8936999755537112, 0.8936999670178034, 0.8936999695778244, 0.8936999688890224, 0.8936999685785608, 0.8936999509716766, 0.8936999556916728, 0.8936999578804489, 0.8936999472298525, 0.8936999662933377, 0.8936999402966024, 0.8936999296792564, 0.8936999232620851, 0.8936999205065064, 0.8936999164957531, 0.8936999176824156, 0.8936999146100755, 0.8936999139322476, 0.8936999228062513, 0.8936999132176031, 0.8936999155869939, 0.893699907097209, 0.8936998951910596, 0.8936998986191966, 0.8936999005390316, 0.8936998999661458, 0.8936998959457991, 0.8936998982087275, 0.8936998998376511, 0.893699893757201, 0.8936998856324416, 0.8936998890787882, 0.8936998852550178, 0.8936998789346355, 0.8936998826476182, 0.8936998833709939, 0.893699873100645, 0.8936998713635151, 0.89369986897603, 0.8936998620267442, 0.8936998565821319, 0.8936998534096473, 0.8936998565065392, 0.893699852442369, 0.8936998501422886, 0.8936998522093638, 0.8936998602188234, 0.8936998370452923, 0.8936998280304322, 0.893699826034749, 0.8936998271723688, 0.8936998265351801, 0.8936998278353679, 0.8936998325847304, 0.8936998285320086, 0.8936998272642667, 0.8936998267248666, 0.8936998163195574, 0.8936998161990672, 0.8936998194940595, 0.8936998138748847, 0.8936998141228728, 0.8936998102609005, 0.8936998019810088, 0.8936998005666826, 0.8936998011439423, 0.8936997985281433, 0.8936997980582582, 0.8936997952094028, 0.893699795288091, 0.8936997951874419, 0.8936997922597357, 0.893699794415801, 0.8936998017334628, 0.8936997958992358, 0.8936997909817151, 0.8936997768216947, 0.8936997745042419, 0.8936997741157104, 0.893699771376643, 0.893699764311285, 0.8936997579716053, 0.8936997607845277, 0.8936997629459726, 0.8936997583616925, 0.8936997641005071, 0.8936997586947417, 0.8936997655142848, 0.8936997593050642, 0.8936997464742732, 0.893699740362559, 0.8936997364430296, 0.8936997440820948, 0.8936997359910006, 0.8936997360165889, 0.8936997370948422, 0.893699728601664, 0.8936997246169479, 0.8936997243107366, 0.8936997222204107, 0.8936997228218018, 0.8936997243494081, 0.8936997205795221, 0.8936997261693177, 0.8936997174752956, 0.8936997092514793, 0.8936997085594425, 0.8936997104069786, 0.8936997105330217, 0.893699708193236, 0.8936997140655268, 0.8936997077902378, 0.8936996998841756, 0.8936996966443085, 0.8936996980936428, 0.8936997006909697, 0.8936996978618971, 0.893699693350785, 0.8936996960734914, 0.8936996933796574, 0.8936996857251313, 0.8936996852913243, 0.8936996851095249, 0.8936996847867925, 0.8936996836827397, 0.8936996845020251, 0.8936996831811448, 0.8936996839286713, 0.8936996835711342, 0.8936996837933402, 0.8936996875519291, 0.8936996748161748, 0.893699673635113, 0.8936996753914994, 0.8936996724803412, 0.8936996718700095, 0.893699669979391, 0.8936996683292884, 0.8936996745483642, 0.8936996612828222, 0.8936996553885381, 0.8936996528363081, 0.8936996502344545, 0.8936996507338836, 0.8936996504848603, 0.8936996489662113, 0.8936996465046877, 0.893699641654367, 0.8936996485120279, 0.8936996408010367, 0.8936996399103699, 0.8936996402398714, 0.8936996351569575, 0.8936996370268325, 0.8936996348538633, 0.8936996349370746, 0.893699640535577, 0.8936996291171462, 0.8936996208555079, 0.8936996126681385, 0.8936996078212306, 0.8936996006491249, 0.8936995995960225, 0.8936995995158916, 0.8936995981529157, 0.8936996003140922, 0.893699593668033, 0.893699597354765, 0.8936995934228102, 0.8936995912843572, 0.8936995931603502, 0.8936995805818911, 0.8936995751965883, 0.8936995776325802, 0.8936995764787696, 0.8936995850915866, 0.8936995747555633, 0.8936995727455551, 0.8936995736790537, 0.8936995749080701, 0.893699573208592, 0.8936995683363318, 0.8936995697785103, 0.8936995642916118, 0.8936995631286169, 0.8936995580489872, 0.8936995648687707, 0.8936995554205277, 0.8936995495403746, 0.8936995480800279, 0.8936995469153, 0.8936995476616171, 0.8936995481481302, 0.8936995455699132, 0.8936995471099407, 0.8936995420740979, 0.8936995408833143, 0.8936995463870758, 0.8936995322295672, 0.8936995348623917, 0.8936995322021877, 0.8936995317867101, 0.893699530222084, 0.893699531938277, 0.8936995294534275, 0.8936995288442361, 0.8936995296108556, 0.8936995349440064, 0.8936995333622385, 0.8936995196139264, 0.8936995155365544, 0.8936995175025897, 0.8936995160472728, 0.8936995142164528, 0.8936995128620874, 0.8936995126215942, 0.8936995109637346, 0.8936995041604074, 0.8936994992392272, 0.8936994976594621, 0.8936994967771851, 0.8936994964681182, 0.8936994961733026, 0.8936994930217266, 0.893699490209503, 0.8936994819309433, 0.8936994784188413, 0.8936994785490903, 0.893699476695312, 0.8936994749857918, 0.8936994731469335, 0.8936994668325996, 0.8936994643975302, 0.8936994581963966, 0.893699454660784, 0.8936994519159004, 0.8936994471262741, 0.8936994499358608, 0.8936994486833796, 0.8936994419203503, 0.8936994390183597, 0.8936994400028728, 0.8936994443054336, 0.8936994427046054, 0.8936994376127321, 0.8936994347260915, 0.8936994306596533, 0.8936994288827261, 0.8936994305173769, 0.8936994293844206, 0.8936994287093271, 0.8936994264885467, 0.8936994277247622, 0.8936994264174235, 0.8936994228847122, 0.8936994166157022, 0.8936994145652206, 0.8936994173265953, 0.8936994157507183, 0.8936994119647148, 0.89369941777584, 0.8936994138909011, 0.8936994069939723, 0.8936994077847045, 0.8936994062956916, 0.893699406138578, 0.8936994065103329, 0.893699405711063, 0.8936994114005915, 0.8936994046867618, 0.8936994080145242, 0.893699405228645, 0.8936993983836634, 0.8936994048506368, 0.8936993988439279, 0.8936993995710137] 

Smallest VQE eingenvalue optimizer final message:
{   'aux_operators_evaluated': None,
    'cost_function_evals': 4389,
    'eigenvalue': 0.8936993995710137,
    'optimal_circuit': <qiskit.circuit.library.n_local.real_amplitudes.RealAmplitudes object at 0x000002108F49B2C0>,
    'optimal_parameters': {   ParameterVectorElement([4]): 1.570800155684311,
                              ParameterVectorElement([11]): 4.712139738337715,
                              ParameterVectorElement([8]): 0.09906956466882816,
                              ParameterVectorElement([6]): -0.36984532892319355,
                              ParameterVectorElement([5]): -1.5707973615294288,
                              ParameterVectorElement([7]): -0.4036976577573128,
                              ParameterVectorElement([10]): 1.5708077394513607,
                              ParameterVectorElement([9]): 3.644033840374328,
                              ParameterVectorElement([3]): 3.6402922978392893,
                              ParameterVectorElement([1]): -0.0036696389628296986,
                              ParameterVectorElement([0]): 0.02209428361857596,
                              ParameterVectorElement([2]): 0.0002002390696210675},
    'optimal_point': array([ 2.20942836e-02, -3.66963896e-03,  2.00239070e-04,  3.64029230e+00,
        1.57080016e+00, -1.57079736e+00, -3.69845329e-01, -4.03697658e-01,
        9.90695647e-02,  3.64403384e+00,  1.57080774e+00,  4.71213974e+00]),
    'optimal_value': 0.8936993995710137,
    'optimizer_evals': None,
    'optimizer_result': <qiskit_algorithms.optimizers.optimizer.OptimizerResult object at 0x00000210570CE330>,
    'optimizer_time': 10.864707708358765}
                                   
q_0:  Ry([0])  Ry([6]) 
                              
q_1:  Ry([1])  X  Ry([7]) 
                         
q_2:  Ry([2])  X  Ry([8]) 
                         
q_3:  Ry([3])  X  Ry([9]) 
                        
q_4:  Ry([4])  X  Ry([10]) 
                        
q_5:  Ry([5])  X  Ry([11]) 
                             
The number of ansatz parameters is: 
 12
Line for latex table
RA r1 rl & $1\mathrm{e}{-05}$ & 65/100 &6644 & $8.937\mathrm{e}{-01}$ & $2.067\mathrm{e}{-03}$ & $8.937\mathrm{e}{-01}$ & $2.0681\mathrm{e}{-03}$ & - & 00h 32m 39s\\

