3.101907619651456e-12
3.57494589486862e-11
7.707001703494143e-12
1.0023593066676995e-11
4.883707327429931e-10
6.30301366655317e-12
1.5312584533688778e-11
3.931410752500142e-12
4.4244052865849426e-12
1.3327561276810229e-11
6.445843858671196e-12
1.1811718270138272e-11
3.754441202374892e-12
1.317002062961592e-12
1.0734579891646945e-11
4.382050278195493e-12
4.509614903724923e-12
4.786282481461512e-12
1.886713008047991e-12
6.737999047601306e-12
1.706301766546403e-12
9.056089211867402e-12
3.3147373734720986e-12
2.1770363289874695e-12
3.3568703372566233e-12
1.628752688276336e-12
8.27971025074703e-12
5.8764104693409536e-12
1.7366663662699011e-12
5.292211113783196e-12
1.404387717229838e-11
5.320743845516063e-13
8.52379278271087e-12
3.951949878455707e-12
3.3691383016787313e-12
2.910283125601154e-12
8.39089908666324e-12
6.88821222283309e-12
2.0218271501448726e-12
6.6243677210309215e-12
8.18306533645341e-12
2.7314817074852726e-12
4.171885059633951e-12
5.757450072252368e-12
2.165101431472749e-12
1.7668699836548285e-10
2.404204613171146e-11
8.931883010987463e-11
1.6558421300771897e-12
5.720368623229888e-12
4.15861789448968e-12
2.514988217683367e-12
2.004008070599639e-12
5.7644444773075065e-12
3.230451461888606e-10
1.4154005745226073e-10
1.7584822487037854e-12
3.1656899324161714e-12
1.9879597967786822e-11
3.13077341829171e-12
5.968863736605101e-10
1.7419954367881019e-12
3.2819302830944252e-12
1.9925172622947684e-12
5.144384918054357e-12
2.71416222830112e-12
4.014844012800722e-12
6.705136446072402e-12
4.959921362512887e-12
3.859024211294582e-12
3.5862424141441807e-12
5.041848050169051e-10
3.289235550596459e-11
1.6487367027195887e-12
5.525968571618023e-12
1.5843937273274378e-11
4.641065309840542e-12
7.984976013730716e-10
5.4811155614231666e-12
3.1529445720934746e-11
2.260691633892975e-12
4.462208380573429e-12
3.711642104775592e-12
1.7027879106734645e-11
1.308841923730597e-12
5.096256749936856e-12
4.965367006448673e-11
5.793421298250223e-12
3.1601388172930456e-12
5.720868223590969e-12
1.3212209104551675e-12
4.8732295976350315e-11
3.1355584795278446e-11
1.3238643514768e-10
1.044087039048236e-11
2.5631163858008676e-12
5.646205725184927e-12
6.759731663308344e-11
