No Shot Noise
31/10/2024 16:40:57 

VQEr_100_COBYLA_maxIter_10000_tol_1e-06_RA_r1_rl 

Reference value: 0.0000000000e+00 

Qubits:  5
VQE runs:  100
Optimizer:  COBYLA
Max iterations:  10000
Optimizers's tolerance:  1e-06
Ansatz:  RA_r1_rl 

Only 98 runs out of 100 converged
Number of iterations for each converged VQE run:
[387, 1003, 629, 328, 7269, 386, 831, 449, 561, 563, 518, 715, 399, 382, 675, 493, 505, 520, 358, 514, 465, 643, 535, 505, 494, 364, 475, 422, 408, 474, 676, 511, 592, 377, 405, 442, 461, 375, 490, 695, 478, 459, 437, 496, 374, 3250, 1726, 2294, 505, 436, 367, 432, 606, 453, 5652, 4190, 353, 533, 662, 433, 9758, 379, 461, 504, 764, 542, 413, 676, 325, 486, 352, 5134, 955, 361, 538, 480, 567, 9728, 488, 826, 434, 476, 431, 871, 405, 411, 1234, 412, 377, 649, 430, 1844, 1400, 1905, 725, 675, 441, 1169] 

Average iterations of converged run:
1015 

VQE eigenvalues:
[3.101907619651456e-12, 3.57494589486862e-11, 7.707001703494143e-12, 1.0023593066676995e-11, 4.883707327429931e-10, 6.30301366655317e-12, 1.5312584533688778e-11, 3.931410752500142e-12, 4.4244052865849426e-12, 1.3327561276810229e-11, 6.445843858671196e-12, 1.1811718270138272e-11, 3.754441202374892e-12, 1.317002062961592e-12, 1.0734579891646945e-11, 4.382050278195493e-12, 4.509614903724923e-12, 4.786282481461512e-12, 1.886713008047991e-12, 6.737999047601306e-12, 1.706301766546403e-12, 9.056089211867402e-12, 3.3147373734720986e-12, 2.1770363289874695e-12, 3.3568703372566233e-12, 1.628752688276336e-12, 8.27971025074703e-12, 5.8764104693409536e-12, 1.7366663662699011e-12, 5.292211113783196e-12, 1.404387717229838e-11, 5.320743845516063e-13, 8.52379278271087e-12, 3.951949878455707e-12, 3.3691383016787313e-12, 2.910283125601154e-12, 8.39089908666324e-12, 6.88821222283309e-12, 2.0218271501448726e-12, 6.6243677210309215e-12, 8.18306533645341e-12, 2.7314817074852726e-12, 4.171885059633951e-12, 5.757450072252368e-12, 2.165101431472749e-12, 1.7668699836548285e-10, 2.404204613171146e-11, 8.931883010987463e-11, 1.6558421300771897e-12, 5.720368623229888e-12, 4.15861789448968e-12, 2.514988217683367e-12, 2.004008070599639e-12, 5.7644444773075065e-12, 3.230451461888606e-10, 1.4154005745226073e-10, 1.7584822487037854e-12, 3.1656899324161714e-12, 1.9879597967786822e-11, 3.13077341829171e-12, 5.968863736605101e-10, 1.7419954367881019e-12, 3.2819302830944252e-12, 1.9925172622947684e-12, 5.144384918054357e-12, 2.71416222830112e-12, 4.014844012800722e-12, 6.705136446072402e-12, 4.959921362512887e-12, 3.859024211294582e-12, 3.5862424141441807e-12, 5.041848050169051e-10, 3.289235550596459e-11, 1.6487367027195887e-12, 5.525968571618023e-12, 1.5843937273274378e-11, 4.641065309840542e-12, 7.984976013730716e-10, 5.4811155614231666e-12, 3.1529445720934746e-11, 2.260691633892975e-12, 4.462208380573429e-12, 3.711642104775592e-12, 1.7027879106734645e-11, 1.308841923730597e-12, 5.096256749936856e-12, 4.965367006448673e-11, 5.793421298250223e-12, 3.1601388172930456e-12, 5.720868223590969e-12, 1.3212209104551675e-12, 4.8732295976350315e-11, 3.1355584795278446e-11, 1.3238643514768e-10, 1.044087039048236e-11, 2.5631163858008676e-12, 5.646205725184927e-12, 6.759731663308344e-11] 

Median VQE eigenvalues:
5.218298015918776e-12 

Min eigenvalue after 100 VQE steps on Aer qasm simulator: 5.32074e-13
Delta from reference energy value is 5.32074e-13 

Optimizer history of the smallest VQE eigenvalue:
[6.326578574188666, 6.069240655843538, 7.031413989012178, 6.266648477396222, 5.237116276202399, 6.703661028543888, 5.2168486190244945, 5.157101710397466, 6.477290202455059, 8.129967065917604, 4.807404879735861, 2.7940236757347003, 3.950658731456522, 3.2589544846506153, 3.9966692185015353, 2.7082866643673063, 1.8900218063026286, 2.040818349554099, 1.888041802532118, 3.4530339301278237, 1.9027453535334526, 1.970668277551289, 2.2341087037952154, 2.3030045073684833, 1.998593593760461, 2.352106210823162, 1.7335928329539205, 1.7226999109940135, 1.7519583462739694, 1.9873852464991453, 1.9304612925018836, 1.6486294091727427, 1.9317522630471156, 1.7795679695376783, 1.626510249956872, 1.4967815744570219, 1.5964106998302745, 1.5523983997879913, 1.4824168769974384, 1.5278265054676818, 1.5437906847487943, 1.3991962474852802, 1.225815712374234, 1.3027235647976112, 1.2198450418251832, 1.2164378127096382, 1.292593284736352, 1.071462935778006, 1.0401568121948204, 1.0377931507671656, 1.0095952235050822, 1.0102944402731635, 1.0135618134333464, 0.9980081264163452, 1.0366537875307265, 1.0090789533596372, 1.1344498567906227, 0.9831934497046262, 1.1468924731614036, 1.0039762474504057, 1.0520677940800334, 0.9918875232561948, 0.9949970781281746, 1.008574924349983, 0.9998022894168616, 0.9834066530856713, 0.9835462391809523, 0.9862823962233971, 0.9766224609148382, 0.9767601867592028, 0.9770379893971557, 0.9719860791663953, 0.9691078716110851, 0.9680808013333217, 0.9541656610967733, 0.9475596992506388, 0.9497310686392798, 0.9518620358277863, 0.9450014714069259, 0.9562290026210669, 0.9612521907122316, 0.9481871827007469, 0.9302384526714043, 0.9136102960521083, 0.918787138149395, 0.9087016358319712, 0.9054258830467425, 0.9171092082372839, 0.8851844104866416, 0.8799138416723276, 0.8759539206288913, 0.8531084423284256, 0.8481456226369177, 0.8392297990578753, 0.8405637508389625, 0.8180156727620427, 0.8106575878238416, 0.7903080860053575, 0.7668837849100186, 0.7525122071631347, 0.7232782620350919, 0.7023396723780344, 0.6935188511005395, 0.6748443333470756, 0.6619855473929729, 0.6342221994273879, 0.6100118477597517, 0.5838898856927034, 0.560534130287602, 0.5352017749363481, 0.5104897155773344, 0.4997594424591792, 0.5033597900395179, 0.48502828753472077, 0.46374445194606034, 0.45300494774032957, 0.46674442275675615, 0.4546956843645282, 0.4461155142239595, 0.4511391331194128, 0.4088146189359408, 0.3933851564384566, 0.3858756792911426, 0.3960616493923369, 0.3825790843489404, 0.39558210858399184, 0.36874726771521615, 0.3840667668796577, 0.36907276332662725, 0.3767298764535605, 0.3630922621896877, 0.3312851140820572, 0.314323550890664, 0.31697881271405837, 0.3218638868463269, 0.2946511650640931, 0.2821599397463986, 0.28321014568614966, 0.2958997697412919, 0.2784082357209253, 0.2814700359926022, 0.27186368039909276, 0.2758815884350654, 0.2480845489596636, 0.23911670364258197, 0.22098363307773888, 0.2413995559977138, 0.21733951057514528, 0.2066515168632379, 0.20604343019605587, 0.2103498765406004, 0.20809927710735765, 0.2120116943887933, 0.1891617281997745, 0.18026378108578917, 0.21585245103554251, 0.17799598802179983, 0.15198872068202768, 0.14543194760120837, 0.14558254798897297, 0.14157419668188453, 0.14476006429208, 0.14150976825831607, 0.1396965600145329, 0.13903479471385255, 0.12706459493434447, 0.10499965162868208, 0.09682332764099899, 0.08627252351722792, 0.0693290433167062, 0.057902603425678156, 0.05447448192279336, 0.04978703157188574, 0.05013860878988996, 0.047961237032580706, 0.04421257962215497, 0.05134700936476683, 0.04162976765044146, 0.034185703049965266, 0.046899723996291665, 0.030376141720380334, 0.031379014158031626, 0.02621560297351022, 0.024717691604386027, 0.0235065119937643, 0.02693978464681196, 0.023583163235726068, 0.024661894346095226, 0.023530397371806178, 0.02395954789606608, 0.020978623061021384, 0.02399843076029623, 0.019294209577488564, 0.01846381707641448, 0.019007576951431848, 0.019149971832725377, 0.01769976967524467, 0.015930996815760212, 0.015262301663204192, 0.015877427053547388, 0.012019643402088331, 0.013596601700440247, 0.012893969643957004, 0.011360568771942359, 0.013109551559822574, 0.013601092585642793, 0.011933040403443618, 0.011121836084624581, 0.009846457814750353, 0.008962005488545588, 0.009789414440927235, 0.009221486828293934, 0.008192929085310496, 0.008628242411571174, 0.008643718758196861, 0.00765667504554246, 0.006604174178370781, 0.006301066548689227, 0.006080547533695302, 0.005599254084655503, 0.005301605893338557, 0.004851156568894399, 0.005946332218694506, 0.005414178637766609, 0.004116481948532202, 0.0033490032181475726, 0.00365608724833566, 0.0033670833841327186, 0.0027822927471893855, 0.0022256044340009384, 0.002443627382238356, 0.002387995857308589, 0.002703651461927359, 0.002397961695244255, 0.0020417120731847094, 0.0027540286222600407, 0.0024353222257983975, 0.0017649102025009133, 0.0025436840301829022, 0.0020825885953362766, 0.0014198681557175408, 0.0018093832641427054, 0.0015723133144958656, 0.0009688347921109619, 0.0009504080035490636, 0.0007507830194923293, 0.0009686885683479751, 0.0010385252420669344, 0.0006410416202078939, 0.0006619690550140889, 0.000658348266622033, 0.0008019663376021557, 0.0006535553796521154, 0.0006328065029492236, 0.0007194165557204424, 0.0006677389454987082, 0.0005956324477519592, 0.0006311586775206157, 0.0005117539222131984, 0.0007459839286343972, 0.0005902087080486007, 0.0005361482982780275, 0.00043030850851505376, 0.0004247094232430748, 0.0004216680967044639, 0.0004571411595039043, 0.0004390835157917494, 0.00036838722515086797, 0.00030383785961218823, 0.0003137959154281278, 0.0003065423856968841, 0.00032960005557503, 0.00031542376236559644, 0.0002697462786310778, 0.00023617631129246863, 0.00024998261298303515, 0.00023088716697200473, 0.00027000438016649975, 0.00023669666065945227, 0.00022289055353913456, 0.00020124328955817283, 0.00017677358875062277, 0.00016258168397104145, 0.00017264488256008015, 0.00022495677301148653, 0.00016306529169046735, 0.00014789847781887522, 0.00015618191286287386, 0.00013255367425030196, 0.00012768507782928706, 0.00011397549740982393, 0.0001763637439066157, 0.00011943976133654832, 7.3095502581777e-05, 8.663115507356878e-05, 7.88498836362117e-05, 0.0001100341984789921, 7.668509206376628e-05, 9.094949207322234e-05, 6.072412105134761e-05, 7.6831433621527e-05, 6.404942331195151e-05, 8.401142459413258e-05, 5.8249746657024204e-05, 5.712236147698002e-05, 7.651482393672415e-05, 7.218316678414549e-05, 4.818660378647088e-05, 4.602488050470255e-05, 4.441265892263235e-05, 5.5905998432193016e-05, 4.414196321322894e-05, 3.211700607974599e-05, 3.655696126475538e-05, 3.723025393209678e-05, 2.583237312941966e-05, 1.9056908026393593e-05, 2.329767849751363e-05, 1.9521297988822628e-05, 1.833190240180249e-05, 1.7000171501135863e-05, 2.3339158236990176e-05, 2.048326393061517e-05, 1.553975078188996e-05, 1.392557589852128e-05, 1.2806544787025143e-05, 1.588697496024416e-05, 2.4616373980990147e-05, 1.2116369671466565e-05, 7.618697931421892e-06, 7.6077656676054595e-06, 8.991420465009892e-06, 1.41582119662087e-05, 7.976445356938644e-06, 1.5072453478204295e-05, 8.364778858849231e-06, 3.3717315024994754e-06, 1.0597337324447231e-05, 3.625187541211883e-06, 4.649145020185763e-06, 5.007954589353325e-06, 1.4487120991169e-06, 1.3727653482231705e-05, 4.1443096313598105e-06, 4.0272458471379835e-06, 3.0242371155120296e-06, 1.637633715911857e-06, 1.6236249052448137e-06, 2.3547844508753357e-06, 1.448524407032803e-06, 1.8066449588571842e-06, 2.4848008950972833e-06, 1.087703649593763e-06, 1.8065230206754102e-06, 8.24773463636852e-07, 1.3484835171273524e-06, 9.098871601720404e-07, 9.38577007780772e-07, 1.5495193212977654e-06, 1.0282932228489194e-06, 1.0721397050716952e-06, 1.0692385806199134e-06, 7.194202204519051e-07, 5.611820859674488e-07, 8.048884909683807e-07, 5.498684468863146e-07, 4.6684343557590324e-07, 5.20758633715257e-07, 5.066543986576022e-07, 4.1459042887659336e-07, 4.1622566659960114e-07, 4.775708883908436e-07, 4.271940666766838e-07, 2.0883241158564658e-07, 1.1871856397949188e-07, 1.2900142937199988e-07, 1.5045311224648472e-07, 9.161232406018627e-08, 1.1701385149720522e-07, 2.4361216088841786e-07, 1.3240670088121576e-07, 7.461734785607632e-08, 6.942283281574646e-08, 1.0326823446371591e-07, 1.2279127975522997e-07, 1.276217754808684e-07, 6.125303680937222e-08, 6.469783536688922e-08, 5.336443381631639e-08, 9.208317391928844e-08, 4.962886251957954e-08, 3.8356876730372136e-08, 3.741558546321855e-08, 2.3963330486598267e-08, 1.823286110980149e-08, 5.74645823703257e-08, 2.1088947754765996e-08, 3.414359939224454e-08, 2.2443248426373685e-08, 1.5982580425788484e-08, 1.6110881406738997e-08, 1.7098687132843793e-08, 2.5190571795175032e-08, 2.0118899213272812e-08, 1.777152613957611e-08, 2.6107634998329132e-08, 6.897733328958822e-09, 1.3801251308453999e-08, 6.717529144051326e-09, 6.525878393226492e-09, 6.688120113285123e-09, 8.223947578489543e-09, 1.3438918144981216e-08, 7.830278758724774e-09, 6.269870789221699e-09, 7.753832520496218e-09, 7.633716658794754e-09, 5.932451974111075e-09, 7.00003316422837e-09, 4.895560623552342e-09, 4.356080551826125e-09, 4.835783384837811e-09, 3.640394541370995e-09, 4.916571594293373e-09, 2.6082016546524756e-09, 4.7157608928927175e-09, 3.240589352415668e-09, 2.2692268064616883e-09, 3.2672980432302268e-09, 5.194154217846858e-09, 2.166564705419205e-09, 7.883083630311205e-10, 7.77767850124178e-10, 2.091388451308518e-09, 1.995776210961253e-09, 3.780644686202095e-10, 4.311077606011793e-10, 1.3006579147045727e-10, 4.219297133900568e-10, 1.4510020962532622e-10, 4.4966030898763165e-10, 1.9229456915681453e-10, 7.794652701065274e-10, 1.8702794868374895e-10, 1.5666851149731542e-10, 2.681502797585722e-10, 1.431820217945301e-10, 1.9721241306669413e-10, 1.398003379726731e-10, 1.5250151141898982e-10, 8.06173461320725e-11, 9.714923310255585e-11, 1.0037415343333578e-10, 7.67874097640231e-11, 8.999240241891471e-11, 6.75546285577866e-11, 6.547984376936711e-11, 7.763717446707119e-11, 7.979761296184051e-11, 5.272726699701025e-11, 6.877909353164569e-11, 6.758876791579382e-11, 4.1510517245768597e-11, 4.970551747973673e-11, 4.7650161594248175e-11, 3.781763791010917e-11, 5.042138928601503e-11, 4.3628767265602164e-11, 3.7770231386957676e-11, 4.39051572875826e-11, 3.879252474803252e-11, 3.9510394955755146e-11, 3.5870362236067876e-11, 4.3353820533553744e-11, 1.7755685810527666e-11, 1.4059475805794364e-11, 1.2605083643535409e-11, 1.0093759161833304e-11, 1.0726752819323337e-11, 1.1535050692401683e-11, 1.330774379582067e-11, 2.083372363514968e-11, 1.1625589380059864e-11, 7.50299822271927e-12, 7.916223232484754e-12, 1.1031620061885405e-11, 7.450984274015582e-12, 9.994061134221965e-12, 1.0116185666930733e-11, 6.7966188233015146e-12, 7.539302515624513e-12, 8.93907170507191e-12, 7.749856312244674e-12, 8.044842569887578e-12, 6.093292537201478e-12, 7.184752792710469e-12, 5.448197448743031e-12, 4.449829393848859e-12, 2.746636251771406e-12, 4.784506124622112e-12, 3.3765212847924886e-12, 3.1924463073096376e-12, 4.170885858911788e-12, 1.1248224573989773e-12, 1.858735387827437e-12, 1.5322743074364098e-12, 7.00162150479855e-13, 1.7311152511467753e-12, 1.6491807919294388e-12, 7.077671781985373e-13, 5.320743845516063e-13] 

Smallest VQE eingenvalue optimizer final message:
{   'aux_operators_evaluated': None,
    'cost_function_evals': 511,
    'eigenvalue': 5.320743845516063e-13,
    'optimal_circuit': <qiskit.circuit.library.n_local.real_amplitudes.RealAmplitudes object at 0x00000164ECDF6780>,
    'optimal_parameters': {   ParameterVectorElement(θ[0]): -4.690872617735665e-07,
                              ParameterVectorElement(θ[1]): -3.1415925800137154,
                              ParameterVectorElement(θ[2]): -3.141592719751935,
                              ParameterVectorElement(θ[3]): -4.894041694327886e-07,
                              ParameterVectorElement(θ[4]): 0.8935493955979938,
                              ParameterVectorElement(θ[5]): 6.283184813148679,
                              ParameterVectorElement(θ[6]): 3.1415930168961514,
                              ParameterVectorElement(θ[7]): 7.671814832173454e-08,
                              ParameterVectorElement(θ[8]): -3.141593020180526,
                              ParameterVectorElement(θ[9]): 2.248043338581214},
    'optimal_point': array([-4.69087262e-07, -3.14159258e+00, -3.14159272e+00, -4.89404169e-07,
        8.93549396e-01,  6.28318481e+00,  3.14159302e+00,  7.67181483e-08,
       -3.14159302e+00,  2.24804334e+00]),
    'optimal_value': 5.320743845516063e-13,
    'optimizer_evals': None,
    'optimizer_result': <qiskit_algorithms.optimizers.optimizer.OptimizerResult object at 0x00000164ECDF7DD0>,
    'optimizer_time': 1.449986457824707}
     ┌──────────┐ ░                      ░ ┌──────────┐
q_0: ┤ Ry(θ[0]) ├─░──────────────────■───░─┤ Ry(θ[5]) ├
     ├──────────┤ ░                ┌─┴─┐ ░ ├──────────┤
q_1: ┤ Ry(θ[1]) ├─░─────────────■──┤ X ├─░─┤ Ry(θ[6]) ├
     ├──────────┤ ░           ┌─┴─┐└───┘ ░ ├──────────┤
q_2: ┤ Ry(θ[2]) ├─░────────■──┤ X ├──────░─┤ Ry(θ[7]) ├
     ├──────────┤ ░      ┌─┴─┐└───┘      ░ ├──────────┤
q_3: ┤ Ry(θ[3]) ├─░───■──┤ X ├───────────░─┤ Ry(θ[8]) ├
     ├──────────┤ ░ ┌─┴─┐└───┘           ░ ├──────────┤
q_4: ┤ Ry(θ[4]) ├─░─┤ X ├────────────────░─┤ Ry(θ[9]) ├
     └──────────┘ ░ └───┘                ░ └──────────┘
The number of ansatz parameters is: 
 10
Line for latex table
RA r1 rl & $1\mathrm{e}{-06}$ & 98/100 &1015 & $5.3207\mathrm{e}{-13}$ & $5.3207\mathrm{e}{-13}$ & $5.2183\mathrm{e}{-12}$ & $5.2183\mathrm{e}{-12}$ & - & 00h 05m 12s\\

