RA_r1_rl
14s__43
1e-01
0.9887568208961826
1.0461730838978547
1.0206727706940997
1.1098389693226873
1.037637781251584
0.9942636854055903
1.0221501527659043
0.9609193626783146
1.0274212858818814
0.9795796931325392
1.1028676611979387
1.4282461370590573
0.9202709606282348
0.9535232924188818
1.0781623433275713
1.8485924374961593
0.9914222909113164
1.0425020843061186
1.4197443883830552
1.0352467380943333
1.0205863512290076
0.9387294690967806
1.0609033811010928
1.0468347070055743
1.123669371564915
1.040873816254736
1.0213915404777436
1.7858907098087757
1.0340329534245765
1.110797411009525
0.9778431027216112
1.139881371698131
0.9893491390603331
1.4330929189937849
1.0466234223813997
0.9446055712157133
0.9504939900415807
1.0028385472234693
0.9437583147236156
0.9845331016034222
0.9824908717672869
1.0679151939032603
1.034996128008127
0.985105533010917
0.937067384915539
1.0160416152136789
1.0135011261557698
2.1918235296248856
1.0216415217691919
0.9865452316484755
1.0011013756115503
1.5899338203463709
1.0787912263448585
1.0515857178072736
1.0047198108577415
1.0231429512339354
0.9708037637323239
1.0479325822568586
1.8485849252149722
1.0529191919429466
1.6996366752482648
0.9266426873046546
1.006206481492332
1.6575307685667755
1.9415770783161417
1.0276355355363416
0.9412464647569437
1.0246688720340678
1.0534941332087362
1.0678337340309676
1.677339797877359
0.9133181078880676
1.3949050412789135
1.0645255481420788
0.9629437313191306
0.9932440720745113
1.0126052413737088
1.289226685265078
1.0493761380819155
0.9259968880545578
0.9957236597671036
1.6952029750150057
0.9438182408792081
0.9823478430216719
0.9310787951103758
1.0608782510355776
0.9550079298702969
0.9910460653920272
0.9451791688744999
0.9883839307067653
1.138780809875116
0.9782153711262124
1.0321425834233622
0.9659005088993919
1.0054389393351753
1.3367803740245983
1.0902923402681313
1.0435657779782295
0.9710049603340707
1.1891831564043571
