0.0046254122219607785
0.0015749552876702655
0.0029952404023672607
0.0008165523084221471
0.0029602136474218277
0.0011766689524332907
0.0021369238184526518
0.0017797881319699393
0.0013255219963259623
0.0005964099038949233
0.0019497411328224246
0.0018293321706085997
0.001226229153115821
0.003484092657475124
0.010120379308524385
0.0024096443138786894
0.000317781202095635
0.000935940940586022
0.0014276280254379992
0.0011645877838777352
0.0017129689058116848
0.0010635351600094545
0.0005474650027863515
0.0013705820297281734
0.005180916152152271
0.005914624120451628
0.0008816402462566431
0.0065938243079763925
0.0020410542427583
0.0016849278912827725
0.0007069323730563015
0.0019438539569997526
0.001176140421588423
0.002617287406392499
0.0020936014036517236
0.00219070902049906
0.004636724645830259
0.0009149169247633648
0.0009250541386514044
0.0018397714924847097
0.001736713415666391
0.0020351923142430395
0.0008625944080336012
0.0028838294887945093
0.008876605736375887
0.0015585580081213801
0.0013012916218759774
0.0025795676103610443
0.0007045183879673123
0.001333707482036206
0.004230890579852042
0.001729850493819296
0.003972443854093732
0.0021926003564029517
0.006841757446461871
0.003952658392232744
0.0011241969859952516
0.0008236532471140867
0.002754718534541345
0.0004310625131825341
0.0017702759259023426
0.0017685308608342831
0.0012998808080466606
0.0010756813377910124
0.0023800326563825913
0.0014008140149073811
0.006116156272082951
0.007036476824344384
0.001237404740945136
0.0004810712148753393
0.002531332345468318
0.0028807299821527743
0.0021798925755355802
0.0018678151930876519
0.005500871096568272
0.011796807394385267
0.0014022898948657936
0.005791438567435858
0.0005866314239800219
0.0023983892226590586
0.0023166687981949208
0.0011632634287018773
0.0033170603289600087
0.001908486534697662
0.0038137227785944305
0.001941639389592742
0.0009459260023645388
0.00023552729014397755
0.0037231984225918335
0.001265299989151425
0.0004630503896300153
0.0016029850768783938
0.0018913980959056609
0.0012948922691063403
0.004399955929302646
0.0013443118340732418
0.0009497516047295984
0.0004151806751901965
0.0020051582731600015
0.00037747237497925967
