RA_r1_rl
24m07s__106
1e-07
0.7406334102598986
0.27578323856791
0.0354426548255935
0.4295109931666159
0.31095378746507674
0.5781132224247294
1.0667894723672593
0.8138321324925677
0.6987979012306669
1.200416345278628
0.6246265904949859
1.5631768084956064
0.028680816009979182
0.8853924893797434
0.7543022828419962
2.2638013384663123
1.8382456051880407
0.7054709116489337
0.7745767753949426
0.1961991389843556
-0.023640678677210758
0.5845299665853234
-0.13275127526837416
-0.11492795344576301
0.6551638157773139
0.7575349786964755
-0.01825140705686401
0.8235664738865149
0.07697725223209062
0.2883232297656795
0.3528043521881514
0.3152401781718188
0.13816282589061224
0.352714633030228
0.13719137574738038
1.6468214459493282
-0.02530515344728368
-0.1996722913879747
0.3874990567352068
0.606531435895207
0.30672519064992
1.5596013900601982
0.016570982966823244
0.4589793646241389
0.23460482180648912
0.5267746005210321
1.1817542386529087
0.16255531026461512
0.3359636748130761
-0.10184915471620304
0.05555300177304101
1.011493146439253
0.16598477229616648
0.4141762624812202
-0.1482917117941538
0.5035508417798282
0.5998105796048443
0.1597370099364417
0.12633124477332114
0.3433066892815084
-0.12479367035762046
0.07200845105220033
0.18616799510322135
0.901686963188256
0.1438074188634908
0.9649130077815063
0.6474033900075239
0.03802045709212276
0.6460625219861074
0.014074722902965853
0.7284453208224067
-0.15219615214652116
0.42926054201518005
0.673988611644762
0.19001129420128393
0.1482402913605867
0.679492920453488
0.16810153526581306
-0.015988960672583374
-0.022739098496728616
1.2236115558403622
0.37820163186865186
0.045839295837518
0.6823086918621666
1.3380500858220499
-0.12694572316236563
2.2664567976451684
0.6478588734019871
-0.1175240377657607
0.4018722111041635
0.11717362589246338
0.17200465724199354
0.7668176539866436
0.18255542707980155
0.8276131011331564
1.0984005774180856
0.49680011010055747
0.3702740159740596
1.1974992247493583
0.9067112750559566
