0.7406334102598986 0.05964405644371624
0.27578323856791 0.06999124295034986
0.0354426548255935 0.07268150089778375
0.4295109931666159 0.06954199791056714
0.31095378746507674 0.07513842182566316
0.5781132224247294 0.07492023741290905
1.0667894723672593 0.06639690632067778
0.8138321324925677 0.07796448511483829
0.6987979012306669 0.0785015210488725
1.200416345278628 0.08010207475140127
0.6246265904949859 0.068705481057716
1.5631768084956064 0.06975313050691488
0.028680816009979182 0.0719707600565949
0.8853924893797434 0.0776350556365795
0.7543022828419962 0.05985144272628685
2.2638013384663123 0.0632501708370635
1.8382456051880407 0.07573711366737759
0.7054709116489337 0.06160400045486451
0.7745767753949426 0.0782937958112038
0.1961991389843556 0.07142127212416771
-0.023640678677210758 0.07196420398710089
0.5845299665853234 0.06560198359729426
-0.13275127526837416 0.07105058645891373
-0.11492795344576301 0.07011773339426466
0.6551638157773139 0.06853100942764756
0.7575349786964755 0.06288564710855593
-0.01825140705686401 0.0707728481633205
0.8235664738865149 0.06090019186770985
0.07697725223209062 0.07293716124943166
0.2883232297656795 0.07254842367791652
0.3528043521881514 0.07533446991675648
0.3152401781718188 0.07244364592590224
0.13816282589061224 0.06809948400019077
0.352714633030228 0.07216670521443852
0.13719137574738038 0.07371511203682891
1.6468214459493282 0.07588579623142962
-0.02530515344728368 0.07184405388734465
-0.1996722913879747 0.06814281506833643
0.3874990567352068 0.07233015516175215
0.606531435895207 0.0678747018801916
0.30672519064992 0.07424576026733098
1.5596013900601982 0.07205986709138856
0.016570982966823244 0.06839132435932282
0.4589793646241389 0.06918082981598189
0.23460482180648912 0.07352572006216425
0.5267746005210321 0.06625190484869348
1.1817542386529087 0.07768180562237141
0.16255531026461512 0.07364770528065727
0.3359636748130761 0.07449172139884
-0.10184915471620304 0.07066551512271552
0.05555300177304101 0.07161324227422251
1.011493146439253 0.06529009234978754
0.16598477229616648 0.07413178542071726
0.4141762624812202 0.07460654196142297
-0.1482917117941538 0.06904980207086465
0.5035508417798282 0.07473356438429218
0.5998105796048443 0.07356587108087916
0.1597370099364417 0.07349869776614129
0.12633124477332114 0.07351222884410195
0.3433066892815084 0.0735641277782945
-0.12479367035762046 0.07034250258636314
0.07200845105220033 0.07120738952692639
0.18616799510322135 0.07467773099532911
0.901686963188256 0.08069165841572243
0.1438074188634908 0.06933489047718883
0.9649130077815063 0.062805889126898
0.6474033900075239 0.06067599320034186
0.03802045709212276 0.07223407222252988
0.6460625219861074 0.07502515775717276
0.014074722902965853 0.07245119619959103
0.7284453208224067 0.07764924459278087
-0.15219615214652116 0.06910880144763797
0.42926054201518005 0.07308418720275915
0.673988611644762 0.05930818602392092
0.19001129420128393 0.07336457575158968
0.1482402913605867 0.07280065124859104
0.679492920453488 0.05852591231284137
0.16810153526581306 0.0743235589817961
-0.015988960672583374 0.07193452537722149
-0.022739098496728616 0.07016743162275665
1.2236115558403622 0.07937168971067626
0.37820163186865186 0.0755195901107123
0.045839295837518 0.07147787198434895
0.6823086918621666 0.07290909136160953
1.3380500858220499 0.06604942265001593
-0.12694572316236563 0.07059560911284107
2.2664567976451684 0.06576887828512398
0.6478588734019871 0.06747585617243773
-0.1175240377657607 0.07059637059820595
0.4018722111041635 0.0716266782741033
0.11717362589246338 0.0729536316549729
0.17200465724199354 0.07364652037338476
0.7668176539866436 0.06008811073271875
0.18255542707980155 0.07508762629027843
0.8276131011331564 0.07062214478611077
1.0984005774180856 0.07684189107770725
0.49680011010055747 0.07375186231499715
0.3702740159740596 0.07568634593886768
1.1974992247493583 0.07632488678228327
0.9067112750559566 0.06945110311556199
