With Shot Noise
02/11/2024 10:32:49 

VQEr_100_shots_10000_COBYLA_maxIter_10000_tol_1e-07_RA_r1_rl 

Reference value: -1.6478526069e-01 

Number of pauli strings:  10
Qubits:  3
VQE runs:  100
Optimizer:  COBYLA
Max iterations:  10000
Optimizers's tolerance:  1e-07
Ansatz:  RA_r1_rl 

All run converged!!!
Number of iterations for each converged VQE run:
[115, 113, 94, 116, 114, 116, 104, 95, 93, 102, 103, 119, 113, 101, 108, 103, 108, 106, 99, 112, 99, 104, 110, 111, 122, 96, 94, 132, 108, 110, 94, 100, 102, 121, 99, 104, 108, 106, 96, 93, 99, 99, 86, 114, 89, 112, 104, 106, 105, 101, 112, 99, 105, 119, 104, 108, 109, 107, 106, 107, 96, 100, 107, 108, 110, 103, 102, 107, 97, 98, 98, 106, 98, 110, 117, 102, 121, 96, 98, 109, 101, 102, 103, 111, 93, 112, 100, 147, 114, 114, 112, 95, 116, 95, 123, 113, 121, 99, 115, 115] 

Average iterations of converged run:
106 

VQE eigenvalues:
[0.7406334102598986, 0.27578323856791, 0.0354426548255935, 0.4295109931666159, 0.31095378746507674, 0.5781132224247294, 1.0667894723672593, 0.8138321324925677, 0.6987979012306669, 1.200416345278628, 0.6246265904949859, 1.5631768084956064, 0.028680816009979182, 0.8853924893797434, 0.7543022828419962, 2.2638013384663123, 1.8382456051880407, 0.7054709116489337, 0.7745767753949426, 0.1961991389843556, -0.023640678677210758, 0.5845299665853234, -0.13275127526837416, -0.11492795344576301, 0.6551638157773139, 0.7575349786964755, -0.01825140705686401, 0.8235664738865149, 0.07697725223209062, 0.2883232297656795, 0.3528043521881514, 0.3152401781718188, 0.13816282589061224, 0.352714633030228, 0.13719137574738038, 1.6468214459493282, -0.02530515344728368, -0.1996722913879747, 0.3874990567352068, 0.606531435895207, 0.30672519064992, 1.5596013900601982, 0.016570982966823244, 0.4589793646241389, 0.23460482180648912, 0.5267746005210321, 1.1817542386529087, 0.16255531026461512, 0.3359636748130761, -0.10184915471620304, 0.05555300177304101, 1.011493146439253, 0.16598477229616648, 0.4141762624812202, -0.1482917117941538, 0.5035508417798282, 0.5998105796048443, 0.1597370099364417, 0.12633124477332114, 0.3433066892815084, -0.12479367035762046, 0.07200845105220033, 0.18616799510322135, 0.901686963188256, 0.1438074188634908, 0.9649130077815063, 0.6474033900075239, 0.03802045709212276, 0.6460625219861074, 0.014074722902965853, 0.7284453208224067, -0.15219615214652116, 0.42926054201518005, 0.673988611644762, 0.19001129420128393, 0.1482402913605867, 0.679492920453488, 0.16810153526581306, -0.015988960672583374, -0.022739098496728616, 1.2236115558403622, 0.37820163186865186, 0.045839295837518, 0.6823086918621666, 1.3380500858220499, -0.12694572316236563, 2.2664567976451684, 0.6478588734019871, -0.1175240377657607, 0.4018722111041635, 0.11717362589246338, 0.17200465724199354, 0.7668176539866436, 0.18255542707980155, 0.8276131011331564, 1.0984005774180856, 0.49680011010055747, 0.3702740159740596, 1.1974992247493583, 0.9067112750559566] 

VQE eigenvalues standard deviation:
[0.05964405644371624, 0.06999124295034986, 0.07268150089778375, 0.06954199791056714, 0.07513842182566316, 0.07492023741290905, 0.06639690632067778, 0.07796448511483829, 0.0785015210488725, 0.08010207475140127, 0.068705481057716, 0.06975313050691488, 0.0719707600565949, 0.0776350556365795, 0.05985144272628685, 0.0632501708370635, 0.07573711366737759, 0.06160400045486451, 0.0782937958112038, 0.07142127212416771, 0.07196420398710089, 0.06560198359729426, 0.07105058645891373, 0.07011773339426466, 0.06853100942764756, 0.06288564710855593, 0.0707728481633205, 0.06090019186770985, 0.07293716124943166, 0.07254842367791652, 0.07533446991675648, 0.07244364592590224, 0.06809948400019077, 0.07216670521443852, 0.07371511203682891, 0.07588579623142962, 0.07184405388734465, 0.06814281506833643, 0.07233015516175215, 0.0678747018801916, 0.07424576026733098, 0.07205986709138856, 0.06839132435932282, 0.06918082981598189, 0.07352572006216425, 0.06625190484869348, 0.07768180562237141, 0.07364770528065727, 0.07449172139884, 0.07066551512271552, 0.07161324227422251, 0.06529009234978754, 0.07413178542071726, 0.07460654196142297, 0.06904980207086465, 0.07473356438429218, 0.07356587108087916, 0.07349869776614129, 0.07351222884410195, 0.0735641277782945, 0.07034250258636314, 0.07120738952692639, 0.07467773099532911, 0.08069165841572243, 0.06933489047718883, 0.062805889126898, 0.06067599320034186, 0.07223407222252988, 0.07502515775717276, 0.07245119619959103, 0.07764924459278087, 0.06910880144763797, 0.07308418720275915, 0.05930818602392092, 0.07336457575158968, 0.07280065124859104, 0.05852591231284137, 0.0743235589817961, 0.07193452537722149, 0.07016743162275665, 0.07937168971067626, 0.0755195901107123, 0.07147787198434895, 0.07290909136160953, 0.06604942265001593, 0.07059560911284107, 0.06576887828512398, 0.06747585617243773, 0.07059637059820595, 0.0716266782741033, 0.0729536316549729, 0.07364652037338476, 0.06008811073271875, 0.07508762629027843, 0.07062214478611077, 0.07684189107770725, 0.07375186231499715, 0.07568634593886768, 0.07632488678228327, 0.06945110311556199] 

Median VQE eigenvalues:
0.3828503443019293 

Min eigenvalue after 100 VQE steps on Aer qasm simulator: -1.99672e-01
Delta from reference energy value is -3.48870e-02 

Optimizer history of the smallest VQE eigenvalue:
[6.754341065565651, 3.308330314705964, 2.7552634411194292, 1.3338938807202743, 2.074330227204241, 6.172352610950059, 0.8702892489095753, 2.6726817114692225, 1.2123744573570763, 1.322250683240056, 2.088530445930725, 0.5282289073519824, 0.16805511114509297, 0.10043325209794673, 1.0721943765271966, 0.8447945598426232, 0.2525607765733202, 0.24573840682451387, 0.21811228205992172, 0.009216367356341237, -0.05425455467937024, 0.12571234120322927, -0.06326243451114255, -0.03932914762749906, 0.0509189896661324, 0.012115139049584833, -0.10343146647713208, 0.09275282755049297, -0.08037877245779779, -0.10488205827121622, -0.12050575196952629, -0.15834826007268443, -0.057058162676441704, -0.1953249698910744, -0.23024013001129262, -0.03309751617543277, -0.20379715272033483, -0.040299979949939946, -0.16035707996207194, -0.09343483471556269, -0.1049496235621632, -0.16319668339895088, -0.09692643869828377, -0.13138276170681173, -0.12292243180259099, -0.21469798492535386, -0.04663827899032302, -0.13747605469834756, -0.15344350338549795, -0.07498070041123661, -0.1440402566860861, -0.1236803701707423, -0.06990947758181498, -0.23866247249227168, -0.06929834932905621, -0.16643158501490518, -0.09545476258176588, -0.10665538100263827, -0.217488845173194, -0.14465903076458542, -0.09481661197192803, -0.043345153787887725, -0.2022359954002404, -0.08586226397678143, -0.1916129544334524, -0.14364398792787814, -0.22584060205425605, -0.10868374125048152, -0.1398705300112928, -0.10147257484546657, -0.11065042971428962, -0.12954504023945823, -0.12261949370694047, -0.13694059008847592, -0.12754276485301297, -0.12219708510069438, -0.07772636584918491, -0.12492004586896233, -0.1657465189719458, -0.17206943391795182, -0.1256441408419091, -0.13245542789216724, -0.1831341230763286, -0.14220246154247818, -0.1382512198321253, -0.06595304057068851, -0.05773571929216814, -0.06474918797687756, -0.10426160995244516, -0.135794950956023, -0.09110911221736995, -0.13058530072897678, -0.20273835143937458, -0.2895318007732932, -0.19972504831555327, -0.13618870993391052, -0.15047055947867882, -0.2056181327915958, -0.09015024851915943, -0.10424208401489388, -0.09545893625169288, -0.10579283244559434, -0.1446131923622067, -0.1584141961438048, -0.25834083904932736, -0.1996722913879747] 

Optimizer history of the smallest VQE eigenvalue standard deviation:
[0.09200377043433658, 0.07424152079553069, 0.08360787105609135, 0.0803224648360719, 0.08418542622797598, 0.07707173783722919, 0.07615022328384215, 0.07587886128509966, 0.07718520134843074, 0.07680480558279987, 0.08128008268811876, 0.07491434858430703, 0.07215875993773267, 0.07092683658063388, 0.06503207238535763, 0.07562293007491193, 0.07104269577064308, 0.0726416334745784, 0.07251233425719611, 0.07156875762479559, 0.06984897900356077, 0.07015745538972619, 0.06902364404381822, 0.06878768362001207, 0.0698167620742207, 0.06979787764132087, 0.06855986556977185, 0.06849160459994046, 0.06977589942849662, 0.06918195829527465, 0.06890102102597519, 0.06817402938605262, 0.06830832708313155, 0.0678814049496436, 0.0677825433576915, 0.0704942150147972, 0.06812630507254298, 0.06802339004388386, 0.06864264159270023, 0.06897796880062049, 0.06888556470189815, 0.068341973573749, 0.0689249382370639, 0.06892370795526177, 0.06888564610267257, 0.06812523957045528, 0.06966013883772335, 0.06858703856722216, 0.0683732684484097, 0.06910840638256376, 0.06867758996172466, 0.06864156212508665, 0.06912539407064436, 0.06766920780214722, 0.0691595361120531, 0.06843153673501076, 0.06907680015091236, 0.06880335610798413, 0.06796888305109786, 0.06848043153839807, 0.06896576610522552, 0.06939884231329668, 0.06819017183846493, 0.06922361091027093, 0.06801838404968913, 0.0685107074192611, 0.06795453461613696, 0.06864480106965319, 0.06851380554699359, 0.06891053134965877, 0.06878783925095207, 0.06878893792612782, 0.06883840907948473, 0.06847910803671058, 0.06857317493834597, 0.06865251636139405, 0.0693634076524213, 0.06879657217796355, 0.06851411014020103, 0.06835288362522753, 0.06878907566619752, 0.06864258679099344, 0.06823799270510435, 0.0686792988970617, 0.06849302326893061, 0.06925547152089816, 0.06940315704418654, 0.0692529419971099, 0.06896428819266119, 0.06875378898171276, 0.06906209086178494, 0.06864425421863053, 0.06820169357952686, 0.06762250245764516, 0.06820184114665027, 0.06861322127150948, 0.06858470799872954, 0.06837865986749098, 0.069192708355921, 0.06901310860963633, 0.06901051122880889, 0.06895403990989243, 0.06850752156994332, 0.06842308134412685, 0.0678000938640275, 0.06814281506833643] 

Smallest VQE eingenvalue optimizer final message:
{   'aux_operators_evaluated': None,
    'cost_function_evals': 106,
    'eigenvalue': -0.1996722913879747,
    'optimal_circuit': <qiskit.circuit.library.n_local.real_amplitudes.RealAmplitudes object at 0x000002087EB7B0E0>,
    'optimal_parameters': {   ParameterVectorElement(θ[0]): 2.754392145415501,
                              ParameterVectorElement(θ[1]): -1.6384576626871334,
                              ParameterVectorElement(θ[2]): -1.5541549939499282,
                              ParameterVectorElement(θ[3]): -2.7378656468214784,
                              ParameterVectorElement(θ[4]): -2.112959764398523,
                              ParameterVectorElement(θ[5]): -1.7369865716556414},
    'optimal_point': array([ 2.75439215, -1.63845766, -1.55415499, -2.73786565, -2.11295976,
       -1.73698657]),
    'optimal_value': -0.1996722913879747,
    'optimizer_evals': None,
    'optimizer_result': <qiskit_algorithms.optimizers.optimizer.OptimizerResult object at 0x00000208349BFC80>,
    'optimizer_time': 12.323306322097778}
     ┌──────────┐ ░            ░ ┌──────────┐
q_0: ┤ Ry(θ[0]) ├─░────────■───░─┤ Ry(θ[3]) ├
     ├──────────┤ ░      ┌─┴─┐ ░ ├──────────┤
q_1: ┤ Ry(θ[1]) ├─░───■──┤ X ├─░─┤ Ry(θ[4]) ├
     ├──────────┤ ░ ┌─┴─┐└───┘ ░ ├──────────┤
q_2: ┤ Ry(θ[2]) ├─░─┤ X ├──────░─┤ Ry(θ[5]) ├
     └──────────┘ ░ └───┘      ░ └──────────┘
The number of ansatz parameters is: 
 6
Line for latex table
RA r1 rl & $1\mathrm{e}{-07}$ & 10000 & 100/100 &106 & $-1.9967\mathrm{e}{-01}$ & $6.8143\mathrm{e}{-02}$ & $-3.4887\mathrm{e}{-02}$ & $3.8285\mathrm{e}{-01}$ & $5.4764\mathrm{e}{-01}$ & - & 00h 24m 07s\\

