1.9270640638779923e-11
3.8272052194088246e-11
1.1977552283326531e-10
9.545475521122171e-12
4.354916427473654e-11
3.5058622671613193e-12
1.1463774374220748e-11
8.451882527182875e-10
3.7259084706420253e-11
7.731643103525698e-10
7.451114170109463e-10
5.936673375117607e-11
9.39359701135345e-12
4.244948836884532e-11
4.70629091253727e-11
2.9932667455767614e-11
2.8406721419571568e-12
1.965438922724161e-11
1.3604927184829307e-09
1.0062284339085181e-11
1.4155621119726902e-11
2.241974994543483e-09
1.1853462655864178e-11
3.118194591422707e-11
8.865241873934337e-12
5.953293413796246e-11
2.15785722623707e-11
7.985168082313976e-12
1.2332044274643295e-09
5.923614376790454e-10
2.074146410180333e-11
7.335498874994073e-11
1.651617731468491e-11
9.61208890259968e-12
8.226208603190344e-11
3.679180293758577e-10
2.7608015873425984e-10
4.75532391241984e-11
2.4075741400508832e-11
5.554334769897196e-12
2.230282625248492e-11
1.2048528841290818e-11
9.812095580485902e-11
6.019518217215136e-12
1.4417911309294595e-11
1.8504975329847184e-11
1.456768039531653e-11
8.614553514973977e-12
4.005518139393871e-12
1.5837664513185246e-11
3.441624762956508e-11
3.4536096205073363e-11
3.3144154087949573e-11
7.473344165731532e-11
5.0700665887859486e-11
1.6581125361625482e-11
2.2137458532967003e-11
5.558709048614219e-11
2.0313972726171414e-11
2.8282598485418475e-11
5.194444874234705e-11
9.956603319594137e-10
9.828193814342967e-11
2.6373458972273056e-11
1.488503764690563e-11
2.731631587593597e-11
1.03693720276965e-11
1.995675846799827e-11
5.993511242863292e-11
9.808279133327602e-09
1.1505241204190497e-11
4.5439152440707176e-11
3.7069458613814277e-11
4.50969817045177e-11
1.025356466399785e-10
5.1900095332513274e-11
6.454681233947213e-11
1.042899100411887e-11
3.354971855884514e-11
9.659356647873096e-11
2.045585922871851e-11
8.20231660370041e-11
9.07761088519976e-11
4.375833029257592e-12
6.681943887087982e-11
1.6121826096338054e-11
3.395044578802242e-09
5.1416482182986556e-11
1.736527588391823e-11
5.102523958910865e-11
1.6358303600583213e-11
1.794481230277256e-11
3.860334274463639e-11
5.235240019274556e-11
2.9275137869433365e-11
4.4638681084840925e-09
3.9186931477530607e-11
2.3787638525618604e-11
5.508593581282639e-12
2.1166124408722453e-11
