RA_r1_rl
06h42m44s__99
1e-03
12.296894040550379
32.905719238742954
18.307743870561655
25.798735130574805
18.53807017100462
40.23925544307782
15.74043741308765
30.086145513866366
7.665336469013194
21.339403680509914
24.44490793522651
15.8279974498379
25.25168247430638
27.539831494829052
20.554339721536675
18.95599962983943
17.56060778734647
22.244502936048516
11.001412027000937
20.660524054579934
33.06976803532549
9.137231806397331
29.740941077716137
9.897722875593495
18.849910616666072
24.501114485906456
30.037609350610893
20.348269496808182
58.42380544418264
34.51641532464623
28.26945683464553
9.63017572323075
34.244076289730096
29.80119130175914
15.40096558376866
41.68751977615718
18.24777112888251
15.268137944195553
18.094896049780413
46.67653685184707
21.763983777426787
27.455436519660196
33.79035605276853
24.847711422783988
29.83843491466751
29.266328477846407
33.03430382744933
35.0721465115136
50.755215854030865
12.175376687410697
53.076365007048295
26.46207584985309
21.075422313352597
14.73276889877855
8.996748499205315
27.116948860662692
11.51269670664979
18.973793096951987
45.38848858868765
26.473282549474465
37.17618158354674
15.264241512132626
11.632610042174095
13.369118035730088
10.876251555392948
18.301138052665678
25.185723021049775
12.416096425908062
11.469348997921264
13.494178859926109
26.275023005695537
18.406574779077122
11.20264076809854
18.99316301197971
18.862600235534355
36.769790723214584
13.572614302550145
10.534881776994483
41.50303816012752
45.24059823446605
10.969963815654761
23.289244402173924
23.122669631309396
16.195357339641383
18.128716762449148
16.00021251025269
9.88612220075833
15.133082491743442
18.932610412304875
34.981622123116175
40.33831968943737
31.351573275553427
25.93645253826737
12.152644341346894
16.512704105525714
19.00553991570424
21.627011351576513
29.815707066052667
56.2253845340611
10.567939532721752
