12.296894040550379 2.814836779297656
32.905719238742954 3.560809710117406
18.307743870561655 3.2063324240567193
25.798735130574805 3.283027843211923
18.53807017100462 3.160457346852256
40.23925544307782 3.6320074074184627
15.74043741308765 2.9221435253642802
30.086145513866366 2.782623936008466
7.665336469013194 2.9698276619550574
21.339403680509914 3.252754019986214
24.44490793522651 3.3107257920340505
15.8279974498379 3.1025883267238474
25.25168247430638 2.7912143611570683
27.539831494829052 3.5429973769448795
20.554339721536675 3.441998315478449
18.95599962983943 3.1475789375114127
17.56060778734647 3.0155122701795865
22.244502936048516 3.2658410834240934
11.001412027000937 2.6674498436101906
20.660524054579934 2.919690899133559
33.06976803532549 3.1071622896168396
9.137231806397331 3.01456029598191
29.740941077716137 3.512686921961413
9.897722875593495 2.668413800261497
18.849910616666072 3.2971368798520704
24.501114485906456 3.2455256556535623
30.037609350610893 3.2665590534455404
20.348269496808182 3.4123059249572862
58.42380544418264 3.5443493835399806
34.51641532464623 3.581516375761921
28.26945683464553 2.9158151379912214
9.63017572323075 3.1770641662116055
34.244076289730096 3.1664118782472856
29.80119130175914 3.409467670830164
15.40096558376866 3.395176486652602
41.68751977615718 3.368216724742062
18.24777112888251 3.2146452380978747
15.268137944195553 3.278362889724449
18.094896049780413 3.170553459492243
46.67653685184707 3.755847194223411
21.763983777426787 3.1189827524559797
27.455436519660196 3.425624709393398
33.79035605276853 3.4406324847407324
24.847711422783988 3.241765111558696
29.83843491466751 3.100980425964096
29.266328477846407 3.516521195619668
33.03430382744933 3.1580279866415673
35.0721465115136 2.979165671474438
50.755215854030865 3.6565726874323454
12.175376687410697 3.233486962501362
53.076365007048295 3.4370073654751248
26.46207584985309 3.2331224197409267
21.075422313352597 3.406205031166495
14.73276889877855 3.258172726642811
8.996748499205315 3.075511484279678
27.116948860662692 3.0119717479624404
11.51269670664979 3.216272627882693
18.973793096951987 2.952946459213385
45.38848858868765 3.5494529565907196
26.473282549474465 3.390552448856258
37.17618158354674 3.4881147823836653
15.264241512132626 2.708012704465602
11.632610042174095 3.2476707457321163
13.369118035730088 3.011697734798869
10.876251555392948 2.8740217357763904
18.301138052665678 2.883017472183414
25.185723021049775 3.3497816647670833
12.416096425908062 2.685357632054272
11.469348997921264 3.2477288508603643
13.494178859926109 2.8018229913334074
26.275023005695537 3.1565442266510577
18.406574779077122 3.0937491724013713
11.20264076809854 3.1198644864397336
18.99316301197971 3.4070152429216574
18.862600235534355 2.975439616490058
36.769790723214584 3.4332225390841176
13.572614302550145 3.329492240293811
10.534881776994483 3.0198984529719852
41.50303816012752 3.2850966213938797
45.24059823446605 3.6856461265261506
10.969963815654761 2.9195812286387395
23.289244402173924 3.4247994011261005
23.122669631309396 3.2123783550459115
16.195357339641383 2.92066303251792
18.128716762449148 3.278521222004934
16.00021251025269 3.2706652035409505
9.88612220075833 3.2728455395397584
15.133082491743442 3.0114355528945627
18.932610412304875 3.396282629354881
34.981622123116175 3.124475112661024
40.33831968943737 3.446372132123801
31.351573275553427 3.4777238213228534
25.93645253826737 3.497004607262425
12.152644341346894 3.394465773396551
16.512704105525714 3.324147686785715
19.00553991570424 3.31503961295908
21.627011351576513 3.196097355264959
29.815707066052667 3.329059838101557
56.2253845340611 3.457185419350896
10.567939532721752 2.9467018475056426
