RA_r1_rl
07h31m07s__179
1e-07
96.79598482519756
565.0081867667021
211.4731971314112
1480.0542922353768
565.718352744255
988.1097176028879
673.2126042477614
880.3453560324882
711.7220324857254
226.08358967070137
317.4039499374963
547.0863122537918
946.4808756147387
572.9734449466216
1036.219833453376
166.03235242267579
816.7141937737733
49.064800189232955
715.6623069029401
397.521663982414
139.54415788003848
665.2817551756555
197.6452706321868
173.30768513710208
1398.318881935335
446.3809635386235
396.61981627253425
387.1230931656914
1102.4633364064891
674.6386367249127
409.5872569232399
322.26332670460647
199.15544979466392
421.4380891443901
441.495085265742
482.9367488594848
560.7475692851119
1937.0217894030416
439.43970279674517
70.74122019551533
302.21513898608794
480.53705110543444
453.3865224835941
354.9102927311707
353.7384119859162
746.5357200977039
1013.8489390250913
1148.795939060431
465.1106785457271
740.6105122870347
696.0476928400574
665.2978443444514
663.859444882105
1369.7507043404871
858.0300898625932
500.74443079755235
511.01337582851704
414.54125439097686
280.42732674215324
923.415875381904
338.53173638744073
228.2078115827727
432.9979388664942
384.5086324029618
630.3540304517815
786.421936876843
272.5369179873194
657.4613827657912
206.27683887097152
326.4691380358166
156.92986373171692
488.4164855187404
256.1996983298104
504.9406904535837
362.34506444802497
398.77693414353064
232.99925484448886
74.38651466105023
670.7781831148014
246.24552579922872
337.60144788197
172.3913397352353
562.1991330572666
817.9063563476263
694.830462788443
780.1984730448016
175.961449988641
1662.320852997413
436.8529850031064
604.9622457771775
1601.689569559709
138.93402395637668
289.5420925976316
380.0030840639531
866.9811978012087
393.547402497386
440.58070881340814
606.4477983566021
330.2157627350936
598.844729242265
