96.79598482519756 141.76905876096424
565.0081867667021 139.98867463404412
211.4731971314112 136.43561897850037
1480.0542922353768 158.88727819543973
565.718352744255 157.27542915952688
988.1097176028879 135.490923105839
673.2126042477614 156.67644640182203
880.3453560324882 156.2069032702661
711.7220324857254 138.5334980959472
226.08358967070137 133.85406240095782
317.4039499374963 117.84239820241089
547.0863122537918 144.85307020244278
946.4808756147387 155.96523308337643
572.9734449466216 151.96490658790307
1036.219833453376 163.50831963706665
166.03235242267579 136.77937291888762
816.7141937737733 158.67216594292358
49.064800189232955 143.64114112206812
715.6623069029401 154.62484022815715
397.521663982414 134.45260418489866
139.54415788003848 140.34994282996226
665.2817551756555 159.958643296628
197.6452706321868 133.5575887056585
173.30768513710208 112.57114185924802
1398.318881935335 166.65541640528988
446.3809635386235 144.79300126139614
396.61981627253425 150.36968774045437
387.1230931656914 138.00498155941722
1102.4633364064891 164.40879815994617
674.6386367249127 149.99385628433188
409.5872569232399 162.18223683874243
322.26332670460647 142.6769813959502
199.15544979466392 154.84463375430929
421.4380891443901 153.16872380199345
441.495085265742 148.19414062386895
482.9367488594848 151.04293982821136
560.7475692851119 160.86334063451443
1937.0217894030416 159.48144546758
439.43970279674517 129.56017905301715
70.74122019551533 145.775831529255
302.21513898608794 126.86112567806403
480.53705110543444 139.63766754936657
453.3865224835941 154.83982424390118
354.9102927311707 136.99715442603127
353.7384119859162 147.99838067477188
746.5357200977039 157.52013266128068
1013.8489390250913 166.9420729740552
1148.795939060431 156.61423651269803
465.1106785457271 149.281403913488
740.6105122870347 161.6806258354534
696.0476928400574 154.02957897448135
665.2978443444514 133.77515020564226
663.859444882105 140.627227682023
1369.7507043404871 168.65516529939055
858.0300898625932 154.38966117912022
500.74443079755235 155.75906119171552
511.01337582851704 144.5198396094197
414.54125439097686 158.2136252922754
280.42732674215324 155.75736249079728
923.415875381904 150.289988377317
338.53173638744073 137.0837236136201
228.2078115827727 144.1128043724481
432.9979388664942 149.16960763056332
384.5086324029618 137.84729516419495
630.3540304517815 164.77802368619723
786.421936876843 159.52640667551617
272.5369179873194 164.04695931869315
657.4613827657912 157.90687257180502
206.27683887097152 154.0352162099355
326.4691380358166 157.9627750983417
156.92986373171692 152.26597316777753
488.4164855187404 153.29729944230195
256.1996983298104 139.68949823484965
504.9406904535837 147.08613359974726
362.34506444802497 115.95536343409958
398.77693414353064 138.70517649918384
232.99925484448886 135.92255394439664
74.38651466105023 143.19270482873438
670.7781831148014 150.77078090039512
246.24552579922872 137.6706527041465
337.60144788197 148.68034047872987
172.3913397352353 156.31816755822643
562.1991330572666 149.80311502348184
817.9063563476263 164.37387162073605
694.830462788443 153.5458885503205
780.1984730448016 157.32905615960345
175.961449988641 132.00973614492554
1662.320852997413 164.57873131039534
436.8529850031064 157.811502096211
604.9622457771775 164.7716257982851
1601.689569559709 162.5024786499352
138.93402395637668 153.55177725998928
289.5420925976316 138.2041585257786
380.0030840639531 114.09931815150931
866.9811978012087 154.09294889650246
393.547402497386 148.64363513150113
440.58070881340814 146.81054349116832
606.4477983566021 158.87560692223164
330.2157627350936 159.3472453078314
598.844729242265 171.60977617748145
