With Shot Noise
03/11/2024 12:57:18 

VQEr_100_shots_10000_COBYLA_maxIter_10000_tol_1e-07_RA_r1_rl 

Reference value: 6.1822393761e-06 

Number of pauli strings:  270
Qubits:  6
VQE runs:  100
Optimizer:  COBYLA
Max iterations:  10000
Optimizers's tolerance:  1e-07
Ansatz:  RA_r1_rl 

All run converged!!!
Number of iterations for each converged VQE run:
[176, 194, 192, 164, 196, 167, 171, 188, 177, 190, 184, 177, 156, 168, 168, 185, 182, 183, 195, 168, 181, 169, 180, 177, 180, 182, 171, 175, 183, 191, 174, 166, 176, 171, 194, 170, 172, 158, 168, 168, 177, 179, 192, 186, 195, 195, 187, 177, 193, 179, 176, 179, 166, 181, 165, 173, 183, 174, 178, 173, 180, 170, 178, 182, 172, 176, 181, 176, 188, 194, 167, 166, 191, 176, 183, 176, 200, 187, 166, 180, 194, 182, 157, 165, 174, 180, 168, 167, 178, 181, 198, 172, 169, 209, 181, 192, 170, 194, 178, 163] 

Average iterations of converged run:
179 

VQE eigenvalues:
[96.79598482519756, 565.0081867667021, 211.4731971314112, 1480.0542922353768, 565.718352744255, 988.1097176028879, 673.2126042477614, 880.3453560324882, 711.7220324857254, 226.08358967070137, 317.4039499374963, 547.0863122537918, 946.4808756147387, 572.9734449466216, 1036.219833453376, 166.03235242267579, 816.7141937737733, 49.064800189232955, 715.6623069029401, 397.521663982414, 139.54415788003848, 665.2817551756555, 197.6452706321868, 173.30768513710208, 1398.318881935335, 446.3809635386235, 396.61981627253425, 387.1230931656914, 1102.4633364064891, 674.6386367249127, 409.5872569232399, 322.26332670460647, 199.15544979466392, 421.4380891443901, 441.495085265742, 482.9367488594848, 560.7475692851119, 1937.0217894030416, 439.43970279674517, 70.74122019551533, 302.21513898608794, 480.53705110543444, 453.3865224835941, 354.9102927311707, 353.7384119859162, 746.5357200977039, 1013.8489390250913, 1148.795939060431, 465.1106785457271, 740.6105122870347, 696.0476928400574, 665.2978443444514, 663.859444882105, 1369.7507043404871, 858.0300898625932, 500.74443079755235, 511.01337582851704, 414.54125439097686, 280.42732674215324, 923.415875381904, 338.53173638744073, 228.2078115827727, 432.9979388664942, 384.5086324029618, 630.3540304517815, 786.421936876843, 272.5369179873194, 657.4613827657912, 206.27683887097152, 326.4691380358166, 156.92986373171692, 488.4164855187404, 256.1996983298104, 504.9406904535837, 362.34506444802497, 398.77693414353064, 232.99925484448886, 74.38651466105023, 670.7781831148014, 246.24552579922872, 337.60144788197, 172.3913397352353, 562.1991330572666, 817.9063563476263, 694.830462788443, 780.1984730448016, 175.961449988641, 1662.320852997413, 436.8529850031064, 604.9622457771775, 1601.689569559709, 138.93402395637668, 289.5420925976316, 380.0030840639531, 866.9811978012087, 393.547402497386, 440.58070881340814, 606.4477983566021, 330.2157627350936, 598.844729242265] 

VQE eigenvalues standard deviation:
[141.76905876096424, 139.98867463404412, 136.43561897850037, 158.88727819543973, 157.27542915952688, 135.490923105839, 156.67644640182203, 156.2069032702661, 138.5334980959472, 133.85406240095782, 117.84239820241089, 144.85307020244278, 155.96523308337643, 151.96490658790307, 163.50831963706665, 136.77937291888762, 158.67216594292358, 143.64114112206812, 154.62484022815715, 134.45260418489866, 140.34994282996226, 159.958643296628, 133.5575887056585, 112.57114185924802, 166.65541640528988, 144.79300126139614, 150.36968774045437, 138.00498155941722, 164.40879815994617, 149.99385628433188, 162.18223683874243, 142.6769813959502, 154.84463375430929, 153.16872380199345, 148.19414062386895, 151.04293982821136, 160.86334063451443, 159.48144546758, 129.56017905301715, 145.775831529255, 126.86112567806403, 139.63766754936657, 154.83982424390118, 136.99715442603127, 147.99838067477188, 157.52013266128068, 166.9420729740552, 156.61423651269803, 149.281403913488, 161.6806258354534, 154.02957897448135, 133.77515020564226, 140.627227682023, 168.65516529939055, 154.38966117912022, 155.75906119171552, 144.5198396094197, 158.2136252922754, 155.75736249079728, 150.289988377317, 137.0837236136201, 144.1128043724481, 149.16960763056332, 137.84729516419495, 164.77802368619723, 159.52640667551617, 164.04695931869315, 157.90687257180502, 154.0352162099355, 157.9627750983417, 152.26597316777753, 153.29729944230195, 139.68949823484965, 147.08613359974726, 115.95536343409958, 138.70517649918384, 135.92255394439664, 143.19270482873438, 150.77078090039512, 137.6706527041465, 148.68034047872987, 156.31816755822643, 149.80311502348184, 164.37387162073605, 153.5458885503205, 157.32905615960345, 132.00973614492554, 164.57873131039534, 157.811502096211, 164.7716257982851, 162.5024786499352, 153.55177725998928, 138.2041585257786, 114.09931815150931, 154.09294889650246, 148.64363513150113, 146.81054349116832, 158.87560692223164, 159.3472453078314, 171.60977617748145] 

Median VQE eigenvalues:
459.2486005146606 

Min eigenvalue after 100 VQE steps on Aer qasm simulator: 4.90648e+01
Delta from reference energy value is 4.90648e+01 

Optimizer history of the smallest VQE eigenvalue:
[15240.849332831545, 13250.549750281012, 9307.51160222078, 7201.3831033791785, 14909.866365161188, 5424.985306779082, 5441.269634984324, 5794.828796234789, 3928.8694537889996, 5009.341267401942, 4951.553453649109, 9133.893966947304, 4205.084096912277, 8434.386967983559, 3728.97509883056, 4940.474818506163, 2141.4526274396267, 1447.620961448875, 1541.3305742532316, 1375.8559232700825, 1155.7794916179635, 906.9570775354038, 856.4270562510178, 567.9627014460793, 811.0594370341763, 219.16202935119782, 742.1178629869049, 625.5786171565413, 1870.6494268295535, 170.55317401653747, 1199.3167646339111, 104.21604928295864, 248.0648803850498, 368.81160507206573, 61.202175677158664, 401.2498419767021, 126.67750932078764, 232.2006352726078, 453.36417196922696, 219.41431287649436, 444.9663904583366, 69.10736780058348, 22.392783900985847, 378.19105327206165, -5.571342234594653, 46.765795218368325, -187.3455666622474, 227.6047913489593, 111.71981724129607, 149.29633767062802, 332.8168341510551, 118.19607923001323, 358.0396794082106, 191.57649490814788, 125.91343394213703, -2.3495797706973782, 94.73883890280652, 242.79539650388364, 192.8293066584514, 161.7222004659437, -132.73987440466598, 36.105481600920726, -40.3400298220294, 265.94161370274304, 269.1148360402782, -102.40193786414031, 275.3799191367315, 19.809683407877102, 216.73416500254467, 126.91445463563088, 63.125186851408884, 405.712953125734, 119.53125759235259, -293.3055846886939, -172.1863875881743, 197.83871754689858, 94.63342854151502, 114.02822816709858, 183.75324659882247, 121.39778665901048, 15.667732627054779, 52.33205845432515, 151.02969459931188, 233.76509161733904, 152.26345737970541, 236.4384947120759, 218.99146615620432, 146.8974642983706, -50.94611866758269, 90.44088230894407, 379.70022744883863, 22.57101912409137, 256.5470524112193, 96.93749401208203, 393.2404191339025, 206.41262841466445, 112.10616304082713, 177.8148164615039, -212.50677906638373, 133.010900084718, 108.2645904008635, 381.6704124440925, 222.65904710083316, 134.43010432350704, 334.75653819138944, 264.91452146380976, 66.36940450850169, 55.75201575112652, 280.65684550163587, 233.31817493505594, 289.0545098815301, 269.8359699557285, 163.7792643438235, -96.79350862397864, 285.3048361960613, 308.11264893055574, 406.88968253111204, 27.11223295850639, 116.99139526904308, 18.478907380550552, 76.81807749521715, 38.990732519992385, 38.62964877930863, 386.431057333374, 172.5801349968291, 51.06492222897336, 75.46071577101438, 181.43146803564085, 295.0570594358808, 245.90662137623283, 298.3278922920426, -1.1699235161725383, 189.64670047634712, 424.2605467984121, 283.76128909285194, 219.41378259155772, 124.86584440605677, 187.01240787821325, 154.61999883989913, 53.10427900787725, 366.24249895311647, 185.50830931008798, 34.727133431085406, 312.31859026103314, 217.49711660712782, -97.858036718845, -20.41466152999534, 188.2987703031405, 53.79530582986493, 329.2776354399186, 284.1548136521942, -62.41705393172899, 23.762934476492994, 312.73535952099724, -9.36692366256814, -13.076637768475615, 358.8694779293706, -25.74218967303548, -86.12398289673999, 68.59143348619472, 175.88997918740114, -166.54330086021514, 144.79932256792526, 60.45742169297681, 190.32196565035895, 364.0413218164194, 193.09302784996527, 248.08817686265502, -132.1347387366742, -44.23804064240839, 296.43728027328063, 175.62209454087127, 42.776039652413395, -19.02953571886153, 214.19594473802684, 167.4104501617041, -165.49008524306885, 44.30293277434818, 115.75799362768882, 97.48574568859219, 236.18253947686705, 307.71671236666833, 49.064800189232955] 

Optimizer history of the smallest VQE eigenvalue standard deviation:
[175.56091002367066, 174.97997022472242, 173.79705890949165, 172.5163273601106, 176.1769606681408, 172.7175673616688, 172.27127530621433, 172.9518076580441, 175.2013516405373, 174.54335031872782, 175.36994755627495, 168.3688780377344, 175.13568799588487, 176.3311664254501, 174.2101163781577, 171.1033766333348, 168.57699835776026, 163.06929379723317, 163.57975428936243, 161.8789600664311, 160.21720412397121, 158.16961166504663, 157.0261019902014, 151.17060707990973, 150.39686855652977, 152.75482954087224, 145.9880732650256, 152.9914191803792, 158.52163284351423, 149.9011226366841, 156.09754569327413, 149.8665653973795, 152.3915810254765, 151.8889062000148, 143.54238817139267, 144.31647418354441, 144.88423551804246, 139.55188476276064, 143.7526664356719, 146.92935923052417, 146.17957266060392, 142.81465681510608, 144.5193904934269, 144.1912495367893, 142.95308946458027, 144.0245838719926, 143.42912992905337, 145.7402491012246, 142.16379274608295, 142.59489059366186, 142.73828361721672, 146.0517139505969, 143.94109386953687, 142.0522889486757, 144.85420953369768, 143.26169710809452, 143.45279506859092, 145.20078879991289, 143.80766598144808, 142.69129080182094, 143.3051643133587, 143.9530579520104, 143.22125936085445, 143.9448366466451, 143.57711442162835, 143.1317715989942, 143.47926326551502, 143.54179514324224, 144.2278350900623, 143.65584765182857, 143.33935774229892, 143.79568012191274, 143.50296316371404, 143.464038761047, 144.09081406112088, 143.53188482617838, 143.81231093624294, 143.97800043658305, 143.45109538621708, 143.50805387508058, 143.46648908669002, 143.36970073707903, 144.01089498733518, 143.76079598187548, 143.6189040571333, 143.90254687711973, 143.82402360183193, 143.96425929219478, 144.117330784157, 143.65977872836092, 143.6562204079657, 143.23401915838826, 143.54690627673943, 143.26888354609184, 143.77015633402985, 143.64422732690932, 143.4709869362435, 143.08825011431915, 143.5009996995887, 144.32154381755942, 144.10835654617952, 143.33828844593967, 143.68967447845745, 143.8306443314969, 143.2935016240673, 143.83463148556805, 143.5738907535234, 143.62646968289965, 143.84575764914348, 143.87622783015675, 143.94017101940764, 143.7951691675839, 143.62933093139446, 143.9900611625175, 144.0120066079084, 144.03967177648727, 143.72990663139922, 143.7890582031818, 143.5301322207669, 143.55882475292216, 143.97911218631864, 143.58592687945705, 143.4742264726963, 143.63065256768755, 143.6658126379656, 143.47437295991145, 143.96179973391307, 143.95827139906905, 143.67974627746437, 143.65498804561204, 143.5670410089174, 143.84979722494347, 143.67422615570402, 143.91955712900955, 143.3465516157704, 143.49499768173095, 143.6569796357879, 143.71982680622656, 143.66925312644904, 143.63062793098086, 143.95859456229198, 143.81457051049185, 143.55072849838103, 143.38763345873107, 143.73583121716723, 143.37459935695753, 143.36683836839384, 143.94512676270145, 143.7009216997638, 143.8940691729318, 143.6765552806525, 143.62087556144493, 143.49317090756895, 143.63296050278117, 143.40160828086542, 143.11493903735703, 143.68778516529355, 143.77259449013678, 143.42917336772612, 143.96886383380277, 143.51444007325637, 143.2016717759266, 143.564008633898, 143.5289831891038, 143.60441444611385, 143.3880919981655, 143.60303053302275, 143.73697451297133, 143.81155007197967, 143.55063342087706, 143.82097275985666, 143.47695500947367, 143.5386369944618, 143.79079917485888, 143.5270765033195, 143.47094852811136, 143.27267945766286, 143.62042431717686, 143.4076476089482, 143.4812605993267, 143.9107373212444, 143.6886602715058, 143.64114112206812] 

Smallest VQE eingenvalue optimizer final message:
{   'aux_operators_evaluated': None,
    'cost_function_evals': 183,
    'eigenvalue': 49.064800189232955,
    'optimal_circuit': <qiskit.circuit.library.n_local.real_amplitudes.RealAmplitudes object at 0x000001222C5F1BE0>,
    'optimal_parameters': {   ParameterVectorElement(θ[8]): -1.670090642400227,
                              ParameterVectorElement(θ[9]): -0.7543374052942123,
                              ParameterVectorElement(θ[5]): -3.360006396537805,
                              ParameterVectorElement(θ[10]): -2.0650724289467672,
                              ParameterVectorElement(θ[4]): 2.9671908890618646,
                              ParameterVectorElement(θ[11]): 2.199834167870807,
                              ParameterVectorElement(θ[1]): 0.14041632233520213,
                              ParameterVectorElement(θ[2]): -2.8666743649902116,
                              ParameterVectorElement(θ[3]): -0.547528122732925,
                              ParameterVectorElement(θ[0]): 3.0965348124949674,
                              ParameterVectorElement(θ[6]): 0.4257743552723933,
                              ParameterVectorElement(θ[7]): 1.5995882010417044},
    'optimal_point': array([ 3.09653481,  0.14041632, -2.86667436, -0.54752812,  2.96719089,
       -3.3600064 ,  0.42577436,  1.5995882 , -1.67009064, -0.75433741,
       -2.06507243,  2.19983417]),
    'optimal_value': 49.064800189232955,
    'optimizer_evals': None,
    'optimizer_result': <qiskit_algorithms.optimizers.optimizer.OptimizerResult object at 0x000001222C913A10>,
    'optimizer_time': 299.2199742794037}
     ┌──────────┐ ░                           ░  ┌──────────┐
q_0: ┤ Ry(θ[0]) ├─░───────────────────────■───░──┤ Ry(θ[6]) ├
     ├──────────┤ ░                     ┌─┴─┐ ░  ├──────────┤
q_1: ┤ Ry(θ[1]) ├─░──────────────────■──┤ X ├─░──┤ Ry(θ[7]) ├
     ├──────────┤ ░                ┌─┴─┐└───┘ ░  ├──────────┤
q_2: ┤ Ry(θ[2]) ├─░─────────────■──┤ X ├──────░──┤ Ry(θ[8]) ├
     ├──────────┤ ░           ┌─┴─┐└───┘      ░  ├──────────┤
q_3: ┤ Ry(θ[3]) ├─░────────■──┤ X ├───────────░──┤ Ry(θ[9]) ├
     ├──────────┤ ░      ┌─┴─┐└───┘           ░ ┌┴──────────┤
q_4: ┤ Ry(θ[4]) ├─░───■──┤ X ├────────────────░─┤ Ry(θ[10]) ├
     ├──────────┤ ░ ┌─┴─┐└───┘                ░ ├───────────┤
q_5: ┤ Ry(θ[5]) ├─░─┤ X ├─────────────────────░─┤ Ry(θ[11]) ├
     └──────────┘ ░ └───┘                     ░ └───────────┘
The number of ansatz parameters is: 
 12
Line for latex table
RA r1 rl & $1\mathrm{e}{-07}$ & 10000 & 100/100 &179 & $4.9065\mathrm{e}{+01}$ & $1.4364\mathrm{e}{+02}$ & $4.9065\mathrm{e}{+01}$ & $4.5925\mathrm{e}{+02}$ & $4.5925\mathrm{e}{+02}$ & - & 07h 31m 07s\\

