RA_r1_rl
35s__132
1e-03
9.173104877191474e-06
7.59326867216803e-07
7.757018869458676e-07
1.782244264836308e-06
2.0662768596135805e-07
2.4112587765356963e-07
5.049822454972208e-06
1.5107691082594243e-06
6.474837299652592e-07
1.54928992135428e-06
1.016009175458521e-06
7.685991907924183e-07
6.183456175423707e-07
2.126300868843245e-05
2.6757514128283866e-06
2.4078684668360495e-07
1.7710943523430167e-06
3.214343756718918e-07
5.296327477477547e-06
1.686956950797125e-06
2.837503655928053e-07
4.5101850670858923e-07
4.052125547882035e-07
7.410585903255829e-07
8.787876568516761e-05
1.5968881070138607e-05
5.530036235601443e-07
6.361036708979473e-06
2.303428006666941e-07
4.953282241593193e-07
5.7900545072098186e-05
2.432147208797364e-06
1.278392633363712e-06
3.885286463223281e-06
1.0004820020781402e-06
2.8639001786734397e-07
1.799413479219858e-06
4.899462826002399e-07
7.265169182368858e-07
4.63947391837749e-07
2.9249730040259436e-06
4.5030246323463086e-05
6.504212679003807e-07
3.5113112883955466e-07
7.439615086757279e-07
1.772931668142519e-06
3.37379805703808e-07
1.5975795798317538e-05
1.4550986443540026e-06
5.20475237503204e-06
4.296885953158913e-07
9.551575524402445e-07
9.709395810131305e-07
3.3211377859665436e-05
2.400635327193257e-07
3.9096029530449883e-07
2.731382813636607e-05
2.6893620741486046e-07
1.3930239362025532e-06
5.595411353515045e-05
3.192088582348873e-07
1.265223976698593e-07
9.654255427871128e-07
6.54560165057605e-05
4.2412607864639185e-07
9.164131012928678e-07
7.744417437338669e-07
2.4855508323762265e-07
3.344491371071179e-07
5.371430256695398e-07
2.829507295687428e-06
6.353069132436495e-07
7.220233544713572e-06
2.494330081370677e-07
4.339694978372499e-07
5.755500386839252e-07
3.598742321919701e-07
6.653569110115498e-07
5.775048934064664e-07
6.448026741434632e-07
3.3307785407554746e-07
6.938616173290946e-07
3.055463257961577e-07
1.5052160490247601e-07
7.413733926653343e-06
2.9746499913274604e-07
2.573922758264402e-07
5.788636145087622e-06
1.074157284175481e-06
4.4631118101268186e-07
6.281010777597906e-07
1.907101692677493e-07
1.3914212786403368e-06
3.3362395879255047e-07
1.579218909542046e-05
1.2250761750598471e-06
6.284811789880607e-07
1.3370824694103334e-06
7.394389610615448e-07
2.37529286517546e-07
