0.9147898232813948
0.9147898500520851
0.9147897987321014
0.8936991591794413
0.8936991591681881
0.9147898500477252
0.8936991254000002
0.8936991591694121
0.893699159171656
0.9147898500470011
0.8936990876528038
0.893699159167153
0.89369915918658
0.8936991591683934
0.9147898500720769
0.8936991591606919
0.8936991591791594
0.9147897960408214
0.9147898241710031
0.8936991591698629
0.9147898567278179
0.8936991591669173
0.914789906614419
0.8936991591688156
0.89369915916878
0.8936991661972779
0.9147898500506536
0.893699159166645
0.9147898500485057
0.8936991591693242
0.914789863362818
0.9147898500490437
0.9147898328867697
0.8936991591677188
0.9147898500464169
0.8936991591681989
0.9147898386975994
0.8936991591672553
0.8936991329570236
0.8936991374707951
0.9147897094221643
0.914789861910279
0.8936991591943813
0.9147898500586213
0.9147898500498497
0.9147898500480641
0.8936991591736165
0.9147898500509309
0.8936991591702207
0.8936991591709128
0.8936991591669186
0.8936991591876282
0.8936991591387345
0.9147898500700773
0.9147898500499083
0.8936991591711405
0.8936991444805797
0.8936991591759081
0.8936991591559323
0.8936991591822098
0.893699159177124
0.9147898500467013
0.9147898808884335
0.8936991591675457
0.9147898500538021
0.9147898669718206
0.9147898500672713
0.914789850049208
0.8936990616582365
0.8936992859335158
