RA_r1_rl
04h49m42s__119
1e-05
5.86029653126907
10.271387237215261
6.626571147764244
4.842791099212789
10.874410141786733
5.610316794028524
8.451785354929266
1.4897115263832619
7.444928442545682
8.164690663503357
6.711672713903943
12.5066875550933
2.2297821607779684
12.573062165437616
18.574854468493335
9.470371676880518
9.73203903046718
5.616488575629738
16.64510708531281
3.475889950826676
7.785853050796778
7.7725962496263294
5.914483198060064
3.8593421693146395
3.458771631866748
2.986189525799809
3.7849553612187727
4.263041998340608
10.544490716930158
6.263233058094322
4.515134141796492
4.8161888981234116
3.204886946759361
7.680477064029578
13.465634345106844
5.2705342017400945
2.886524160198356
4.106325206305334
10.45850306450831
6.112304445798466
3.9050292522164693
6.2359723449614854
7.787712134395752
7.119863739484889
5.2595771974863705
10.9861912580036
7.853568361310529
8.505661504223202
3.9401434488085103
7.075927521774493
7.619963495001691
6.320473673254161
4.931688537088126
5.999365355406871
11.729360111095446
6.933910178257907
4.710668226645001
9.156352124994358
5.4974946256520525
8.313404502126108
4.76351997463549
4.38494398295816
18.812451694196753
3.9919406072719403
3.85278150303648
4.339422102540252
9.322537198621355
1.2603210299536733
3.8663915972107206
2.7938011618829535
8.835069278740828
8.44667747418886
7.307771823428351
2.675236924577854
6.621022169904465
5.902155573452856
9.581785688688065
3.0784062593040176
18.13754877722607
8.547025914879622
18.41481771127636
7.9177329040085755
5.252234153891126
5.911122691732361
4.234524257631308
3.604444041491435
6.21954555625888
11.752819757043554
12.097200248454408
9.048973262072256
6.4261429764365285
11.336537019970438
9.047967342186462
4.024970029250489
5.970466972945507
7.192575610574864
4.458002669125631
3.215190457195453
7.499989626100449
1.7139136244025495
