5.86029653126907 0.7724188272829152
10.271387237215261 0.8270061881389406
6.626571147764244 0.8153293871714136
4.842791099212789 0.8379980849649606
10.874410141786733 0.8808893331162242
5.610316794028524 0.691988714524528
8.451785354929266 0.8212335898245946
1.4897115263832619 0.8421669550771359
7.444928442545682 0.8454694808290583
8.164690663503357 0.770104391917842
6.711672713903943 0.861146394110522
12.5066875550933 0.7089674917294669
2.2297821607779684 0.7289402473476505
12.573062165437616 0.8758666237561742
18.574854468493335 0.9026972941631392
9.470371676880518 0.8062401298238847
9.73203903046718 0.8705628766575202
5.616488575629738 0.8348245317274364
16.64510708531281 0.8642282483708688
3.475889950826676 0.8453875214381811
7.785853050796778 0.8597911771375465
7.7725962496263294 0.8130777412633047
5.914483198060064 0.6074427206121603
3.8593421693146395 0.760797553414511
3.458771631866748 0.6675180207726732
2.986189525799809 0.8252901087107055
3.7849553612187727 0.7980684006366292
4.263041998340608 0.7738727943798586
10.544490716930158 0.8910752841255631
6.263233058094322 0.730062433020437
4.515134141796492 0.732907226924912
4.8161888981234116 0.8015606123678451
3.204886946759361 0.6904876982582142
7.680477064029578 0.8210969949857635
13.465634345106844 0.9311761035724023
5.2705342017400945 0.7143503022834071
2.886524160198356 0.7790995035024143
4.106325206305334 0.8206557025992766
10.45850306450831 0.7930385160215175
6.112304445798466 0.7939659476487104
3.9050292522164693 0.821240241618229
6.2359723449614854 0.7869217042690725
7.787712134395752 0.8359157297756845
7.119863739484889 0.8046905112417753
5.2595771974863705 0.7383618658101085
10.9861912580036 0.8633160730832417
7.853568361310529 0.8117936576820397
8.505661504223202 0.8440341460968577
3.9401434488085103 0.8337428740015806
7.075927521774493 0.7282167909872448
7.619963495001691 0.843965611936487
6.320473673254161 0.8223950342165762
4.931688537088126 0.7761875821367075
5.999365355406871 0.8286544659043186
11.729360111095446 0.913713012169521
6.933910178257907 0.8690506195114921
4.710668226645001 0.7764353893823706
9.156352124994358 0.859296071737261
5.4974946256520525 0.8307745765106895
8.313404502126108 0.7437072014188061
4.76351997463549 0.7849640577608861
4.38494398295816 0.7727271929212105
18.812451694196753 0.9201881774752536
3.9919406072719403 0.79090528795758
3.85278150303648 0.7365226283067032
4.339422102540252 0.8247455651124349
9.322537198621355 0.8345670896272814
1.2603210299536733 0.7299046147276844
3.8663915972107206 0.7273084069372666
2.7938011618829535 0.7362607580104001
8.835069278740828 0.8643833425045375
8.44667747418886 0.7464057815982875
7.307771823428351 0.870387981084511
2.675236924577854 0.6984875599793057
6.621022169904465 0.8467858467108443
5.902155573452856 0.7792025134403723
9.581785688688065 0.7369669109635923
3.0784062593040176 0.818959142334866
18.13754877722607 0.878873257094008
8.547025914879622 0.810413905015921
18.41481771127636 0.8770741235080651
7.9177329040085755 0.7829605224671585
5.252234153891126 0.7064177704032186
5.911122691732361 0.828795443029499
4.234524257631308 0.8137251816281615
3.604444041491435 0.8188913564974954
6.21954555625888 0.8517736487575329
11.752819757043554 0.6686418548733876
12.097200248454408 0.8967332448331178
9.048973262072256 0.6978449139687648
6.4261429764365285 0.6421477937901408
11.336537019970438 0.9160997334549412
9.047967342186462 0.8171533440585753
4.024970029250489 0.7567143219530083
5.970466972945507 0.8224907644171408
7.192575610574864 0.7833246649618296
4.458002669125631 0.6500918984423086
3.215190457195453 0.8146068369614969
7.499989626100449 0.8165595009988549
1.7139136244025495 0.8407043660222205
