RA_r1_rl
20s__63
1e-01
0.974353245528886
1.5525769109284717
1.1158708632290808
1.1880363999557726
1.0771549989165397
0.971312893541334
2.1065404619234194
1.1257308338506633
1.091809243963544
1.0426645466093207
3.1225004118391033
1.3679390289884337
0.9525564673926561
3.3294532407695225
2.6304606532571917
1.1745947201882259
1.0206153094023804
1.1470899392584581
1.1993015708961106
1.0705217258303792
1.0514454001395892
1.0920563252004853
1.0550574217850839
1.360949310772092
5.250847383151374
0.9437066559815314
1.0513336362045815
1.1315514787900165
1.1864531083722583
4.624228401667505
4.503228299827126
0.9618431028822346
1.1275043633154689
1.024232933981884
1.2494039381361093
3.0057845972082866
1.148836329067958
0.9285154352203159
2.9765000164057094
1.054026966440912
1.153218668223388
1.0618018492837744
1.0102609780333567
1.0011102687366649
2.8766917159784153
1.4054984477866435
1.0310743517437668
1.1227154420547256
1.0776495767473728
1.525158784305553
1.050913086295736
3.168908603028611
1.0929299252893538
4.605771716355718
3.077070346450075
1.0252249229099824
1.059307158242003
1.0500724959127745
1.0897046670899924
1.5094588284877153
2.9734837700882197
1.0393307067516198
3.47989575214146
1.0835790136822807
1.0787482763997711
1.0952052638194776
3.947442308162587
0.9440193358744701
1.029221434930015
1.040917147818753
5.079293714375018
0.990369233413817
0.9638291318783015
1.2616403553131257
1.0746827945998414
1.1219220185068366
1.0835584917499244
1.2854559179280776
1.0017822851417861
1.1399960548393004
0.9558869997032441
2.3048756828663133
0.9878336015866699
1.0741704851011824
0.9646527431421966
1.588947281274336
1.028366130716219
1.079811314314948
2.9133743404978882
1.5247007921475875
3.0560716076613823
1.0618254300387298
3.2636265155061834
0.9779720897835001
3.030367267222363
1.0050808655581853
0.9896116114702506
1.027626508725036
2.2414698800602153
1.1338191128499868
