RA_r1_rl
03m05s__21
1e-01
-0.42074999999999996
-0.43225
-0.43625
-0.42700000000000005
-0.43325000000000014
-0.40825
-0.4272499999999999
-0.4212499999999999
-0.43274999999999997
-0.43399999999999994
-0.43700000000000006
-0.43599999999999994
-0.43599999999999994
-0.42300000000000004
-0.4297500000000001
-0.4292499999999999
-0.43700000000000006
-0.42700000000000005
-0.43199999999999994
-0.43225
-0.42225
-0.4325000000000001
-0.4304999999999999
-0.4335
-0.43399999999999994
-0.43599999999999994
-0.4375
-0.42200000000000015
-0.43700000000000006
-0.4352499999999999
-0.4335
-0.43474999999999997
-0.43074999999999997
-0.42825
-0.43074999999999997
-0.43674999999999997
-0.4315
-0.4325000000000001
-0.4325000000000001
-0.42225
-0.42900000000000005
-0.4275
-0.4132500000000001
-0.43425
-0.42399999999999993
-0.4345000000000001
-0.4352499999999999
-0.43100000000000005
-0.43725000000000014
-0.42874999999999996
-0.4264999999999999
-0.4364999999999999
-0.43399999999999994
-0.4272499999999999
-0.4364999999999999
-0.43700000000000006
-0.4264999999999999
-0.43700000000000006
-0.43599999999999994
-0.4357500000000001
-0.4092500000000001
-0.4312499999999999
-0.42700000000000005
-0.42300000000000004
-0.4364999999999999
-0.42500000000000004
-0.4355
-0.4375
-0.4295
-0.4352499999999999
-0.42300000000000004
-0.43174999999999986
-0.4375
-0.43425
-0.4364999999999999
-0.4352499999999999
-0.4295
-0.4375
-0.4192500000000001
-0.43700000000000006
-0.4257500000000001
-0.42225
-0.43199999999999994
-0.42999999999999994
-0.41674999999999995
-0.43225
-0.4159999999999999
-0.43674999999999997
-0.42799999999999994
-0.4352499999999999
-0.42100000000000004
-0.42900000000000005
-0.42674999999999996
-0.4205000000000001
-0.42799999999999994
-0.43399999999999994
-0.42425
-0.43500000000000005
-0.43399999999999994
-0.42399999999999993
