-0.42074999999999996 0.0020394714388782195
-0.43225 0.001144440365418831
-0.43625 0.0005588772226527001
-0.42700000000000005 0.001616779205704966
-0.43325000000000014 0.0010298998737741372
-0.40825 0.0026882975560752185
-0.4272499999999999 0.0015974960876321393
-0.4212499999999999 0.0020090031732180034
-0.43274999999999997 0.0010886890051800908
-0.43399999999999994 0.0009347593273137265
-0.43700000000000006 0.0003535180334862453
-0.43599999999999994 0.0006121886964000483
-0.43599999999999994 0.0006121886964000483
-0.42300000000000004 0.001898413811580609
-0.4297500000000001 0.0013897819073509336
-0.4292499999999999 0.001433769071364007
-0.43700000000000006 0.0003535180334862453
-0.42700000000000005 0.001616779205704966
-0.43199999999999994 0.0011713133654150728
-0.43225 0.001144440365418831
-0.42225 0.0019465979939371125
-0.4325000000000001 0.0011169153951844331
-0.4304999999999999 0.0013210223313782435
-0.4335 0.0009991996797437367
-0.43399999999999994 0.0009347593273137265
-0.43599999999999994 0.0006121886964000483
-0.4375 0.0
-0.42200000000000015 0.0019623901243126934
-0.43700000000000006 0.0003535180334862453
-0.4352499999999999 0.000749662424028318
-0.4335 0.0009991996797437367
-0.43474999999999997 0.0008287000362012739
-0.43074999999999997 0.0012972832188847554
-0.42825 0.0015178747477970578
-0.43074999999999997 0.0012972832188847554
-0.43674999999999997 0.0004329477451148221
-0.4315 0.0012232742946698472
-0.4325000000000001 0.0011169153951844331
-0.4325000000000001 0.0011169153951844331
-0.42225 0.0019465979939371125
-0.42900000000000005 0.0014552577091360873
-0.4275 0.001577973383805953
-0.4132500000000001 0.0024502436103375513
-0.43425 0.0009008017262416937
-0.42399999999999993 0.0018321503759244245
-0.4345000000000001 0.0008655056325639898
-0.4352499999999999 0.000749662424028318
-0.43100000000000005 0.0012730966184858075
-0.43725000000000014 0.0002499874996874772
-0.42874999999999996 0.0014764293921485062
-0.4264999999999999 0.0016546600859391066
-0.4364999999999999 0.0004998999899980072
-0.43399999999999994 0.0009347593273137265
-0.4272499999999999 0.0015974960876321393
-0.4364999999999999 0.0004998999899980072
-0.43700000000000006 0.0003535180334862453
-0.4264999999999999 0.0016546600859391066
-0.43700000000000006 0.0003535180334862453
-0.43599999999999994 0.0006121886964000483
-0.4357500000000001 0.0006612062839991704
-0.4092500000000001 0.0026424787132539014
-0.4312499999999999 0.0012484365222148834
-0.42700000000000005 0.001616779205704966
-0.42300000000000004 0.001898413811580609
-0.4364999999999999 0.0004998999899980072
-0.42500000000000004 0.0017633419974582368
-0.4355 0.0007068238818829035
-0.4375 0.0
-0.4295 0.0014119490075778201
-0.4352499999999999 0.000749662424028318
-0.42300000000000004 0.001898413811580609
-0.43174999999999986 0.0011975782855412921
-0.4375 0.0
-0.43425 0.0009008017262416937
-0.4364999999999999 0.0004998999899980072
-0.4352499999999999 0.000749662424028318
-0.4295 0.0014119490075778201
-0.4375 0.0
-0.4192500000000001 0.0021281902523035802
-0.43700000000000006 0.0003535180334862453
-0.4257500000000001 0.0017098812093241996
-0.42225 0.0019465979939371125
-0.43199999999999994 0.0011713133654150728
-0.42999999999999994 0.0013672508913875302
-0.41674999999999995 0.0022681366250735407
-0.43225 0.001144440365418831
-0.4159999999999999 0.002308413957677433
-0.43674999999999997 0.0004329477451148221
-0.42799999999999994 0.001538172617101219
-0.4352499999999999 0.000749662424028318
-0.42100000000000004 0.002024296173982453
-0.42900000000000005 0.0014552577091360873
-0.42674999999999996 0.001635831210730499
-0.4205000000000001 0.002054531576783375
-0.42799999999999994 0.001538172617101219
-0.43399999999999994 0.0009347593273137265
-0.42425 0.0018151979919557016
-0.43500000000000005 0.0007901740314639554
-0.43399999999999994 0.0009347593273137265
-0.42399999999999993 0.0018321503759244245
