RA_r1_rl
20m13s__92
1e-06
0.13854725691415748
0.08653614317261216
-0.09019918947682104
-0.11680996567227897
0.4029272797095338
0.6687162488921015
0.18253731412179475
-0.02803896769551617
1.7693254854321845
-0.09784373867320095
2.7724442608380153
0.6812606485432373
0.17208479587771386
0.1189281937397304
0.2986502568049758
-0.07362362565088709
1.2843602999878847
0.6182354802348362
0.4386968727882836
2.152000453743981
0.44761669603068466
0.5168181200177102
-0.10000934268685491
1.3556466915376557
-0.1082923545049459
1.4686529282695568
0.7001118320181838
0.3651922847231539
0.7224769436032119
0.5144590113940506
0.5673498856079755
0.18710458061055757
-0.005891980667311891
0.720845794184705
2.8932567711232458
0.3686514591882082
1.6591565250593092
0.8715946510907485
0.525032391776378
-0.020285696868124425
2.148501035526454
0.6859813900973396
0.047576249699898376
0.7300663863429566
0.5079592811136173
0.1393710692455299
0.7601895144438424
0.3669649510593902
0.2295859601645911
0.21981046835219953
0.31883901727770514
0.1781990551840522
1.1967377529433918
0.3766982969244097
0.9229422263925976
0.20683513489651562
0.7505112812733302
0.13359134230764091
0.5513851885692587
0.17332365895317903
2.0827556079627296
0.7339421819919418
1.0625164024081526
0.78746244452332
0.6826493645044092
0.1436177491048305
1.836536702126656
1.7691934605618878
0.692868451745296
0.40152711546059106
0.5833103465593277
2.4980277030853513
0.35788775899752645
1.8750291895352884
-0.08117513076934646
0.07174264994199753
0.21692485829181685
0.010311432745106153
1.0721485888562414
0.6791663189682795
0.18613241816767445
1.4226845546445288
0.13269597188996585
0.38302308522287065
0.49603739978532124
0.4368332889256439
0.7766303048101961
0.48936482556566574
0.3111625633852255
2.1674764099906874
0.5540293830189307
0.897802043990696
0.9749641103312738
1.599878969723477
0.4880849677573966
-0.039920124605902885
0.7246672725312413
-0.14031963207696485
0.23220804621627966
0.2319879210204041
