0.13854725691415748 0.06624004885912715
0.08653614317261216 0.07314193313030153
-0.09019918947682104 0.06910219659414026
-0.11680996567227897 0.06845082081946655
0.4029272797095338 0.07208519298139916
0.6687162488921015 0.07327514530155672
0.18253731412179475 0.0729028774822239
-0.02803896769551617 0.06909555098198995
1.7693254854321845 0.0714938270022015
-0.09784373867320095 0.07030005796618252
2.7724442608380153 0.07397998226265026
0.6812606485432373 0.06017941477687764
0.17208479587771386 0.07436238085098619
0.1189281937397304 0.07217234123202244
0.2986502568049758 0.07525469939836865
-0.07362362565088709 0.07047246264763174
1.2843602999878847 0.07513611440060683
0.6182354802348362 0.06548141223632353
0.4386968727882836 0.07028291444312523
2.152000453743981 0.07202284764193197
0.44761669603068466 0.0762190090374271
0.5168181200177102 0.07895461377413772
-0.10000934268685491 0.07110279491225306
1.3556466915376557 0.07589929366430723
-0.1082923545049459 0.06962933461181324
1.4686529282695568 0.07536330333342273
0.7001118320181838 0.07377056926211127
0.3651922847231539 0.07377093602124798
0.7224769436032119 0.07601486327197433
0.5144590113940506 0.07379570849751207
0.5673498856079755 0.07186234889557966
0.18710458061055757 0.07160596343924368
-0.005891980667311891 0.07332989272399557
0.720845794184705 0.060961709626873015
2.8932567711232458 0.06673916991868324
0.3686514591882082 0.07702072145498087
1.6591565250593092 0.06970778616099994
0.8715946510907485 0.06175993648481837
0.525032391776378 0.07734780449169885
-0.020285696868124425 0.0712087774250597
2.148501035526454 0.0685038307394556
0.6859813900973396 0.06020718402601751
0.047576249699898376 0.0738309819089463
0.7300663863429566 0.07483302916613847
0.5079592811136173 0.06588772086600644
0.1393710692455299 0.07373739443571087
0.7601895144438424 0.07441521089397249
0.3669649510593902 0.0722135801076609
0.2295859601645911 0.07372595996487476
0.21981046835219953 0.07402105943125929
0.31883901727770514 0.07465757108883168
0.1781990551840522 0.07331162085708345
1.1967377529433918 0.07723375604444532
0.3766982969244097 0.0752956756686007
0.9229422263925976 0.06470547960286639
0.20683513489651562 0.07292267144427464
0.7505112812733302 0.060466981407165894
0.13359134230764091 0.07096057240150429
0.5513851885692587 0.07651314557229548
0.17332365895317903 0.07503100662509801
2.0827556079627296 0.06524630886064953
0.7339421819919418 0.0648032151285181
1.0625164024081526 0.07944070722261629
0.78746244452332 0.0609061046252407
0.6826493645044092 0.06231799438205433
0.1436177491048305 0.0745958575124116
1.836536702126656 0.07343723339981527
1.7691934605618878 0.07233486559193147
0.692868451745296 0.06384677551921013
0.40152711546059106 0.07327392060260075
0.5833103465593277 0.06743828898096442
2.4980277030853513 0.05858285423654263
0.35788775899752645 0.07029567332248338
1.8750291895352884 0.07603867966934788
-0.08117513076934646 0.0681715961429656
0.07174264994199753 0.07201131422650286
0.21692485829181685 0.07310807868366961
0.010311432745106153 0.07225991667381021
1.0721485888562414 0.07240526766723755
0.6791663189682795 0.058481587907073196
0.18613241816767445 0.07280293427491044
1.4226845546445288 0.07706069254547006
0.13269597188996585 0.07323056152592004
0.38302308522287065 0.07533197860971723
0.49603739978532124 0.06396081000788714
0.4368332889256439 0.07533561642236322
0.7766303048101961 0.061640297290714005
0.48936482556566574 0.07574847862651911
0.3111625633852255 0.07277830424701807
2.1674764099906874 0.07328260986098878
0.5540293830189307 0.07701480676339345
0.897802043990696 0.07009107383363224
0.9749641103312738 0.07443559223271633
1.599878969723477 0.07374761709212209
0.4880849677573966 0.07335516048932454
-0.039920124605902885 0.07088308772016565
0.7246672725312413 0.0751852522430542
-0.14031963207696485 0.07019064528608948
0.23220804621627966 0.07451587376514866
0.2319879210204041 0.07328552993881746
