With Shot Noise
02/11/2024 10:08:35 

VQEr_100_shots_10000_COBYLA_maxIter_10000_tol_1e-06_RA_r1_rl 

Reference value: -1.6478526069e-01 

Number of pauli strings:  10
Qubits:  3
VQE runs:  100
Optimizer:  COBYLA
Max iterations:  10000
Optimizers's tolerance:  1e-06
Ansatz:  RA_r1_rl 

All run converged!!!
Number of iterations for each converged VQE run:
[83, 87, 87, 87, 98, 90, 97, 82, 94, 96, 84, 111, 84, 88, 95, 83, 79, 102, 82, 89, 91, 87, 115, 76, 89, 81, 103, 81, 87, 88, 98, 83, 85, 95, 95, 92, 84, 105, 83, 85, 81, 89, 86, 80, 98, 84, 95, 99, 101, 87, 105, 96, 86, 104, 96, 98, 82, 85, 83, 80, 91, 91, 114, 81, 97, 91, 83, 99, 84, 92, 100, 103, 79, 98, 79, 98, 95, 101, 80, 96, 106, 90, 100, 89, 94, 98, 110, 112, 89, 90, 90, 86, 87, 82, 95, 94, 85, 86, 102, 100] 

Average iterations of converged run:
92 

VQE eigenvalues:
[0.13854725691415748, 0.08653614317261216, -0.09019918947682104, -0.11680996567227897, 0.4029272797095338, 0.6687162488921015, 0.18253731412179475, -0.02803896769551617, 1.7693254854321845, -0.09784373867320095, 2.7724442608380153, 0.6812606485432373, 0.17208479587771386, 0.1189281937397304, 0.2986502568049758, -0.07362362565088709, 1.2843602999878847, 0.6182354802348362, 0.4386968727882836, 2.152000453743981, 0.44761669603068466, 0.5168181200177102, -0.10000934268685491, 1.3556466915376557, -0.1082923545049459, 1.4686529282695568, 0.7001118320181838, 0.3651922847231539, 0.7224769436032119, 0.5144590113940506, 0.5673498856079755, 0.18710458061055757, -0.005891980667311891, 0.720845794184705, 2.8932567711232458, 0.3686514591882082, 1.6591565250593092, 0.8715946510907485, 0.525032391776378, -0.020285696868124425, 2.148501035526454, 0.6859813900973396, 0.047576249699898376, 0.7300663863429566, 0.5079592811136173, 0.1393710692455299, 0.7601895144438424, 0.3669649510593902, 0.2295859601645911, 0.21981046835219953, 0.31883901727770514, 0.1781990551840522, 1.1967377529433918, 0.3766982969244097, 0.9229422263925976, 0.20683513489651562, 0.7505112812733302, 0.13359134230764091, 0.5513851885692587, 0.17332365895317903, 2.0827556079627296, 0.7339421819919418, 1.0625164024081526, 0.78746244452332, 0.6826493645044092, 0.1436177491048305, 1.836536702126656, 1.7691934605618878, 0.692868451745296, 0.40152711546059106, 0.5833103465593277, 2.4980277030853513, 0.35788775899752645, 1.8750291895352884, -0.08117513076934646, 0.07174264994199753, 0.21692485829181685, 0.010311432745106153, 1.0721485888562414, 0.6791663189682795, 0.18613241816767445, 1.4226845546445288, 0.13269597188996585, 0.38302308522287065, 0.49603739978532124, 0.4368332889256439, 0.7766303048101961, 0.48936482556566574, 0.3111625633852255, 2.1674764099906874, 0.5540293830189307, 0.897802043990696, 0.9749641103312738, 1.599878969723477, 0.4880849677573966, -0.039920124605902885, 0.7246672725312413, -0.14031963207696485, 0.23220804621627966, 0.2319879210204041] 

VQE eigenvalues standard deviation:
[0.06624004885912715, 0.07314193313030153, 0.06910219659414026, 0.06845082081946655, 0.07208519298139916, 0.07327514530155672, 0.0729028774822239, 0.06909555098198995, 0.0714938270022015, 0.07030005796618252, 0.07397998226265026, 0.06017941477687764, 0.07436238085098619, 0.07217234123202244, 0.07525469939836865, 0.07047246264763174, 0.07513611440060683, 0.06548141223632353, 0.07028291444312523, 0.07202284764193197, 0.0762190090374271, 0.07895461377413772, 0.07110279491225306, 0.07589929366430723, 0.06962933461181324, 0.07536330333342273, 0.07377056926211127, 0.07377093602124798, 0.07601486327197433, 0.07379570849751207, 0.07186234889557966, 0.07160596343924368, 0.07332989272399557, 0.060961709626873015, 0.06673916991868324, 0.07702072145498087, 0.06970778616099994, 0.06175993648481837, 0.07734780449169885, 0.0712087774250597, 0.0685038307394556, 0.06020718402601751, 0.0738309819089463, 0.07483302916613847, 0.06588772086600644, 0.07373739443571087, 0.07441521089397249, 0.0722135801076609, 0.07372595996487476, 0.07402105943125929, 0.07465757108883168, 0.07331162085708345, 0.07723375604444532, 0.0752956756686007, 0.06470547960286639, 0.07292267144427464, 0.060466981407165894, 0.07096057240150429, 0.07651314557229548, 0.07503100662509801, 0.06524630886064953, 0.0648032151285181, 0.07944070722261629, 0.0609061046252407, 0.06231799438205433, 0.0745958575124116, 0.07343723339981527, 0.07233486559193147, 0.06384677551921013, 0.07327392060260075, 0.06743828898096442, 0.05858285423654263, 0.07029567332248338, 0.07603867966934788, 0.0681715961429656, 0.07201131422650286, 0.07310807868366961, 0.07225991667381021, 0.07240526766723755, 0.058481587907073196, 0.07280293427491044, 0.07706069254547006, 0.07323056152592004, 0.07533197860971723, 0.06396081000788714, 0.07533561642236322, 0.061640297290714005, 0.07574847862651911, 0.07277830424701807, 0.07328260986098878, 0.07701480676339345, 0.07009107383363224, 0.07443559223271633, 0.07374761709212209, 0.07335516048932454, 0.07088308772016565, 0.0751852522430542, 0.07019064528608948, 0.07451587376514866, 0.07328552993881746] 

Median VQE eigenvalues:
0.4927011126754935 

Min eigenvalue after 100 VQE steps on Aer qasm simulator: -1.40320e-01
Delta from reference energy value is 2.44656e-02 

Optimizer history of the smallest VQE eigenvalue:
[12.615304247692118, 8.278675454062851, 14.203612041547277, 11.181861598763202, 4.95775899801844, 10.31631483229972, 4.1467252863732345, 1.884684483241243, 1.6234226138337826, 1.1445034135218415, 4.254612903204281, 1.1716937241004564, 4.8336678440532115, 0.25797824955382254, 0.5880292119972967, 0.7162269832626018, 0.372782268462319, 0.035974260618346854, 0.6013765776029896, 0.5770978431052609, 0.7609939855842569, -0.023154797607130462, -0.015255871963541168, -0.04805470603893092, 0.01090932360221597, 0.09570917588661754, 0.14723651820244843, 0.025162260130768388, 0.08285201224340177, -0.07573228572554758, -0.18733991355660784, -0.23146971742547606, -0.12578173628575318, -0.02651369831132655, -0.061799755034208204, -0.13061879359044326, -0.021048406205379955, -0.10205051111057983, -0.13650077395733362, -0.09921834585101763, -0.193136295475691, -0.0043732358969172935, -0.09713442312471532, -0.05118499896533546, -0.04104267549851226, -0.17003706014052788, -0.018452855490305176, -0.09398759626825548, -0.02857711887793979, -0.08469050637769104, 0.007258710375750432, -0.11001299488893501, -0.17745504851734673, -0.053300409340579336, -0.14151502666335602, -0.10366294930642894, -0.008052771595250086, -0.11617667961169698, -0.1594706599504141, -0.12215019699668783, -0.08850855124736956, -0.18538034622123423, -0.0790333074219376, -0.14260714813831754, -0.11425743515775011, -0.16230468810132592, -0.2179643687308026, -0.09330058487914616, -0.057318565171344815, -0.09420155773989958, -0.08418344042051817, -0.027733644038621108, -0.1386931813716119, -0.1266958911567002, -0.0523852641735294, -0.09989089475286406, -0.09230948367424485, -0.02244844635923382, -0.12281344834917007, -0.13270955504282256, -0.06509782692420973, -0.10235486087941226, -0.10994425007797659, -0.07131664044878061, -0.15244321608130118, -0.14031963207696485] 

Optimizer history of the smallest VQE eigenvalue standard deviation:
[0.08959401780008609, 0.09324620828826624, 0.08696649009780899, 0.0920344802812729, 0.08861800085420556, 0.08561173850372757, 0.08704223688179047, 0.070851429051188, 0.0724813904632489, 0.06983975280061551, 0.06817625599567613, 0.0779050125743117, 0.08054397306536741, 0.0718739076220454, 0.07433850646837645, 0.07599253922522918, 0.07456729879692636, 0.06846848710035956, 0.0715723205250469, 0.06478272844548376, 0.07490872111819627, 0.06906828432152361, 0.07016891114572742, 0.06962530790133079, 0.07070922242780565, 0.07201834596073191, 0.07164046126788476, 0.06826194437627657, 0.06965726699290516, 0.06973145645674242, 0.06894661111882752, 0.06935860694748928, 0.06988967373396984, 0.07110607913583153, 0.07083639587852647, 0.07015268229183777, 0.07079191548952248, 0.0703011467885493, 0.07021936666309297, 0.07062741234735795, 0.06964646423583049, 0.07113101479781217, 0.07038395217954217, 0.07065381568962328, 0.07097903672169427, 0.07006093676959663, 0.0710420995869947, 0.07037877583916897, 0.07110179329611138, 0.07051306145858216, 0.07136798972164929, 0.07043363323349508, 0.06975503342434784, 0.0707000515220671, 0.0701895505092268, 0.0704262122738418, 0.07124733026866212, 0.07024456986945081, 0.07007671002569471, 0.07049451745269664, 0.0705163827683042, 0.06982642402989148, 0.07080751998745886, 0.07013404057471202, 0.07021665630523209, 0.07010615129083081, 0.06951103997748391, 0.0704788844205071, 0.07081395702463333, 0.07043183466939855, 0.07053056813235749, 0.07111475291634033, 0.07011954910636511, 0.07027437783427057, 0.07068738491410119, 0.07044510693886387, 0.07040092816295045, 0.07106290948056922, 0.07029047597929756, 0.07016805121773716, 0.07070487679943162, 0.07035566648336727, 0.07031383392986769, 0.07062666827712542, 0.07004831903863055, 0.07019064528608948] 

Smallest VQE eingenvalue optimizer final message:
{   'aux_operators_evaluated': None,
    'cost_function_evals': 86,
    'eigenvalue': -0.14031963207696485,
    'optimal_circuit': <qiskit.circuit.library.n_local.real_amplitudes.RealAmplitudes object at 0x0000020834D137D0>,
    'optimal_parameters': {   ParameterVectorElement(θ[0]): -1.0139974410880872,
                              ParameterVectorElement(θ[1]): 1.4944421262392822,
                              ParameterVectorElement(θ[2]): 1.619699950956924,
                              ParameterVectorElement(θ[3]): 1.1505429072147981,
                              ParameterVectorElement(θ[4]): -2.038052118193706,
                              ParameterVectorElement(θ[5]): 1.28457761088004},
    'optimal_point': array([-1.01399744,  1.49444213,  1.61969995,  1.15054291, -2.03805212,
        1.28457761]),
    'optimal_value': -0.14031963207696485,
    'optimizer_evals': None,
    'optimizer_result': <qiskit_algorithms.optimizers.optimizer.OptimizerResult object at 0x0000020834D13200>,
    'optimizer_time': 11.486557245254517}
     ┌──────────┐ ░            ░ ┌──────────┐
q_0: ┤ Ry(θ[0]) ├─░────────■───░─┤ Ry(θ[3]) ├
     ├──────────┤ ░      ┌─┴─┐ ░ ├──────────┤
q_1: ┤ Ry(θ[1]) ├─░───■──┤ X ├─░─┤ Ry(θ[4]) ├
     ├──────────┤ ░ ┌─┴─┐└───┘ ░ ├──────────┤
q_2: ┤ Ry(θ[2]) ├─░─┤ X ├──────░─┤ Ry(θ[5]) ├
     └──────────┘ ░ └───┘      ░ └──────────┘
The number of ansatz parameters is: 
 6
Line for latex table
RA r1 rl & $1\mathrm{e}{-06}$ & 10000 & 100/100 &92 & $-1.4032\mathrm{e}{-01}$ & $7.0191\mathrm{e}{-02}$ & $2.4466\mathrm{e}{-02}$ & $4.927\mathrm{e}{-01}$ & $6.5749\mathrm{e}{-01}$ & - & 00h 20m 13s\\

