RA_r1_rl
02m25s__331
1e-02
8.318505049662914
2.9859301730273913
9.694460693578897
12.692777107816154
10.708920852727298
30.617595250673556
3.033999082279307
5.095968183806703
7.818702141708526
38.955054648515905
29.85517411002221
9.78919304989772
10.431205778307094
12.049231875070054
5.8508348042961575
5.613244415367105
7.544766876188294
2.950261848804578
194.19483922149408
94.09594248218728
3.1212054487720917
33.76087323830076
1.0162230952270117
2.880271150254903
49.381979510982006
13.792932638851411
2.333948184035268
15.58137639748712
3.3873578668660063
84.65616335722834
15.024750855407817
26.127124655771844
3.043468468686548
21.360380789855643
2.923054397956435
14.807351981584763
2.8891166915969495
17.223063368923555
13.245656723218021
2.9381466518972306
2.798805755144869
13.902561461185899
12.016050983448485
15.978865179111688
11.287459882494257
13.892518579355304
15.427572427376447
4.599690400740092
13.856286098296534
13.580500868135054
3.3479596998466024
3.1967569136703333
13.55042973856042
9.141986619180932
18.169259774744713
2.7275652875856493
5.584160564076992
7.737710292126226
15.184237379807232
2.6325450571219235
15.073634497161132
13.754153972412201
3.8711903073211675
1.8833984563593815
3.03030054914791
5.913076694957108
3.6195838176256734
3.151270457305628
3.658085738943121
18.04292689916538
13.958862200750222
3.156553602246228
2.8447331071232664
17.073783033278787
81.63444722940967
3.3603608190565897
25.61249506024308
1.8975936368953394
10.212226667431048
25.489282683890096
29.653292495390012
2.3442938567749985
14.174717050917142
19.8950807379903
20.11999475415856
2.3869008247671886
19.162869380405745
10.923382215743073
11.394519434826725
74.29417471557639
14.551193565783135
11.913700007005952
15.418836467782922
9.942785809622999
4.06684068954774
57.4376242366038
4.651068186970842
15.82124612595879
7.0307950046062855
14.089601238574197
