RA_r1_rl
04h57m03s__105
1e-04
11.94115709656862
3.4685238995068493
1.9535007420873847
2.0578261034462266
6.310920943120649
3.265610500863833
4.9963519896379
4.86340599136443
7.937561272971564
7.291235847901812
10.00754813096286
2.2663397678976502
14.574901770010975
6.930238170475478
1.6816635579242187
6.832266608696384
15.436959987775335
10.703661645623427
7.806139978609267
3.561420272448704
7.359094217072185
3.3396306074114785
14.318646928317039
6.444461363642064
13.542700399211641
6.60166790625023
5.131524150564196
15.754772439077273
14.82516732085858
3.800176703280709
7.073992861203629
8.875395918629994
4.342123856329401
13.52338799038865
4.897872406806952
12.04300796641326
11.263994949643116
8.331358639567878
11.6089084582696
9.457402809788123
5.6588054152291765
3.7698781346897983
1.5709838390812971
11.083659325851329
12.728091254652547
6.765678787380476
5.298222652410367
11.523733041930653
5.4024031357434295
8.731941003561234
6.322694534892283
5.93502382553531
12.492643109679378
1.468962862427497
19.828718248983943
4.905874288161148
10.912189843363578
4.543649422215675
5.784658387477721
6.106744136477365
5.147478843371299
2.661008185272213
3.390407547699985
12.438057214807017
6.220470642878556
10.960781135084629
15.859435515505842
3.812039638277471
6.159168819993878
1.4244139130926818
6.682764831470416
7.290784514504067
2.689663732860894
10.826456527828771
17.265045920674194
10.11021458404418
13.295110962077622
9.794276409382276
6.942163774073357
2.872840517235765
9.72257468816731
2.7384516150666953
15.000781015851596
7.654125624541416
5.222071354070375
6.36832493864284
14.695798904735284
5.360910055200293
11.989395471823942
14.755585572691066
4.795708171431917
6.528288944195857
8.27343076881954
10.94953764886088
13.691926273752498
7.919975537155259
4.500266153964423
5.0885094913064055
4.349643411256055
3.8426874926894383
