11.94115709656862 0.750838271588313
3.4685238995068493 0.7151166117338915
1.9535007420873847 0.7271356049349742
2.0578261034462266 0.8207570714709459
6.310920943120649 0.8064548538383629
3.265610500863833 0.8038419990601838
4.9963519896379 0.8437921420662502
4.86340599136443 0.7430198946669838
7.937561272971564 0.8409042600571909
7.291235847901812 0.8637939411170786
10.00754813096286 0.8151180567769919
2.2663397678976502 0.8221398787802539
14.574901770010975 0.9151264117046704
6.930238170475478 0.7041015146602233
1.6816635579242187 0.7431163444301422
6.832266608696384 0.8084486679907223
15.436959987775335 0.8337839058389372
10.703661645623427 0.8576818397063627
7.806139978609267 0.7808454056621624
3.561420272448704 0.8169120549586876
7.359094217072185 0.8815284923751465
3.3396306074114785 0.7662213261307594
14.318646928317039 0.9162192943395905
6.444461363642064 0.8484221378283994
13.542700399211641 0.8888818348266068
6.60166790625023 0.8100711976260677
5.131524150564196 0.8430022006403648
15.754772439077273 0.6969691305990509
14.82516732085858 0.8550010701978858
3.800176703280709 0.6318830204296884
7.073992861203629 0.842890087613903
8.875395918629994 0.8526666804969476
4.342123856329401 0.8186540660706704
13.52338799038865 0.7949425118086557
4.897872406806952 0.7121022924079601
12.04300796641326 0.8699645097981538
11.263994949643116 0.8185033747181186
8.331358639567878 0.8432826673646323
11.6089084582696 0.8446977586043506
9.457402809788123 0.860213128099402
5.6588054152291765 0.7564959592063281
3.7698781346897983 0.77851191349634
1.5709838390812971 0.7418954107756381
11.083659325851329 0.8819651452064653
12.728091254652547 0.8093056578859004
6.765678787380476 0.8592880350140816
5.298222652410367 0.6888072392800132
11.523733041930653 0.8781649438600495
5.4024031357434295 0.8162524811670487
8.731941003561234 0.8282157478739642
6.322694534892283 0.8695588238198562
5.93502382553531 0.800853760368878
12.492643109679378 0.8957690851591124
1.468962862427497 0.642479565626252
19.828718248983943 0.8696603981882515
4.905874288161148 0.8179165221131935
10.912189843363578 0.8102489056852428
4.543649422215675 0.7864689491436494
5.784658387477721 0.7915786740629669
6.106744136477365 0.6970459317228332
5.147478843371299 0.7507941809774186
2.661008185272213 0.6372468470192977
3.390407547699985 0.6934137505978835
12.438057214807017 0.8498282278924134
6.220470642878556 0.853108978040028
10.960781135084629 0.8382217807301559
15.859435515505842 0.9181287470669811
3.812039638277471 0.706494232969185
6.159168819993878 0.7193103531469967
1.4244139130926818 0.8415650099186817
6.682764831470416 0.7644412827642441
7.290784514504067 0.8055797422790716
2.689663732860894 0.8300055473659107
10.826456527828771 0.8068757685913363
17.265045920674194 0.8692981981711705
10.11021458404418 0.7608524738862824
13.295110962077622 0.7650841344379429
9.794276409382276 0.759018451104098
6.942163774073357 0.9273085322580056
2.872840517235765 0.8301734463806302
9.72257468816731 0.6415438709959678
2.7384516150666953 0.8345107596158174
15.000781015851596 0.8900427718435864
7.654125624541416 0.8402710431915859
5.222071354070375 0.6951761619674554
6.36832493864284 0.7285277451617116
14.695798904735284 0.8970485072885072
5.360910055200293 0.7623202111965742
11.989395471823942 0.7823376030440737
14.755585572691066 0.879340014566659
4.795708171431917 0.7831851853856188
6.528288944195857 0.8482971539038275
8.27343076881954 0.8064557951885287
10.94953764886088 0.9355640471258388
13.691926273752498 0.808385799474956
7.919975537155259 0.8128693876693812
4.500266153964423 0.707624423518866
5.0885094913064055 0.7773677611600179
4.349643411256055 0.7038789966224109
3.8426874926894383 0.8340168984162891
