RA_r1_rl
05h05m35s__58
1e-01
45.960392345276595
30.573088726919167
22.99946203756197
8.275408441173528
16.12607213595559
36.666497421578015
14.181948203257686
8.40792293527335
21.990471472779316
22.884838305108286
10.100015898576583
6.75188549415494
7.8437115297581155
18.609998037580098
8.253413846864095
17.477865289963972
16.26389921114752
23.585291615957157
5.847581200475155
17.845364286802077
24.35349837928709
11.726273319277327
58.238810718213124
16.275339896961206
6.641790640041543
11.148926417952737
22.354790420696524
35.445726965038205
33.66494369642133
10.074997168394079
24.127947891890233
34.37122083197464
33.27939963765646
47.74061387916273
34.6856491972067
20.839842907935363
34.28021737047652
19.946779554863213
25.749156714052614
15.730216927782411
15.619241118083362
10.689496677775455
25.613602789810017
27.603405656257646
20.99985140595761
21.316605704470582
32.61860487284586
19.655042196754238
14.459450370074057
10.419130807460826
14.857358405719504
24.6102116735234
38.04623031872239
38.13751408290893
26.984478836137562
21.72806255612329
18.587962817336223
68.73142540520867
23.501374988894494
22.834797502300383
12.45304132328693
30.447151175379116
22.968748224030378
16.308677638323864
51.082293875310626
8.25384359863425
16.315999696194826
17.583767495073904
19.135805121173984
7.707473260005401
9.768967227903362
14.519398552520478
19.857643667707595
38.59066751024178
15.391286199556795
33.27401540985357
35.29071220050931
9.720411668146767
13.094910413140667
59.53888154472542
8.138163213199146
58.539485827881215
61.65580783285578
12.451413450938201
18.979166653361027
21.17907722855741
61.79354456313388
8.437102847998768
20.955588487925816
10.260258078143174
13.523697388838803
12.167602722794062
69.31970352101276
19.95825367493427
15.280529723908689
53.10653859952679
8.500083963446494
38.78525564716398
70.69788417858776
10.95278201521053
