45.960392345276595 3.1206214155452243
30.573088726919167 3.484015086007675
22.99946203756197 3.203844832343625
8.275408441173528 3.017291655668508
16.12607213595559 2.660770361581167
36.666497421578015 3.1979046754283056
14.181948203257686 2.457767891756281
8.40792293527335 3.0775546442245694
21.990471472779316 3.2770780632052086
22.884838305108286 3.045009165213902
10.100015898576583 2.5706837413613512
6.75188549415494 3.2391211146547607
7.8437115297581155 2.7755548110880706
18.609998037580098 2.938391279864405
8.253413846864095 3.0282062287471616
17.477865289963972 3.3900976572503416
16.26389921114752 3.294794726264014
23.585291615957157 3.4195684563654507
5.847581200475155 2.764614725067064
17.845364286802077 2.808410734056785
24.35349837928709 3.1764519175505144
11.726273319277327 3.369684127968964
58.238810718213124 3.4989577022778744
16.275339896961206 2.639731284257149
6.641790640041543 2.887559075688887
11.148926417952737 3.276477331097549
22.354790420696524 3.198316531916094
35.445726965038205 3.277469841118253
33.66494369642133 3.347326005484026
10.074997168394079 3.2901442521109283
24.127947891890233 3.241408139438411
34.37122083197464 3.437778882603764
33.27939963765646 2.8066685420578157
47.74061387916273 3.740546881549133
34.6856491972067 2.964435308843287
20.839842907935363 2.8889047803870134
34.28021737047652 3.5400127334203018
19.946779554863213 3.400228893500974
25.749156714052614 3.3485301224623165
15.730216927782411 3.2128593512140813
15.619241118083362 2.9285986111680318
10.689496677775455 3.0738116473814765
25.613602789810017 3.512343854182648
27.603405656257646 3.2803906207230216
20.99985140595761 3.215962593733318
21.316605704470582 3.3812501654156804
32.61860487284586 3.412748098863019
19.655042196754238 3.262312037576099
14.459450370074057 3.1179676467719966
10.419130807460826 3.04218869408714
14.857358405719504 3.2385456301008144
24.6102116735234 2.977093167691328
38.04623031872239 3.796497291441463
38.13751408290893 3.389644693761945
26.984478836137562 2.8879055081769525
21.72806255612329 3.27418921589727
18.587962817336223 3.455966901109817
68.73142540520867 3.7879137241552865
23.501374988894494 3.3614164318899826
22.834797502300383 3.3894119356844934
12.45304132328693 2.711240682608951
30.447151175379116 2.7041363729633994
22.968748224030378 3.2098051868519644
16.308677638323864 3.2980003587101763
51.082293875310626 3.1824030216739083
8.25384359863425 2.7140707851892745
16.315999696194826 2.8201508475617736
17.583767495073904 3.3159717419079517
19.135805121173984 3.3406083340800174
7.707473260005401 2.7470744126056146
9.768967227903362 3.263152431332396
14.519398552520478 2.9720347180072944
19.857643667707595 3.2512791790918687
38.59066751024178 3.511620008620531
15.391286199556795 3.385376031645491
33.27401540985357 3.2422203506786
35.29071220050931 3.4423215018347904
9.720411668146767 2.614709968989117
13.094910413140667 2.840818923117219
59.53888154472542 3.8885912285642075
8.138163213199146 3.25971519113793
58.539485827881215 3.2228256656165835
61.65580783285578 3.810076013754305
12.451413450938201 2.692440232043284
18.979166653361027 3.4290190389571746
21.17907722855741 3.3274316210440604
61.79354456313388 3.2920672179646804
8.437102847998768 2.79532987136243
20.955588487925816 2.9729277465259845
10.260258078143174 3.3923247765570657
13.523697388838803 2.7158205410573384
12.167602722794062 3.132837371252499
69.31970352101276 3.9141967132291233
19.95825367493427 3.33827796468623
15.280529723908689 2.7653667686489687
53.10653859952679 3.6726912232582927
8.500083963446494 3.0098851403816087
38.78525564716398 3.387793439637102
70.69788417858776 3.7241541959850544
10.95278201521053 3.191823971367876
