RA_r1_rl
14m18s__87
1e-07
0.36078401383281866
0.35840792076778394
0.40061256350649277
0.3694227006680093
0.38255880091179373
0.36059700806430994
0.3609769070516322
0.3572330470336311
0.35804726059600434
0.3671306696463308
0.3605233536610388
0.37443275117434816
0.3596777692487674
0.3673613262287354
0.3627793457133963
0.3736367663007407
0.35787654991788553
0.3703637648904998
0.3590848760299541
0.3572330470336311
0.3742866616986882
0.38096037737642297
0.3588957887334281
0.37266691781975725
0.35739873245858034
0.3585978702614452
0.3572330470336311
0.35942629738619125
0.39707120342471924
0.3591827945019368
0.36070030892320903
0.35756441788352955
0.35797654991788574
0.35994553620173386
0.3574987324585803
0.35773010330847876
0.39080474245781227
0.3575866004242243
0.37050051812731444
0.36073548569539504
0.36027568772075025
0.3732247821960262
0.3580937072054109
0.3586878197551062
0.3585786314459025
0.391800640676242
0.3574280217804615
0.35823010330847893
0.3576280217804615
0.3575866004242243
0.36614000588517603
0.35746944313669893
0.3597283789142085
0.36208695755797127
0.36060117112034407
0.3572330470336311
0.3615011711203442
0.36135888756697176
0.35756944313669914
0.36420447197924344
0.36170117112034417
0.35739873245858034
0.39786906062223815
0.3608576682360898
0.3582886819522417
0.361212440957565
0.40157515727664794
0.3580493421240212
0.3572330470336311
0.35879492653629264
0.3572744683898683
0.3581857382270892
0.3583514236520384
0.3733114308307881
0.35967690705163236
0.4363114413438245
0.4127592193200047
0.3572330470336311
0.36752701165368484
0.35734517906798713
0.39351901729464944
0.36705421944754923
0.3738176754148397
0.3587100022958012
0.3587301033084789
0.3583514236520384
0.36962234353426227
0.35811294602095334
0.35771797127412297
0.35969995178946235
0.3592656372144116
0.3795230578017561
0.5971857443854831
0.5348141609971935
0.4151934472398775
0.3605899012831233
0.3592949265362928
0.35805939263036013
0.4032136349077331
0.3576280217804615
