0.36078401383281866 0.0014466440474422207
0.35840792076778394 0.000783858724516105
0.40061256350649277 0.004647370546879171
0.3694227006680093 0.0027663210225857752
0.38255880091179373 0.003902292467255625
0.36059700806430994 0.001259359360945078
0.3609769070516322 0.0014226883003665976
0.3572330470336311 0.0
0.35804726059600434 0.000565561667725109
0.3671306696463308 0.0026146606854427585
0.3605233536610388 0.0013262905036227908
0.37443275117434816 0.0028681007653149145
0.3596777692487674 0.0011499832607477349
0.3673613262287354 0.0021180513449867056
0.3627793457133963 0.0019022581318002049
0.3736367663007407 0.003293835226601355
0.35787654991788553 0.0005786454009149212
0.3703637648904998 0.0026161401911977133
0.3590848760299541 0.001144385643041712
0.3572330470336311 0.0
0.3742866616986882 0.00309631345312454
0.38096037737642297 0.004015953684991898
0.3588957887334281 0.0007068550063485531
0.37266691781975725 0.003221111376528294
0.35739873245858034 0.0003463408725518889
0.3585978702614452 0.0008966306374421941
0.3572330470336311 0.0
0.35942629738619125 0.0011835482668653597
0.39707120342471924 0.005076754721276181
0.3591827945019368 0.0010134268597190347
0.36070030892320903 0.0015700794565881044
0.35756441788352955 0.0004897019501697008
0.35797654991788574 0.0005430225593840495
0.35994553620173386 0.0012344444094409465
0.3574987324585803 0.0003741269837902465
0.35773010330847876 0.0005996398919351483
0.39080474245781227 0.00427669475179139
0.3575866004242243 0.0002549382278121433
0.37050051812731444 0.002794359765670843
0.36073548569539504 0.0013763760387336065
0.36027568772075025 0.0009790975436594588
0.3732247821960262 0.00292516144853579
0.3580937072054109 0.00046361352439290045
0.3586878197551062 0.00098620560736593
0.3585786314459025 0.0008119162518388169
0.391800640676242 0.004774396454003375
0.3574280217804615 0.00033908479765391007
0.35823010330847893 0.0006322744657188005
0.3576280217804615 0.000308198799478504
0.3575866004242243 0.0002549382278121433
0.36614000588517603 0.0021099361364742765
0.35746944313669893 0.00038073809896042914
0.3597283789142085 0.0012579674081628623
0.36208695755797127 0.0012714067012565226
0.36060117112034407 0.001418817817762378
0.3572330470336311 0.0
0.3615011711203442 0.0014605981651364596
0.36135888756697176 0.0015484267822535262
0.35756944313669914 0.0004061409853733158
0.36420447197924344 0.0017832718525227743
0.36170117112034417 0.0014938550799860105
0.35739873245858034 0.0003463408725518889
0.39786906062223815 0.004574282730658435
0.3608576682360898 0.0013636749979375653
0.3582886819522417 0.0005743283033248524
0.361212440957565 0.0015944738944241117
0.40157515727664794 0.004953722489199412
0.3580493421240212 0.000751061582029061
0.3572330470336311 0.0
0.35879492653629264 0.0010494043548604124
0.3572744683898683 0.00017319642028632774
0.3581857382270892 0.0008297065746394987
0.3583514236520384 0.0008987841787659572
0.3733114308307881 0.0027418504700293207
0.35967690705163236 0.0013264829437275123
0.4363114413438245 0.006807506261473434
0.4127592193200047 0.005225395918014251
0.3572330470336311 0.0
0.36752701165368484 0.00226508311105796
0.35734517906798713 0.00023450906165859955
0.39351901729464944 0.004872216179522415
0.36705421944754923 0.002200891978266994
0.3738176754148397 0.0029363294263416704
0.3587100022958012 0.000926734050307861
0.3587301033084789 0.0005655545950657635
0.3583514236520384 0.0008987841787659572
0.36962234353426227 0.00253822014411674
0.35811294602095334 0.0006477800552656617
0.35771797127412297 0.0005698539286518974
0.35969995178946235 0.0010714410856412081
0.3592656372144116 0.0010710957006729114
0.3795230578017561 0.0031976432727870087
0.5971857443854831 0.00860570415480337
0.5348141609971935 0.008587071998067795
0.4151934472398775 0.005879184764914266
0.3605899012831233 0.0011649871243923637
0.3592949265362928 0.0010401684959659198
0.35805939263036013 0.0005956488059251075
0.4032136349077331 0.004935481587444129
0.3576280217804615 0.000308198799478504
