With Shot Noise
02/11/2024 18:19:54 

VQEr_100_shots_10000_COBYLA_maxIter_10000_tol_1e-07_RA_r1_rl 

Reference value: 3.5723304703e-01 

Number of pauli strings:  4
Qubits:  2
VQE runs:  100
Optimizer:  COBYLA
Max iterations:  10000
Optimizers's tolerance:  1e-07
Ansatz:  RA_r1_rl 

All run converged!!!
Number of iterations for each converged VQE run:
[77, 86, 87, 87, 76, 75, 93, 93, 85, 86, 91, 90, 82, 67, 83, 103, 90, 100, 83, 83, 98, 112, 84, 96, 96, 84, 83, 78, 88, 88, 78, 86, 86, 107, 79, 84, 82, 98, 98, 79, 81, 77, 81, 78, 74, 99, 93, 87, 80, 88, 83, 95, 94, 87, 87, 67, 79, 100, 81, 89, 77, 88, 92, 88, 69, 86, 146, 83, 92, 94, 88, 84, 81, 80, 83, 144, 79, 78, 84, 92, 91, 86, 79, 74, 74, 97, 118, 83, 79, 104, 86, 78, 104, 96, 84, 82, 80, 83, 74, 86] 

Average iterations of converged run:
87 

VQE eigenvalues:
[0.36078401383281866, 0.35840792076778394, 0.40061256350649277, 0.3694227006680093, 0.38255880091179373, 0.36059700806430994, 0.3609769070516322, 0.3572330470336311, 0.35804726059600434, 0.3671306696463308, 0.3605233536610388, 0.37443275117434816, 0.3596777692487674, 0.3673613262287354, 0.3627793457133963, 0.3736367663007407, 0.35787654991788553, 0.3703637648904998, 0.3590848760299541, 0.3572330470336311, 0.3742866616986882, 0.38096037737642297, 0.3588957887334281, 0.37266691781975725, 0.35739873245858034, 0.3585978702614452, 0.3572330470336311, 0.35942629738619125, 0.39707120342471924, 0.3591827945019368, 0.36070030892320903, 0.35756441788352955, 0.35797654991788574, 0.35994553620173386, 0.3574987324585803, 0.35773010330847876, 0.39080474245781227, 0.3575866004242243, 0.37050051812731444, 0.36073548569539504, 0.36027568772075025, 0.3732247821960262, 0.3580937072054109, 0.3586878197551062, 0.3585786314459025, 0.391800640676242, 0.3574280217804615, 0.35823010330847893, 0.3576280217804615, 0.3575866004242243, 0.36614000588517603, 0.35746944313669893, 0.3597283789142085, 0.36208695755797127, 0.36060117112034407, 0.3572330470336311, 0.3615011711203442, 0.36135888756697176, 0.35756944313669914, 0.36420447197924344, 0.36170117112034417, 0.35739873245858034, 0.39786906062223815, 0.3608576682360898, 0.3582886819522417, 0.361212440957565, 0.40157515727664794, 0.3580493421240212, 0.3572330470336311, 0.35879492653629264, 0.3572744683898683, 0.3581857382270892, 0.3583514236520384, 0.3733114308307881, 0.35967690705163236, 0.4363114413438245, 0.4127592193200047, 0.3572330470336311, 0.36752701165368484, 0.35734517906798713, 0.39351901729464944, 0.36705421944754923, 0.3738176754148397, 0.3587100022958012, 0.3587301033084789, 0.3583514236520384, 0.36962234353426227, 0.35811294602095334, 0.35771797127412297, 0.35969995178946235, 0.3592656372144116, 0.3795230578017561, 0.5971857443854831, 0.5348141609971935, 0.4151934472398775, 0.3605899012831233, 0.3592949265362928, 0.35805939263036013, 0.4032136349077331, 0.3576280217804615] 

VQE eigenvalues standard deviation:
[0.0014466440474422207, 0.000783858724516105, 0.004647370546879171, 0.0027663210225857752, 0.003902292467255625, 0.001259359360945078, 0.0014226883003665976, 0.0, 0.000565561667725109, 0.0026146606854427585, 0.0013262905036227908, 0.0028681007653149145, 0.0011499832607477349, 0.0021180513449867056, 0.0019022581318002049, 0.003293835226601355, 0.0005786454009149212, 0.0026161401911977133, 0.001144385643041712, 0.0, 0.00309631345312454, 0.004015953684991898, 0.0007068550063485531, 0.003221111376528294, 0.0003463408725518889, 0.0008966306374421941, 0.0, 0.0011835482668653597, 0.005076754721276181, 0.0010134268597190347, 0.0015700794565881044, 0.0004897019501697008, 0.0005430225593840495, 0.0012344444094409465, 0.0003741269837902465, 0.0005996398919351483, 0.00427669475179139, 0.0002549382278121433, 0.002794359765670843, 0.0013763760387336065, 0.0009790975436594588, 0.00292516144853579, 0.00046361352439290045, 0.00098620560736593, 0.0008119162518388169, 0.004774396454003375, 0.00033908479765391007, 0.0006322744657188005, 0.000308198799478504, 0.0002549382278121433, 0.0021099361364742765, 0.00038073809896042914, 0.0012579674081628623, 0.0012714067012565226, 0.001418817817762378, 0.0, 0.0014605981651364596, 0.0015484267822535262, 0.0004061409853733158, 0.0017832718525227743, 0.0014938550799860105, 0.0003463408725518889, 0.004574282730658435, 0.0013636749979375653, 0.0005743283033248524, 0.0015944738944241117, 0.004953722489199412, 0.000751061582029061, 0.0, 0.0010494043548604124, 0.00017319642028632774, 0.0008297065746394987, 0.0008987841787659572, 0.0027418504700293207, 0.0013264829437275123, 0.006807506261473434, 0.005225395918014251, 0.0, 0.00226508311105796, 0.00023450906165859955, 0.004872216179522415, 0.002200891978266994, 0.0029363294263416704, 0.000926734050307861, 0.0005655545950657635, 0.0008987841787659572, 0.00253822014411674, 0.0006477800552656617, 0.0005698539286518974, 0.0010714410856412081, 0.0010710957006729114, 0.0031976432727870087, 0.00860570415480337, 0.008587071998067795, 0.005879184764914266, 0.0011649871243923637, 0.0010401684959659198, 0.0005956488059251075, 0.004935481587444129, 0.000308198799478504] 

Median VQE eigenvalues:
0.3598369575579712 

Min eigenvalue after 100 VQE steps on Aer qasm simulator: 3.57233e-01
Delta from reference energy value is 4.44089e-16 

Optimizer history of the smallest VQE eigenvalue:
[1.5888124786550668, 1.0693638323233574, 1.0250162740643183, 1.8704004035405326, 0.9379315695409677, 0.8893847045233504, 0.773806050247624, 0.8474288604006347, 0.7722303143163359, 0.8436064686558347, 0.7750214831408792, 0.7635560935752129, 0.7688406606819577, 0.7642351303654, 0.78424970106152, 0.769127875654572, 0.7485805922287441, 0.7241268550147593, 0.7284193298253623, 0.6950659243644103, 0.6509892903422374, 0.5921030496026498, 0.5577239769187128, 0.5248965853014573, 0.45693475656022353, 0.45316772925546456, 0.4332170583155597, 0.3810934726205917, 0.39089778360626726, 0.3695081299718894, 0.3573573111023429, 0.3649973651980565, 0.38957783052323114, 0.3644425924765815, 0.3630325419702427, 0.35809578873342796, 0.3625363478925301, 0.35894431687085193, 0.3572330470336311, 0.3582058392397669, 0.3580522858491735, 0.3572330470336311, 0.3581472605960041, 0.3572330470336311, 0.3572330470336311, 0.35734517906798713, 0.3575866004242243, 0.35745731110234313, 0.35745731110234313, 0.3577815751710549, 0.3574987324585803, 0.3572744683898683, 0.35756944313669914, 0.3573158897461055, 0.3572330470336311, 0.3572330470336311, 0.3572330470336311, 0.3581351285616483, 0.3572330470336311, 0.35734517906798713, 0.3572330470336311, 0.3577401538148175, 0.35734517906798713, 0.35734517906798713, 0.35734517906798713, 0.3576280217804615, 0.3572330470336311, 0.3576987324585803, 0.35734517906798713, 0.3572744683898683, 0.3572330470336311, 0.35734517906798713, 0.3572744683898683, 0.35734517906798713, 0.3572330470336311, 0.35734517906798713, 0.3572744683898683, 0.3576280217804615, 0.3572330470336311, 0.3580937072054109, 0.35756944313669914, 0.35734517906798713, 0.3572744683898683, 0.3572330470336311, 0.3572330470336311, 0.3577401538148175, 0.3574280217804615, 0.3572330470336311, 0.35772299652729234, 0.3575866004242243, 0.3572744683898683, 0.3574987324585803, 0.3572330470336311] 

Optimizer history of the smallest VQE eigenvalue standard deviation:
[0.013093862436271432, 0.011521182100808929, 0.012438490643964807, 0.012747632368404732, 0.011000107749472276, 0.008373785523883449, 0.0013921068565307803, 0.007458642973088336, 0.00110992860130731, 0.007825946939508345, 0.0011543407209312134, 0.002979747220822601, 0.0044984634598938325, 0.002476011712411715, 0.005614695851067981, 0.0019041182998963029, 0.005705468955309458, 0.008142963281263155, 0.00957772441658247, 0.007878049123990025, 0.008113731478179445, 0.008620472289845842, 0.009049800716037896, 0.008675078414631191, 0.007385549539472336, 0.006606954896168129, 0.006192166341434958, 0.003955750497693202, 0.0034862786033247554, 0.002503554772718184, 0.0002999549966245008, 0.001658897676169324, 0.002999363432463629, 0.0013362862717247394, 0.0014186736763611325, 0.0007207856824327238, 0.0009866800393237896, 0.0007995123513742631, 0.0, 0.0005195199707422323, 0.0004300587169213062, 0.0, 0.0005290170129589253, 0.0, 0.0, 0.00023450906165859955, 0.0002549382278121433, 0.0003316293111291344, 0.0003316293111291344, 0.000424211032388352, 0.0003741269837902465, 0.00017319642028632774, 0.0004061409853733158, 0.00024492447815600507, 0.0, 0.0, 0.0, 0.0004948924125504556, 0.0, 0.00023450906165859955, 0.0, 0.0003872596028505665, 0.00023450906165859955, 0.00023450906165859955, 0.00023450906165859955, 0.000308198799478504, 0.0, 0.00034637984929840446, 0.00023450906165859955, 0.00017319642028632774, 0.0, 0.00023450906165859955, 0.00017319642028632774, 0.00023450906165859955, 0.0, 0.00023450906165859955, 0.00017319642028632774, 0.000308198799478504, 0.0, 0.00046361352439290045, 0.0004061409853733158, 0.00023450906165859955, 0.00017319642028632774, 0.0, 0.0, 0.0003872596028505665, 0.00033908479765391007, 0.0, 0.0004999009901970628, 0.0002549382278121433, 0.00017319642028632774, 0.0003741269837902465, 0.0] 

Smallest VQE eingenvalue optimizer final message:
{   'aux_operators_evaluated': None,
    'cost_function_evals': 93,
    'eigenvalue': 0.3572330470336311,
    'optimal_circuit': <qiskit.circuit.library.n_local.real_amplitudes.RealAmplitudes object at 0x000001D3448C62A0>,
    'optimal_parameters': {   ParameterVectorElement(θ[0]): -0.015747207344690255,
                              ParameterVectorElement(θ[1]): -0.43874542211842443,
                              ParameterVectorElement(θ[2]): -1.5881578603926272,
                              ParameterVectorElement(θ[3]): 0.45185492619017364},
    'optimal_point': array([-0.01574721, -0.43874542, -1.58815786,  0.45185493]),
    'optimal_value': 0.3572330470336311,
    'optimizer_evals': None,
    'optimizer_result': <qiskit_algorithms.optimizers.optimizer.OptimizerResult object at 0x000001D343134620>,
    'optimizer_time': 9.13905930519104}
     ┌──────────┐ ░       ░ ┌──────────┐
q_0: ┤ Ry(θ[0]) ├─░───■───░─┤ Ry(θ[2]) ├
     ├──────────┤ ░ ┌─┴─┐ ░ ├──────────┤
q_1: ┤ Ry(θ[1]) ├─░─┤ X ├─░─┤ Ry(θ[3]) ├
     └──────────┘ ░ └───┘ ░ └──────────┘
The number of ansatz parameters is: 
 4
Line for latex table
RA r1 rl & $1\mathrm{e}{-07}$ & 10000 & 100/100 &87 & $3.5723\mathrm{e}{-01}$ & $0\mathrm{e}{+00}$ & $4.4409\mathrm{e}{-16}$ & $3.5984\mathrm{e}{-01}$ & $2.6039\mathrm{e}{-03}$ & - & 00h 14m 18s\\

