RA_r1_rl
02h01m10s__103
1e-04
193.4209918511483
161.1607195918
46.02865191792037
30.362822537242813
77.21337977543438
76.21774200932367
68.32188557617947
62.21887754912821
96.6876285055028
59.81932000668908
241.95317179254687
72.30020612257218
81.46415913951924
21.073117554902588
41.55242865476627
83.18565303966386
80.66939857257421
88.62868128437299
151.81924728895513
30.46227324935097
39.02693648272134
8.541238659125852
105.40173578598603
34.54939958943305
41.966519795282125
76.89107787375517
115.39540959276033
54.22873831225252
33.730266956807284
90.79339939413929
45.23924267693358
106.6870758771189
54.31126365624536
87.28973229976388
35.23847864092343
45.45684504036949
114.77097765150857
42.59256421899118
22.498479673401732
318.67847555477954
47.884229478379794
12.249157605207529
33.935594720496766
94.60809008709197
45.44332211444372
13.374888620321055
92.82945005802958
9.526892821573512
110.43771332458543
64.37374043706676
51.600912968256985
46.43758716534769
30.08439581899323
22.622752898082034
165.08782559404355
44.50172294183747
82.27088148126086
52.029285042971615
48.10676848185196
91.27935944643164
91.89778616879906
36.52525291020096
22.48169730287631
49.89704885061231
62.2563318350775
179.45523854867497
67.62359617087799
65.49168963871065
84.96997756364655
158.0235219557798
83.44301436338444
65.20823172846366
31.65637852952358
44.11238661463972
50.82052734061735
53.8203805391113
91.19937541697591
109.36607955069252
38.7857346409988
141.91472957081555
180.32857732282145
38.82305315456469
64.99756912553748
20.47961167369826
62.21640174420709
14.535382403704304
82.69968500694132
55.20040163761717
30.24247898161935
41.805865404742875
275.6598556977449
-10.585475589003213
83.96244210593576
12.560303269162432
70.55330387822949
29.91158629340333
-4.374094886982566
47.59816405732809
82.160440791035
45.605500185603745
