193.4209918511483 16.65539829379605
161.1607195918 15.256641048494485
46.02865191792037 16.27023194001179
30.362822537242813 15.662715406487134
77.21337977543438 12.078131180357556
76.21774200932367 16.007552528858092
68.32188557617947 15.952109077957452
62.21887754912821 15.790956996377261
96.6876285055028 16.27220017759603
59.81932000668908 15.648870890920284
241.95317179254687 17.010335020489613
72.30020612257218 15.477789965187377
81.46415913951924 16.317023104565113
21.073117554902588 17.031132244209374
41.55242865476627 16.54806502663315
83.18565303966386 17.328641944696308
80.66939857257421 16.003312939619533
88.62868128437299 15.698634888891386
151.81924728895513 16.890706278433356
30.46227324935097 12.791083767303578
39.02693648272134 13.906266103587612
8.541238659125852 14.306753454937747
105.40173578598603 17.022682383797388
34.54939958943305 15.472811653423475
41.966519795282125 12.711899650678596
76.89107787375517 16.141607481519763
115.39540959276033 13.745519764459502
54.22873831225252 15.815900023696292
33.730266956807284 15.607778337441314
90.79339939413929 16.400015093495416
45.23924267693358 16.02459483607901
106.6870758771189 15.408733492629821
54.31126365624536 16.778525521182207
87.28973229976388 17.70407400649051
35.23847864092343 16.27456368599629
45.45684504036949 14.519781731262905
114.77097765150857 14.84202919705992
42.59256421899118 11.03779295776983
22.498479673401732 15.812668045990995
318.67847555477954 16.786679804634197
47.884229478379794 17.263590667124596
12.249157605207529 13.903493979939345
33.935594720496766 14.644745036808985
94.60809008709197 16.509074249308174
45.44332211444372 13.220955673166452
13.374888620321055 15.837362941459372
92.82945005802958 15.19737025133654
9.526892821573512 15.291384447390996
110.43771332458543 16.789523402060404
64.37374043706676 14.112356024090678
51.600912968256985 14.452494057100758
46.43758716534769 13.974359706936525
30.08439581899323 13.595677039941824
22.622752898082034 13.911764413404402
165.08782559404355 17.738502469892634
44.50172294183747 17.06561721883433
82.27088148126086 16.424650627568123
52.029285042971615 15.576632940523147
48.10676848185196 15.157863327773205
91.27935944643164 15.893663656699793
91.89778616879906 14.100215156455834
36.52525291020096 16.46527087354496
22.48169730287631 13.762739740645014
49.89704885061231 16.125543977462033
62.2563318350775 16.18485940769051
179.45523854867497 15.259244036255145
67.62359617087799 17.793475223007096
65.49168963871065 15.554762689074328
84.96997756364655 13.589509274015576
158.0235219557798 16.512411527751585
83.44301436338444 15.945506445515429
65.20823172846366 15.682991553927508
31.65637852952358 15.434921755577069
44.11238661463972 15.211486034413179
50.82052734061735 16.223196020098325
53.8203805391113 14.914948781240303
91.19937541697591 17.060380907185582
109.36607955069252 15.917721482609327
38.7857346409988 14.477958490837347
141.91472957081555 17.061333055153575
180.32857732282145 16.66513358456321
38.82305315456469 15.923758274195235
64.99756912553748 14.901726107782688
20.47961167369826 11.992087743595118
62.21640174420709 16.16596635927628
14.535382403704304 15.01906941420511
82.69968500694132 14.165677376058937
55.20040163761717 13.602868108851968
30.24247898161935 16.186568250814425
41.805865404742875 14.683353389716423
275.6598556977449 17.86368894097255
-10.585475589003213 14.368015976943568
83.96244210593576 14.551853974120501
12.560303269162432 12.651180937275228
70.55330387822949 15.6498609162839
29.91158629340333 13.168292600192519
-4.374094886982566 14.849200432153552
47.59816405732809 15.89257505225507
82.160440791035 13.47610129130706
45.605500185603745 13.74916617435538
