With Shot Noise
02/11/2024 06:50:02 

VQEr_100_shots_10000_COBYLA_maxIter_10000_tol_1e-04_RA_r1_rl 

Reference value: -1.1669756808e-03 

Number of pauli strings:  102
Qubits:  5
VQE runs:  100
Optimizer:  COBYLA
Max iterations:  10000
Optimizers's tolerance:  1e-04
Ansatz:  RA_r1_rl 

All run converged!!!
Number of iterations for each converged VQE run:
[103, 103, 112, 103, 97, 98, 79, 123, 110, 94, 95, 95, 114, 109, 95, 109, 94, 105, 103, 102, 88, 106, 117, 103, 100, 100, 98, 85, 85, 98, 106, 88, 100, 99, 102, 107, 102, 111, 108, 91, 124, 119, 103, 94, 106, 103, 115, 95, 95, 110, 107, 95, 109, 104, 93, 98, 95, 96, 101, 96, 105, 135, 112, 90, 104, 94, 104, 101, 108, 98, 98, 102, 111, 95, 111, 105, 102, 100, 100, 101, 102, 91, 90, 108, 109, 113, 104, 112, 100, 118, 90, 129, 108, 100, 102, 94, 112, 100, 92, 114] 

Average iterations of converged run:
103 

VQE eigenvalues:
[193.4209918511483, 161.1607195918, 46.02865191792037, 30.362822537242813, 77.21337977543438, 76.21774200932367, 68.32188557617947, 62.21887754912821, 96.6876285055028, 59.81932000668908, 241.95317179254687, 72.30020612257218, 81.46415913951924, 21.073117554902588, 41.55242865476627, 83.18565303966386, 80.66939857257421, 88.62868128437299, 151.81924728895513, 30.46227324935097, 39.02693648272134, 8.541238659125852, 105.40173578598603, 34.54939958943305, 41.966519795282125, 76.89107787375517, 115.39540959276033, 54.22873831225252, 33.730266956807284, 90.79339939413929, 45.23924267693358, 106.6870758771189, 54.31126365624536, 87.28973229976388, 35.23847864092343, 45.45684504036949, 114.77097765150857, 42.59256421899118, 22.498479673401732, 318.67847555477954, 47.884229478379794, 12.249157605207529, 33.935594720496766, 94.60809008709197, 45.44332211444372, 13.374888620321055, 92.82945005802958, 9.526892821573512, 110.43771332458543, 64.37374043706676, 51.600912968256985, 46.43758716534769, 30.08439581899323, 22.622752898082034, 165.08782559404355, 44.50172294183747, 82.27088148126086, 52.029285042971615, 48.10676848185196, 91.27935944643164, 91.89778616879906, 36.52525291020096, 22.48169730287631, 49.89704885061231, 62.2563318350775, 179.45523854867497, 67.62359617087799, 65.49168963871065, 84.96997756364655, 158.0235219557798, 83.44301436338444, 65.20823172846366, 31.65637852952358, 44.11238661463972, 50.82052734061735, 53.8203805391113, 91.19937541697591, 109.36607955069252, 38.7857346409988, 141.91472957081555, 180.32857732282145, 38.82305315456469, 64.99756912553748, 20.47961167369826, 62.21640174420709, 14.535382403704304, 82.69968500694132, 55.20040163761717, 30.24247898161935, 41.805865404742875, 275.6598556977449, -10.585475589003213, 83.96244210593576, 12.560303269162432, 70.55330387822949, 29.91158629340333, -4.374094886982566, 47.59816405732809, 82.160440791035, 45.605500185603745] 

VQE eigenvalues standard deviation:
[16.65539829379605, 15.256641048494485, 16.27023194001179, 15.662715406487134, 12.078131180357556, 16.007552528858092, 15.952109077957452, 15.790956996377261, 16.27220017759603, 15.648870890920284, 17.010335020489613, 15.477789965187377, 16.317023104565113, 17.031132244209374, 16.54806502663315, 17.328641944696308, 16.003312939619533, 15.698634888891386, 16.890706278433356, 12.791083767303578, 13.906266103587612, 14.306753454937747, 17.022682383797388, 15.472811653423475, 12.711899650678596, 16.141607481519763, 13.745519764459502, 15.815900023696292, 15.607778337441314, 16.400015093495416, 16.02459483607901, 15.408733492629821, 16.778525521182207, 17.70407400649051, 16.27456368599629, 14.519781731262905, 14.84202919705992, 11.03779295776983, 15.812668045990995, 16.786679804634197, 17.263590667124596, 13.903493979939345, 14.644745036808985, 16.509074249308174, 13.220955673166452, 15.837362941459372, 15.19737025133654, 15.291384447390996, 16.789523402060404, 14.112356024090678, 14.452494057100758, 13.974359706936525, 13.595677039941824, 13.911764413404402, 17.738502469892634, 17.06561721883433, 16.424650627568123, 15.576632940523147, 15.157863327773205, 15.893663656699793, 14.100215156455834, 16.46527087354496, 13.762739740645014, 16.125543977462033, 16.18485940769051, 15.259244036255145, 17.793475223007096, 15.554762689074328, 13.589509274015576, 16.512411527751585, 15.945506445515429, 15.682991553927508, 15.434921755577069, 15.211486034413179, 16.223196020098325, 14.914948781240303, 17.060380907185582, 15.917721482609327, 14.477958490837347, 17.061333055153575, 16.66513358456321, 15.923758274195235, 14.901726107782688, 11.992087743595118, 16.16596635927628, 15.01906941420511, 14.165677376058937, 13.602868108851968, 16.186568250814425, 14.683353389716423, 17.86368894097255, 14.368015976943568, 14.551853974120501, 12.651180937275228, 15.6498609162839, 13.168292600192519, 14.849200432153552, 15.89257505225507, 13.47610129130706, 13.74916617435538] 

Median VQE eigenvalues:
57.50986082215313 

Min eigenvalue after 100 VQE steps on Aer qasm simulator: -1.05855e+01
Delta from reference energy value is -1.05843e+01 

Optimizer history of the smallest VQE eigenvalue:
[1748.758315418593, 1132.3471696061858, 824.5443408681182, 861.3508833012429, 1206.572622141492, 907.6388531483435, 929.0158651091821, 1355.0947199956606, 1339.0283891546144, 487.9173955941451, 483.30598543812937, 212.29739570405192, 475.8937748565317, 218.74640287085495, 264.6297697475284, 380.64180560502064, 275.06073232022567, 234.05283133802553, 155.73211010170934, 119.47869334641572, 23.51031486789744, 19.401567204420257, 39.72561721458045, 44.26370207892843, 44.76665552868003, 61.64759005092708, 66.93921262832112, 20.421471721739852, 40.80532505108646, 29.841553987497946, 18.759287983243528, 47.44884365406617, 55.47353426716876, 71.6014354498079, 24.71459455290363, 29.996957911210032, 14.357846535183956, 37.79098715896773, 19.604632019234025, 21.15049180119398, 35.64428694111423, 13.33794776669269, 22.908959380827962, 19.818734004869594, 8.055743415193698, 23.163302937687593, 1.8055476939566741, 32.17240517550346, 13.440780734508568, 5.509268506549393, 30.038894900355647, 15.742706949242631, 25.280402656911846, 16.012817082055427, 25.101513334783522, 31.218052115455908, 12.77548218022907, 36.07522441803782, 11.940597639589459, 14.554044394271688, 12.473289473386231, 13.243275907336367, 8.579757615079252, -2.2390741209936067, 19.852826064753266, 10.110716780088682, 19.490880619515444, 37.059352368073064, 11.734316867443615, 33.513263940926194, 35.76426331602513, 1.5299193051326263, 21.393480849523634, 73.02546017392172, 35.84681469462812, 17.08072249618636, 7.2749407000186945, 14.559189167716774, -17.122061831128956, -14.398358089759773, 31.03458450844915, 37.157750394176816, 21.64107732958133, 20.979459342381944, 7.016388490061402, 53.364160742392905, 28.722696098741984, 13.87846179905652, 9.103996923024683, 4.208462284464655, 19.415882958314782, 24.290224719943883, 22.753387617642097, 20.508059826896613, 10.204595946899946, 7.159996467954812, 18.667357499605025, 19.688285603780646, 22.972909262317305, 17.293168837178722, 5.267822321319645, 40.86834389381911, 20.077190784847932, -2.767779768349749, 26.20829897187742, 20.788483046623487, 17.666961081398824, 3.0409296060660242, 2.2634482890073375, 21.43252655916449, 11.047505886548873, 12.380007876805225, 23.513249364472873, 21.367900801655132, 4.006327807026036, 25.71735739200225, 22.99769180777546, 21.838587692097985, 14.68120732813963, 32.06999320210398, 31.20804440998645, 47.8555195619289, 15.50269430504675, 38.3495756326362, 45.08460478484797, 19.602827762421875, 28.597570762904393, 6.891772474669224, -10.585475589003213] 

Optimizer history of the smallest VQE eigenvalue standard deviation:
[17.165717188275785, 18.367156775382426, 18.417927343818576, 18.522836383987336, 16.55441871512164, 18.18854057287855, 18.355705750823745, 18.489920806090883, 18.422287098778945, 18.45925933583944, 18.46397122872939, 17.288019264007552, 17.546214040064402, 17.657914391330713, 17.31961857607808, 17.71233609892247, 17.46771283796702, 17.393540224370437, 16.854237508342177, 16.22224336040646, 14.39481457545803, 14.828647465595699, 15.721792360846006, 15.192926705255054, 14.896165015294665, 15.171079557648252, 15.755318547119797, 14.17996447286836, 14.850014120676144, 14.767410714117633, 14.687958628347891, 14.505893994571077, 14.730096563055632, 14.821143148690366, 14.522656409751932, 14.700073830156631, 14.40332380222138, 14.298101355464894, 14.702861849672937, 14.411843883666416, 14.294705688179544, 14.2725991014533, 14.403236058982898, 14.58533603171025, 14.307692863323906, 14.195612290580497, 14.32520525760541, 14.36561435118043, 14.351256073766798, 14.501393429492746, 14.271076182669997, 14.357223536317338, 14.343308230818892, 14.231630099003848, 14.186012989004945, 14.646648237965506, 14.295610614713882, 14.18900791840126, 14.40861049726613, 14.295541618259518, 14.238111767122817, 14.37054603745638, 14.336748367571309, 14.37913474755643, 14.353174879737896, 14.366015452028572, 14.390251589400803, 14.453084100157092, 14.387065550006254, 14.384233383883993, 14.405012812955832, 14.3992937166358, 14.379817951094076, 14.461107249495228, 14.359645804369286, 14.398982210300847, 14.343247252555239, 14.341107339860331, 14.417676750873508, 14.41413982354562, 14.370714898112002, 14.382670527190491, 14.340735464097675, 14.365754851311399, 14.366303297088532, 14.365780932218835, 14.37003603764286, 14.3387795046139, 14.375210857881978, 14.36670702762693, 14.330210864710278, 14.394048359519035, 14.373974914322007, 14.33493158725991, 14.360303120111526, 14.384456992582681, 14.371555459306025, 14.3851123504222, 14.35895386033625, 14.381976076317088, 14.359279347864671, 14.337802409312568, 14.39087251393629, 14.382080786118042, 14.401129772496875, 14.39164851712985, 14.371231138733778, 14.381452951761242, 14.422715383255829, 14.349426713130343, 14.3536834394816, 14.30116492694753, 14.364520313737845, 14.345227045936033, 14.332104085248583, 14.394911159758129, 14.43713935154716, 14.3341364812088, 14.416313833965347, 14.400909087803988, 14.340911588133947, 14.358282684042196, 14.363146492443267, 14.316890747072163, 14.393483512053466, 14.410954846801094, 14.38903898277315, 14.393735456685189, 14.368015976943568] 

Smallest VQE eingenvalue optimizer final message:
{   'aux_operators_evaluated': None,
    'cost_function_evals': 129,
    'eigenvalue': -10.585475589003213,
    'optimal_circuit': <qiskit.circuit.library.n_local.real_amplitudes.RealAmplitudes object at 0x000001820DA7DF70>,
    'optimal_parameters': {   ParameterVectorElement(θ[0]): 2.800900694730885,
                              ParameterVectorElement(θ[9]): 2.765436388454908,
                              ParameterVectorElement(θ[8]): 0.6676933194261924,
                              ParameterVectorElement(θ[7]): -2.983177007476852,
                              ParameterVectorElement(θ[6]): 0.33692550671451904,
                              ParameterVectorElement(θ[5]): 0.26336017036339016,
                              ParameterVectorElement(θ[4]): 1.695835419140523,
                              ParameterVectorElement(θ[3]): -2.1407933302405873,
                              ParameterVectorElement(θ[2]): 2.7652750477199963,
                              ParameterVectorElement(θ[1]): 1.0410011996599071},
    'optimal_point': array([ 2.80090069,  1.0410012 ,  2.76527505, -2.14079333,  1.69583542,
        0.26336017,  0.33692551, -2.98317701,  0.66769332,  2.76543639]),
    'optimal_value': -10.585475589003213,
    'optimizer_evals': None,
    'optimizer_result': <qiskit_algorithms.optimizers.optimizer.OptimizerResult object at 0x000001820D9A3260>,
    'optimizer_time': 90.71768927574158}
     ┌──────────┐ ░                      ░ ┌──────────┐
q_0: ┤ Ry(θ[0]) ├─░──────────────────■───░─┤ Ry(θ[5]) ├
     ├──────────┤ ░                ┌─┴─┐ ░ ├──────────┤
q_1: ┤ Ry(θ[1]) ├─░─────────────■──┤ X ├─░─┤ Ry(θ[6]) ├
     ├──────────┤ ░           ┌─┴─┐└───┘ ░ ├──────────┤
q_2: ┤ Ry(θ[2]) ├─░────────■──┤ X ├──────░─┤ Ry(θ[7]) ├
     ├──────────┤ ░      ┌─┴─┐└───┘      ░ ├──────────┤
q_3: ┤ Ry(θ[3]) ├─░───■──┤ X ├───────────░─┤ Ry(θ[8]) ├
     ├──────────┤ ░ ┌─┴─┐└───┘           ░ ├──────────┤
q_4: ┤ Ry(θ[4]) ├─░─┤ X ├────────────────░─┤ Ry(θ[9]) ├
     └──────────┘ ░ └───┘                ░ └──────────┘
The number of ansatz parameters is: 
 10
Line for latex table
RA r1 rl & $1\mathrm{e}{-04}$ & 10000 & 100/100 &103 & $-1.0585\mathrm{e}{+01}$ & $1.4368\mathrm{e}{+01}$ & $-1.0584\mathrm{e}{+01}$ & $5.751\mathrm{e}{+01}$ & $5.7511\mathrm{e}{+01}$ & - & 02h 01m 10s\\

