3.252272062770345e-08
6.100024652067049e-09
1.0551934437330601e-08
5.491630317155938e-09
1.7434465648946684e-07
7.121624401307258e-09
8.549055463547006e-09
1.174795460912037e-08
2.7266098268086125e-09
7.442923499745291e-09
4.247911133958837e-09
4.606472758794666e-09
3.7653625178935e-07
4.337875408877423e-08
4.554850108196007e-09
1.0993412949966697e-06
2.290531314619315e-08
6.666174390268509e-09
3.248751656581561e-09
7.722207207017107e-09
4.836639144745192e-09
3.7559192977987266e-09
5.039924588778888e-09
4.529711883360932e-09
2.6781066198022785e-08
9.900860575839943e-09
9.568484671262922e-09
3.0016187868575628e-09
5.1296734082662e-09
4.5630687561803995e-09
1.4654318764018015e-07
5.092498034375836e-09
2.314782976409191e-09
2.5722481922230145e-08
4.0095238901249886e-07
1.3587278256954605e-06
1.1157636814473904e-08
3.2625391832574735e-09
6.401840169090178e-10
3.952240978932764e-09
4.509214335257639e-09
5.056090268684699e-09
2.9385478605981064e-08
6.9820857984126405e-09
6.675521579957433e-09
1.35553131497268e-08
1.2222692746810537e-08
7.338036511761459e-08
1.9070117818209553e-08
8.100762116658444e-09
2.9563387737852054e-08
1.4012539406582647e-08
4.503020845092465e-09
4.96744617661804e-09
4.400626363310067e-09
9.302329739835358e-09
4.57772586504035e-09
8.009735097402881e-09
1.294185270062087e-08
1.5813160780808744e-09
5.6852756391556625e-08
5.565896671333448e-08
1.2415194428072596e-09
3.6708507900051757e-09
5.0063684309265e-09
1.1326415028101167e-08
1.2691034334544327e-09
6.202754865292093e-09
5.301791655698551e-08
3.0362377018144926e-07
3.2909793779012375e-09
1.3283902311478357e-08
4.883704496361219e-09
1.5398623542939305e-08
5.91426674301232e-09
2.809104004963814e-08
3.3025917339779554e-07
4.382439133809868e-09
1.8487747388551412e-08
2.433362344955725e-09
4.0189129801859735e-09
7.131696566631263e-08
1.1082895883252064e-06
1.3653133679181195e-08
9.617282070717437e-08
3.690847905080119e-08
9.607062423366841e-09
1.481387790214228e-09
5.651094925340772e-09
7.663145062952736e-09
1.8190965567210782e-07
5.895886778795045e-09
3.492712524755248e-08
3.33746202896279e-09
1.3189710934558008e-08
2.0558897362299433e-09
1.290118287755604e-07
1.6012717823921108e-07
5.157797827726185e-08
8.53479437123994e-09
