RA_r1_rl
06m32s__1257
1e-06
-0.16478526063740018
-0.16478526045773267
-0.16478526063284415
-0.16478526064380028
-0.16478526063719523
-0.16478525957921375
-0.16478526057471632
-0.16478526067966914
-0.16478526051950004
-0.16478526063069832
-0.16478526063506305
-0.16478526061743193
-0.1647852606574235
-0.16478525958987844
-0.16478526046801933
-0.16478525967593805
-0.16478525989998993
-0.16478526059973664
-0.16478526062111176
-0.16478526067012322
-0.16478526057916387
-0.1647852556860686
-0.16478526067737764
-0.16478525739153915
-0.1647852606731517
-0.1647852606086142
-0.16478526061802778
-0.16478526066741928
-0.16478526063225685
-0.16478526063183474
-0.16478526065963017
-0.16478526064718624
-0.16478526063109689
-0.16478526067328292
-0.16478526034773133
-0.1647852606434338
-0.16478526066804233
-0.16478526031119567
-0.16478525770030583
-0.16478526064504406
-0.1647852606554987
-0.16478526064717136
-0.16478526066120514
-0.16478526065412435
-0.16478526061483856
-0.1647852606238318
-0.16478525922890552
-0.16478526066303467
-0.16478526065874433
-0.1647852606528155
-0.1647852606211201
-0.16478526067314325
-0.16478526064239385
-0.1647852606726834
-0.16478526062437182
-0.16478526036098284
-0.16478526013409778
-0.16478526037862296
-0.16478526063833066
-0.16478526060534981
-0.16478526064713717
-0.16478526032662977
-0.16478526063496413
-0.16478526063113175
-0.16478526064331367
-0.16478526067707155
-0.1647852606013559
-0.1647852606676281
-0.1647852605301371
-0.16478526066682697
-0.1647852604774812
-0.16478526067391497
-0.164785260598157
-0.16478526025114992
-0.16478526065088184
-0.1647852606164678
-0.1647852606684701
-0.16478526064754695
-0.16478526057918486
-0.1647852606580421
-0.16478525990717308
-0.16478526065857813
-0.1647852605612944
-0.1647852606591813
-0.164785260650681
-0.16478526064724464
-0.16478526064194887
-0.16478526066638666
-0.16478526004025595
-0.16478526065551624
-0.1647852606449821
-0.16478526067582344
-0.16478526059999188
-0.16478526066363286
-0.16478526063998844
-0.16478526002259908
-0.16478526048109876
