RA_r1_rl
12m02s__130
1e-08
0.0009000000000001229
0.0030000000000001137
0.0007999999999999119
0.002000000000000224
0.015700000000000047
0.0008999999999999009
0.00019999999999997797
0.000500000000000167
0.0
0.0013000000000000789
0.0021999999999999797
0.0013000000000000789
0.000300000000000189
0.000700000000000145
0.0014000000000000679
0.0008000000000001339
0.02010000000000023
0.009500000000000064
0.00019999999999997797
0.007400000000000073
0.0017000000000000348
0.0014000000000000679
0.0009000000000001229
0.00019999999999997797
0.0038000000000000256
0.000500000000000167
0.0013000000000000789
0.0031000000000001027
0.0014000000000000679
0.000300000000000189
0.0043999999999999595
0.0005999999999999339
0.005700000000000038
0.0009999999999998899
0.0
0.001000000000000112
0.0007999999999999119
0.0004999999999999449
0.01880000000000015
0.004100000000000215
0.00039999999999995595
0.0041999999999999815
9.999999999998899e-05
0.0013000000000000789
0.0017000000000000348
0.0
0.0016000000000000458
0.0022999999999999687
0.008000000000000007
0.0022999999999999687
0.0024000000000001798
0.007000000000000117
0.0017000000000000348
0.0026999999999999247
0.010800000000000143
9.999999999998899e-05
0.1904999999999999
0.00029999999999996696
0.001000000000000112
9.999999999998899e-05
0.00039999999999995595
0.011600000000000055
0.01200000000000001
0.000500000000000167
0.0040000000000000036
0.0026000000000001577
9.999999999998899e-05
0.018100000000000005
0.0012000000000000899
0.000700000000000145
0.001100000000000101
0.011099999999999888
0.0039000000000000146
0.008299999999999974
0.0023999999999999577
0.3651
0.0
0.0012000000000000899
0.001000000000000112
0.0005999999999999339
0.48119999999999985
0.010699999999999932
0.0047000000000001485
0.0022999999999999687
0.005900000000000016
0.0041999999999999815
0.0020999999999999908
0.001000000000000112
0.008799999999999919
0.0030000000000001137
0.0031000000000001027
0.0047999999999999154
0.0019000000000000128
0.009200000000000097
0.0121
0.0021999999999999797
0.0026000000000001577
0.001000000000000112
0.006900000000000128
0.0019000000000000128
