0.0009000000000001229 0.00029994166099426764
0.0030000000000001137 0.0005474267074230084
0.0007999999999999119 0.0002827543103119704
0.002000000000000224 0.0004470615170197493
0.015700000000000047 0.0012457732538467819
0.0008999999999999009 0.0002999316588824778
0.00019999999999997797 0.00014140721339449809
0.000500000000000167 0.00022358219964925714
0.0 0.0
0.0013000000000000789 0.0003604649774943398
0.0021999999999999797 0.0004688005972692445
0.0013000000000000789 0.00036047329998212084
0.000300000000000189 0.00017317909804592883
0.000700000000000145 0.0002645430021754416
0.0014000000000000679 0.0003739705870787134
0.0008000000000001339 0.000282782602010804
0.02010000000000023 0.001412833677401557
0.009500000000000064 0.0009722977938882711
0.00019999999999997797 0.0001414072133944981
0.007400000000000073 0.0008584555899986919
0.0017000000000000348 0.00041219291599928817
0.0014000000000000679 0.0003739919785236045
0.0009000000000001229 0.000299944994957412
0.00019999999999997797 0.00014141428499270803
0.0038000000000000256 0.0006158619975286678
0.000500000000000167 0.00022357772697654513
0.0013000000000000789 0.0003604649774943398
0.0031000000000001027 0.000556380265645724
0.0014000000000000679 0.0003740213897626635
0.000300000000000189 0.00017317909804592886
0.0043999999999999595 0.0006621057317377662
0.0005999999999999339 0.0002448754785600193
0.005700000000000038 0.0007539383263901601
0.0009999999999998899 0.0003161423729903905
0.0 0.0
0.001000000000000112 0.00031616135121168747
0.0007999999999999119 0.0002827719929554474
0.0004999999999999449 0.00022357772697654513
0.01880000000000015 0.0013596139157863892
0.004100000000000215 0.0006398742063874789
0.00039999999999995595 0.00019995999599920286
0.0041999999999999815 0.0006474658292141794
9.999999999998899e-05 9.999499987499087e-05
0.0013000000000000789 0.00036042891116002757
0.0017000000000000348 0.00041203276568738595
0.0 0.0
0.0016000000000000458 0.0003998174583481794
0.0022999999999999687 0.00047918994146372044
0.008000000000000007 0.0008932110612839476
0.0022999999999999687 0.0004792942728637636
0.0024000000000001798 0.0004895160875803788
0.007000000000000117 0.0008353119177888026
0.0017000000000000348 0.0004121880638737594
0.0026999999999999247 0.0005192022727222948
0.010800000000000143 0.0010364429554973124
9.999999999998899e-05 9.999499987499087e-05
0.1904999999999999 0.0041503396246572385
0.00029999999999996696 0.00017319064639869137
0.001000000000000112 0.00031616767703229547
9.999999999998899e-05 9.999499987499087e-05
0.00039999999999995595 0.0001999799989998856
0.011600000000000055 0.0010748581301734668
0.01200000000000001 0.0010913230502468103
0.000500000000000167 0.00022358219964925714
0.0040000000000000036 0.0006319636065470861
0.0026000000000001577 0.0005093348603816557
9.999999999998899e-05 9.999499987499086e-05
0.018100000000000005 0.0013408859011862265
0.0012000000000000899 0.00034633221045694807
0.000700000000000145 0.0002645392220446758
0.001100000000000101 0.0003315825689025271
0.011099999999999888 0.0010503613663877783
0.0039000000000000146 0.0006232808355789569
0.008299999999999974 0.0009094916162340347
0.0023999999999999577 0.0004896263881777613
0.3651 0.005326987047102705
0.0 0.0
0.0012000000000000899 0.00034633798521098143
0.001000000000000112 0.00031609808604292686
0.0005999999999999339 0.0002448754785600193
0.48119999999999985 0.005355312689283419
0.010699999999999932 0.0010305488828774689
0.0047000000000001485 0.0006847736852420682
0.0022999999999999687 0.0004792608892868223
0.005900000000000016 0.0007659210142044687
0.0041999999999999815 0.0006469976816032623
0.0020999999999999908 0.00045801200857619546
0.001000000000000112 0.00031615502526450423
0.008799999999999919 0.0009358247699222352
0.0030000000000001137 0.0005474139201737571
0.0031000000000001027 0.0005564575455504221
0.0047999999999999154 0.0006919349680425185
0.0019000000000000128 0.0004357418960806988
0.009200000000000097 0.0009575750623319315
0.0121 0.0010976688936104554
0.0021999999999999797 0.000468838991552541
0.0026000000000001577 0.0005095507825526365
0.001000000000000112 0.00031617083989514215
0.006900000000000128 0.0008296836746616142
0.0019000000000000128 0.0004356684519218685
