With Shot Noise
01/11/2024 18:44:47 

VQEr_100_shots_10000_COBYLA_maxIter_10000_tol_1e-08_RA_r1_rl 

Reference value: 0.0000000000e+00 

Number of pauli strings:  4
Qubits:  3
VQE runs:  100
Optimizer:  COBYLA
Max iterations:  10000
Optimizers's tolerance:  1e-08
Ansatz:  RA_r1_rl 

All run converged!!!
Number of iterations for each converged VQE run:
[127, 142, 132, 129, 132, 123, 126, 134, 138, 131, 136, 112, 120, 122, 120, 128, 156, 132, 131, 139, 142, 138, 116, 128, 126, 141, 132, 118, 125, 133, 120, 128, 154, 111, 125, 141, 115, 131, 145, 115, 126, 116, 165, 117, 120, 116, 142, 122, 120, 162, 125, 119, 125, 134, 139, 138, 139, 154, 127, 133, 124, 135, 145, 137, 121, 125, 137, 120, 117, 138, 138, 115, 134, 114, 134, 126, 136, 122, 138, 130, 127, 122, 153, 116, 123, 150, 124, 126, 125, 131, 114, 126, 136, 122, 128, 148, 145, 120, 119, 131] 

Average iterations of converged run:
130 

VQE eigenvalues:
[0.0009000000000001229, 0.0030000000000001137, 0.0007999999999999119, 0.002000000000000224, 0.015700000000000047, 0.0008999999999999009, 0.00019999999999997797, 0.000500000000000167, 0.0, 0.0013000000000000789, 0.0021999999999999797, 0.0013000000000000789, 0.000300000000000189, 0.000700000000000145, 0.0014000000000000679, 0.0008000000000001339, 0.02010000000000023, 0.009500000000000064, 0.00019999999999997797, 0.007400000000000073, 0.0017000000000000348, 0.0014000000000000679, 0.0009000000000001229, 0.00019999999999997797, 0.0038000000000000256, 0.000500000000000167, 0.0013000000000000789, 0.0031000000000001027, 0.0014000000000000679, 0.000300000000000189, 0.0043999999999999595, 0.0005999999999999339, 0.005700000000000038, 0.0009999999999998899, 0.0, 0.001000000000000112, 0.0007999999999999119, 0.0004999999999999449, 0.01880000000000015, 0.004100000000000215, 0.00039999999999995595, 0.0041999999999999815, 9.999999999998899e-05, 0.0013000000000000789, 0.0017000000000000348, 0.0, 0.0016000000000000458, 0.0022999999999999687, 0.008000000000000007, 0.0022999999999999687, 0.0024000000000001798, 0.007000000000000117, 0.0017000000000000348, 0.0026999999999999247, 0.010800000000000143, 9.999999999998899e-05, 0.1904999999999999, 0.00029999999999996696, 0.001000000000000112, 9.999999999998899e-05, 0.00039999999999995595, 0.011600000000000055, 0.01200000000000001, 0.000500000000000167, 0.0040000000000000036, 0.0026000000000001577, 9.999999999998899e-05, 0.018100000000000005, 0.0012000000000000899, 0.000700000000000145, 0.001100000000000101, 0.011099999999999888, 0.0039000000000000146, 0.008299999999999974, 0.0023999999999999577, 0.3651, 0.0, 0.0012000000000000899, 0.001000000000000112, 0.0005999999999999339, 0.48119999999999985, 0.010699999999999932, 0.0047000000000001485, 0.0022999999999999687, 0.005900000000000016, 0.0041999999999999815, 0.0020999999999999908, 0.001000000000000112, 0.008799999999999919, 0.0030000000000001137, 0.0031000000000001027, 0.0047999999999999154, 0.0019000000000000128, 0.009200000000000097, 0.0121, 0.0021999999999999797, 0.0026000000000001577, 0.001000000000000112, 0.006900000000000128, 0.0019000000000000128] 

VQE eigenvalues standard deviation:
[0.00029994166099426764, 0.0005474267074230084, 0.0002827543103119704, 0.0004470615170197493, 0.0012457732538467819, 0.0002999316588824778, 0.00014140721339449809, 0.00022358219964925714, 0.0, 0.0003604649774943398, 0.0004688005972692445, 0.00036047329998212084, 0.00017317909804592883, 0.0002645430021754416, 0.0003739705870787134, 0.000282782602010804, 0.001412833677401557, 0.0009722977938882711, 0.0001414072133944981, 0.0008584555899986919, 0.00041219291599928817, 0.0003739919785236045, 0.000299944994957412, 0.00014141428499270803, 0.0006158619975286678, 0.00022357772697654513, 0.0003604649774943398, 0.000556380265645724, 0.0003740213897626635, 0.00017317909804592886, 0.0006621057317377662, 0.0002448754785600193, 0.0007539383263901601, 0.0003161423729903905, 0.0, 0.00031616135121168747, 0.0002827719929554474, 0.00022357772697654513, 0.0013596139157863892, 0.0006398742063874789, 0.00019995999599920286, 0.0006474658292141794, 9.999499987499087e-05, 0.00036042891116002757, 0.00041203276568738595, 0.0, 0.0003998174583481794, 0.00047918994146372044, 0.0008932110612839476, 0.0004792942728637636, 0.0004895160875803788, 0.0008353119177888026, 0.0004121880638737594, 0.0005192022727222948, 0.0010364429554973124, 9.999499987499087e-05, 0.0041503396246572385, 0.00017319064639869137, 0.00031616767703229547, 9.999499987499087e-05, 0.0001999799989998856, 0.0010748581301734668, 0.0010913230502468103, 0.00022358219964925714, 0.0006319636065470861, 0.0005093348603816557, 9.999499987499086e-05, 0.0013408859011862265, 0.00034633221045694807, 0.0002645392220446758, 0.0003315825689025271, 0.0010503613663877783, 0.0006232808355789569, 0.0009094916162340347, 0.0004896263881777613, 0.005326987047102705, 0.0, 0.00034633798521098143, 0.00031609808604292686, 0.0002448754785600193, 0.005355312689283419, 0.0010305488828774689, 0.0006847736852420682, 0.0004792608892868223, 0.0007659210142044687, 0.0006469976816032623, 0.00045801200857619546, 0.00031615502526450423, 0.0009358247699222352, 0.0005474139201737571, 0.0005564575455504221, 0.0006919349680425185, 0.0004357418960806988, 0.0009575750623319315, 0.0010976688936104554, 0.000468838991552541, 0.0005095507825526365, 0.00031617083989514215, 0.0008296836746616142, 0.0004356684519218685] 

Median VQE eigenvalues:
0.0018000000000000238 

Min eigenvalue after 100 VQE steps on Aer qasm simulator: 0.00000e+00
Delta from reference energy value is 0.00000e+00 

Optimizer history of the smallest VQE eigenvalue:
[1.633, 1.9051, 1.4924, 1.4771999999999998, 1.3737, 0.7679, 0.9584, 0.6768000000000001, 0.7682, 0.49160000000000004, 0.4404000000000001, 0.5653999999999999, 0.9046000000000001, 0.4486000000000001, 0.5693, 0.39369999999999994, 0.3328, 0.20540000000000003, 0.36949999999999994, 0.33709999999999996, 0.14180000000000015, 0.33909999999999996, 0.15730000000000022, 0.20740000000000003, 0.08200000000000007, 0.10909999999999997, 0.05370000000000008, 0.07390000000000008, 0.04700000000000015, 0.05679999999999996, 0.021700000000000053, 0.0253000000000001, 0.08600000000000008, 0.021700000000000053, 0.029200000000000115, 0.007800000000000029, 0.005700000000000038, 0.007600000000000051, 0.01200000000000001, 0.008100000000000218, 0.009700000000000042, 0.014800000000000146, 0.005300000000000082, 0.0031000000000001027, 0.0023999999999999577, 0.0017000000000000348, 0.0015000000000000568, 0.0017000000000000348, 0.0013000000000000789, 0.0013000000000000789, 0.0005999999999999339, 0.0014000000000000679, 0.00019999999999997797, 9.999999999998899e-05, 0.00029999999999996696, 0.000300000000000189, 0.001000000000000112, 0.001100000000000101, 0.00019999999999997797, 0.001100000000000101, 0.00029999999999996696, 0.0005999999999999339, 0.0004999999999999449, 0.0, 9.999999999998899e-05, 0.0, 0.0, 9.999999999998899e-05, 0.0, 9.999999999998899e-05, 9.999999999998899e-05, 0.0, 0.0, 0.00019999999999997797, 0.0, 0.00039999999999995595, 9.999999999998899e-05, 0.00019999999999997797, 0.00019999999999997797, 0.0, 9.999999999998899e-05, 0.0, 9.999999999998899e-05, 0.000300000000000189, 0.00039999999999995595, 0.0, 0.0, 0.0, 9.999999999998899e-05, 0.00019999999999997797, 9.999999999998899e-05, 9.999999999998899e-05, 0.00029999999999996696, 0.00029999999999996696, 9.999999999998899e-05, 0.00039999999999995595, 0.00019999999999997797, 0.0, 0.00019999999999997797, 0.00029999999999996696, 0.0, 0.0, 0.00029999999999996696, 9.999999999998899e-05, 0.00029999999999996696, 0.0, 0.00019999999999997797, 0.0, 0.0004999999999999449, 9.999999999998899e-05, 0.0009000000000001229, 0.00029999999999996696, 9.999999999998899e-05, 9.999999999998899e-05, 0.0, 0.00029999999999996696, 0.000500000000000167, 0.00039999999999995595, 0.00019999999999997797, 9.999999999998899e-05, 0.000600000000000156, 0.00039999999999995595, 0.0004999999999999449, 0.00019999999999997797, 0.0, 0.00019999999999997797, 0.00019999999999997797, 0.00029999999999996696, 0.00039999999999995595, 0.00039999999999995595, 0.0, 9.999999999998899e-05, 0.00019999999999997797, 0.00029999999999996696, 0.0, 0.0, 0.0004999999999999449, 0.0] 

Optimizer history of the smallest VQE eigenvalue standard deviation:
[0.0077407965998338955, 0.0067828061302089415, 0.007068212928315049, 0.007164936985068326, 0.007588918170595859, 0.007405734872380997, 0.008056943340994771, 0.007238995096006075, 0.007382179759393563, 0.006354326242804975, 0.006112577688667849, 0.006695621703770307, 0.006898209477828286, 0.005966743332840789, 0.0067443064135609965, 0.00573669861505727, 0.0052357622176718455, 0.0042927527298925565, 0.005544017225802965, 0.005389586904392581, 0.003545028913845414, 0.0054391671237423835, 0.0037306555724161933, 0.0042262129619790815, 0.002784643962879276, 0.0032310888257675607, 0.0022807435191182727, 0.002661512915617732, 0.0021499572088764926, 0.0023538933705671544, 0.0014665104841084487, 0.0015813276067912036, 0.002867339184679762, 0.0014663693259203147, 0.0016973491096412667, 0.0008817233126100262, 0.0007542009016170699, 0.0008706239142132508, 0.0010929858187552126, 0.0008987541376817115, 0.0009832919200318889, 0.001213499896992166, 0.0007271334127930035, 0.000556256235920103, 0.000489638642265908, 0.00041212012811800067, 0.00038712917740723143, 0.000412086156040219, 0.0003603817420458422, 0.00036038451687051936, 0.0002448754785600193, 0.00037399732619364457, 0.00014141428499270803, 9.999499987499087e-05, 0.00017319064639869137, 0.00017317909804592886, 0.0003161740027263534, 0.00033157050532277115, 0.00014141428499270803, 0.0003316006634492819, 0.00017319064639869137, 0.00024492039523077284, 0.0002235866722324783, 0.0, 9.999499987499087e-05, 0.0, 0.0, 9.999499987499086e-05, 0.0, 9.999499987499086e-05, 9.999499987499087e-05, 0.0, 0.0, 0.00014141428499270803, 0.0, 0.0001999799989998856, 9.999499987499087e-05, 0.00014141428499270803, 0.00014140721339449809, 0.0, 9.999499987499087e-05, 0.0, 9.999499987499087e-05, 0.00017317909804592883, 0.0001999799989998856, 0.0, 0.0, 0.0, 9.999499987499086e-05, 0.00014140721339449809, 9.999499987499087e-05, 9.999499987499086e-05, 0.00017319064639869137, 0.00017319064639869137, 9.999499987499086e-05, 0.0001999749984373068, 0.00014141428499270803, 0.0, 0.00014141428499270803, 0.00017319064639869137, 0.0, 0.0, 0.00017319064639869137, 9.999499987499087e-05, 0.00017319064639869137, 0.0, 0.00014141428499270803, 0.0, 0.0002235866722324783, 9.999499987499086e-05, 0.000299944994957412, 0.00017319064639869137, 9.999499987499086e-05, 9.999499987499086e-05, 0.0, 0.0001731964202863277, 0.00022356878136269533, 0.0001999799989998856, 0.00014141428499270803, 9.999499987499086e-05, 0.00024491222917609256, 0.0001999799989998856, 0.0002235866722324783, 0.00014141428499270803, 0.0, 0.00014141428499270803, 0.00014141428499270803, 0.00017319064639869137, 0.00019995999599920286, 0.0001999799989998856, 0.0, 9.999499987499087e-05, 0.00014141428499270803, 0.00017319064639869137, 0.0, 0.0, 0.0002235866722324783, 0.0] 

Smallest VQE eingenvalue optimizer final message:
{   'aux_operators_evaluated': None,
    'cost_function_evals': 138,
    'eigenvalue': 0.0,
    'optimal_circuit': <qiskit.circuit.library.n_local.real_amplitudes.RealAmplitudes object at 0x00000200F2BC5880>,
    'optimal_parameters': {   ParameterVectorElement(θ[0]): 0.012176143273850698,
                              ParameterVectorElement(θ[1]): 3.149193056141545,
                              ParameterVectorElement(θ[2]): 3.4638449923892995,
                              ParameterVectorElement(θ[3]): -0.014448002985012571,
                              ParameterVectorElement(θ[4]): 3.154566385155946,
                              ParameterVectorElement(θ[5]): -2.8221482853378976},
    'optimal_point': array([ 0.01217614,  3.14919306,  3.46384499, -0.014448  ,  3.15456639,
       -2.82214829]),
    'optimal_value': 0.0,
    'optimizer_evals': None,
    'optimizer_result': <qiskit_algorithms.optimizers.optimizer.OptimizerResult object at 0x00000200FBABF9E0>,
    'optimizer_time': 7.588264226913452}
     ┌──────────┐ ░            ░ ┌──────────┐
q_0: ┤ Ry(θ[0]) ├─░────────■───░─┤ Ry(θ[3]) ├
     ├──────────┤ ░      ┌─┴─┐ ░ ├──────────┤
q_1: ┤ Ry(θ[1]) ├─░───■──┤ X ├─░─┤ Ry(θ[4]) ├
     ├──────────┤ ░ ┌─┴─┐└───┘ ░ ├──────────┤
q_2: ┤ Ry(θ[2]) ├─░─┤ X ├──────░─┤ Ry(θ[5]) ├
     └──────────┘ ░ └───┘      ░ └──────────┘
The number of ansatz parameters is: 
 6
Line for latex table
RA r1 rl & $1\mathrm{e}{-08}$ & 10000 & 100/100 &130 & $0\mathrm{e}{+00}$ & $0\mathrm{e}{+00}$ & $0\mathrm{e}{+00}$ & $1.8\mathrm{e}{-03}$ & $1.8\mathrm{e}{-03}$ & - & 00h 12m 02s\\

