7.361015852413999e-09
7.073808205859677e-11
2.1695595320281313e-10
1.7224083270761525e-10
4.994991809059712e-09
1.0768325120480426e-10
1.0953449258721548e-10
1.1297440760671407e-10
5.429540150814205e-11
4.4909328478226485e-09
9.346801110865499e-11
9.381406762543065e-11
1.0864931176968184e-10
2.723916647795477e-10
2.3049856467949326e-10
1.7982160205320952e-10
9.279305046572262e-09
1.3395168307894778e-10
3.2722746734492603e-10
2.8036778454421096e-10
1.33739297414337e-10
1.4466167153059928e-10
1.1977374425597986e-08
3.0085079816277727e-08
1.0458004351399097e-08
1.1093248541982348e-10
3.0979069309822194e-10
5.151376547551934e-10
6.970590771260277e-11
9.78298553278023e-11
2.3498397672128135e-10
2.6262142460709015e-10
2.1261764016067275e-09
6.187543810654006e-10
7.624819164941954e-09
6.518008355271832e-11
1.4439083262374197e-10
1.56480217672339e-10
1.7166490451359095e-10
5.995476892728391e-10
7.729312323512261e-08
2.387893216493353e-10
7.562714898767808e-10
2.0836155578685123e-09
1.4235868039946808e-10
2.2227303331234793e-10
1.45528866735134e-10
1.3486228800374533e-10
8.198669521064517e-11
1.1894124574141074e-10
1.7357998371991812e-10
4.146476106914321e-09
3.690943661815993e-10
1.7538076546586012e-10
9.186967853125338e-11
6.301070776260076e-12
2.3928969916653386e-11
2.0876261830338194e-10
1.7835604659843796e-09
2.3587498620969427e-10
1.019059281404111e-10
6.848216438370969e-11
2.801829324106109e-10
5.515465861805069e-11
2.365254103686709e-10
1.4052251584573128e-09
6.438714561518566e-10
2.1493806734440568e-10
1.216162170969426e-10
1.8191959050284368e-10
7.293038395417284e-11
7.665063028738928e-11
8.683648244911524e-11
9.241779563851082e-11
2.3111679237075577e-11
1.6030776706088545e-10
2.502694718131693e-10
1.841345409481221e-10
1.6188889118140537e-10
6.803789198706056e-10
3.3440842317489228e-09
6.777683969616533e-11
9.236844622506624e-11
8.469719370296502e-11
5.695656168924756e-10
1.4573753315261229e-10
2.0310741977169755e-10
3.3373781516132794e-10
6.057215840016283e-11
8.940220785902397e-11
2.1886331635911915e-10
1.6959217363776702e-10
3.8679637270888634e-10
3.656785985128863e-11
9.26003163037592e-11
5.152761606286305e-09
2.409815569315299e-09
6.958317255723045e-11
5.470234265558815e-10
3.370221324239253e-10
