17.84031796150176
6.192440871580864
30.031670125104977
7.002080058240889
6.767746569095028
57.757155078178556
52.241947743288385
50.66219071680308
15.145210934922357
14.752183683308083
79.40351465344327
50.204865757554984
32.90563376617013
2.155163831311538
13.531829588149732
25.12633895946526
4.285830699023517
7.794562031431501
5.64231012101904
19.63801237400286
8.719121430032239
35.28651666896354
10.032157022551372
8.352165484454323
16.727541854278655
8.06428947890783
13.253966203900745
9.962643838860329
6.021534396426776
9.943786761889353
9.964059308283602
7.37533218458248
57.226312776049795
6.090641737939004
2.730883465965476
1.802359950803655
7.751121892833301
9.15270552494914
6.955026121335643
30.219210434338496
13.88214524719801
53.71251187357222
8.30413909872006
9.1930030140693
6.061762920994464
24.31057783134095
10.229464695819782
4.950131325241283
79.50167516982677
67.58092584877703
84.21181511978713
6.1308864265960645
41.72836400264986
16.04992904801159
34.75130661819744
69.39123542560687
46.333627621137786
62.92965780740646
7.839374210905196
6.3144958047755795
11.216059188846117
7.295731987270773
15.994660246810794
18.364283280427617
13.404271776633378
15.050749637197555
10.350650605795854
41.44224874172932
19.011477649819792
11.987629892960419
2.6532914708443096
8.362467912614633
53.48765566311546
2.597818976299656
21.625378898847295
19.66987370607823
14.862124539195152
15.65791267193975
4.436211420124696
21.037026209120256
5.783523744211566
8.883824421546027
52.90844515748352
8.963525368803811
21.451517794931373
9.371615631177892
12.103391332191947
8.8463327085265
33.74707298785808
6.047961284818914
28.898100577146447
22.456253354885277
21.245055470251817
25.927702799484415
10.618878193735858
15.903781176948947
4.65846276791481
7.87998275217038
2.826422516691098
11.460670897929953
