RA_r1_rl
03m33s__568
1e-06
0.35723304705489767
0.3572330470445977
0.3572330470365702
0.3572330471439812
0.3572330470345402
0.3572330470408652
0.35723304706918235
0.35723304703394443
0.3572330470352727
0.35723304703774805
0.3572330470978382
0.35723304703557
0.3572330470343502
0.35723304703427083
0.3572330470354004
0.3572330470337164
0.35723304705961256
0.3572330470392008
0.3572330470346975
0.35723304704035275
0.3572330470353915
0.35723304703388614
0.3572330470479106
0.35723304703520986
0.3572330470449109
0.35723304703619385
0.3572330470358963
0.3572330470387848
0.357233047035757
0.3572330470343773
0.35723304704200687
0.35723304703390335
0.35723304720816484
0.3572330470351166
0.3572330470568257
0.3572330470542108
0.3572330477579586
0.35723304826137514
0.3572330470422084
0.3572330470343835
0.3572330470520856
0.3572330470341112
0.3572330470341708
0.3572330471397902
0.3572330470348025
0.3572330470398807
0.3572330470436147
0.3572330470424967
0.3572330470761734
0.35723304703908887
0.35723304706929904
0.35723304703599335
0.3572330473055062
0.3572330470722692
0.35723304703729475
0.35723304704858416
0.35723304706664516
0.35723304703409864
0.3572330470400973
0.35723304703636116
0.35723304703454106
0.3572330488893566
0.35723304704013836
0.35723304705499825
0.35723304703518355
0.35723304708554227
0.3572330470347589
0.35723304703831116
0.3572330470416142
0.35723304789582433
0.3572330470343481
0.3572330470343609
0.35723304703572634
0.3572330470340641
0.3572330470363816
0.3572330470385081
0.3572330470356083
0.3572330470628371
0.3572330470439937
0.3572330470437294
0.35723304703643066
0.35723304704208203
0.3572330470424313
0.357233047034095
0.35723304703418246
0.3572330470353372
0.35723304706685155
0.3572330472462948
0.3572330470900452
0.3572330470342546
0.35723304703741576
0.35723304703819847
0.3572330470345636
0.3572330470556462
0.35723304706341186
0.3572330470350662
0.3572330470424254
0.3572330471093319
0.3572330470348015
