No Shot Noise
31/10/2024 18:52:19 

VQEr_100_COBYLA_maxIter_10000_tol_1e-06_RA_r1_rl 

Reference value: 3.5723304703e-01 

Qubits:  2
VQE runs:  100
Optimizer:  COBYLA
Max iterations:  10000
Optimizers's tolerance:  1e-06
Ansatz:  RA_r1_rl 

Only 99 runs out of 100 converged
Number of iterations for each converged VQE run:
[395, 368, 172, 1176, 99, 235, 412, 108, 233, 231, 578, 125, 362, 102, 105, 170, 871, 384, 132, 304, 269, 110, 224, 112, 447, 255, 456, 288, 255, 161, 204, 136, 1471, 308, 264, 574, 4022, 8268, 440, 127, 394, 115, 116, 1550, 332, 296, 203, 229, 1169, 257, 581, 258, 1538, 682, 255, 474, 857, 101, 276, 325, 103, 7281, 286, 1165, 269, 1115, 258, 201, 422, 198, 104, 156, 296, 102, 146, 229, 205, 276, 228, 272, 243, 231, 194, 109, 107, 189, 467, 2594, 726, 102, 121, 396, 96, 383, 295, 300, 256, 984, 159] 

Average iterations of converged run:
568 

VQE eigenvalues:
[0.35723304705489767, 0.3572330470445977, 0.3572330470365702, 0.3572330471439812, 0.3572330470345402, 0.3572330470408652, 0.35723304706918235, 0.35723304703394443, 0.3572330470352727, 0.35723304703774805, 0.3572330470978382, 0.35723304703557, 0.3572330470343502, 0.35723304703427083, 0.3572330470354004, 0.3572330470337164, 0.35723304705961256, 0.3572330470392008, 0.3572330470346975, 0.35723304704035275, 0.3572330470353915, 0.35723304703388614, 0.3572330470479106, 0.35723304703520986, 0.3572330470449109, 0.35723304703619385, 0.3572330470358963, 0.3572330470387848, 0.357233047035757, 0.3572330470343773, 0.35723304704200687, 0.35723304703390335, 0.35723304720816484, 0.3572330470351166, 0.3572330470568257, 0.3572330470542108, 0.3572330477579586, 0.35723304826137514, 0.3572330470422084, 0.3572330470343835, 0.3572330470520856, 0.3572330470341112, 0.3572330470341708, 0.3572330471397902, 0.3572330470348025, 0.3572330470398807, 0.3572330470436147, 0.3572330470424967, 0.3572330470761734, 0.35723304703908887, 0.35723304706929904, 0.35723304703599335, 0.3572330473055062, 0.3572330470722692, 0.35723304703729475, 0.35723304704858416, 0.35723304706664516, 0.35723304703409864, 0.3572330470400973, 0.35723304703636116, 0.35723304703454106, 0.3572330488893566, 0.35723304704013836, 0.35723304705499825, 0.35723304703518355, 0.35723304708554227, 0.3572330470347589, 0.35723304703831116, 0.3572330470416142, 0.35723304789582433, 0.3572330470343481, 0.3572330470343609, 0.35723304703572634, 0.3572330470340641, 0.3572330470363816, 0.3572330470385081, 0.3572330470356083, 0.3572330470628371, 0.3572330470439937, 0.3572330470437294, 0.35723304703643066, 0.35723304704208203, 0.3572330470424313, 0.357233047034095, 0.35723304703418246, 0.3572330470353372, 0.35723304706685155, 0.3572330472462948, 0.3572330470900452, 0.3572330470342546, 0.35723304703741576, 0.35723304703819847, 0.3572330470345636, 0.3572330470556462, 0.35723304706341186, 0.3572330470350662, 0.3572330470424254, 0.3572330471093319, 0.3572330470348015] 

Median VQE eigenvalues:
0.3572330470387848 

Min eigenvalue after 100 VQE steps on Aer qasm simulator: 3.57233e-01
Delta from reference energy value is 8.57092e-14 

Optimizer history of the smallest VQE eigenvalue:
[2.2821432128465755, 2.058568538147593, 3.017963457843299, 1.530306559337532, 1.1416284376517885, 0.7212439762015798, 0.5479379317962021, 1.4318465733342713, 0.4852303511963896, 1.3952592240613584, 0.571228933910218, 0.4346000516537214, 0.5494292456178691, 0.422937438011072, 0.45419727124800535, 0.43858748095742073, 0.3823325487054764, 0.3722261555743791, 0.4186235053661149, 0.38536119262095914, 0.4392445879879211, 0.38444556374311634, 0.35865298706819493, 0.36751745245358336, 0.3576419910893871, 0.3643581490871425, 0.3576366887913921, 0.3572981885606339, 0.3610461317718394, 0.3576722896431789, 0.35739612022996936, 0.35727688290011317, 0.3573369312759954, 0.3577125374275949, 0.35728194105037603, 0.35739800624863627, 0.3574263631589548, 0.3572551909118381, 0.3572627040099178, 0.3572600580391918, 0.35725783683271684, 0.3572588954857959, 0.3572609534654715, 0.35725988201878434, 0.3572552128273686, 0.3572550596785612, 0.35725231307437644, 0.357251118244477, 0.35725075887787383, 0.3572521246899375, 0.35725139332885814, 0.3572477691194752, 0.357246635016199, 0.3572446102782928, 0.357243249276741, 0.3572414130408349, 0.35724007347149633, 0.35724053442320947, 0.3572397583728948, 0.3572386810076672, 0.357238111402565, 0.35723999130458706, 0.3572375670353273, 0.35723666023317824, 0.35723666096000073, 0.3572381311706202, 0.3572361038008274, 0.3572360426545754, 0.357235957600188, 0.3572354317024281, 0.3572349795287817, 0.3572346547153009, 0.35723432528979016, 0.35723417246998457, 0.35723399710795456, 0.35723370623954964, 0.35723357378033593, 0.3572333632829885, 0.35723344107384125, 0.3572333473017899, 0.35723327714594033, 0.35723355153677006, 0.35723352738224934, 0.35723322783097133, 0.35723322384896006, 0.35723334839193854, 0.35723320633743605, 0.3572331822758672, 0.35723313016024605, 0.357233099768015, 0.35723319020029143, 0.357233095702988, 0.3572330815528555, 0.3572331727675696, 0.3572330706655199, 0.35723308479646443, 0.35723307217235645, 0.3572330612692616, 0.35723307398507187, 0.3572330633692584, 0.357233060022917, 0.35723306082993733, 0.35723305520868653, 0.35723305242991077, 0.3572330530418727, 0.3572330517604003, 0.3572330529240543, 0.3572330503626179, 0.35723305482568923, 0.3572330508716063, 0.3572330499244111, 0.3572330492262765, 0.3572330491420673, 0.35723304980547055, 0.3572330492572221, 0.35723304893537533, 0.3572330482814121, 0.35723304801218503, 0.35723304824321855, 0.357233047898724, 0.35723304779306175, 0.3572330476651707, 0.3572330481878234, 0.3572330474664279, 0.357233047735771, 0.35723304751512175, 0.3572330474238006, 0.3572330473432088, 0.3572330472757407, 0.35723304723714644, 0.35723304718057847, 0.35723304713469606, 0.3572330471073275, 0.3572330470866443, 0.3572330471588405, 0.3572330470774989, 0.35723304708898473, 0.3572330470912508, 0.3572330470774675, 0.3572330470876468, 0.35723304707098924, 0.35723304707475345, 0.3572330470745946, 0.3572330470640417, 0.3572330470630892, 0.3572330470680556, 0.3572330470554397, 0.3572330470517291, 0.35723304705273007, 0.35723304704758063, 0.3572330470452786, 0.357233047042827, 0.3572330470447267, 0.3572330470452717, 0.3572330470406524, 0.35723304704720626, 0.35723304704074765, 0.357233047038525, 0.3572330470418673, 0.35723304703889003, 0.3572330470377487, 0.3572330470360553, 0.35723304703503767, 0.3572330470344973, 0.3572330470341747, 0.3572330470340852, 0.35723304703396674, 0.3572330470338757, 0.35723304703514125, 0.3572330470337164] 

Smallest VQE eingenvalue optimizer final message:
{   'aux_operators_evaluated': None,
    'cost_function_evals': 170,
    'eigenvalue': 0.3572330470337164,
    'optimal_circuit': <qiskit.circuit.library.n_local.real_amplitudes.RealAmplitudes object at 0x000002104FD93E00>,
    'optimal_parameters': {   ParameterVectorElement(θ[0]): 3.141592096122775,
                              ParameterVectorElement(θ[1]): -0.7372635838402156,
                              ParameterVectorElement(θ[2]): 1.5707959867868904,
                              ParameterVectorElement(θ[3]): 2.404328475492271},
    'optimal_point': array([ 3.1415921 , -0.73726358,  1.57079599,  2.40432848]),
    'optimal_value': 0.3572330470337164,
    'optimizer_evals': None,
    'optimizer_result': <qiskit_algorithms.optimizers.optimizer.OptimizerResult object at 0x00000210487E05F0>,
    'optimizer_time': 0.45010948181152344}
     ┌──────────┐ ░       ░ ┌──────────┐
q_0: ┤ Ry(θ[0]) ├─░───■───░─┤ Ry(θ[2]) ├
     ├──────────┤ ░ ┌─┴─┐ ░ ├──────────┤
q_1: ┤ Ry(θ[1]) ├─░─┤ X ├─░─┤ Ry(θ[3]) ├
     └──────────┘ ░ └───┘ ░ └──────────┘
The number of ansatz parameters is: 
 4
Line for latex table
RA r1 rl & $1\mathrm{e}{-06}$ & 99/100 &568 & $3.5723\mathrm{e}{-01}$ & $8.5709\mathrm{e}{-14}$ & $3.5723\mathrm{e}{-01}$ & $5.1541\mathrm{e}{-12}$ & - & 00h 03m 33s\\

