1.2007463557797586
1.7174015673037228
2.2370275185087833
1.010197781038014
1.8974121906594557
1.2694746299476194
1.7405770537525238
2.086837161849515
6.58920246473484
1.479849069582637
1.8676329605938804
0.7063395762554967
2.1411239146722894
1.7616641216950013
0.5257328999613468
0.4103968434932207
2.1424609884603303
2.541187365749635
1.9867241527047086
2.028348950522299
1.2094795146559452
2.064061098539215
1.1760412709463544
0.9074946740550673
0.5735321147882448
2.314991867251379
0.49973191394371264
12.590495740805565
1.2622928919819714
8.123190391136198
1.490261541698788
6.227062795625839
6.435675600822365
0.47946995548251975
3.333744861404785
0.37586271903217183
6.49004048003793
1.857327312171197
0.5831610763087178
1.536065390027601
1.7728769169686698
0.338801345401082
9.691112165137707
6.195125086410024
1.4160331051514996
2.571258618452721
0.978273611358106
3.553747998455968
6.239430826146696
2.236657345272114
6.083363073434366
5.991504524686274
0.5861573750053158
0.3378999843934803
7.02202211973543
1.0161710696116626
6.136554384977707
6.300030747542484
0.8550898147073627
0.5534051363478264
2.3342059054418915
2.219219424851132
2.3973637195883244
0.4692115834569267
1.1480591364462003
2.0147702321332828
1.942070287419812
1.84827396830815
1.4209046500258005
0.368395265446701
6.4756986856644865
0.8152226292553274
6.70140352223405
1.4958092675008359
1.770124972482922
1.0533745428692307
1.8255194195130229
0.4086202759920623
0.46425146542883833
6.660086369175593
1.3481257036501426
0.6187873400138573
10.178246157605464
0.7747098499989757
0.8667828974675668
0.29253626997553794
2.873042893157687
0.8651068731166902
1.820348089581753
2.2291733081931
0.9008562375242278
4.000048872802329
2.2219330018128374
13.517822828532744
0.396269739537189
0.8708228137385707
1.4806499770056822
1.271282725106273
6.363791927587172
1.1647255420271947
