No Shot Noise
01/11/2024 00:36:32 

VQEr_100_COBYLA_maxIter_10000_tol_1e-03_RA_r1_rl 

Reference value: 6.1822393761e-06 

Qubits:  6
VQE runs:  100
Optimizer:  COBYLA
Max iterations:  10000
Optimizers's tolerance:  1e-03
Ansatz:  RA_r1_rl 

All run converged!!!
Number of iterations for each converged VQE run:
[1533, 1220, 2654, 8528, 2457, 1160, 2977, 7988, 966, 3028, 4465, 2395, 2137, 2110, 2269, 2473, 2084, 5768, 3956, 4457, 2549, 1805, 1620, 5817, 4423, 1886, 2699, 2110, 1327, 5362, 2648, 5690, 8325, 2796, 5896, 1867, 4191, 1838, 2683, 6173, 3356, 3701, 1040, 1146, 4160, 6415, 2093, 1895, 4169, 6833, 3790, 999, 3338, 4226, 1702, 3538, 1868, 4574, 3310, 3020, 2696, 4206, 1511, 7748, 2150, 4089, 1843, 3090, 1144, 3730, 5057, 1244, 5540, 2081, 1402, 5248, 3742, 3151, 2724, 2063, 2716, 2272, 1357, 591, 4670, 3062, 600, 743, 2362, 5989, 1747, 1821, 2611, 1623, 5010, 4330, 1961, 1415, 2390, 1008] 

Average iterations of converged run:
3142 

VQE eigenvalues:
[1.2007463557797586, 1.7174015673037228, 2.2370275185087833, 1.010197781038014, 1.8974121906594557, 1.2694746299476194, 1.7405770537525238, 2.086837161849515, 6.58920246473484, 1.479849069582637, 1.8676329605938804, 0.7063395762554967, 2.1411239146722894, 1.7616641216950013, 0.5257328999613468, 0.4103968434932207, 2.1424609884603303, 2.541187365749635, 1.9867241527047086, 2.028348950522299, 1.2094795146559452, 2.064061098539215, 1.1760412709463544, 0.9074946740550673, 0.5735321147882448, 2.314991867251379, 0.49973191394371264, 12.590495740805565, 1.2622928919819714, 8.123190391136198, 1.490261541698788, 6.227062795625839, 6.435675600822365, 0.47946995548251975, 3.333744861404785, 0.37586271903217183, 6.49004048003793, 1.857327312171197, 0.5831610763087178, 1.536065390027601, 1.7728769169686698, 0.338801345401082, 9.691112165137707, 6.195125086410024, 1.4160331051514996, 2.571258618452721, 0.978273611358106, 3.553747998455968, 6.239430826146696, 2.236657345272114, 6.083363073434366, 5.991504524686274, 0.5861573750053158, 0.3378999843934803, 7.02202211973543, 1.0161710696116626, 6.136554384977707, 6.300030747542484, 0.8550898147073627, 0.5534051363478264, 2.3342059054418915, 2.219219424851132, 2.3973637195883244, 0.4692115834569267, 1.1480591364462003, 2.0147702321332828, 1.942070287419812, 1.84827396830815, 1.4209046500258005, 0.368395265446701, 6.4756986856644865, 0.8152226292553274, 6.70140352223405, 1.4958092675008359, 1.770124972482922, 1.0533745428692307, 1.8255194195130229, 0.4086202759920623, 0.46425146542883833, 6.660086369175593, 1.3481257036501426, 0.6187873400138573, 10.178246157605464, 0.7747098499989757, 0.8667828974675668, 0.29253626997553794, 2.873042893157687, 0.8651068731166902, 1.820348089581753, 2.2291733081931, 0.9008562375242278, 4.000048872802329, 2.2219330018128374, 13.517822828532744, 0.396269739537189, 0.8708228137385707, 1.4806499770056822, 1.271282725106273, 6.363791927587172, 1.1647255420271947] 

Median VQE eigenvalues:
1.7658945470889615 

Min eigenvalue after 100 VQE steps on Aer qasm simulator: 2.92536e-01
Delta from reference energy value is 2.92530e-01 

Optimizer history of the smallest VQE eigenvalue:
[9216.592386902827, 7204.47380328355, 6417.22639127535, 7756.012623366503, 8571.347936272177, 4179.056172814584, 5444.382702135108, 4037.868489041975, 1827.295378839342, 1626.93552203784, 1256.7381119389834, 2138.7131885068775, 1260.5551139892414, 664.211315723818, 723.4431890488651, 617.2132835383352, 642.6396141643623, 557.1510209288134, 1266.3816545602667, 567.5034130694888, 2055.430000083783, 1152.36135280234, 1371.9520133760493, 535.9628697586996, 866.6868296941748, 535.1333395507703, 644.9301915931916, 361.370811140589, 412.5095613299796, 340.7572719072342, 226.95255356737263, 266.0216266078678, 146.25387340344795, 91.6450751304533, 103.10722534248828, 78.02431954771104, 88.1606463859778, 79.55433894845095, 84.85401006028273, 77.7011910232846, 110.10764171181248, 69.60109543116349, 119.40700862228847, 74.57387113302103, 56.27095616283389, 65.68122294258127, 64.2542664973637, 55.85985779880917, 76.09528310007879, 61.75505763364162, 41.02547890371669, 41.42661515808496, 40.28979558170666, 41.89527101410678, 40.12419306034016, 42.47667759494887, 46.72354509234936, 43.21278547383335, 38.58543196515677, 38.87158218211879, 37.92964944434747, 41.89595644906742, 34.59215080501238, 35.103697452465056, 34.00681792894606, 36.529759293908384, 33.36640504940915, 34.83411891138825, 30.671313403312833, 31.493531419021824, 29.891026149278893, 26.85853206423166, 26.31836782522656, 27.3003437805927, 27.323469487305978, 25.90356898379504, 25.234159118233677, 25.7042610543686, 23.672743254024315, 23.180205521724567, 22.253017827638782, 24.016652551398156, 21.806570122979938, 21.936053947563824, 22.141865902896022, 21.75083410119824, 21.92522652110963, 21.803302604295737, 22.638972051169684, 22.639239445958225, 21.590706067919992, 22.353412072125604, 22.624624581368348, 22.607486599810525, 21.358762985415446, 20.29028333171908, 21.297734058134974, 20.442826408007, 20.855867116307387, 21.068678561695375, 20.255440394632146, 21.03523800512737, 20.41658030588666, 21.256567845568135, 19.846174340369146, 19.799678236291832, 19.71688100896172, 18.976583318971684, 19.50281681667233, 19.234259905948175, 18.302754645597208, 17.991517197759705, 17.772332533322224, 18.019395108871063, 17.819708548217772, 17.706953071541506, 17.68081302388443, 17.73604667253702, 17.314788464593747, 17.623320363426483, 17.629469409417556, 17.26618539335202, 17.294444781383095, 18.194007953591193, 17.115721088105165, 17.381243417401503, 16.89023218232639, 16.652196104952345, 16.57498364798087, 16.562330538468444, 16.408787068780708, 17.02256952329316, 16.399669872850062, 16.151131022295278, 16.16233956350875, 16.067177943581786, 16.275111811243672, 16.388120709115856, 16.094553747311334, 16.126248796224296, 16.334603215606982, 16.1082090599466, 16.0698548697553, 15.820402810917216, 15.855182098017641, 15.807432825781191, 15.909535810212624, 15.84503410477301, 15.641287283189898, 15.664986530283437, 15.632224364412487, 15.608454576006807, 15.746094898507433, 15.546310444351814, 15.55088737189202, 15.395558220637984, 15.46057196756229, 15.222894850753944, 15.194031573593055, 15.295053580846838, 15.13150048539437, 15.042226498653292, 15.091589035200379, 15.073513701491818, 15.03298642416918, 14.989344294108811, 14.893704296435727, 14.82845890661375, 15.019045472540197, 14.843349295499713, 14.735495285397915, 14.827306897196525, 14.746266089358658, 14.878953888491987, 14.833394695260681, 14.655594019854172, 14.674787925763464, 14.650374190357782, 14.70013669045141, 14.790484455267094, 14.618442099938136, 14.636621743657098, 14.61594689489183, 14.648737389589918, 14.542592598462612, 14.538126020827146, 14.571655294406025, 14.550077082905101, 14.539605873814557, 14.5263062478423, 14.47302371649185, 14.408775218831718, 14.393625619802487, 14.315109863033024, 14.285008917368772, 14.264970527437349, 14.264612235583822, 14.177949667586475, 14.123493464480328, 14.090271528915641, 14.091022029332743, 14.102531101669124, 14.0484797203539, 13.994543965706876, 13.95564191661234, 13.900595129609686, 13.966377025503673, 13.908531095428287, 13.885504409461339, 13.884678153113411, 13.821071099600509, 13.83730953843763, 13.842735566943505, 13.82423906131767, 13.829060088700723, 13.82994517670352, 13.816560347941435, 13.824441437010611, 13.797140496080557, 13.730663109053733, 13.724896898570552, 13.72897059167139, 13.719361088606243, 13.746224596862321, 13.659851920980767, 13.604403027745285, 13.575167088317833, 13.561508893029965, 13.550129025989047, 13.511702121227628, 13.516858789286907, 13.497360531590697, 13.461000119375763, 13.411006630595748, 13.411457942785495, 13.392800474319124, 13.40123538149446, 13.410521051128658, 13.375983794224172, 13.35694070510253, 13.37956779031054, 13.33821657844054, 13.33196220549053, 13.29303463774259, 13.359080498624351, 13.314609166542246, 13.249843592144565, 13.234337077091084, 13.24910987168796, 13.20189137936874, 13.182207931791403, 13.172990310617367, 13.178173322464291, 13.155096191070689, 13.17329328909385, 13.173546733105372, 13.0974362800093, 13.105948688794482, 13.080072183937592, 13.063690266516177, 13.014386267192185, 13.017214624976893, 13.021938044825024, 12.998665539887869, 12.988716145017296, 13.001946684612411, 13.013211802491046, 13.00157039286946, 12.981469240262095, 13.023019560315628, 12.918488526606058, 12.905406958213026, 12.939040256786171, 12.856822444953274, 12.831749191075524, 12.82600485081681, 12.835474156545663, 12.852283927846651, 12.833037454597207, 12.779179249042485, 12.764947865930333, 12.762220104858212, 12.759453082373655, 12.823125260249288, 12.761729405745546, 12.696285167594043, 12.691629177872905, 12.720324406019223, 12.652677145954991, 12.636438918207968, 12.647266435380077, 12.669546865290442, 12.656267460824484, 12.597619003902611, 12.609272152535203, 12.584823466875815, 12.594163188146057, 12.5744345305724, 12.609305152279116, 12.570037506047527, 12.529386978318415, 12.522283205939203, 12.514709378913984, 12.487420852201353, 12.473284124889457, 12.468441998315283, 12.505139812915044, 12.43499308638938, 12.382745519050019, 12.374042631256202, 12.374018279862039, 12.367996632897585, 12.404725344029691, 12.321594398586784, 12.281329502822015, 12.320650011858696, 12.269234810528841, 12.287642604118512, 12.26761769806249, 12.276128205828869, 12.271065181594667, 12.293198546060449, 12.286390929354189, 12.234819098935244, 12.245947768818013, 12.24009460476177, 12.238442586777992, 12.248082794343064, 12.249680871383163, 12.212223136074131, 12.201476913267557, 12.202349995882917, 12.202527509937367, 12.197576066989352, 12.195715641011912, 12.193811367167621, 12.200395605209327, 12.185387600341627, 12.178939363076855, 12.148283865053774, 12.131154370093052, 12.129142875791157, 12.107402298300057, 12.097804651124221, 12.097196817320087, 12.102126741631995, 12.08948774292371, 12.088012765821187, 12.085828676889385, 12.090411651988234, 12.094489510953935, 12.099123891542163, 12.062071000184453, 12.040961752287572, 12.028699055404196, 12.014947707054498, 12.02727409958958, 12.011422137760386, 12.007081034066202, 12.009484181816198, 11.981597038765003, 11.967093331921427, 11.95809821742582, 11.959300202599808, 11.95333289093317, 11.953942778454735, 11.938285101068162, 11.92979157465058, 11.945473993198522, 11.926556317151897, 11.901840962418696, 11.905661982666356, 11.903624506358314, 11.884575048096794, 11.879224433598411, 11.885456695283024, 11.880691653287299, 11.882820881446511, 11.874494964140455, 11.882014882084794, 11.85420411922779, 11.84655738867219, 11.860350583666351, 11.849040942540746, 11.824351388996105, 11.816834946596533, 11.802219473629785, 11.801519780856594, 11.802690577467864, 11.804285553618907, 11.805791622199413, 11.786528656787821, 11.783794540584477, 11.794124431172284, 11.761610797910242, 11.750663792287611, 11.732290405800176, 11.729102325900984, 11.729357652404586, 11.724655127534739, 11.721624559540336, 11.732280603409164, 11.727609884736964, 11.708869923856998, 11.710619530937352, 11.6882271605889, 11.684336817447646, 11.685064185448681, 11.685900506185474, 11.678860976787442, 11.674641852444484, 11.65030405675545, 11.641310052084075, 11.64273597599048, 11.638873271646386, 11.634714697779499, 11.633988015678316, 11.624660893239293, 11.60942821392302, 11.598679209443794, 11.618091217232832, 11.597716973354585, 11.576625162967137, 11.57901046613914, 11.557650727254408, 11.53911350978142, 11.52990465109975, 11.532612134691426, 11.533203228127059, 11.52269306606157, 11.523472223289902, 11.521333531940998, 11.526809097059404, 11.520647721612221, 11.521966802416602, 11.488435568661911, 11.475926798461312, 11.46060907862611, 11.452599891365834, 11.460247539059404, 11.458047821430606, 11.441850275391898, 11.442840829479572, 11.440699728281894, 11.439194632622469, 11.4290259085654, 11.419394867790274, 11.405125691667031, 11.38321725263668, 11.373605582180609, 11.365179641183575, 11.373220469678165, 11.364726005935939, 11.342982969810757, 11.327787532947333, 11.312953526046499, 11.31198710393922, 11.310560614676447, 11.306280121396515, 11.305047550584554, 11.29617349233377, 11.281384954610086, 11.266999747318675, 11.273640785771404, 11.27205705324095, 11.286180540548967, 11.26611041107485, 11.241060769987113, 11.235558959775537, 11.234208430763196, 11.236434086348922, 11.233757573942892, 11.23565861740664, 11.232734789292923, 11.23174570778068, 11.22564976600032, 11.209687522687739, 11.208065211428158, 11.20647220048286, 11.185260834604735, 11.164218727615388, 11.148920341407566, 11.13101178049724, 11.132930735357904, 11.131820955098148, 11.119007013314942, 11.118306272388423, 11.118444848782511, 11.120500420777333, 11.116734134651162, 11.107904050549001, 11.096987037640302, 11.086502431208414, 11.08729650112165, 11.093383499000465, 11.073366045300931, 11.07107990107049, 11.080939915944056, 11.045675789703882, 11.047869918291017, 11.047202467678135, 11.035764577055403, 11.022094345096802, 11.013561756430608, 11.003153811472796, 10.99463605690158, 11.008367873810627, 10.993981099371812, 11.00593642297262, 10.990786186346442, 10.99916643522778, 10.998867201235196, 10.966174239127131, 10.949518395332793, 10.93291924164467, 10.918762886255841, 10.900380052338273, 10.891194487904581, 10.886912262112094, 10.885562916228473, 10.88447974691101, 10.88486087322804, 10.88826333782087, 10.884363962424052, 10.875332178957827, 10.850916030426543, 10.841361154579326, 10.832428092961077, 10.829762911975688, 10.828755486895345, 10.824305941000997, 10.826136694737809, 10.823938743950253, 10.831922697012383, 10.818324891444375, 10.7997286816466, 10.793226470347694, 10.8064096375852, 10.76961055872953, 10.767425357590694, 10.764295728420796, 10.766124594967684, 10.762856000119795, 10.749187751938882, 10.75793743652144, 10.748324343610527, 10.742546332339836, 10.741881541196955, 10.732603233111062, 10.711984855889776, 10.698298185241624, 10.684160554164107, 10.670701555850641, 10.65671994919309, 10.658189929967428, 10.653155378445312, 10.647773070773988, 10.648456700722631, 10.63330568975561, 10.622161949482862, 10.62080106920372, 10.620531794856477, 10.611948987390349, 10.61670996006141, 10.620653183538064, 10.609606158574977, 10.615735831277691, 10.580282470002572, 10.568393524250828, 10.570326184634379, 10.569317556895589, 10.554661356245537, 10.564255870369143, 10.552471306513876, 10.551844986422443, 10.557492801754227, 10.546366720741272, 10.539474470063018, 10.525344930398257, 10.525558819320086, 10.52582996485891, 10.514573312845704, 10.493626979773683, 10.495233801623858, 10.489656763182031, 10.473415411940604, 10.468095255593793, 10.467043351834283, 10.46806325265833, 10.477718167836214, 10.46467846572499, 10.462540535506639, 10.465593070851757, 10.443609519429506, 10.442093305727811, 10.450740151507272, 10.421299451717227, 10.41181346071358, 10.402249104400914, 10.411191674752656, 10.39893798077167, 10.382609502407384, 10.378128952595123, 10.377072837438487, 10.386393213898405, 10.381758043787515, 10.364778959582729, 10.360211908325153, 10.358957478372764, 10.35410587487668, 10.36257262764586, 10.372788263542768, 10.32958124561632, 10.31972803128744, 10.322267454316956, 10.308768232817505, 10.301068206002668, 10.302443982126599, 10.3062652081221, 10.296877019574811, 10.311258793384887, 10.298125695126647, 10.279760550183028, 10.276454988724865, 10.270231696266935, 10.259281176223265, 10.257633376095056, 10.256022401584794, 10.268695653220398, 10.247148646829599, 10.228470828677217, 10.223759362435061, 10.222096411530627, 10.222422236070887, 10.219753971392818, 10.218211528919579, 10.225483771719936, 10.215761718565636, 10.22645523092387, 10.206863391316512, 10.187874355534655, 10.186292640160076, 10.18374404789994, 10.182270943000798, 10.173807361045892, 10.163207419400306, 10.143516956615848, 10.135367193532137, 10.126606673045853, 10.119167448343829, 10.120259248668354, 10.121761666388752, 10.127176643883361, 10.114757252492632, 10.10339221303879, 10.086174300064982, 10.07847751125631, 10.082563793653435, 10.083039655944415, 10.067438102592902, 10.060788185456087, 10.07185490279787, 10.058592705627085, 10.068664599253896, 10.06676457412481, 10.04590298841956, 10.04193460686916, 10.038922226872272, 10.040448863724535, 10.027980044576186, 10.028420242281584, 10.022403881012751, 10.031278061633168, 10.018306984521205, 10.010192987023961, 9.992715705214662, 9.982805339778693, 9.975438209354696, 9.97737746762698, 9.975661387783909, 9.97401193269853, 9.976621653468243, 9.953475802612875, 9.950049486844156, 9.94301070719485, 9.921993057081522, 9.912844030818407, 9.914592481029382, 9.908044480964074, 9.899847970847823, 9.897767860566837, 9.903792905860588, 9.90156859229515, 9.903919352433032, 9.908375937434846, 9.890636900439056, 9.876132868746769, 9.879647978365272, 9.878821504148316, 9.859796913877345, 9.85911255453711, 9.852155922497234, 9.85362083039549, 9.853883420648959, 9.83876254425934, 9.82657449584214, 9.816404849549103, 9.810518628843338, 9.810693516578421, 9.814835489997167, 9.801803347403808, 9.796314735341019, 9.794151512362653, 9.791680830527849, 9.7764963705583, 9.779226747153755, 9.787011162297595, 9.758825663023549, 9.746780887049738, 9.743299840052073, 9.747243774091853, 9.742524800145825, 9.745668085412346, 9.73908639739833, 9.74703670624929, 9.746769136836093, 9.753164227497995, 9.725773140763911, 9.708169736862233, 9.70438975026372, 9.699340019851034, 9.69188357139979, 9.694918335320565, 9.685733092474694, 9.696991587091816, 9.68572402641547, 9.66987934329158, 9.659027204478313, 9.649566519188353, 9.64375710750681, 9.6420353804714, 9.638215049037727, 9.634103102782234, 9.633930265332548, 9.649735891220855, 9.640647999144772, 9.614133797070423, 9.602076950420022, 9.602634184763062, 9.602088269586115, 9.599045574758485, 9.598480220512092, 9.607929269956983, 9.59275784224465, 9.609528476935552, 9.592696230730628, 9.570578522674571, 9.563237769422477, 9.558111683517941, 9.555114953412756, 9.543926807402876, 9.533577282816665, 9.520072124616469, 9.525527966860484, 9.525490819151461, 9.506461333254965, 9.506873752733167, 9.504994315423184, 9.505945650215503, 9.501792033991563, 9.484135528373153, 9.468817938025127, 9.456742999672237, 9.440840907672944, 9.432838933959204, 9.439817959753498, 9.427944374997923, 9.421724688492297, 9.414025959875646, 9.398519526706286, 9.384841582361807, 9.381184823156087, 9.382620037776277, 9.376342836754084, 9.376084243323486, 9.38388981660978, 9.367629252429236, 9.36862286085657, 9.368406248847137, 9.346429757890634, 9.362371067164053, 9.347192839748809, 9.327645693614283, 9.319272320916163, 9.315262328126586, 9.312427518156282, 9.31831202245807, 9.307263966643525, 9.319543214146368, 9.311407723280084, 9.31383693637242, 9.315318976873861, 9.290988413228275, 9.276111411797197, 9.275179251686001, 9.270726654498457, 9.264606310976689, 9.254432890450676, 9.267794899099856, 9.25373602706472, 9.239852371836234, 9.239610495883374, 9.2389908872767, 9.21922050234615, 9.213039797623662, 9.203352746475682, 9.197211328261542, 9.17909453295143, 9.18168164541518, 9.187424982954475, 9.16215319896015, 9.155265889258477, 9.153327892966871, 9.150305501844391, 9.147989164554433, 9.149114195916084, 9.143045260176072, 9.125530737478252, 9.112938936491188, 9.116890590966163, 9.119833958595896, 9.097660296130869, 9.096170980197432, 9.093938900899044, 9.092982515592823, 9.091258608064676, 9.086724154746028, 9.095227635073673, 9.093148185925447, 9.099037848551497, 9.065558865403053, 9.054913353304492, 9.044383434121581, 9.048767798493694, 9.040619604046466, 9.039800069126688, 9.032825485443796, 9.030767726298556, 9.029769611523804, 9.014603615674998, 9.006895003604676, 9.001775028103964, 9.002394386556434, 8.995273196787025, 9.002558343141025, 9.006540098171332, 8.982088986726987, 8.972313189071572, 8.962083649076291, 8.966327965835562, 8.965620002300385, 8.955828723383432, 8.95405547358303, 8.958577453993449, 8.951163520421868, 8.940135354295847, 8.926698494556081, 8.91888837984238, 8.922749671450404, 8.92292454952223, 8.909354811215291, 8.911679258342685, 8.90896299428771, 8.902278452932258, 8.904772125025747, 8.896800603394441, 8.884265885306874, 8.883885190459184, 8.88453521936003, 8.877426586244082, 8.884266834941489, 8.877168674614614, 8.881941548984685, 8.890243817190147, 8.860510751874838, 8.84885075055433, 8.849946325292207, 8.852510041497267, 8.842507192337266, 8.847439389942016, 8.841889620719572, 8.835842083542245, 8.837527053635434, 8.828311665700815, 8.84042042854971, 8.827421762924724, 8.815229469499858, 8.813757296934108, 8.808648073242093, 8.807830426190584, 8.810026032638303, 8.822612112413982, 8.80912293602409, 8.781395631171076, 8.776424526051958, 8.776130043410696, 8.767957485504988, 8.770743202617702, 8.76835417506179, 8.775896525444796, 8.769035774248266, 8.762019443465148, 8.760040143967284, 8.785121937282808, 8.764576853334562, 8.75329302908722, 8.757056931850821, 8.73712917867974, 8.725261054884685, 8.731449802115046, 8.73329384087057, 8.707633893910765, 8.69610731901933, 8.689268864710742, 8.677314647059772, 8.674037474978288, 8.675432313995328, 8.671690212498373, 8.670875900577826, 8.66869274499863, 8.669263034541531, 8.663902025587428, 8.650744205304987, 8.629846828437604, 8.618546309202918, 8.60340606071313, 8.599254281191637, 8.600785827689057, 8.602609725979118, 8.598423318462402, 8.599339524274477, 8.597764692052861, 8.600750694632415, 8.594304907932356, 8.595847230736046, 8.601308211970899, 8.578008027978703, 8.590592022136736, 8.582687079773631, 8.564754801440852, 8.568152813743177, 8.569682292236232, 8.55950893347819, 8.55832646842856, 8.55418687872794, 8.55446966880592, 8.552403395854483, 8.551797816019691, 8.552006174056586, 8.56242243544897, 8.534613760962937, 8.522291421819519, 8.51830241254419, 8.52122443746403, 8.518232529345513, 8.512831374725208, 8.48950653510201, 8.482468249276598, 8.478262108543145, 8.479496452244693, 8.477682692017126, 8.478931759386104, 8.47367966551834, 8.474953766672135, 8.46963920012947, 8.462515581070225, 8.45987673772443, 8.448660212724379, 8.44020479914864, 8.440484906590711, 8.428835166321305, 8.427780929502438, 8.421643358032004, 8.420906841918237, 8.417783884555842, 8.411803608215246, 8.408383545484932, 8.4191194748309, 8.398446539731964, 8.380440021296405, 8.370598539235308, 8.358577363909378, 8.356864128193836, 8.349469786959109, 8.347334426031564, 8.34223281648161, 8.334500160150377, 8.33133887329431, 8.327729862881831, 8.31367717165245, 8.311522531452775, 8.310094966469993, 8.29625617723355, 8.29255310182124, 8.29624756288072, 8.290565107929648, 8.284037367786077, 8.271957506870399, 8.288548233790916, 8.273372174797064, 8.268541372786528, 8.26771674225724, 8.256771942129275, 8.268298595288815, 8.25917482247982, 8.26037450774188, 8.253969745911629, 8.248959474942428, 8.246864686524564, 8.239580392968925, 8.225386360790065, 8.224271396919441, 8.223935611085903, 8.222024716893255, 8.221286069611772, 8.204423950713833, 8.20219519207284, 8.212280570062532, 8.180060677899482, 8.165075927581698, 8.162041194771733, 8.161849517486738, 8.151105597637628, 8.1516211625351, 8.152937474396403, 8.148215341358833, 8.148586261043787, 8.145576196546763, 8.15005253781489, 8.134802305226343, 8.123698569814389, 8.121032830697878, 8.103240068286764, 8.096556736477279, 8.097243364740718, 8.105825318453658, 8.081450528753301, 8.072690354337709, 8.061657179053666, 8.062656665054023, 8.056016691683462, 8.058012066836492, 8.050371897238136, 8.050648299687774, 8.050606662284393, 8.040993216492113, 8.031989396740762, 8.046839480827765, 8.04361570176746, 8.01532301748705, 8.014883892323299, 8.013003667597102, 7.999368605883689, 7.997613518495489, 7.991674379793748, 7.988548601580181, 7.994642198597092, 8.004641425637777, 7.993671844503673, 7.9696508979836596, 7.971818032836897, 7.965852540950413, 7.9500536416578935, 7.944436674595966, 7.937059653371522, 7.940505663632167, 7.939886966636685, 7.9396909403722775, 7.920073289170752, 7.907947383353861, 7.897732950174473, 7.899949725324511, 7.899680290382552, 7.885648521293483, 7.882323839199125, 7.8789322696454, 7.877995282287486, 7.887307946336438, 7.860678764166233, 7.851145878878288, 7.844478435427559, 7.843407838106057, 7.841154736494507, 7.846641434809442, 7.8380621329021825, 7.832186307083976, 7.842531798329679, 7.821784320604837, 7.811936438692072, 7.807211058307202, 7.7942943317058875, 7.780423875090147, 7.784481666470091, 7.7821984843945815, 7.781234664112052, 7.788568482789114, 7.77541069976638, 7.780152499569197, 7.762446252895053, 7.753611514506415, 7.740930971204989, 7.738196535388359, 7.737650582000851, 7.740321593256408, 7.743505902624204, 7.729505998939728, 7.725814723802786, 7.7270608749328655, 7.7043351200023205, 7.700198467522226, 7.701318791488423, 7.696476054273759, 7.694917024334141, 7.691898697088675, 7.70354823592006, 7.696470018622474, 7.668660540681105, 7.668251215520937, 7.668776489897064, 7.669134689023574, 7.667081197489947, 7.6565924999890385, 7.636889653499993, 7.635034711929209, 7.633662616847455, 7.645300448563202, 7.638377585092138, 7.625376450573724, 7.617692728881125, 7.617026048345946, 7.599089097206076, 7.585838272885463, 7.583033792635604, 7.5834057019494026, 7.578482926913398, 7.586991861405091, 7.558014752496707, 7.550020966743645, 7.535351146263217, 7.524667626433555, 7.523656173166161, 7.524189870588957, 7.52635833737026, 7.524735436403687, 7.52270630100401, 7.531352011509562, 7.4976575728747274, 7.4826319960086645, 7.471744302600578, 7.472412390504428, 7.47338736120678, 7.461665085776763, 7.470835653054454, 7.467650892644311, 7.453245360012956, 7.436520283794928, 7.433623538147039, 7.431505325720848, 7.437535240143552, 7.431696602711981, 7.423311004669351, 7.422684726629301, 7.425612435660273, 7.422927681105522, 7.4366112519671335, 7.39768550887508, 7.380151104992375, 7.376054431796324, 7.3769267298091945, 7.368546582836919, 7.356447801870919, 7.359528884834564, 7.3521504383925045, 7.35784468781358, 7.352787322762034, 7.352230474853498, 7.363844823558066, 7.350194202805287, 7.349028647734146, 7.326363308525915, 7.310847808616172, 7.303009985893937, 7.301300239398581, 7.2977187373247085, 7.29368834388336, 7.272762721988387, 7.258134358861704, 7.244570419519059, 7.240546238390057, 7.238011406345296, 7.222477941800373, 7.22398125251179, 7.221241338167852, 7.206576616706264, 7.1933090764953675, 7.174662455288244, 7.160503015905976, 7.151722933060572, 7.149737537175368, 7.150521329448633, 7.145347196117571, 7.122551691191392, 7.11047317211394, 7.114226397862679, 7.120507606262455, 7.1068824389470855, 7.110056352134827, 7.092807037081682, 7.08286115143283, 7.086143704457822, 7.081391890215068, 7.085088185375109, 7.0861845716819944, 7.060947339652913, 7.0523355047389975, 7.056768795998357, 7.06260930482378, 7.032404320280786, 7.023807056877297, 7.02532165559458, 7.020233081827518, 7.019489445988174, 7.006496027114613, 6.99680018134762, 6.989869203002268, 6.990426950103522, 6.982960682847114, 6.994329817289004, 6.994929527880891, 6.956535094072173, 6.940318033090917, 6.929102045852506, 6.929017425220818, 6.928309074300601, 6.937457498381583, 6.928565605549482, 6.920399445380336, 6.925225514145728, 6.92107792152156, 6.91883939162649, 6.90673930036608, 6.892556838886933, 6.8733543402329484, 6.871223003376264, 6.881721727119689, 6.860380906178984, 6.843312998509025, 6.8353808679023365, 6.833205228867162, 6.834119796286878, 6.834849830937953, 6.831975442255142, 6.835846982490936, 6.811676495927726, 6.806025913421091, 6.800000768679441, 6.784621192537376, 6.775684454953893, 6.796076272259301, 6.777428296048053, 6.752844174406848, 6.745370054253096, 6.745785133123952, 6.7425065916154026, 6.742422801038317, 6.738684943405318, 6.740706026482305, 6.731531415672594, 6.717168203821257, 6.731233696217307, 6.716568188507671, 6.690743230683399, 6.6886877528400115, 6.688324196695873, 6.674126642177951, 6.656899046964287, 6.65158021487379, 6.651663425915128, 6.649876199654368, 6.651057202546271, 6.653592930809585, 6.658462108359371, 6.6302860237081855, 6.61199179701281, 6.59107543659367, 6.574079771979122, 6.5695648139086, 6.566722604449589, 6.578145719776284, 6.542879902475499, 6.5208227895681565, 6.514555111829458, 6.515493026255221, 6.507076302510092, 6.506474922387208, 6.494126948920105, 6.4878190689684985, 6.491051872156437, 6.4799047005124875, 6.475183614345002, 6.469897383727603, 6.455347977358258, 6.443912961430546, 6.437821571520116, 6.430404444621799, 6.430484690946805, 6.431611605711009, 6.432465576276309, 6.438276949180156, 6.44619691734467, 6.408094855999657, 6.389279423812605, 6.38642702264972, 6.386994825440811, 6.379273327595949, 6.381054661117756, 6.392818874066295, 6.358468350925633, 6.353406870375697, 6.349140480441818, 6.3370936965712445, 6.33239048279883, 6.330178444806292, 6.322773312402258, 6.321093005286298, 6.308344608297276, 6.288074821106417, 6.272695151075856, 6.273065110682936, 6.281776975430188, 6.249365764005263, 6.234850755527271, 6.235270363925946, 6.238053865864277, 6.2201125483512385, 6.210444188342309, 6.207678728037809, 6.206323518427302, 6.195093748316924, 6.191296391933686, 6.195712609321676, 6.170194521132934, 6.158102829025776, 6.14063854812393, 6.1280516780736045, 6.114855941990437, 6.113486520436165, 6.106483311386383, 6.08126484310597, 6.077005709479435, 6.0774654034363, 6.073789529998477, 6.074009058284723, 6.05035328953617, 6.0311009630198305, 6.011751666651157, 6.0158837801785126, 6.011908296177946, 6.0099405774091705, 6.017713856515804, 5.995221879986128, 5.974765023766486, 5.960462948063664, 5.94334393442849, 5.946682276178005, 5.944003187660378, 5.948948968741684, 5.946795190164563, 5.922360507836876, 5.907246663042654, 5.892032031853573, 5.875781562339219, 5.862015846642659, 5.856526097577797, 5.857634220236931, 5.835400544322932, 5.820104985308279, 5.799166332345962, 5.780455839307406, 5.786283723479012, 5.78015655792685, 5.7564738839388285, 5.737698686385764, 5.729057643219267, 5.727275009140151, 5.732337444564386, 5.713867974742229, 5.703886227434576, 5.7000608434023405, 5.700263656132094, 5.682395049699961, 5.681886994440201, 5.697332564277336, 5.653150081168034, 5.629174711244301, 5.614117431487462, 5.620079458575788, 5.610079853356589, 5.596600649092458, 5.595758885257858, 5.592787545229225, 5.589707218321503, 5.582686681914939, 5.571042301268233, 5.558611562574354, 5.532749837277062, 5.522646079867895, 5.505270212076637, 5.498565379949142, 5.47982434418414, 5.475751058886225, 5.469415726087398, 5.458938563235985, 5.456961966447029, 5.457583196211106, 5.437870858140393, 5.435462720801015, 5.441940293867751, 5.411402924071864, 5.406824801517016, 5.40211262116128, 5.418686133296563, 5.371167631506761, 5.349580021864552, 5.341461036086251, 5.3412082657279205, 5.332281464572385, 5.330278285803897, 5.326277123376428, 5.3242369709007145, 5.31945173132452, 5.318064901723809, 5.303304641515079, 5.2720427219926425, 5.249641332134961, 5.230507697435485, 5.21348561813243, 5.2176858998846285, 5.211292434388969, 5.207636081418524, 5.2031715336583, 5.210634040763642, 5.198418044791561, 5.198078372850357, 5.192686851426681, 5.168653398622548, 5.147319417120946, 5.131639952741273, 5.115887615667546, 5.114296770410622, 5.1218165133674045, 5.090871778576897, 5.074674869205871, 5.0844132379577855, 5.061589348190492, 5.051210966749853, 5.0412122232188255, 5.039806146530248, 5.033329799971963, 5.040432040012416, 5.033011167552286, 5.039441310680839, 5.01573778501763, 5.005514868494815, 5.008851803156563, 4.984520702273947, 4.963470001683155, 4.9547100577489305, 4.957860467473851, 4.9567212774252765, 4.953838425609395, 4.94124809899175, 4.930373713276601, 4.912992482371341, 4.892480236740144, 4.875910556985744, 4.871846693353197, 4.871601383062919, 4.863196049333253, 4.858002463221487, 4.878466894627204, 4.847392097803517, 4.824913420137695, 4.799574104502256, 4.801524427414317, 4.801925916209497, 4.787010678012118, 4.781500863266147, 4.788775267318701, 4.781551305191085, 4.765624098536262, 4.7469321311978, 4.730806576505127, 4.71531673599805, 4.710593565210239, 4.716140492699214, 4.689108597259646, 4.672239767591376, 4.647573827058546, 4.635468638301632, 4.622879959161457, 4.618895335409484, 4.59831860740358, 4.588261143876883, 4.5647972766770835, 4.536821433886647, 4.51093907616641, 4.491093618870025, 4.470886808177001, 4.461784915096066, 4.442441073737894, 4.41848737825372, 4.40187078372678, 4.3989373643961045, 4.403355420197246, 4.391441269608907, 4.3953752823444345, 4.3804565662109285, 4.352630206261553, 4.331630301230401, 4.330001163283294, 4.3335104570376215, 4.335410403688362, 4.3295745914202035, 4.298252429189705, 4.293085894630222, 4.291264592936667, 4.276065837579788, 4.277262236955671, 4.2676629427863135, 4.267912197234072, 4.2491473013158885, 4.254426417880544, 4.26064366829483, 4.232856315278586, 4.223537915699629, 4.217018763751764, 4.194716437702822, 4.168852119945867, 4.142124629026711, 4.118689892342229, 4.099782288192023, 4.08528616761992, 4.086340638299006, 4.0872507418546435, 4.06246973186653, 4.0480091097484046, 4.040640391465194, 4.038897041907865, 4.022280153704604, 3.9985740532154654, 3.972621025179721, 3.948663215073555, 3.9239720892196637, 3.905656107116614, 3.902251528593343, 3.909576789047879, 3.8878975567285043, 3.8858381669265523, 3.88961741245739, 3.8660935278941153, 3.851650202254309, 3.850173027954068, 3.860185010165893, 3.817711664418178, 3.8020858986533046, 3.7828199983477537, 3.7807181973176456, 3.7717886920516612, 3.7734398856049376, 3.7646209481081696, 3.752994317331467, 3.7493240904134693, 3.7412500006626166, 3.735967029948287, 3.7342870275583606, 3.7155982311826414, 3.6926160021084016, 3.6978945835239196, 3.690580512334289, 3.675621732106747, 3.6600175191847644, 3.6556492459207397, 3.651641391294092, 3.6367256622869943, 3.6358800859898652, 3.6373378139967, 3.634180531872001, 3.633858238164588, 3.621798807309681, 3.617132377188094, 3.6123122510234773, 3.6014440058072426, 3.56769667657022, 3.545577651626148, 3.5295368347703637, 3.528190453304571, 3.5256763604856194, 3.523292639597405, 3.523044626996808, 3.525316022469878, 3.5239140499792097, 3.5202059372400756, 3.534486905722815, 3.5399147078818993, 3.5219135272669893, 3.48599545045795, 3.463401066446251, 3.4479918329586634, 3.4295135316916636, 3.4160649248941235, 3.4090753844679793, 3.3967860094809694, 3.403453049166228, 3.3872217405663823, 3.398745981593082, 3.377366339125489, 3.379110000561843, 3.3762365984461886, 3.363055193700432, 3.3445394973980442, 3.3331109954599647, 3.3273171615764254, 3.3337332014998315, 3.3305776965505483, 3.3457489353008927, 3.319681973738393, 3.2969173117591266, 3.276405796890911, 3.258555525677889, 3.2570231703825154, 3.2574308786341457, 3.2516802004335723, 3.2484427175042163, 3.2373125459996968, 3.213582697243638, 3.195514995866608, 3.194570273324637, 3.1927033878280917, 3.173951953280499, 3.14980342250648, 3.130077163265221, 3.1211914146696325, 3.0946810564334237, 3.0983798718278033, 3.0920939454495637, 3.0756686671107496, 3.0683960488157926, 3.0721792428899364, 3.0555960158596136, 3.051887997359689, 3.0538475636677065, 3.0546086506680723, 3.049008355527025, 3.0551626173089708, 3.057147185920321, 3.0368842495255635, 3.032659663146419, 3.023999742780558, 3.0087042481157606, 2.9991497499657345, 3.000627289222018, 2.9979826674529892, 3.012027803297843, 2.998233030188536, 2.972906541755982, 2.962426970596418, 2.965112396064247, 2.9597252054484584, 2.9554827626529807, 2.9576159455895605, 2.9478649640409236, 2.9525802717297394, 2.9355470361384057, 2.9202913911521313, 2.9154582436103396, 2.9240686873229182, 2.9029269851296533, 2.8895069448070623, 2.8961160051382224, 2.8906940552305915, 2.890217014545159, 2.889567361361154, 2.893555774953133, 2.902818930057383, 2.884195016264178, 2.8773126253982375, 2.8533977630778176, 2.839929277500033, 2.8360717590252764, 2.8325775706512712, 2.8410063923859155, 2.8405337429278923, 2.812233981330479, 2.8063398644986632, 2.809809663060906, 2.798900625139433, 2.7991760103314274, 2.798964662060321, 2.798806412344453, 2.7925031581410362, 2.7993343453915256, 2.8032776419218632, 2.7662476096347977, 2.750590548382465, 2.7449627991087224, 2.74359698779734, 2.7379240858057403, 2.724535097106809, 2.725381815791637, 2.72432056173735, 2.725780928142255, 2.7278431969466745, 2.7456820038353387, 2.7357850722795796, 2.7076672362459253, 2.686985587771063, 2.6841543611284293, 2.685840082833115, 2.6863981411380586, 2.697266137000255, 2.6648518785658006, 2.6610005667219516, 2.666169826382605, 2.641443579615461, 2.647266049018793, 2.647913424215692, 2.634425819534336, 2.6356214507116733, 2.6209435878015026, 2.598968633698238, 2.5842288794584993, 2.5723822844003124, 2.5595068547655093, 2.5418924775228118, 2.5232311574738757, 2.5096036511106212, 2.493528087637033, 2.4903075202766, 2.4986956594306293, 2.4923898741404735, 2.4891407003264314, 2.4762268607064946, 2.467040646383102, 2.4686310896526886, 2.465393614840178, 2.452454357148939, 2.45006170598728, 2.4364532073929523, 2.4246962100247154, 2.4090606172792377, 2.392705833000591, 2.3935062203442903, 2.3964714872533084, 2.394211965905106, 2.3931588296738955, 2.4010325883248265, 2.3947441505838833, 2.393462891834579, 2.390065038654437, 2.3883692980854305, 2.3828382486153217, 2.3642388314995904, 2.3578642543085055, 2.361053574242737, 2.3605084389867743, 2.3361134968982884, 2.3301958319684832, 2.3321085747676573, 2.3284445337647615, 2.32844570604634, 2.3263660028622604, 2.3262591980081537, 2.324021636217975, 2.322111071686124, 2.3228294307388824, 2.318678076587885, 2.3169011171463527, 2.325675317979758, 2.3034919737778345, 2.2967622256584033, 2.303000315641567, 2.2942161645070605, 2.2979276469261647, 2.294717428769942, 2.2717528316215247, 2.2730014346194696, 2.2700063989544432, 2.27213611560865, 2.271352663676481, 2.2600239487366345, 2.2551022963369376, 2.2556975285075462, 2.268129784564558, 2.2522921110611254, 2.2470675228758554, 2.235001840562148, 2.2301079374378023, 2.23277592568762, 2.2158753265426285, 2.2058452747590422, 2.202806706555638, 2.2116764213671356, 2.2007119900049865, 2.1940965183510603, 2.1875130246080343, 2.1927541045119905, 2.199717878531162, 2.1795511750312473, 2.1628338693028146, 2.159761079284771, 2.1585477285312114, 2.1558019881181765, 2.163183338115295, 2.146006048912673, 2.1449064587718367, 2.1362052529370468, 2.114804222165276, 2.116819310898531, 2.1172195177588677, 2.1035221621422946, 2.0951868211137525, 2.083618393253669, 2.0711816456440695, 2.0623699938237317, 2.0633247907026466, 2.0592926109036633, 2.0631036293986265, 2.0565390257068907, 2.0471860944669062, 2.0353895553499712, 2.021916602437104, 2.0142961537578556, 2.0026760921335343, 1.9951791958934662, 1.9830921696198271, 1.9695506193520282, 1.962887101478735, 1.9603091297601645, 1.944359697273377, 1.9355535969472677, 1.925349481878331, 1.9287776881404533, 1.9310310051697948, 1.9243615453782423, 1.9296163682361087, 1.9117340642162288, 1.9083621341749766, 1.903543944471393, 1.8943576562679452, 1.8961544364930543, 1.9020993326210298, 1.881953127554165, 1.8785365576546416, 1.8881484016080452, 1.8660602846260539, 1.8483872741673695, 1.8410820621703419, 1.831053267737281, 1.8368463238747288, 1.8306625588996746, 1.8246957889927184, 1.824161269259866, 1.814424397188822, 1.8158979953975387, 1.8178741070292421, 1.7995277438569417, 1.7927313830680038, 1.7973060480902816, 1.790534366949363, 1.7815487559368428, 1.7836714250639698, 1.7838333450882204, 1.7714876452291939, 1.7723862384350677, 1.7727774479671325, 1.7741664291710877, 1.776088365626304, 1.764155662221044, 1.7588709341700501, 1.7521702993516393, 1.7454994421556835, 1.7400228541527636, 1.7499516816129796, 1.7337624227306003, 1.7263406530532968, 1.7335125263401157, 1.7116504197479099, 1.7015419059348948, 1.6901040445266018, 1.6852361325743408, 1.6783614022442215, 1.6661458955628712, 1.6607214726296666, 1.666084077537076, 1.659101421012156, 1.6580204664778684, 1.6590262181566027, 1.663488600865892, 1.6671523771064554, 1.644617649006855, 1.645753346557738, 1.6404859277866644, 1.6590282933514666, 1.6412706951147173, 1.630588771373709, 1.6278142735267034, 1.6272395472172896, 1.6167404991989491, 1.6189606218995154, 1.6157704751050694, 1.6071748353116102, 1.6144730109958618, 1.6174339739241168, 1.5929403534562876, 1.5839413446354136, 1.5907729816090161, 1.5834463180378857, 1.5798282560844081, 1.5794975779836917, 1.583340957731455, 1.578761200963593, 1.5856358271112896, 1.5809134892389, 1.566611775235355, 1.560579896133597, 1.5618484679228513, 1.5595408037771838, 1.5655859960112284, 1.5592506343253971, 1.5523811115076185, 1.5664006391479202, 1.5573253367105435, 1.5404821431981581, 1.534298092330293, 1.534228668310996, 1.5349405756064767, 1.5349078430558203, 1.5418921427930088, 1.537419502141604, 1.522580966126443, 1.5240862824117685, 1.5228594521168426, 1.5142933871548967, 1.517725153533128, 1.5120650495116448, 1.515469271060625, 1.5205287097251436, 1.4972968573682437, 1.4932063280237795, 1.4949328489400004, 1.502462425342182, 1.4928031411853837, 1.4887967060728093, 1.4799720282939295, 1.4852031785318873, 1.4809344533359683, 1.4810106856572363, 1.4860908671525888, 1.4684907830878218, 1.470204553291052, 1.4752123545717193, 1.45478805805846, 1.449365260237143, 1.4541418109434483, 1.4520911190331631, 1.4492202025156236, 1.4526551758480628, 1.4384664098308868, 1.4309638610027453, 1.4377697605318072, 1.4324496306982901, 1.4387943245763752, 1.4340545248642365, 1.41680847181146, 1.4157819378100103, 1.4179272475217082, 1.4197632514146312, 1.4196727655814776, 1.4176255817818988, 1.4138227199707505, 1.4126710858935978, 1.4051700788440267, 1.3999502472429783, 1.3954882395137633, 1.397748360382134, 1.3948721895506657, 1.3991712559209697, 1.3994133109375007, 1.399808544678256, 1.381338435555678, 1.3786598390933391, 1.375834244064086, 1.376744151860811, 1.3768849318209715, 1.3766969561316473, 1.3794765661230328, 1.3782863333829167, 1.378308067959598, 1.3702697321047126, 1.3615015555094885, 1.361699867914615, 1.362036751894191, 1.3647091564262945, 1.3544678949245021, 1.3613771956406904, 1.3543216018019708, 1.3483254900895925, 1.3561593447899944, 1.3588272386604603, 1.341190455041737, 1.3389174698225341, 1.337649786433945, 1.3333404956656605, 1.3410027096469466, 1.3359123250739935, 1.3454845704486136, 1.3412374916250478, 1.3262774469067296, 1.3190058447567998, 1.3208839647733306, 1.313144118637212, 1.3161924065648825, 1.31577493322054, 1.316331305452153, 1.3139173363379533, 1.3138215471754027, 1.3075666968871102, 1.2952260592120786, 1.2922913344101936, 1.2945053144514496, 1.2955455432449503, 1.2991662966290514, 1.2862296670248572, 1.2974031864704427, 1.2875785660741044, 1.2748705615913143, 1.2735161047824923, 1.2719975830263488, 1.2653431672288264, 1.264269075929354, 1.2725691535913635, 1.2581041062995433, 1.2533970158521177, 1.2541397616133372, 1.2498456530443887, 1.249182026522865, 1.2542122935456845, 1.2486703744414809, 1.2566640946090164, 1.2467406439291568, 1.2327083575963296, 1.230492346186486, 1.229943878250088, 1.230382016003757, 1.2293135262812238, 1.2314629587889048, 1.2294092715641387, 1.2241047192324577, 1.2287325796883155, 1.2204940832022997, 1.2226006096522766, 1.2203700841696503, 1.2235651435386892, 1.2208383558368716, 1.2210393020408918, 1.2249013681146028, 1.217508679696188, 1.2083348238116145, 1.2049817781137024, 1.20602233899503, 1.2047688460022432, 1.2049485327062606, 1.2185391181642569, 1.20296125203622, 1.1951333337376175, 1.1855715417026174, 1.180944043176531, 1.1792386299972184, 1.1793005988584884, 1.1787650053024177, 1.1929844388741595, 1.159776026767684, 1.149265631330235, 1.1359643276469402, 1.1253017832011878, 1.1153860646722327, 1.113964403051549, 1.1129675626051931, 1.120807087558317, 1.1121295142177872, 1.1127532828470765, 1.108495644674714, 1.1005153039607707, 1.0997191379037115, 1.0994709423102318, 1.1090773993880818, 1.0953854941913588, 1.1029960597600683, 1.098530337320661, 1.0877780841100684, 1.0920345438240089, 1.0851706284668214, 1.0870662925627426, 1.0838766447620782, 1.0838137371528327, 1.0847908075169315, 1.0894377671832738, 1.0808378358543913, 1.073178015669234, 1.080018287274583, 1.0733966747262826, 1.0788475736654846, 1.0799941091399825, 1.0672073765738517, 1.0780875311104436, 1.0693737335040108, 1.0577916220272026, 1.0629135251350428, 1.054632724025707, 1.0483709795787304, 1.0490168917308882, 1.0593528534284242, 1.048005121023568, 1.0471909926530074, 1.054238140413952, 1.0387707232319592, 1.0386380074757633, 1.0390064674609283, 1.0542827867611548, 1.0429637084706873, 1.0413320921441824, 1.0429815502557775, 1.0239355632536389, 1.0258896740769798, 1.02646669735432, 1.0178039089734097, 1.019713628008443, 1.0187266214630384, 1.025152729911677, 1.0217837124269935, 1.008199294416381, 1.0151587861216682, 1.0058964653006108, 0.9989530359114598, 0.999302994776581, 0.9922967823819644, 0.9945643988214032, 0.9940461590965279, 0.9933474335625795, 0.9986319014021638, 0.9974363107392551, 0.9913093118535821, 0.9843443461802511, 0.9844709106115436, 0.9829497009942698, 0.9766765244621829, 0.9837717861434269, 0.977433073463299, 0.9841379277160267, 0.975712053138821, 0.9681798827407715, 0.9744589384401345, 0.9712733343339202, 0.967315633967511, 0.9627354403925835, 0.9728202993159976, 0.9658121912967136, 0.958001328316461, 0.9611703352377916, 0.9553511427210808, 0.9556263282077524, 0.9672889055829066, 0.9521408471058392, 0.9616688691202505, 0.9488006118701489, 0.9481369706406204, 0.9433120917787523, 0.9333266820940855, 0.9332029069354997, 0.9315910290836196, 0.9300122575814009, 0.928680431929404, 0.9290541987943282, 0.9226919031881322, 0.9183465930655509, 0.91807941059633, 0.9158241285662767, 0.9161441795109253, 0.9142936040594383, 0.9186509062809833, 0.9146159060644975, 0.9250532791973122, 0.911662441254247, 0.9084312110491254, 0.914799128666794, 0.9062301808418297, 0.9089880677346007, 0.916915379583635, 0.8995725264626324, 0.8969654782673713, 0.8980812078805979, 0.9006230206582457, 0.8970819415579665, 0.9006072819089318, 0.9022069920646791, 0.902299540571242, 0.9008111865862505, 0.8895564034512855, 0.8978538095206677, 0.883646977463432, 0.8787947717812268, 0.8799150847597921, 0.8811837921831559, 0.8779160997487285, 0.8771568300818499, 0.8747934918031047, 0.8778722727992427, 0.8735977444554879, 0.8755852809758825, 0.870129985238228, 0.8714137933534162, 0.8684468005526116, 0.8646183352918076, 0.8681308644531263, 0.8637737361536844, 0.8596365325995082, 0.8608329226773297, 0.8601698181292969, 0.8592053124496202, 0.8597872486921483, 0.8556405175552142, 0.8549074183454083, 0.856030796130003, 0.8550849218088192, 0.8543128748974551, 0.8582507722725594, 0.8525934943347333, 0.8461002640262282, 0.8452777892714732, 0.8460366713244166, 0.8413936259454622, 0.8429925433661581, 0.8411912483587769, 0.8420563953247842, 0.8397966683723672, 0.8447191627697038, 0.8419104490882517, 0.8354844863630491, 0.8335580260978951, 0.8335039197709954, 0.8307883336940546, 0.8297640148713731, 0.8268863118974292, 0.8275911833131963, 0.8301724561285184, 0.825751112777483, 0.822450221220989, 0.8213208990720703, 0.8191768987539851, 0.819031228322832, 0.8200384860040024, 0.8140538644291242, 0.8171934385865203, 0.814295392863275, 0.8196939430936364, 0.8156069560752053, 0.8075886352142914, 0.8053676654240243, 0.8051675367801857, 0.8048575927255034, 0.8047573324331503, 0.8044691121616415, 0.8035673129120336, 0.8044377644334416, 0.7988511818689794, 0.8017254742900105, 0.7974791542649284, 0.7942630928070303, 0.7953906545043353, 0.7931765146144751, 0.7926985039877333, 0.7917607175817563, 0.786776943963745, 0.7859732131624548, 0.7846868818342104, 0.7806517767342052, 0.7780862000648713, 0.7740296678611057, 0.7711079857712496, 0.7679846020124276, 0.7649108620847671, 0.7674074035876282, 0.7646339969054838, 0.7640057317039324, 0.7630384943024662, 0.7590625072663796, 0.7600780043641775, 0.7604976121914795, 0.7579580563558924, 0.7570373349621322, 0.7587650349960755, 0.7578888355346914, 0.7595398270001759, 0.7571320291482526, 0.7530594137851347, 0.7518627019731009, 0.7512611116188377, 0.7523439784518025, 0.753219224316438, 0.7523812238249246, 0.7515703792292086, 0.7493734928098725, 0.7504155022987069, 0.7517114870603577, 0.7447060461373405, 0.7451600155155458, 0.7448361788592248, 0.7450784564155501, 0.7456580224158015, 0.7428749050692844, 0.7427672528367977, 0.7410149738842298, 0.7389393670466915, 0.7387780492703638, 0.7416574011491762, 0.7380523234307287, 0.7351480099382037, 0.7369015202513753, 0.7353979519115525, 0.7335719747963589, 0.7373420266385251, 0.7321971512400267, 0.7326366287387516, 0.7301277556974889, 0.7315406435353605, 0.7298355719434351, 0.7291330287191904, 0.7294737665847066, 0.7227278345422153, 0.7227862441821662, 0.7227713160942675, 0.7248142917755563, 0.7225860872508021, 0.7172198357768881, 0.715406269103154, 0.7143951057078896, 0.7141269208726498, 0.7162355979612302, 0.7139111766136361, 0.7120984438605085, 0.7139768582846646, 0.7078579019320922, 0.7090052737312796, 0.7082196703611381, 0.7069456013648184, 0.7070402927237256, 0.7076066915332608, 0.7094820818220755, 0.7024940648467808, 0.7032613179929577, 0.7020499893156571, 0.703001103598392, 0.7015440826401869, 0.7014209695425944, 0.7038889396575356, 0.6996023169935262, 0.6969001511497219, 0.6975078802230624, 0.6966672971078701, 0.6997240487991698, 0.6940721923757254, 0.6893492647425891, 0.686734986580126, 0.6867712061567187, 0.687395803216801, 0.6871050321327099, 0.6871441373781779, 0.6846479527025237, 0.686042584309025, 0.6833124450633039, 0.6859974038095735, 0.6825169195281107, 0.6824311795973146, 0.6790409315050828, 0.6759745925410392, 0.6785168269509377, 0.67801589922344, 0.6756381501676427, 0.6775758207112573, 0.673570654628515, 0.6742295015672882, 0.6696589018390592, 0.6651752394106041, 0.6610116859243098, 0.6569817570076059, 0.652861936904851, 0.6501760627551408, 0.6509782919009819, 0.6499691231653888, 0.6499902208102356, 0.6488954506070475, 0.6463902987998997, 0.6430560174602085, 0.6412954884897109, 0.6421967987362756, 0.6412138598170812, 0.640535889367974, 0.6397017594284524, 0.6388208656450475, 0.6396871193924576, 0.639940605124312, 0.6345678638511649, 0.6349140399407518, 0.6317126170367117, 0.6295946757524602, 0.6282911742182948, 0.628918788154817, 0.6275149022255896, 0.6255218550606645, 0.6232483476968389, 0.6256413980775585, 0.624091236473121, 0.6220233871625457, 0.6232265755569848, 0.6198901688807616, 0.6161604295231143, 0.6146626717683082, 0.6171748855757113, 0.6176212329998853, 0.6195480054785051, 0.6145411295946243, 0.612388992027391, 0.6097109143468836, 0.6083019370915076, 0.6086253928408281, 0.6082229599079549, 0.607605469294366, 0.608694446601138, 0.6103679173768796, 0.6067170765142825, 0.6050657518489452, 0.6006279946554294, 0.5998801581836178, 0.6016670590040756, 0.602722346584683, 0.5994962533913032, 0.5983835176103356, 0.5991958658293545, 0.6030802161955875, 0.5979335748505569, 0.5926557217466947, 0.5912277715325864, 0.5927348122109898, 0.5930975399135745, 0.5919833293368544, 0.5881345455391394, 0.5863389437097574, 0.5822490085340768, 0.5817585873868367, 0.5823278977082069, 0.583392861951755, 0.5832663711098249, 0.5853839323453, 0.5817743852888719, 0.5795694904684275, 0.5801622684613584, 0.5810966528311385, 0.5759686654823899, 0.5754654637094405, 0.5753694289115279, 0.5823756571922447, 0.574575936461396, 0.570126449141272, 0.569578033313885, 0.5692733734860249, 0.5699822116743104, 0.5696980610468029, 0.5747381910844462, 0.5692069876595467, 0.569674602638641, 0.5718444156181438, 0.5639540598184791, 0.5605898924686404, 0.5591034059454376, 0.5551524126826533, 0.5546862726157614, 0.5550779703010058, 0.5543031530318107, 0.5531897771253081, 0.55334620970292, 0.5532121104551061, 0.5490999276264371, 0.546982918992686, 0.5472592204147303, 0.5477797095826507, 0.5464629826104525, 0.5478547137648507, 0.5463800557812575, 0.5460009248717661, 0.5466319166495176, 0.5453425724785687, 0.5469841837324769, 0.5459195062143954, 0.5455029231841833, 0.5473906278788547, 0.5454697901484142, 0.5424837806026157, 0.5407142605963584, 0.5403455344617737, 0.5401220413404576, 0.5393771747273004, 0.5393054146802232, 0.5390040799486745, 0.5383261890827638, 0.5359661261289387, 0.535204413052837, 0.5336958087931882, 0.5331525982675792, 0.5326969797128529, 0.5305203951461437, 0.5287188956943258, 0.5277862152354786, 0.5268049994090436, 0.5253912330637828, 0.5245145729084211, 0.525364506640921, 0.5241432502384038, 0.5255074923152496, 0.5238062136716841, 0.5236422289526126, 0.5239174311265135, 0.5220091768638285, 0.5195729885268796, 0.5182411863524798, 0.5180921237559027, 0.5187080528465668, 0.5173489882716795, 0.5152378887407995, 0.5150983961620361, 0.5151617295721245, 0.513976525881459, 0.5136813652385499, 0.513375455048327, 0.5142560916319645, 0.513393311678897, 0.5108868783858641, 0.5092786742728992, 0.5072822996028031, 0.5071973395604568, 0.5074389709298734, 0.5053047711791796, 0.5048483076666291, 0.5031352820983027, 0.5022442900533282, 0.50203509692922, 0.5005767915682162, 0.49909576249713344, 0.49717676303874814, 0.4962664508582147, 0.4961052663265062, 0.49592044317149875, 0.4941476959802476, 0.4928306050270972, 0.4920825316969561, 0.49214210415272786, 0.492303829665609, 0.49162276016629747, 0.4888680356489709, 0.48807730012100037, 0.4884404688406777, 0.4859710524814187, 0.4841943370410582, 0.4826882854034755, 0.4819668887974854, 0.4818406458753319, 0.481287119733221, 0.4813342724063864, 0.4810935749191365, 0.4807113499298385, 0.4809398915635311, 0.48117804215278415, 0.48092358629021237, 0.47904614231644765, 0.4767459902664772, 0.4750592283325609, 0.4737033906048883, 0.47394227761287216, 0.4735525736963776, 0.47224011554329454, 0.4713498703547945, 0.47164576900371413, 0.4710318661553947, 0.4713558803667297, 0.47105604766029685, 0.4711398804195297, 0.46990542128714563, 0.46796467672164455, 0.4665644131369897, 0.4653178179551929, 0.4640716237082618, 0.46292402292352147, 0.46304334407026304, 0.4616605074820543, 0.46049825355742247, 0.460277650662699, 0.4605172834955886, 0.45954561129531896, 0.45875355768822523, 0.45857804254958145, 0.45678726644182777, 0.45622485148982, 0.45533655413196183, 0.45367964663015925, 0.4519053730747552, 0.4516836006897612, 0.4519846911467569, 0.4503134726076911, 0.44969376489448987, 0.4491182042103463, 0.4494790941483292, 0.4493209536031, 0.4492985982925777, 0.44851559451016615, 0.44672928459941985, 0.4470605601792872, 0.44693931544833754, 0.4452624868955002, 0.4453706162948805, 0.44533144832640736, 0.44472979485506803, 0.4450177227201362, 0.4448683024561904, 0.44534268902154706, 0.44328568860794754, 0.4426763736300696, 0.4428821059699338, 0.44198345804669426, 0.4411010578133862, 0.44004964357087956, 0.43963648624097107, 0.4395350935315028, 0.43962351048636306, 0.43849653278058864, 0.4384419209478916, 0.4384533647324902, 0.43687310115232014, 0.43578913497738886, 0.4361369897650107, 0.43519571462664075, 0.4361891602937815, 0.4353554694903927, 0.4334279684868084, 0.4327814838721711, 0.432676658199328, 0.43267884049305366, 0.432558837069258, 0.4324892925164068, 0.4331343579431758, 0.4317906493090211, 0.43204419683590667, 0.4326150547680273, 0.4297941966825969, 0.429102096070666, 0.4291783957458332, 0.4289509678422978, 0.4291248664476942, 0.42861151253108765, 0.4278225777310152, 0.42754766646400333, 0.42660300662004746, 0.4257928122983986, 0.4255977521051887, 0.4257140570859458, 0.425761124856998, 0.4251524541862596, 0.4244943294230443, 0.4244448876457704, 0.42444000318963127, 0.42203548259460055, 0.42151537835355324, 0.42142277408975426, 0.4208739707441296, 0.42134970375463054, 0.4211481250005218, 0.42139804019127547, 0.42024033218883106, 0.4186673925947287, 0.41814834923162425, 0.4181621073119445, 0.41794153545190804, 0.41745214859734614, 0.41730745797815794, 0.4165103284210433, 0.41566642476602517, 0.41453988884943394, 0.41484278053082585, 0.41552899791258624, 0.41476446626287633, 0.41451447413684184, 0.4124281922976827, 0.4117097043189181, 0.4119977088461625, 0.4117391634537097, 0.41179671547038876, 0.41136296748181805, 0.41242741827161555, 0.4114194932130253, 0.4106802668277535, 0.40927726037281537, 0.4091208239220787, 0.40933184385852095, 0.4096952885413078, 0.4087208554149049, 0.40871736119813595, 0.4086280143708754, 0.4062680892960311, 0.4054844265991038, 0.4049561831480223, 0.404947280284655, 0.40477100236008945, 0.4046947140367327, 0.4053805152096394, 0.405387305114167, 0.4049466090941413, 0.40422836891878494, 0.40474576723060873, 0.40326411482331315, 0.40304170960565266, 0.40299848706056096, 0.40171668521073955, 0.40274006687379055, 0.401646060377597, 0.4002136664165483, 0.39993859171045965, 0.4007397206674478, 0.3985730241592502, 0.39821465919963506, 0.3980574518902018, 0.39722415751826057, 0.3966350593999183, 0.3974761780051532, 0.3966589306294866, 0.3975826948460047, 0.39650008502695877, 0.394601599418717, 0.3945830463359893, 0.3944172422088414, 0.39465702096099997, 0.3943724656186639, 0.39461924750142263, 0.3946267920767601, 0.3930956791520808, 0.3933849580278075, 0.3923874434991923, 0.3914629213570142, 0.3912898628923898, 0.39134031270429315, 0.39107699797899187, 0.39032041727409916, 0.3897399014211693, 0.38936000488181916, 0.3880829126099856, 0.3887465548882598, 0.3877253210268946, 0.38735113491297424, 0.3872989387813699, 0.38648964744192305, 0.3867500286738142, 0.38615990900433605, 0.3845516014978567, 0.38405409666540147, 0.3843421702807307, 0.38442687583309243, 0.3832861400696621, 0.38300560216149326, 0.3818488689650624, 0.38115727042165604, 0.38154427894366966, 0.3811723871483018, 0.3830326511169374, 0.38055777974024185, 0.3792532482061576, 0.3783547764796814, 0.37764336310243507, 0.3776594254543038, 0.37756442438349935, 0.3777778417586335, 0.3776205048129111, 0.3792884166112399, 0.37728658540480237, 0.37569788323820086, 0.3756848940129872, 0.37571905765196184, 0.3747499210699807, 0.3747172991629098, 0.37608674497716066, 0.37262436335671795, 0.3717812901501929, 0.3718011711443423, 0.3718316051144339, 0.37119559475386465, 0.3712691362233608, 0.3713107815011407, 0.3710179840397443, 0.37231910670059803, 0.3712287532984699, 0.37095874867257317, 0.37039377221770214, 0.3690437398310911, 0.36860088216347664, 0.36992841657154096, 0.3688150559408349, 0.3668793704989533, 0.3664132617134291, 0.3665393219118368, 0.36673666504134095, 0.3665774334519176, 0.3662514087841916, 0.36611821257631516, 0.3656888842403068, 0.36566683857146287, 0.3668070699918551, 0.3648500210998873, 0.3638091015110791, 0.36372653223228335, 0.3636515743714227, 0.3642537922245409, 0.3636511316020026, 0.36299606281869645, 0.36300431159575935, 0.3636356706409237, 0.3631659630987267, 0.3615697492397913, 0.36143005489767127, 0.3613309025116942, 0.3606495595009286, 0.3609121372255013, 0.36033019961284285, 0.35867259882375163, 0.35843549700992117, 0.35839112810977725, 0.35787036875989625, 0.35750335695981117, 0.35770925348605376, 0.3566108510581329, 0.3561560011396063, 0.3554645614508949, 0.35478621037913916, 0.3552154255995355, 0.3554179691541933, 0.3557991115699522, 0.3544310529070203, 0.3531739006962017, 0.35199365784018105, 0.35192542682995825, 0.3519941962272617, 0.35217405281234876, 0.3523330693365393, 0.35317417509411114, 0.35197338851294, 0.35072093870639914, 0.35146671707986454, 0.3510572895307919, 0.3497490468686705, 0.34910974258170535, 0.3492888952560206, 0.34915415916183823, 0.3493447264269014, 0.34786308452461434, 0.3474743035966197, 0.3475302981209658, 0.3483558527687459, 0.34748963206456174, 0.34794799508883834, 0.34736334320834455, 0.346382419855131, 0.3470356147449155, 0.347114151359147, 0.34613025642686135, 0.3461178434901253, 0.3457232358440779, 0.34642310387764363, 0.344658149607017, 0.3435179007674778, 0.342217511456737, 0.34278212356101445, 0.34234054281177984, 0.3419807095702566, 0.3418572888504799, 0.3411704027793872, 0.3403003809021401, 0.3387166790287016, 0.3382557179877642, 0.33824629128895867, 0.33827646738669337, 0.3383070402639161, 0.33834277213129194, 0.33742425723168523, 0.3362890922471983, 0.3356733524714112, 0.3355982404061627, 0.3354520186888522, 0.335430304851111, 0.33645946476875904, 0.33555805282631723, 0.334563672619964, 0.3338783320540628, 0.3333734667578696, 0.3329412562098496, 0.3342387360050779, 0.33268828221942787, 0.33285440368617714, 0.3328846629809623, 0.33355553623823486, 0.33047220426600604, 0.3296631684995347, 0.3291838286755223, 0.3286904457761347, 0.3287300372846914, 0.328581102800141, 0.3290331341988023, 0.3287860466895134, 0.32847146296431573, 0.32861908803455875, 0.32835083511602886, 0.32994270935772807, 0.32854774863071756, 0.3268288868037436, 0.3266508455707159, 0.3270697416374299, 0.3264460197528481, 0.3266785105464367, 0.32492261820557766, 0.32421108097787255, 0.32405229662682533, 0.3236924315046502, 0.32367647035072367, 0.3238777248616411, 0.3239962543413665, 0.3231254108822547, 0.3220684482569428, 0.32210032553689605, 0.32186336520042746, 0.32146049030789975, 0.32139374991888336, 0.3212394112453243, 0.32101120172301445, 0.32113737065991776, 0.3217764604719107, 0.319804070697305, 0.31914763011723446, 0.31874686045121403, 0.31834308451945686, 0.3188592401861102, 0.3180235145469728, 0.31720790996312664, 0.31911331328474263, 0.31733354090013266, 0.3182128450156956, 0.3177546682469655, 0.3160842287657506, 0.3159828216209666, 0.3152484571124397, 0.3162945603643327, 0.315914183870644, 0.31607699270855877, 0.31482227683375297, 0.314256942569644, 0.3139456641461546, 0.3130058903885339, 0.31355845855073583, 0.31324485227419535, 0.3128570065364742, 0.3126040443007071, 0.3130195131656678, 0.31225704789826714, 0.31118272042271633, 0.31224851424996375, 0.3111399912858035, 0.3104553390268895, 0.3111285465753815, 0.31030910815595103, 0.3117402619404278, 0.310172380975427, 0.30987935813179734, 0.30937797072139817, 0.30872628182211337, 0.308755824804289, 0.3086063810530201, 0.3088853189573408, 0.3085165417094081, 0.3085552311706464, 0.3077197187392975, 0.310741518986553, 0.30722268443676437, 0.30577583514919615, 0.30533962506985945, 0.305439836703963, 0.3058715485780473, 0.3054383198643623, 0.30565721161960574, 0.3053050386756101, 0.3056061521665569, 0.3049345355352926, 0.30411532263027463, 0.3029934617419132, 0.30255575341075724, 0.3032452039068817, 0.30306833135534716, 0.3012220100712387, 0.3002310657084052, 0.30041660157088945, 0.30051450239432453, 0.29950459771467297, 0.29933831845751646, 0.29949987453193305, 0.29932222142852494, 0.29917179504710834, 0.30019856820977175, 0.29956243309606523, 0.2992388408401142, 0.298772974446854, 0.2980909732391481, 0.29810728559943467, 0.29872031339692917, 0.29754930913280214, 0.29819629152840965, 0.2972666562651559, 0.2961553529534232, 0.29626203591208666, 0.2960376570876746, 0.2956537639404777, 0.2955588113265627, 0.29492405276963735, 0.29510084298188355, 0.29523722918931294, 0.2945059403767314, 0.2933495876915262, 0.2944003342947686, 0.29380231712205507, 0.29288515836798373, 0.2931048153087656, 0.2933117342963389, 0.2923922019977248, 0.2925450293577473, 0.2924518265946772, 0.29238445798293927, 0.2928944830277269, 0.29282010178345597, 0.29335262807942875, 0.29253626997553794] 

Smallest VQE eingenvalue optimizer final message:
{   'aux_operators_evaluated': None,
    'cost_function_evals': 3062,
    'eigenvalue': 0.29253626997553794,
    'optimal_circuit': <qiskit.circuit.library.n_local.real_amplitudes.RealAmplitudes object at 0x000001B1A93989B0>,
    'optimal_parameters': {   ParameterVectorElement([6]): -0.09906399331990666,
                              ParameterVectorElement([11]): -0.9460629281375322,
                              ParameterVectorElement([7]): -0.6451168978152513,
                              ParameterVectorElement([9]): -0.03156963262309209,
                              ParameterVectorElement([2]): 3.1444226691119677,
                              ParameterVectorElement([5]): -1.5711477693522287,
                              ParameterVectorElement([10]): 2.095787341295096,
                              ParameterVectorElement([3]): -3.1413031267787495,
                              ParameterVectorElement([8]): 3.2920714799701347,
                              ParameterVectorElement([4]): 1.0466592401403394,
                              ParameterVectorElement([0]): 0.004691708615465994,
                              ParameterVectorElement([1]): -0.05778803319898194},
    'optimal_point': array([ 0.00469171, -0.05778803,  3.14442267, -3.14130313,  1.04665924,
       -1.57114777, -0.09906399, -0.6451169 ,  3.29207148, -0.03156963,
        2.09578734, -0.94606293]),
    'optimal_value': 0.29253626997553794,
    'optimizer_evals': None,
    'optimizer_result': <qiskit_algorithms.optimizers.optimizer.OptimizerResult object at 0x000001B1A9398B00>,
    'optimizer_time': 10.266270160675049}
                                   
q_0:  Ry([0])  Ry([6]) 
                              
q_1:  Ry([1])  X  Ry([7]) 
                         
q_2:  Ry([2])  X  Ry([8]) 
                         
q_3:  Ry([3])  X  Ry([9]) 
                        
q_4:  Ry([4])  X  Ry([10]) 
                        
q_5:  Ry([5])  X  Ry([11]) 
                             
The number of ansatz parameters is: 
 12
Line for latex table
RA r1 rl & $1\mathrm{e}{-03}$ & 100/100 &3142 & $2.9254\mathrm{e}{-01}$ & $2.9253\mathrm{e}{-01}$ & $1.7659\mathrm{e}{+00}$ & $1.7659\mathrm{e}{+00}$ & - & 00h 18m 23s\\

