RA_r1_rl
15m42s__72
1e-04
0.6673637883901096
0.42550886489073125
0.6893563243628842
0.49395479596410485
0.05049864886316069
0.5054756751370482
0.546574695886725
0.21533716153083926
0.34484019977995173
-0.11189185624281972
0.19224254248417338
0.2551033704236083
0.7868278168724927
0.6168310860607267
-0.0381677462175265
0.5227512766895481
0.4846021723692442
0.11353400772796807
0.5974927624537709
1.6270960000886907
1.4025995104515285
-0.09840791192525433
1.316530752183259
0.014203005409587632
0.09741077461796799
0.6880055963136431
-0.11336668144542283
0.2815472285338849
0.2012186297817946
2.131728246996502
0.08199542143868577
0.2315226775832917
0.6071989216659233
0.3669917901894806
0.3462910488159183
1.2194794837115195
0.6836397760366288
0.5944213976320354
1.7796453323592785
0.6727940688068571
0.35247695004667445
-0.04668118969135282
0.7068772556969121
0.6586206840005626
0.48473866416331735
0.04626512166522989
1.0557653013026735
-0.1558670111790006
2.2618972704395497
0.19292208988792092
1.5406829207458737
-0.1117421815381423
0.8454578325492026
1.845579174793743
0.42876153634817604
0.6217482802111666
0.6020802894023878
0.7291621118449372
0.18278560099726793
0.09770620607334113
1.6309037400385802
1.9915149858253087
1.3863415432777602
-0.023757773336845034
0.5250312863759521
0.296687361581621
0.7738308475483018
0.5341098055971016
-0.15171818815371374
0.6881965593907579
0.13475348235788331
1.7292606400037318
0.10232233901244214
0.90387974844809
0.6982552780537887
0.3900387692842857
0.6952275858974976
0.05192981027107724
0.8382586103899543
0.18941506088760285
0.6236228462193215
0.7660710916973328
0.886047990020071
0.4429660882663198
0.7280234712341667
0.9953260781760047
0.8861317054832538
-0.02189736466245762
1.3680715101350462
0.19353936912877057
0.13914969290349166
1.173935287758482
0.3811900301358695
-0.05863118747599483
0.7087299140471112
0.37631509529305696
2.506753547155197
0.44583266530332377
0.5207842059414547
0.8974853126111766
