0.6673637883901096 0.07870797061839038
0.42550886489073125 0.0724846101513723
0.6893563243628842 0.07798935878801824
0.49395479596410485 0.07311740946341577
0.05049864886316069 0.07208308424139044
0.5054756751370482 0.07077946121136372
0.546574695886725 0.06764327897249624
0.21533716153083926 0.07349154218629549
0.34484019977995173 0.07003915611490198
-0.11189185624281972 0.07044758380402291
0.19224254248417338 0.07466121959228139
0.2551033704236083 0.07401332916981516
0.7868278168724927 0.06289266426437193
0.6168310860607267 0.06438621226581083
-0.0381677462175265 0.06959753991430812
0.5227512766895481 0.07715779991595316
0.4846021723692442 0.06912546534665004
0.11353400772796807 0.07427649227303727
0.5974927624537709 0.06353042876368757
1.6270960000886907 0.07386117505651996
1.4025995104515285 0.0766978964134259
-0.09840791192525433 0.07046311739175935
1.316530752183259 0.07551328650378186
0.014203005409587632 0.07100315726310345
0.09741077461796799 0.07249279949036116
0.6880055963136431 0.05867441350513761
-0.11336668144542283 0.07089308626978191
0.2815472285338849 0.07370733401683495
0.2012186297817946 0.07477444021783744
2.131728246996502 0.08092301113350134
0.08199542143868577 0.07165341816674699
0.2315226775832917 0.07194954786872057
0.6071989216659233 0.06868235491992734
0.3669917901894806 0.07130629360242348
0.3462910488159183 0.07311589910837976
1.2194794837115195 0.07700411595880535
0.6836397760366288 0.062057523688859896
0.5944213976320354 0.07372685021641949
1.7796453323592785 0.07141031427580549
0.6727940688068571 0.059267028501211017
0.35247695004667445 0.07493536370353401
-0.04668118969135282 0.07128236403644005
0.7068772556969121 0.07767222083212678
0.6586206840005626 0.06247189397183887
0.48473866416331735 0.07584935032264499
0.04626512166522989 0.07285886271558831
1.0557653013026735 0.06567645078529673
-0.1558670111790006 0.06846700753664126
2.2618972704395497 0.06246308734147819
0.19292208988792092 0.0720616142677583
1.5406829207458737 0.07047185962627282
-0.1117421815381423 0.07020499534019133
0.8454578325492026 0.07658788022788035
1.845579174793743 0.07418945948411912
0.42876153634817604 0.07053712558818641
0.6217482802111666 0.060011552341895806
0.6020802894023878 0.06393952036973002
0.7291621118449372 0.05963826394520709
0.18278560099726793 0.0731009077824961
0.09770620607334113 0.07217300992697506
1.6309037400385802 0.07726080569181257
1.9915149858253087 0.06950190030114105
1.3863415432777602 0.07115112107121879
-0.023757773336845034 0.07140132890510573
0.5250312863759521 0.07195747633820866
0.296687361581621 0.07455340331732141
0.7738308475483018 0.059957786603501005
0.5341098055971016 0.0675085515542831
-0.15171818815371374 0.06874982389928708
0.6881965593907579 0.0599537115066875
0.13475348235788331 0.0748027712153196
1.7292606400037318 0.07585214883861054
0.10232233901244214 0.07188306672643491
0.90387974844809 0.07770680458989244
0.6982552780537887 0.0588443419974204
0.3900387692842857 0.07618753686870508
0.6952275858974976 0.05938715790609464
0.05192981027107724 0.07403900363530502
0.8382586103899543 0.07644643864095103
0.18941506088760285 0.07436454863770661
0.6236228462193215 0.06424017833783296
0.7660710916973328 0.06450910687692152
0.886047990020071 0.061966241214791856
0.4429660882663198 0.07167415427348504
0.7280234712341667 0.0638867279312397
0.9953260781760047 0.07546244155861659
0.8861317054832538 0.07642340327788691
-0.02189736466245762 0.07103179847583868
1.3680715101350462 0.06452335088128372
0.19353936912877057 0.07536259827482833
0.13914969290349166 0.07438535505444685
1.173935287758482 0.07457507216219784
0.3811900301358695 0.07209304328356202
-0.05863118747599483 0.07199768045414319
0.7087299140471112 0.05914197073076666
0.37631509529305696 0.07413070471148486
2.506753547155197 0.07559082019000445
0.44583266530332377 0.0676109251438831
0.5207842059414547 0.06961886643504522
0.8974853126111766 0.07538518743923935
