0.04320000000000057 0.0027687065572212766
0.038600000000000634 0.0024446202159026605
0.04409999999999936 0.005250352464358941
0.045399999999999 0.005022407789098759
3.572500000000001 0.024042343167836204
0.10809999999999942 0.0056117623791461365
0.01410000000000089 0.002696186751692091
0.026699999999999946 0.003918287508593518
0.31620000000000026 0.012326327920350003
0.01559999999999917 0.0031850224489004676
0.007599999999998275 0.0016547676574068765
0.004599999999999049 0.0015161965571784803
0.027899999999998926 0.004179103133448606
0.23130000000000006 0.011110783725732407
0.013200000000000323 0.002865099649226885
0.9560999999999993 0.010751979864192454
0.008000000000000895 0.0016727247233181703
0.1742999999999988 0.005206524464554071
0.06459999999999955 0.004422603757968848
0.0702000000000007 0.003847195861923327
0.026499999999999524 0.0025199311498530982
0.016299999999999315 0.003034343915906712
0.040399999999998215 0.0026059562544294536
0.01079999999999881 0.0022436541622986193
0.10930000000000106 0.007716484367897088
0.19680000000000142 0.0045291818245683175
1.4939999999999989 0.016382640568601874
0.1604000000000001 0.009079422889148843
0.06040000000000045 0.006197039293081817
0.039699999999999847 0.004343995050641743
0.007399999999998741 0.0018157808237779871
0.01210000000000111 0.002518349658010186
0.029600000000000293 0.003237886347603927
0.042500000000000426 0.0038563624051689022
0.09280000000000044 0.005476401007961328
0.06510000000000016 0.00609139335456183
0.029299999999998327 0.0037198770140960246
0.10639999999999983 0.00494845753745548
0.022700000000001275 0.002746515792781832
0.14550000000000018 0.007006514183244044
0.01529999999999987 0.0022358249036988566
0.007099999999998552 0.0015190776806996566
0.0409000000000006 0.0047109539373676595
0.007000000000000561 0.0014202971520072866
0.008199999999999541 0.0015801303743678342
0.020700000000000607 0.002496995194228453
0.6804000000000006 0.013278217952722425
1.2133000000000003 0.010087599466671938
0.6110000000000015 0.01365389321768704
0.027800000000000047 0.0023499906382792
1.468 0.013656942556809708
0.12809999999999988 0.005209567448454822
0.009699999999999598 0.00179041475641814
0.04179999999999939 0.0025895683037911827
0.21859999999999946 0.010714745353950322
0.05449999999999999 0.004444934082750852
0.8731999999999989 0.010104854476933356
0.03810000000000002 0.0035523587938157313
1.1500999999999983 0.011506038892685876
0.011100000000000776 0.0021639969963010526
0.026299999999999102 0.0026879414056113307
0.025500000000000966 0.0036420435197839305
0.02150000000000052 0.003352430014183762
0.011100000000000776 0.002512350891097812
0.03450000000000131 0.003208473624638355
0.008799999999999919 0.0023978974123176865
0.03210000000000157 0.0037678369126064926
0.019199999999999662 0.003242325091658738
0.07950000000000035 0.006907759188043541
0.9403000000000006 0.0031326744165329364
0.07139999999999969 0.0050136266314914114
0.05889999999999951 0.003546246043353457
0.03399999999999981 0.003733348095208903
0.08360000000000056 0.0045331723991041805
0.022499999999999076 0.0032938996645313842
0.011799999999999145 0.0013680555544275108
1.0249999999999986 0.012732523394834187
0.03180000000000138 0.004219729849172797
1.3725999999999985 0.012887598069461978
0.04019999999999868 0.002995170779772015
0.00810000000000155 0.0014165306209185905
0.013000000000000789 0.0025493214783545754
0.0636000000000001 0.005731885553637657
0.10359999999999925 0.007833198069754148
0.024499999999999744 0.0029805880292318085
0.43020000000000014 0.005834057935948188
0.027600000000000513 0.004062435722568424
0.06029999999999891 0.006154218309419966
0.034399999999999764 0.0034713167530491815
0.03790000000000049 0.004042103536526496
0.3719999999999999 0.006016225394713858
0.26149999999999896 0.009715819316969625
0.05090000000000039 0.005008859850305268
0.039400000000000546 0.0043693926351381935
0.05160000000000142 0.005254745664634956
0.04899999999999949 0.005280216283449007
0.07569999999999943 0.004718480369780096
0.038399999999999324 0.0043850911050968885
0.024999999999999467 0.0034940543785121577
0.0508999999999995 0.002512593281850441
