With Shot Noise
01/11/2024 19:16:50 

VQEr_100_shots_10000_COBYLA_maxIter_10000_tol_1e-07_RA_r1_rl 

Reference value: 0.0000000000e+00 

Number of pauli strings:  16
Qubits:  5
VQE runs:  100
Optimizer:  COBYLA
Max iterations:  10000
Optimizers's tolerance:  1e-07
Ansatz:  RA_r1_rl 

All run converged!!!
Number of iterations for each converged VQE run:
[219, 224, 207, 209, 152, 196, 191, 227, 161, 213, 183, 206, 201, 209, 208, 189, 188, 190, 222, 229, 193, 185, 209, 186, 229, 213, 178, 195, 243, 187, 179, 242, 202, 187, 205, 178, 208, 209, 230, 249, 195, 193, 206, 202, 219, 199, 182, 181, 210, 230, 150, 208, 222, 190, 212, 185, 209, 200, 182, 213, 231, 272, 221, 206, 198, 228, 201, 196, 232, 196, 166, 193, 190, 205, 218, 209, 176, 234, 199, 183, 219, 218, 166, 234, 205, 196, 206, 192, 206, 191, 185, 157, 245, 210, 191, 223, 201, 176, 254, 244] 

Average iterations of converged run:
204 

VQE eigenvalues:
[0.04320000000000057, 0.038600000000000634, 0.04409999999999936, 0.045399999999999, 3.572500000000001, 0.10809999999999942, 0.01410000000000089, 0.026699999999999946, 0.31620000000000026, 0.01559999999999917, 0.007599999999998275, 0.004599999999999049, 0.027899999999998926, 0.23130000000000006, 0.013200000000000323, 0.9560999999999993, 0.008000000000000895, 0.1742999999999988, 0.06459999999999955, 0.0702000000000007, 0.026499999999999524, 0.016299999999999315, 0.040399999999998215, 0.01079999999999881, 0.10930000000000106, 0.19680000000000142, 1.4939999999999989, 0.1604000000000001, 0.06040000000000045, 0.039699999999999847, 0.007399999999998741, 0.01210000000000111, 0.029600000000000293, 0.042500000000000426, 0.09280000000000044, 0.06510000000000016, 0.029299999999998327, 0.10639999999999983, 0.022700000000001275, 0.14550000000000018, 0.01529999999999987, 0.007099999999998552, 0.0409000000000006, 0.007000000000000561, 0.008199999999999541, 0.020700000000000607, 0.6804000000000006, 1.2133000000000003, 0.6110000000000015, 0.027800000000000047, 1.468, 0.12809999999999988, 0.009699999999999598, 0.04179999999999939, 0.21859999999999946, 0.05449999999999999, 0.8731999999999989, 0.03810000000000002, 1.1500999999999983, 0.011100000000000776, 0.026299999999999102, 0.025500000000000966, 0.02150000000000052, 0.011100000000000776, 0.03450000000000131, 0.008799999999999919, 0.03210000000000157, 0.019199999999999662, 0.07950000000000035, 0.9403000000000006, 0.07139999999999969, 0.05889999999999951, 0.03399999999999981, 0.08360000000000056, 0.022499999999999076, 0.011799999999999145, 1.0249999999999986, 0.03180000000000138, 1.3725999999999985, 0.04019999999999868, 0.00810000000000155, 0.013000000000000789, 0.0636000000000001, 0.10359999999999925, 0.024499999999999744, 0.43020000000000014, 0.027600000000000513, 0.06029999999999891, 0.034399999999999764, 0.03790000000000049, 0.3719999999999999, 0.26149999999999896, 0.05090000000000039, 0.039400000000000546, 0.05160000000000142, 0.04899999999999949, 0.07569999999999943, 0.038399999999999324, 0.024999999999999467, 0.0508999999999995] 

VQE eigenvalues standard deviation:
[0.0027687065572212766, 0.0024446202159026605, 0.005250352464358941, 0.005022407789098759, 0.024042343167836204, 0.0056117623791461365, 0.002696186751692091, 0.003918287508593518, 0.012326327920350003, 0.0031850224489004676, 0.0016547676574068765, 0.0015161965571784803, 0.004179103133448606, 0.011110783725732407, 0.002865099649226885, 0.010751979864192454, 0.0016727247233181703, 0.005206524464554071, 0.004422603757968848, 0.003847195861923327, 0.0025199311498530982, 0.003034343915906712, 0.0026059562544294536, 0.0022436541622986193, 0.007716484367897088, 0.0045291818245683175, 0.016382640568601874, 0.009079422889148843, 0.006197039293081817, 0.004343995050641743, 0.0018157808237779871, 0.002518349658010186, 0.003237886347603927, 0.0038563624051689022, 0.005476401007961328, 0.00609139335456183, 0.0037198770140960246, 0.00494845753745548, 0.002746515792781832, 0.007006514183244044, 0.0022358249036988566, 0.0015190776806996566, 0.0047109539373676595, 0.0014202971520072866, 0.0015801303743678342, 0.002496995194228453, 0.013278217952722425, 0.010087599466671938, 0.01365389321768704, 0.0023499906382792, 0.013656942556809708, 0.005209567448454822, 0.00179041475641814, 0.0025895683037911827, 0.010714745353950322, 0.004444934082750852, 0.010104854476933356, 0.0035523587938157313, 0.011506038892685876, 0.0021639969963010526, 0.0026879414056113307, 0.0036420435197839305, 0.003352430014183762, 0.002512350891097812, 0.003208473624638355, 0.0023978974123176865, 0.0037678369126064926, 0.003242325091658738, 0.006907759188043541, 0.0031326744165329364, 0.0050136266314914114, 0.003546246043353457, 0.003733348095208903, 0.0045331723991041805, 0.0032938996645313842, 0.0013680555544275108, 0.012732523394834187, 0.004219729849172797, 0.012887598069461978, 0.002995170779772015, 0.0014165306209185905, 0.0025493214783545754, 0.005731885553637657, 0.007833198069754148, 0.0029805880292318085, 0.005834057935948188, 0.004062435722568424, 0.006154218309419966, 0.0034713167530491815, 0.004042103536526496, 0.006016225394713858, 0.009715819316969625, 0.005008859850305268, 0.0043693926351381935, 0.005254745664634956, 0.005280216283449007, 0.004718480369780096, 0.0043850911050968885, 0.0034940543785121577, 0.002512593281850441] 

Median VQE eigenvalues:
0.04064999999999941 

Min eigenvalue after 100 VQE steps on Aer qasm simulator: 4.60000e-03
Delta from reference energy value is 4.60000e-03 

Optimizer history of the smallest VQE eigenvalue:
[7.0392, 6.7648, 7.3407, 6.056500000000001, 5.5658, 4.9632000000000005, 5.1242, 5.2637, 3.726, 5.5656, 4.1189, 3.8575, 3.4497999999999998, 3.545699999999999, 3.9021999999999992, 4.2437, 4.3637, 3.2325999999999997, 2.7364999999999995, 2.9147, 2.7359, 2.964699999999999, 2.9708999999999994, 2.225900000000001, 1.9109000000000007, 1.7511999999999999, 2.379200000000001, 1.6737000000000002, 2.1745, 1.4714000000000018, 1.7248, 1.5666999999999973, 1.4250999999999996, 1.4564000000000004, 1.341899999999999, 1.4374999999999982, 1.5117000000000003, 1.1800999999999986, 1.4783999999999997, 1.2349000000000006, 0.8420999999999994, 0.7240999999999991, 0.8559000000000001, 0.7814000000000005, 0.6386000000000012, 0.6594000000000007, 0.5738000000000021, 0.611699999999999, 0.3481999999999994, 0.37040000000000006, 0.3993000000000002, 0.3747999999999996, 0.34119999999999884, 0.3869000000000007, 0.3385000000000016, 0.32180000000000053, 0.2801999999999998, 0.2102000000000004, 0.238900000000001, 0.1349999999999998, 0.09090000000000131, 0.11819999999999808, 0.08660000000000068, 0.05709999999999926, 0.05730000000000057, 0.05060000000000109, 0.04540000000000077, 0.05009999999999959, 0.07330000000000148, 0.03420000000000023, 0.026400000000000645, 0.040800000000000836, 0.027099999999999902, 0.01890000000000036, 0.020599999999999064, 0.01669999999999927, 0.023899999999999366, 0.013500000000000512, 0.033899999999998265, 0.01440000000000019, 0.01830000000000087, 0.014300000000000423, 0.018299999999999095, 0.019199999999999662, 0.010799999999999699, 0.010900000000001242, 0.008199999999998653, 0.019699999999999385, 0.009100000000000108, 0.013499999999998735, 0.009899999999999132, 0.010399999999998855, 0.010899999999999466, 0.011999999999998678, 0.009400000000000297, 0.008099999999999774, 0.010200000000001097, 0.013999999999999346, 0.009900000000000908, 0.012000000000000455, 0.007200000000000983, 0.004599999999999049, 0.012000000000000455, 0.00820000000000043, 0.011400000000000077, 0.0038999999999989043, 0.006499999999999062, 0.0054000000000007375, 0.0030999999999998806, 0.012599999999999945, 0.007399999999998741, 0.0037999999999991374, 0.005499999999999616, 0.005700000000000038, 0.005700000000000038, 0.0045000000000001705, 0.008899999999999686, 0.008699999999999264, 0.00569999999999915, 0.011000000000001009, 0.006999999999999673, 0.005700000000000038, 0.00649999999999995, 0.005799999999999805, 0.004800000000001248, 0.0030999999999998806, 0.0068000000000010274, 0.00730000000000075, 0.006899999999999018, 0.005399999999999849, 0.010200000000000209, 0.008700000000000152, 0.0037999999999991374, 0.008600000000000385, 0.005999999999999339, 0.005199999999999427, 0.00849999999999973, 0.006099999999999994, 0.008799999999999919, 0.005000000000000782, 0.005399999999999849, 0.009299999999999642, 0.004799999999998583, 0.006599999999999717, 0.004799999999998583, 0.006799999999999251, 0.00990000000000002, 0.004099999999999326, 0.005899999999999572, 0.006699999999999484, 0.007299999999999862, 0.007499999999998508, 0.008199999999999541, 0.0041999999999999815, 0.009599999999998943, 0.006999999999999673, 0.011000000000001009, 0.0039999999999995595, 0.006300000000000416, 0.00429999999999886, 0.006000000000000227, 0.006599999999998829, 0.008499999999998842, 0.011300000000001198, 0.00560000000000116, 0.007100000000002105, 0.007100000000000328, 0.0039000000000006807, 0.004500000000001059, 0.005499999999998728, 0.006800000000000139, 0.009199999999998987, 0.005599999999999383, 0.004599999999999049, 0.004500000000001059, 0.006199999999999761, 0.008800000000000807, 0.012500000000000178, 0.007299999999998086, 0.006299999999999528, 0.010600000000001053, 0.008000000000000007, 0.007500000000000284, 0.0042999999999997485, 0.009700000000000486, 0.0034999999999998366, 0.006099999999999994, 0.008000000000000007, 0.005199999999999427, 0.005199999999999427, 0.008599999999999497, 0.006699999999999484, 0.008000000000000007, 0.0039999999999995595, 0.00629999999999864, 0.007799999999998697, 0.007500000000000284, 0.009800000000000253, 0.005199999999999427, 0.005899999999999572, 0.004599999999999049, 0.005300000000000082, 0.006399999999998407, 0.006599999999999717, 0.005299999999998306, 0.004599999999999049] 

Optimizer history of the smallest VQE eigenvalue standard deviation:
[0.03855153527422741, 0.03831900374487834, 0.03755795956917788, 0.03817559072234508, 0.03752737678015878, 0.03515095406955549, 0.03485215895751654, 0.03513301431702096, 0.033812360402669314, 0.04020289979591025, 0.034618107010638235, 0.031635991512832334, 0.033818024483993736, 0.031142682591581608, 0.03539664808989688, 0.038747800260143794, 0.0395886509368531, 0.032036778552157835, 0.027501755562145486, 0.026833283641775937, 0.026916009046662175, 0.027612148829817645, 0.02862046025136563, 0.020944484405207974, 0.01948766884468227, 0.018525128231674945, 0.02110479357871098, 0.017633690226381997, 0.02643223344706232, 0.01724529976544334, 0.022873989157993407, 0.016807135716712704, 0.01716459044078827, 0.017751741773696463, 0.02103711826748141, 0.020890268332407792, 0.023194866307008545, 0.020363743982873085, 0.022458509834804265, 0.0203776656906526, 0.017354745431725584, 0.01723067732272878, 0.01894855928560269, 0.018640645482386066, 0.015800889215484042, 0.016743262286663257, 0.014533278776656012, 0.015407312062783693, 0.01113712889392953, 0.011198790648994199, 0.012349305688985108, 0.012569270304993838, 0.010849816219641697, 0.011046139732956485, 0.010601194036522496, 0.010872512497118597, 0.010038656284583114, 0.00969912985787901, 0.010556782511731496, 0.00748072723737471, 0.00643953468815877, 0.008008883068193723, 0.006450383554487274, 0.00469645557841231, 0.004752022622000022, 0.004095193279931968, 0.003877235097334181, 0.005036154584601229, 0.005255568380299126, 0.003660917917681297, 0.003036660007310681, 0.004831978476773261, 0.0036169908764054383, 0.0027457532664098136, 0.0025539929522220475, 0.0026646641439400792, 0.00342093569071389, 0.0023954492271805843, 0.00374922085239053, 0.0026201679335492926, 0.002677399297826172, 0.002458349649663356, 0.002971904608159548, 0.003131064355774238, 0.0022956445717924327, 0.0022886548451000782, 0.002038012757565586, 0.0035865469465769045, 0.0021181163801831, 0.002671576126558988, 0.0022810306880881644, 0.0022878234197594807, 0.0026040535708775434, 0.0027185466705576243, 0.002322576155909621, 0.002246100398468408, 0.0021759264693458624, 0.002628512887546898, 0.0021315879057641706, 0.002658685389435941, 0.0020231253050664163, 0.0015996474611613936, 0.0027003503476401036, 0.002266091789844336, 0.0023227001528393462, 0.0013816660233210672, 0.0019968592839757046, 0.0015614787862791703, 0.0012284351834752863, 0.0026892779700135117, 0.001875605502231224, 0.001280256224355091, 0.0017856144600669115, 0.0016025595152754494, 0.001915182236759718, 0.0014452629518533426, 0.002250655237925147, 0.0019409948480096637, 0.0019868087477157843, 0.0022837267787543993, 0.0017939654400238815, 0.0016578332244227933, 0.0020799526436916693, 0.0017771347726045087, 0.0015553250464131515, 0.00117875230646644, 0.0016364107063936806, 0.0018887374089587112, 0.0019666227396224153, 0.001765872022542992, 0.002257461406093118, 0.002089662891473158, 0.001462439058559306, 0.0020290352387279972, 0.001702365413182503, 0.0016365989123789755, 0.0023206066017315233, 0.0014926034302519824, 0.0018433534658334164, 0.0015805492716141026, 0.0015807011102672345, 0.002285831796086474, 0.001455516403205353, 0.0017994754791327578, 0.0014960828854043689, 0.0020241897144289522, 0.0024132370376736575, 0.0012038176772252419, 0.0015837806034927552, 0.0018133160232017122, 0.001851442410662583, 0.002108573214284946, 0.002013862954622305, 0.001224356157333302, 0.002403097168239377, 0.0019993178836793263, 0.0026481487873607113, 0.001224362691362313, 0.0019408686199740724, 0.0014313318972201605, 0.001624349716040254, 0.0020825397955381137, 0.0021602613267843133, 0.002542402210508812, 0.0017488556258308124, 0.0018297844135307469, 0.001976750110661432, 0.0012446545705535955, 0.0014793562789267045, 0.0016877105794537394, 0.0020485839011375575, 0.002248514176072712, 0.0018270172412979786, 0.0014693100421625898, 0.0015259669065873856, 0.001788275146614764, 0.0022440303028256814, 0.002735248983182335, 0.0018567431163195498, 0.0018076058751841004, 0.002444301945341474, 0.0021625244507288053, 0.0018941084974203753, 0.0016089266608519154, 0.002329253743154652, 0.0014104371662715276, 0.00175715252610582, 0.0020968986623105894, 0.001580488532068431, 0.0016058605169814973, 0.00210165268300924, 0.001722824715402029, 0.002275034065679002, 0.0012565731176497202, 0.001986811264312734, 0.0020969101077537656, 0.00205104046766512, 0.0022307810291464997, 0.0013778621121142533, 0.001716991263810068, 0.0016182286612219088, 0.0017229274505910102, 0.0017938985478560482, 0.0017994999305362808, 0.001669766750178019, 0.0015161965571784803] 

Smallest VQE eingenvalue optimizer final message:
{   'aux_operators_evaluated': None,
    'cost_function_evals': 206,
    'eigenvalue': 0.004599999999999049,
    'optimal_circuit': <qiskit.circuit.library.n_local.real_amplitudes.RealAmplitudes object at 0x000001F36356B7D0>,
    'optimal_parameters': {   ParameterVectorElement(θ[0]): 5.343880781304345,
                              ParameterVectorElement(θ[1]): 1.5996339334826568,
                              ParameterVectorElement(θ[2]): 1.5571295758062693,
                              ParameterVectorElement(θ[3]): 1.5466296072698462,
                              ParameterVectorElement(θ[4]): -1.5946049339558228,
                              ParameterVectorElement(θ[5]): -0.9981670057839456,
                              ParameterVectorElement(θ[6]): 1.5730493642865977,
                              ParameterVectorElement(θ[7]): 1.5634226593977503,
                              ParameterVectorElement(θ[8]): 1.54830873832869,
                              ParameterVectorElement(θ[9]): -1.5071694937726487},
    'optimal_point': array([ 5.34388078,  1.59963393,  1.55712958,  1.54662961, -1.59460493,
       -0.99816701,  1.57304936,  1.56342266,  1.54830874, -1.50716949]),
    'optimal_value': 0.004599999999999049,
    'optimizer_evals': None,
    'optimizer_result': <qiskit_algorithms.optimizers.optimizer.OptimizerResult object at 0x000001F3655BC3E0>,
    'optimizer_time': 10.720161437988281}
     ┌──────────┐ ░                      ░ ┌──────────┐
q_0: ┤ Ry(θ[0]) ├─░──────────────────■───░─┤ Ry(θ[5]) ├
     ├──────────┤ ░                ┌─┴─┐ ░ ├──────────┤
q_1: ┤ Ry(θ[1]) ├─░─────────────■──┤ X ├─░─┤ Ry(θ[6]) ├
     ├──────────┤ ░           ┌─┴─┐└───┘ ░ ├──────────┤
q_2: ┤ Ry(θ[2]) ├─░────────■──┤ X ├──────░─┤ Ry(θ[7]) ├
     ├──────────┤ ░      ┌─┴─┐└───┘      ░ ├──────────┤
q_3: ┤ Ry(θ[3]) ├─░───■──┤ X ├───────────░─┤ Ry(θ[8]) ├
     ├──────────┤ ░ ┌─┴─┐└───┘           ░ ├──────────┤
q_4: ┤ Ry(θ[4]) ├─░─┤ X ├────────────────░─┤ Ry(θ[9]) ├
     └──────────┘ ░ └───┘                ░ └──────────┘
The number of ansatz parameters is: 
 10
Line for latex table
RA r1 rl & $1\mathrm{e}{-07}$ & 10000 & 100/100 &204 & $4.6\mathrm{e}{-03}$ & $1.5162\mathrm{e}{-03}$ & $4.6\mathrm{e}{-03}$ & $4.065\mathrm{e}{-02}$ & $4.065\mathrm{e}{-02}$ & - & 00h 15m 10s\\

