RA_r1_rl
40s__211
1e-08
0.0
0.0
5.551115123125783e-17
0.0
1.1102230246251565e-16
1.6542323066914832e-14
1.1102230246251565e-16
0.0
0.0
0.0
5.551115123125783e-17
9.43689570931383e-16
0.0
1.1102230246251565e-16
0.0
0.0
2.9976021664879227e-15
6.106226635438361e-16
0.0
0.0
0.0
0.0
0.0
0.0
3.885780586188048e-16
0.0
1.0547118733938987e-15
0.0
1.1102230246251565e-16
1.1102230246251565e-16
3.3306690738754696e-16
0.0
1.1102230246251565e-16
5.551115123125783e-17
1.1102230246251565e-16
0.0
1.1102230246251565e-16
3.597122599785507e-14
0.0
5.551115123125783e-17
9.992007221626409e-16
1.6653345369377348e-16
1.1102230246251565e-16
0.0
6.661338147750939e-16
0.0
7.771561172376096e-16
0.0
0.0
1.5543122344752192e-15
6.661338147750939e-16
0.0
0.0
1.1102230246251565e-16
4.996003610813204e-16
0.0
1.1102230246251565e-16
1.1102230246251565e-16
7.771561172376096e-16
3.3306690738754696e-16
1.1102230246251565e-16
0.0
1.1102230246251565e-15
1.1102230246251565e-16
0.0
3.3306690738754696e-16
0.0
1.1102230246251565e-16
0.0
2.7755575615628914e-16
6.106226635438361e-16
0.0
0.0
1.1102230246251565e-16
0.0
5.551115123125783e-17
0.0
8.881784197001252e-16
5.551115123125783e-17
0.0
9.992007221626409e-16
2.220446049250313e-16
5.551115123125783e-17
0.0
0.0
7.771561172376096e-16
2.220446049250313e-16
1.1102230246251565e-16
5.551115123125783e-17
0.0
2.220446049250313e-16
0.0
6.661338147750939e-15
0.0
2.220446049250313e-15
3.885780586188048e-15
5.551115123125783e-17
0.0
3.3306690738754696e-16
1.6653345369377348e-16
