No Shot Noise
31/10/2024 16:12:48 

VQEr_100_COBYLA_maxIter_10000_tol_1e-08_RA_r1_rl 

Reference value: 0.0000000000e+00 

Qubits:  2
VQE runs:  100
Optimizer:  COBYLA
Max iterations:  10000
Optimizers's tolerance:  1e-08
Ansatz:  RA_r1_rl 

All run converged!!!
Number of iterations for each converged VQE run:
[167, 120, 107, 97, 124, 2275, 109, 112, 114, 114, 111, 199, 109, 118, 119, 109, 411, 259, 111, 187, 116, 121, 149, 112, 121, 119, 325, 128, 134, 123, 181, 101, 116, 124, 147, 116, 110, 1658, 105, 145, 328, 194, 114, 100, 455, 114, 233, 115, 105, 562, 173, 100, 139, 126, 166, 118, 120, 125, 180, 321, 122, 107, 290, 144, 104, 179, 151, 160, 107, 239, 166, 103, 109, 159, 110, 108, 121, 214, 118, 101, 246, 230, 109, 123, 117, 259, 106, 107, 109, 112, 115, 99, 1509, 116, 584, 549, 117, 116, 140, 122] 

Average iterations of converged run:
211 

VQE eigenvalues:
[0.0, 0.0, 5.551115123125783e-17, 0.0, 1.1102230246251565e-16, 1.6542323066914832e-14, 1.1102230246251565e-16, 0.0, 0.0, 0.0, 5.551115123125783e-17, 9.43689570931383e-16, 0.0, 1.1102230246251565e-16, 0.0, 0.0, 2.9976021664879227e-15, 6.106226635438361e-16, 0.0, 0.0, 0.0, 0.0, 0.0, 0.0, 3.885780586188048e-16, 0.0, 1.0547118733938987e-15, 0.0, 1.1102230246251565e-16, 1.1102230246251565e-16, 3.3306690738754696e-16, 0.0, 1.1102230246251565e-16, 5.551115123125783e-17, 1.1102230246251565e-16, 0.0, 1.1102230246251565e-16, 3.597122599785507e-14, 0.0, 5.551115123125783e-17, 9.992007221626409e-16, 1.6653345369377348e-16, 1.1102230246251565e-16, 0.0, 6.661338147750939e-16, 0.0, 7.771561172376096e-16, 0.0, 0.0, 1.5543122344752192e-15, 6.661338147750939e-16, 0.0, 0.0, 1.1102230246251565e-16, 4.996003610813204e-16, 0.0, 1.1102230246251565e-16, 1.1102230246251565e-16, 7.771561172376096e-16, 3.3306690738754696e-16, 1.1102230246251565e-16, 0.0, 1.1102230246251565e-15, 1.1102230246251565e-16, 0.0, 3.3306690738754696e-16, 0.0, 1.1102230246251565e-16, 0.0, 2.7755575615628914e-16, 6.106226635438361e-16, 0.0, 0.0, 1.1102230246251565e-16, 0.0, 5.551115123125783e-17, 0.0, 8.881784197001252e-16, 5.551115123125783e-17, 0.0, 9.992007221626409e-16, 2.220446049250313e-16, 5.551115123125783e-17, 0.0, 0.0, 7.771561172376096e-16, 2.220446049250313e-16, 1.1102230246251565e-16, 5.551115123125783e-17, 0.0, 2.220446049250313e-16, 0.0, 6.661338147750939e-15, 0.0, 2.220446049250313e-15, 3.885780586188048e-15, 5.551115123125783e-17, 0.0, 3.3306690738754696e-16, 1.6653345369377348e-16] 

Median VQE eigenvalues:
5.551115123125783e-17 

Min eigenvalue after 100 VQE steps on Aer qasm simulator: 0.00000e+00
Delta from reference energy value is 0.00000e+00 

Optimizer history of the smallest VQE eigenvalue:
[0.6265803406876791, 0.7631200520435739, 0.44297759024178557, 0.44297759024178585, 0.0997603147541995, 0.22667290974551646, 0.033834917493040295, 0.03383491749304035, 0.01663451196391963, 0.07182545456896555, 0.034144633302764404, 0.013994927703359805, 0.01399492770335986, 0.00450654707362963, 0.01360473959638453, 0.037352298919974436, 0.003807315754466356, 0.003807315754466356, 0.015350242987945961, 0.003034659115320748, 0.0037191397161701056, 0.004255360331243407, 0.0035049935231851737, 0.0022741807367723244, 0.0024426442565526063, 0.00227418073677238, 0.002442644256552551, 0.0020889816745760514, 0.0015897323953377729, 0.0013909164311481925, 0.0016554870103306918, 0.0011446255009071038, 0.0007248020361028673, 0.000667053020875441, 0.0006814566927187959, 0.0008246213060834062, 0.0005459658486247632, 0.0003380521508194456, 0.000258452863978742, 0.0001914875073966149, 0.00017792855160186916, 0.00022286770786167365, 9.752284391850718e-05, 0.00012004071708598962, 0.00010878943629583082, 0.00011228229203896767, 0.00010200607547128371, 0.00011976649655931482, 9.178130304920984e-05, 7.440153833998542e-05, 6.0150557097182755e-05, 4.77277682835453e-05, 4.164002547213386e-05, 3.9209465640621666e-05, 3.4010922756011475e-05, 2.300274100575095e-05, 1.6016389777218087e-05, 1.194131187287617e-05, 1.3226676100652757e-05, 1.3928973270405098e-05, 7.71202906602042e-06, 1.1015275240833233e-05, 6.712102760375593e-06, 5.977006579005462e-06, 5.972735764359083e-06, 1.0173971750682131e-05, 5.574308755029733e-06, 3.473745941562356e-06, 2.350959300845279e-06, 1.9062460522856206e-06, 1.6728456634362843e-06, 2.7004054333756855e-06, 1.3924624234218363e-06, 4.861855772197998e-06, 7.003083091206008e-07, 6.099206079079877e-07, 6.070701558114067e-07, 4.6981905776899424e-07, 1.8624228170782686e-07, 5.651215090329842e-08, 2.083571793431993e-07, 7.766826215505063e-08, 1.100150808230893e-07, 2.984624092317034e-07, 1.282090652532375e-07, 6.268846391987992e-08, 7.271552304732865e-08, 5.013462123226731e-08, 3.366212175670569e-08, 2.0677795253831732e-08, 1.293830448334532e-08, 4.540488446336255e-08, 9.000373779599613e-09, 1.3428005596338721e-08, 1.037927899183444e-08, 9.565735870076253e-09, 1.2666053761378748e-08, 5.280078874125849e-09, 4.644159279365567e-09, 3.95513299888961e-09, 3.1791658194890715e-09, 4.154481203499927e-09, 1.8929440237513973e-09, 1.674876903834388e-09, 2.127706788535022e-09, 7.58781149023946e-10, 1.945783534296197e-10, 1.1800715959964236e-10, 1.0422840368562447e-10, 2.1329604749098507e-11, 8.278749907830729e-11, 9.149458968238378e-11, 1.708100327846296e-11, 3.416561478175595e-11, 1.0768030911378901e-10, 1.3021939082591416e-10, 1.5426215860259163e-11, 3.542566240355427e-11, 1.7698287280154545e-11, 2.3751500766167055e-11, 5.631717314713569e-12, 4.247685536640233e-11, 6.663614104951421e-12, 3.1373237341369986e-12, 1.678801542226438e-11, 4.072464587778768e-12, 8.005818230572004e-13, 1.3425927036792018e-12, 1.1592948823135885e-12, 4.852007684519322e-12, 1.2989609388114332e-12, 2.9110047705671604e-13, 1.4496737144042982e-12, 4.375388940047742e-13, 4.177769241664464e-13, 6.029621246739225e-13, 3.161915174132446e-13, 1.8829382497642655e-13, 7.738254481637341e-14, 1.7197354651443675e-13, 9.026113190202523e-14, 4.873879078104437e-14, 3.597122599785507e-14, 2.786659791809143e-14, 2.0594637106796654e-14, 2.5424107263916085e-14, 3.730349362740526e-14, 6.38378239159465e-15, 4.551914400963142e-15, 1.554312234475219e-14, 1.1102230246251565e-16, 8.215650382226158e-15, 2.9976021664879227e-15, 5.551115123125783e-16, 1.4432899320127035e-15, 4.107825191113079e-15, 3.3306690738754696e-16, 0.0, 0.0, 1.1102230246251565e-16, 1.1102230246251565e-16, 0.0, 4.440892098500626e-16, 0.0, 5.551115123125783e-17, 0.0, 0.0] 

Smallest VQE eingenvalue optimizer final message:
{   'aux_operators_evaluated': None,
    'cost_function_evals': 167,
    'eigenvalue': 0.0,
    'optimal_circuit': <qiskit.circuit.library.n_local.real_amplitudes.RealAmplitudes object at 0x00000171F24BD880>,
    'optimal_parameters': {   ParameterVectorElement(θ[0]): -0.6310834631210256,
                              ParameterVectorElement(θ[1]): 1.5707963282280624,
                              ParameterVectorElement(θ[2]): -1.1628539301608147,
                              ParameterVectorElement(θ[3]): 1.5707963376772915},
    'optimal_point': array([-0.63108346,  1.57079633, -1.16285393,  1.57079634]),
    'optimal_value': 0.0,
    'optimizer_evals': None,
    'optimizer_result': <qiskit_algorithms.optimizers.optimizer.OptimizerResult object at 0x00000171F69E3B60>,
    'optimizer_time': 0.4062480926513672}
     ┌──────────┐ ░       ░ ┌──────────┐
q_0: ┤ Ry(θ[0]) ├─░───■───░─┤ Ry(θ[2]) ├
     ├──────────┤ ░ ┌─┴─┐ ░ ├──────────┤
q_1: ┤ Ry(θ[1]) ├─░─┤ X ├─░─┤ Ry(θ[3]) ├
     └──────────┘ ░ └───┘ ░ └──────────┘
The number of ansatz parameters is: 
 4
Line for latex table
RA r1 rl & $1\mathrm{e}{-08}$ & 100/100 &211 & $0\mathrm{e}{+00}$ & $0\mathrm{e}{+00}$ & $5.5511\mathrm{e}{-17}$ & $5.5511\mathrm{e}{-17}$ & - & 00h 00m 40s\\

