RA_r1_rl
01h56m13s__89
1e-04
3.912831459158454
5.520321555792958
3.7069270530166385
3.5652145743690826
2.588148742685569
1.3037802311821554
1.7705635192508846
4.475809237540997
3.6149105936369668
3.110427019227422
2.947009888296528
3.019833513746809
3.4784839612926097
4.188715810386923
3.761115655132383
4.471530025218956
2.0469776363915253
3.520591669411222
2.2749090494600845
6.4578700219525
4.048038732743633
3.119852266616927
2.745895243075809
2.4156474180251806
2.707678325845371
5.05894659208898
2.0161191220053274
0.863839931149947
3.4997613181943166
3.0239883014378686
1.658631141680634
1.25992485957744
3.6131543213716952
0.816529979414411
2.60113721548578
1.133820413449513
1.4299983447007283
2.2342936887562117
1.9864094455318098
3.7677725492916583
1.8580792906975603
1.3984021008088332
3.601814340685865
3.9410665881242277
1.0591925433142828
5.510666016718414
2.8268203634670663
2.745661995233563
2.813221689685153
3.2996609342876555
1.8432702911384173
3.6379917483103688
3.8656258451534518
1.9487795747634515
1.4043136964312097
5.41494003806364
1.809761362600574
1.6511089568145498
1.4411738072158842
2.6718167408934668
3.7407563610710706
3.7432603868883154
4.434152040383768
3.460835717258829
2.6296247495440914
2.556599182561132
1.3017328065540896
2.7932769013420407
7.035000103455075
2.8727968873612832
2.670556471542917
3.4099791818356575
2.449132639017968
8.369295984999077
3.75361282807919
3.4128438136984185
2.81130861109674
4.099115658207139
1.522412146713801
4.933598296515365
3.6306954603948953
3.977238413982685
4.019361099374281
1.8409915266842192
2.67376109078042
4.712727323529141
4.091967715458432
1.322435861944434
3.1936124168639446
3.068705972769745
5.546642976129711
1.9532761307403865
2.903474199844232
1.8550423665497016
2.2934626462283765
1.4906731096278956
1.214836500104243
4.460721254241507
2.443478848821959
1.667387746482931
