3.912831459158454 0.20269505666737683
5.520321555792958 0.2097319983101737
3.7069270530166385 0.214075897810651
3.5652145743690826 0.2082532639397283
2.588148742685569 0.20978635550746513
1.3037802311821554 0.188600685204318
1.7705635192508846 0.20683083708632785
4.475809237540997 0.21515250088757729
3.6149105936369668 0.16536175567117567
3.110427019227422 0.19679961409767782
2.947009888296528 0.20617048415059222
3.019833513746809 0.17237135941097415
3.4784839612926097 0.2068975539132872
4.188715810386923 0.1392249629362961
3.761115655132383 0.2134014201366512
4.471530025218956 0.20750969062429772
2.0469776363915253 0.20714059140047442
3.520591669411222 0.20895930619214662
2.2749090494600845 0.1908170090450493
6.4578700219525 0.2272874496588888
4.048038732743633 0.19084851082264226
3.119852266616927 0.16372483627596462
2.745895243075809 0.19473684585253406
2.4156474180251806 0.20381415231339192
2.707678325845371 0.20249086347507742
5.05894659208898 0.20862988783405226
2.0161191220053274 0.20657652157160594
0.863839931149947 0.19467796878007038
3.4997613181943166 0.21926757229788477
3.0239883014378686 0.20399879658186945
1.658631141680634 0.20205852946082575
1.25992485957744 0.20353959058315416
3.6131543213716952 0.1875579520074983
0.816529979414411 0.19871303794499992
2.60113721548578 0.21118069699671663
1.133820413449513 0.19873660586316927
1.4299983447007283 0.21123747593432887
2.2342936887562117 0.18048281757045884
1.9864094455318098 0.19941143034907963
3.7677725492916583 0.19945920507921563
1.8580792906975603 0.19812747260185204
1.3984021008088332 0.18916064125874624
3.601814340685865 0.19606677773350945
3.9410665881242277 0.2082449191954109
1.0591925433142828 0.2081474101672311
5.510666016718414 0.2296786410152975
2.8268203634670663 0.15341954639502062
2.745661995233563 0.21956360077132747
2.813221689685153 0.2037900639793583
3.2996609342876555 0.21727263820751816
1.8432702911384173 0.20216323012998533
3.6379917483103688 0.20797278845308648
3.8656258451534518 0.2118724098889157
1.9487795747634515 0.1876107691341901
1.4043136964312097 0.18796177840172593
5.41494003806364 0.1845358867622502
1.809761362600574 0.2010226927283854
1.6511089568145498 0.21417333178324377
1.4411738072158842 0.19716957046733927
2.6718167408934668 0.19560439032668014
3.7407563610710706 0.18972233740847055
3.7432603868883154 0.2262325801765037
4.434152040383768 0.20831010226464614
3.460835717258829 0.17964504542232262
2.6296247495440914 0.17824580872358683
2.556599182561132 0.19545950511382226
1.3017328065540896 0.2037631386456077
2.7932769013420407 0.2162239168301805
7.035000103455075 0.20347929827228212
2.8727968873612832 0.20959176830263646
2.670556471542917 0.1781773770870496
3.4099791818356575 0.2049853568717009
2.449132639017968 0.1987117692055918
8.369295984999077 0.1962187231217133
3.75361282807919 0.16325130095067508
3.4128438136984185 0.2000805745418246
2.81130861109674 0.20751203834071916
4.099115658207139 0.21043495534489945
1.522412146713801 0.21201112165325436
4.933598296515365 0.21785160544000323
3.6306954603948953 0.19574374010996032
3.977238413982685 0.22630063759876276
4.019361099374281 0.20979239675612313
1.8409915266842192 0.19948671806047438
2.67376109078042 0.1528742505606144
4.712727323529141 0.20500490739608399
4.091967715458432 0.20124075468049124
1.322435861944434 0.19319903880705752
3.1936124168639446 0.19155920283829014
3.068705972769745 0.16910356772180082
5.546642976129711 0.22759492073000162
1.9532761307403865 0.19125317806443778
2.903474199844232 0.1604027425945138
1.8550423665497016 0.18863166002061765
2.2934626462283765 0.18991941203703136
1.4906731096278956 0.20279511237453154
1.214836500104243 0.19670353406011512
4.460721254241507 0.1993131094195825
2.443478848821959 0.21820785268393197
1.667387746482931 0.20582779947623822
