4.063416270128073e-14
1.29396493520062e-13
1.8041124150158794e-14
8.26561041833429e-14
3.7914116290949096e-14
5.218048215738236e-15
9.603429163007604e-15
7.549516567451064e-15
1.587618925213974e-14
3.219646771412954e-15
2.475797344914099e-14
9.381384558082573e-15
6.994405055138486e-15
3.3306690738754696e-15
4.996003610813204e-16
7.438494264988549e-15
4.718447854656915e-15
1.504352198367087e-14
2.846056723626589e-13
2.4646951146678475e-14
1.1379786002407855e-14
6.661338147750939e-16
1.1379786002407855e-14
4.440892098500626e-15
2.7755575615628914e-15
1.5271117703719028e-13
5.873079800267078e-14
7.827072323607354e-15
8.271161533457416e-15
1.0158540675320182e-14
4.218847493575595e-15
1.6986412276764895e-14
5.545564008002657e-14
1.5265566588595902e-14
1.071365218763276e-14
3.8746783559417963e-14
8.604228440844963e-15
3.219646771412954e-15
7.993605777301127e-15
2.1094237467877974e-15
1.8973711490843925e-13
9.270362255620057e-15
7.827072323607354e-15
1.5543122344752192e-15
2.4202861936828413e-14
5.909717160079708e-13
9.076073226310655e-14
8.570921750106208e-14
1.1712852909795402e-14
7.749356711883593e-14
2.254862963013693e-13
1.7851831124460205e-12
5.6066262743570405e-15
9.320322291728189e-14
2.8976820942716586e-14
1.2828627049543684e-13
2.5435209494162336e-13
1.0658141036401503e-14
6.161737786669619e-15
9.43689570931383e-15
1.0008660566995786e-13
1.326716514427062e-14
2.7200464103316335e-15
5.639932965095795e-14
5.995204332975845e-15
2.370326157574709e-13
8.826273045769994e-15
4.961031585537512e-13
1.887379141862766e-15
5.717648576819556e-15
9.270362255620057e-15
6.161737786669619e-15
3.774758283725532e-15
4.8405723873656825e-14
4.6074255521944e-15
9.547918011776346e-15
6.106226635438361e-15
8.992806499463768e-15
1.2490009027033011e-14
3.1086244689504383e-15
7.121525591458067e-13
4.701794509287538e-14
1.6431300764452317e-14
8.493206138382448e-15
6.444844657949034e-14
1.429412144204889e-13
1.3822276656583199e-14
2.4980018054066022e-14
1.9872992140790302e-14
4.773959005888173e-15
2.348121697082206e-14
7.577272143066693e-14
4.884981308350689e-15
2.786659791809143e-14
1.7708057242771247e-14
1.404432126150823e-14
3.441691376337985e-14
