No Shot Noise
31/10/2024 16:50:15 

VQEr_100_COBYLA_maxIter_10000_tol_1e-08_RA_r1_rl 

Reference value: 0.0000000000e+00 

Qubits:  5
VQE runs:  100
Optimizer:  COBYLA
Max iterations:  10000
Optimizers's tolerance:  1e-08
Ansatz:  RA_r1_rl 

Only 97 runs out of 100 converged
Number of iterations for each converged VQE run:
[852, 2454, 541, 1694, 775, 649, 708, 611, 490, 433, 638, 496, 419, 526, 493, 517, 546, 531, 4130, 629, 562, 617, 471, 604, 579, 1584, 787, 517, 686, 676, 435, 618, 747, 523, 615, 969, 552, 494, 602, 491, 2081, 556, 549, 441, 584, 6139, 1435, 1267, 549, 1408, 1706, 5773, 484, 1143, 535, 1981, 2417, 896, 613, 528, 1221, 599, 509, 1228, 540, 3017, 534, 4142, 522, 636, 601, 436, 606, 1197, 557, 430, 629, 470, 622, 606, 4113, 1400, 621, 537, 1395, 2218, 676, 933, 550, 426, 700, 937, 635, 757, 458, 485, 867] 

Average iterations of converged run:
1022 

VQE eigenvalues:
[4.063416270128073e-14, 1.29396493520062e-13, 1.8041124150158794e-14, 8.26561041833429e-14, 3.7914116290949096e-14, 5.218048215738236e-15, 9.603429163007604e-15, 7.549516567451064e-15, 1.587618925213974e-14, 3.219646771412954e-15, 2.475797344914099e-14, 9.381384558082573e-15, 6.994405055138486e-15, 3.3306690738754696e-15, 4.996003610813204e-16, 7.438494264988549e-15, 4.718447854656915e-15, 1.504352198367087e-14, 2.846056723626589e-13, 2.4646951146678475e-14, 1.1379786002407855e-14, 6.661338147750939e-16, 1.1379786002407855e-14, 4.440892098500626e-15, 2.7755575615628914e-15, 1.5271117703719028e-13, 5.873079800267078e-14, 7.827072323607354e-15, 8.271161533457416e-15, 1.0158540675320182e-14, 4.218847493575595e-15, 1.6986412276764895e-14, 5.545564008002657e-14, 1.5265566588595902e-14, 1.071365218763276e-14, 3.8746783559417963e-14, 8.604228440844963e-15, 3.219646771412954e-15, 7.993605777301127e-15, 2.1094237467877974e-15, 1.8973711490843925e-13, 9.270362255620057e-15, 7.827072323607354e-15, 1.5543122344752192e-15, 2.4202861936828413e-14, 5.909717160079708e-13, 9.076073226310655e-14, 8.570921750106208e-14, 1.1712852909795402e-14, 7.749356711883593e-14, 2.254862963013693e-13, 1.7851831124460205e-12, 5.6066262743570405e-15, 9.320322291728189e-14, 2.8976820942716586e-14, 1.2828627049543684e-13, 2.5435209494162336e-13, 1.0658141036401503e-14, 6.161737786669619e-15, 9.43689570931383e-15, 1.0008660566995786e-13, 1.326716514427062e-14, 2.7200464103316335e-15, 5.639932965095795e-14, 5.995204332975845e-15, 2.370326157574709e-13, 8.826273045769994e-15, 4.961031585537512e-13, 1.887379141862766e-15, 5.717648576819556e-15, 9.270362255620057e-15, 6.161737786669619e-15, 3.774758283725532e-15, 4.8405723873656825e-14, 4.6074255521944e-15, 9.547918011776346e-15, 6.106226635438361e-15, 8.992806499463768e-15, 1.2490009027033011e-14, 3.1086244689504383e-15, 7.121525591458067e-13, 4.701794509287538e-14, 1.6431300764452317e-14, 8.493206138382448e-15, 6.444844657949034e-14, 1.429412144204889e-13, 1.3822276656583199e-14, 2.4980018054066022e-14, 1.9872992140790302e-14, 4.773959005888173e-15, 2.348121697082206e-14, 7.577272143066693e-14, 4.884981308350689e-15, 2.786659791809143e-14, 1.7708057242771247e-14, 1.404432126150823e-14, 3.441691376337985e-14] 

Median VQE eigenvalues:
1.2490009027033011e-14 

Min eigenvalue after 100 VQE steps on Aer qasm simulator: 4.99600e-16
Delta from reference energy value is 4.99600e-16 

Optimizer history of the smallest VQE eigenvalue:
[6.652424185974596, 6.357932890379438, 6.329712155094533, 7.994709849187755, 9.872793407476916, 5.6866771759401376, 5.484959297174207, 5.923828611534304, 5.793655854313378, 7.2406225202852115, 5.868904591906633, 5.421299866451514, 3.938127605279101, 3.1273593525764096, 3.514849799001905, 3.1168341578206267, 3.142069867048545, 3.0993771539888355, 3.3529471451059236, 3.2840130235976095, 3.489706022604878, 3.0866410748397493, 3.2829374138560508, 3.293516124416059, 3.5699623508658056, 2.7270201928292988, 2.256693707619427, 2.2108545198879423, 2.1424819815323928, 1.4202868047866284, 0.9594259335301005, 0.9602008342231056, 1.5207909511130737, 1.0091289024549148, 0.9947654579020395, 0.47887031562042826, 0.8184978240930094, 0.2907104474088641, 0.3422564362510692, 0.26322780357402237, 0.31405115055701827, 0.4468416064619494, 0.6890482699141341, 0.2757798647861545, 0.24713143626353917, 0.3350759328641413, 0.2846285123931421, 0.23963103232040062, 0.23330590680442348, 0.3404766272656183, 0.253966383358345, 0.31061016059785795, 0.35715595314781035, 0.18053663764155492, 0.12431263065906495, 0.10330596595210545, 0.12151137616928137, 0.1068382903003468, 0.10635607632287436, 0.07336089933631845, 0.07295126136797692, 0.10385378727713901, 0.09733140057587747, 0.09155251736623399, 0.06296440443801798, 0.06280672013751204, 0.0608755394628826, 0.07182831158478659, 0.07719304785216763, 0.0837189771979534, 0.062060983384665536, 0.07726258678390707, 0.06034576105694067, 0.05837722892721586, 0.06068962786871712, 0.06603500469325574, 0.05382901789150274, 0.05907551624584417, 0.04414454184559036, 0.03425353175312018, 0.039522687331944306, 0.03793101141935723, 0.03389957344499306, 0.03343503115142238, 0.026952429025494273, 0.03473770984456398, 0.029542131998620103, 0.02437054035784153, 0.020773035313788213, 0.018351570248130944, 0.02046925638768088, 0.01029730791216249, 0.00949100529851904, 0.008901805617839764, 0.006405913094508331, 0.007888256403375427, 0.007204265536232102, 0.014916990475519643, 0.005897807061668536, 0.006826798525844502, 0.005936317015775794, 0.019893675121852583, 0.009222887543617997, 0.006429946244196849, 0.006794191391667315, 0.0054159370759013226, 0.006077818869249962, 0.006232423941956555, 0.006884411431458792, 0.0053583565168634495, 0.004009808648439528, 0.004323439757434988, 0.004288681693371932, 0.003270139079411316, 0.0028691869274380943, 0.003426053541408902, 0.002640582591300733, 0.0022665025920682313, 0.0047378505996465425, 0.003459019644168615, 0.0020020053956388284, 0.0027964874307430665, 0.0016115093675506675, 0.002651675260248121, 0.0038355594746741217, 0.0016882212177181666, 0.002140163082739288, 0.0017853195219922346, 0.0011821241430384766, 0.0011095347694807245, 0.0014672684477335385, 0.00129621670247132, 0.001456479159393953, 0.0008322404132418693, 0.001065796982855749, 0.0007683650486418614, 0.0007168918404423241, 0.0008541556266538075, 0.0005456204662367958, 0.0007880945684318741, 0.0005933044697821188, 0.0006688989904883869, 0.00044259936174734227, 0.0010228907259324238, 0.0005241043735135786, 0.0004941391547676477, 0.0004892584079883022, 0.0009120717017147006, 0.0003943695990443752, 0.0004972658462441548, 0.0005168680155541727, 0.00033058045848805007, 0.0003041196582846961, 0.0003121725969748024, 0.000346468045187176, 0.0004051786052327033, 0.000252195311673753, 0.00026761305642875044, 0.0002365485410824597, 0.00021322666150530578, 0.00022424548967919788, 0.000190892570414547, 0.00017015687031346483, 9.296685144954964e-05, 5.723292526910173e-05, 5.735443566629028e-05, 7.692797742880897e-05, 6.502632212007642e-05, 6.628549067277945e-05, 5.117846479879562e-05, 5.935672460127828e-05, 4.2395749773271874e-05, 4.191626639449275e-05, 4.127688411120767e-05, 3.782947510527768e-05, 3.345464662229958e-05, 4.719765740207604e-05, 7.247237230695314e-05, 3.8362665520152994e-05, 2.6993918042284015e-05, 1.9894936345299374e-05, 3.800504985279618e-05, 2.1169559359157653e-05, 4.5213413106315326e-05, 2.0656758210835235e-05, 2.324660548785884e-05, 3.5885390677059537e-05, 2.0598203348820565e-05, 2.3313918811718182e-05, 2.0555464847360483e-05, 1.666460802746128e-05, 1.8145488482557148e-05, 1.3822560072207501e-05, 1.0670037869142668e-05, 8.633425642723402e-06, 8.02618847600689e-06, 9.237058523292596e-06, 7.177674581082538e-06, 6.180537616251591e-06, 5.595194336183162e-06, 4.578160304746781e-06, 3.3579430792074483e-06, 2.975510623115518e-06, 2.6321814323160275e-06, 3.4152111485497016e-06, 2.653165615484898e-06, 2.11320900123102e-06, 3.4368924074490437e-06, 2.831320337348675e-06, 1.7452088102998253e-06, 2.1732062229218307e-06, 3.473630811934303e-06, 1.6483839659908739e-06, 2.1016880578650365e-06, 1.7813680158740297e-06, 2.046977609970746e-06, 1.5025506105992292e-06, 1.5981502209938547e-06, 1.392952142575954e-06, 1.4395672092715195e-06, 1.008077100961291e-06, 1.0914888036728243e-06, 9.4406969708416e-07, 9.709291576287526e-07, 9.55946217018333e-07, 1.1684066144601601e-06, 1.5992701113964891e-06, 1.0104708074720747e-06, 8.876054246598208e-07, 7.874843704347434e-07, 8.389578127765418e-07, 8.069029042712117e-07, 8.477040876475606e-07, 8.737660684432491e-07, 8.869892919038946e-07, 6.069997410262928e-07, 5.711650602480134e-07, 6.712606742120819e-07, 5.49849907105493e-07, 5.691230837157057e-07, 6.596079554221923e-07, 5.984147203319523e-07, 3.9629065934354557e-07, 4.138141269649509e-07, 4.354613172830035e-07, 3.587180136821466e-07, 3.469201227401797e-07, 4.1102874681619994e-07, 4.169970757583741e-07, 3.047887249807424e-07, 3.0952856816535146e-07, 3.24855635391863e-07, 3.595482084284285e-07, 3.2637769964427576e-07, 3.0842451359536227e-07, 3.0872401907133806e-07, 3.001024934112806e-07, 3.1705759079292406e-07, 2.3826673684057553e-07, 2.1113848169829197e-07, 2.4738200071761085e-07, 2.2293105600423857e-07, 1.9059799738485594e-07, 1.8925390066204528e-07, 2.0498029013049646e-07, 1.7793180423497645e-07, 1.7747912522958487e-07, 1.378507777372029e-07, 1.7702757332260788e-07, 1.486406733253176e-07, 9.548325607955377e-08, 1.138090344188214e-07, 9.234962133897184e-08, 9.382068183461101e-08, 9.486957636140048e-08, 9.226445768506508e-08, 1.0412660872427537e-07, 1.29110580615599e-07, 1.1070626559916974e-07, 6.993491574736055e-08, 9.278188550787547e-08, 7.048123124020478e-08, 9.418415486406317e-08, 5.426271987296616e-08, 5.347966680613325e-08, 5.521335616487377e-08, 4.591400848408256e-08, 4.307379342094464e-08, 4.094287503475513e-08, 4.030879402483478e-08, 4.1891565993879e-08, 4.1432512587480375e-08, 2.654815195457516e-08, 2.324380377061175e-08, 2.1588182519405308e-08, 1.969650981203941e-08, 1.6260453761240967e-08, 1.892112783119515e-08, 1.8733423923222858e-08, 1.8720585859277605e-08, 2.553172162578221e-08, 1.401651872345866e-08, 1.3103564566741e-08, 1.1666684340827516e-08, 9.553440427634285e-09, 9.876233886263464e-09, 7.384871270055271e-09, 1.2963246975861153e-08, 1.1050872050777372e-08, 6.134075303254605e-09, 7.821349679026923e-09, 7.4419863049790536e-09, 4.74749223267068e-09, 4.9388942380268475e-09, 8.25222240541379e-09, 8.842620469184936e-09, 8.420772690254097e-09, 1.123112641776558e-08, 3.910085810687747e-09, 4.526990671216424e-09, 5.500252864276689e-09, 4.079821813718354e-09, 3.1228740704491997e-09, 2.9671993195812263e-09, 2.3878311550262765e-09, 2.3326965914449715e-09, 3.1019732893433627e-09, 3.010404980852144e-09, 2.2482237738152833e-09, 2.7155896420438808e-09, 2.3324911446742647e-09, 2.7346523379101484e-09, 2.934492870920735e-09, 1.8725190842339146e-09, 1.963137652438718e-09, 2.0592706984068343e-09, 1.2610521515910023e-09, 1.0969964936435872e-09, 1.105365465825514e-09, 1.1008585154570483e-09, 1.3315474278741135e-09, 7.611151708886155e-10, 6.577677291730311e-10, 6.546101438686946e-10, 8.310150345636202e-10, 6.160135179733572e-10, 8.663014194887353e-10, 1.1083109430209959e-09, 7.482479080778148e-10, 5.532558300380686e-10, 7.700104442953659e-10, 7.727722906025747e-10, 5.43556644139187e-10, 6.08414763014764e-10, 3.8905356714025174e-10, 3.104640988738083e-10, 2.4682855759294853e-10, 1.9410356655313876e-10, 2.0663387667596567e-10, 3.494203260068218e-10, 1.550168882147318e-10, 1.799567161953064e-10, 2.2508545027832838e-10, 1.3912254681613945e-10, 2.1182239295924887e-10, 1.1541467781484016e-10, 1.2898737633548762e-10, 2.0337537209869083e-10, 1.2140788374637168e-10, 1.0908368652806644e-10, 1.1204287497790233e-10, 9.259432109942622e-11, 1.5772011474624037e-10, 1.0259593175021564e-10, 6.346584369154584e-11, 8.704514886659354e-11, 4.2062076044402374e-11, 9.397538303090869e-11, 4.284528287712419e-11, 3.72133435178057e-11, 3.1293800883958056e-11, 4.72589745115215e-11, 3.576322571419155e-11, 1.3293921519164087e-11, 1.5872969605368326e-11, 3.929645497890988e-11, 2.0122403743272343e-11, 2.5265789460604537e-11, 1.032612884088735e-11, 1.2124468096175178e-11, 1.2127743254097823e-11, 9.81287273660314e-12, 1.564637308604233e-11, 5.987821349862088e-12, 5.2718385212813246e-12, 3.4353075939463906e-12, 1.9651502647377583e-12, 5.258626867288285e-12, 1.3493650641294153e-12, 3.6036174044795644e-12, 1.7481571745747715e-12, 1.0709488851290416e-11, 6.752765013828821e-12, 1.11699538507537e-12, 2.089550754647007e-12, 1.1657341758564144e-12, 1.439959262938828e-12, 1.4338530363033897e-12, 1.5047962875769372e-12, 2.2503110486127298e-12, 9.215406215901112e-13, 1.3669065879184927e-12, 8.22675261247241e-13, 1.3468115511727774e-12, 1.155520124029863e-12, 7.650546862691954e-13, 8.923972671937008e-13, 5.177525075339418e-13, 7.949751967828433e-13, 5.708211681110242e-13, 4.586886426238834e-13, 3.7875258485087215e-13, 7.275291480368651e-13, 3.342326415634034e-13, 6.163958232718869e-13, 4.375388940047742e-13, 2.3542279237176444e-13, 3.9668268669856843e-13, 1.9195756095768957e-13, 9.81992265280951e-14, 1.3666845433135677e-13, 9.015010959956271e-14, 6.750155989720952e-14, 5.784261958297066e-14, 6.372680161348399e-14, 5.88418203051333e-14, 1.1668443988810395e-13, 5.46229728115577e-14, 1.0180745135812685e-13, 4.4353409833775004e-14, 3.7470027081099033e-14, 7.244205235679146e-14, 5.101474798152594e-14, 5.1236792586450974e-14, 5.3790305543088834e-14, 2.786659791809143e-14, 3.425038030968608e-14, 2.8255175976710234e-14, 3.5360603334311236e-14, 4.6629367034256575e-14, 2.270406085358445e-14, 2.9032332093947844e-14, 3.402833570476105e-14, 3.036459972349803e-14, 2.5646151868841116e-14, 2.6922908347160046e-14, 1.5376588891058418e-14, 1.815214645262131e-14, 1.1934897514720433e-14, 1.0547118733938987e-14, 9.992007221626409e-15, 7.216449660063518e-15, 1.5487611193520934e-14, 1.176836406102666e-14, 1.8984813721090177e-14, 7.605027718682322e-15, 2.6645352591003757e-15, 4.440892098500626e-15, 4.163336342344337e-15, 3.3306690738754696e-15, 8.881784197001252e-15, 2.0539125955565396e-15, 2.220446049250313e-15, 2.7200464103316335e-15, 9.992007221626409e-16, 1.7208456881689926e-15, 2.886579864025407e-15, 4.440892098500626e-15, 3.3306690738754696e-16, -3.3306690738754696e-16, 1.609823385706477e-15, 4.440892098500626e-16, -2.220446049250313e-16, -3.3306690738754696e-16, -3.3306690738754696e-16, -3.3306690738754696e-16, -2.220446049250313e-16, -3.3306690738754696e-16, -3.3306690738754696e-16, -1.6653345369377348e-16, -3.3306690738754696e-16, -3.3306690738754696e-16, 4.996003610813204e-16] 

Smallest VQE eingenvalue optimizer final message:
{   'aux_operators_evaluated': None,
    'cost_function_evals': 493,
    'eigenvalue': 4.996003610813204e-16,
    'optimal_circuit': <qiskit.circuit.library.n_local.real_amplitudes.RealAmplitudes object at 0x00000164F5AE1910>,
    'optimal_parameters': {   ParameterVectorElement(θ[0]): 3.1415926336674995,
                              ParameterVectorElement(θ[1]): -1.2665618969702072e-08,
                              ParameterVectorElement(θ[2]): -3.7485148593814195e-09,
                              ParameterVectorElement(θ[3]): -1.740445968718887e-08,
                              ParameterVectorElement(θ[4]): 3.1032525200824157,
                              ParameterVectorElement(θ[5]): 3.14159264616269,
                              ParameterVectorElement(θ[6]): -3.141592635631392,
                              ParameterVectorElement(θ[7]): -1.4643351077257042e-08,
                              ParameterVectorElement(θ[8]): -6.864555664215943e-09,
                              ParameterVectorElement(θ[9]): 0.03834013771065447},
    'optimal_point': array([ 3.14159263e+00, -1.26656190e-08, -3.74851486e-09, -1.74044597e-08,
        3.10325252e+00,  3.14159265e+00, -3.14159264e+00, -1.46433511e-08,
       -6.86455566e-09,  3.83401377e-02]),
    'optimal_value': 4.996003610813204e-16,
    'optimizer_evals': None,
    'optimizer_result': <qiskit_algorithms.optimizers.optimizer.OptimizerResult object at 0x00000164EC916900>,
    'optimizer_time': 1.2874150276184082}
     ┌──────────┐ ░                      ░ ┌──────────┐
q_0: ┤ Ry(θ[0]) ├─░──────────────────■───░─┤ Ry(θ[5]) ├
     ├──────────┤ ░                ┌─┴─┐ ░ ├──────────┤
q_1: ┤ Ry(θ[1]) ├─░─────────────■──┤ X ├─░─┤ Ry(θ[6]) ├
     ├──────────┤ ░           ┌─┴─┐└───┘ ░ ├──────────┤
q_2: ┤ Ry(θ[2]) ├─░────────■──┤ X ├──────░─┤ Ry(θ[7]) ├
     ├──────────┤ ░      ┌─┴─┐└───┘      ░ ├──────────┤
q_3: ┤ Ry(θ[3]) ├─░───■──┤ X ├───────────░─┤ Ry(θ[8]) ├
     ├──────────┤ ░ ┌─┴─┐└───┘           ░ ├──────────┤
q_4: ┤ Ry(θ[4]) ├─░─┤ X ├────────────────░─┤ Ry(θ[9]) ├
     └──────────┘ ░ └───┘                ░ └──────────┘
The number of ansatz parameters is: 
 10
Line for latex table
RA r1 rl & $1\mathrm{e}{-08}$ & 97/100 &1022 & $4.996\mathrm{e}{-16}$ & $4.996\mathrm{e}{-16}$ & $1.249\mathrm{e}{-14}$ & $1.249\mathrm{e}{-14}$ & - & 00h 04m 57s\\

