RA_r1_rl
06m53s__56
1e-05
-0.43674999999999997
-0.4375
-0.43425
-0.4364999999999999
-0.4375
-0.43700000000000006
-0.4375
-0.43725000000000014
-0.4375
-0.43725000000000014
-0.4357500000000001
-0.4375
-0.43700000000000006
-0.43599999999999994
-0.4375
-0.4375
-0.43674999999999997
-0.4375
-0.4375
-0.43674999999999997
-0.43725000000000014
-0.4375
-0.4375
-0.4375
-0.40349999999999997
-0.4375
-0.43599999999999994
-0.4375
-0.43725000000000014
-0.43700000000000006
-0.4375
-0.4375
-0.43625
-0.4357500000000001
-0.4375
-0.4364999999999999
-0.4375
-0.43325000000000014
-0.4375
-0.4375
-0.4375
-0.4375
-0.43725000000000014
-0.4375
-0.43599999999999994
-0.4375
-0.4375
-0.43674999999999997
-0.43500000000000005
-0.43700000000000006
-0.4364999999999999
-0.43425
-0.4375
-0.4375
-0.4295
-0.4375
-0.43725000000000014
-0.43074999999999997
-0.4364999999999999
-0.4375
-0.4375
-0.43625
-0.4375
-0.4357500000000001
-0.41800000000000015
-0.43674999999999997
-0.43725000000000014
-0.43725000000000014
-0.4375
-0.4375
-0.4352499999999999
-0.43725000000000014
-0.4337500000000001
-0.43700000000000006
-0.43199999999999994
-0.43599999999999994
-0.4375
-0.4375
-0.4375
-0.43700000000000006
-0.4375
-0.43225
-0.43700000000000006
-0.43700000000000006
-0.43725000000000014
-0.43725000000000014
-0.4375
-0.4375
-0.4375
-0.43674999999999997
-0.4375
-0.4357500000000001
-0.4375
-0.4345000000000001
-0.4375
-0.4375
-0.4375
-0.4345000000000001
-0.4375
-0.4375
