-0.43674999999999997 0.0004329477451148221
-0.4375 0.0
-0.43425 0.0009008017262416937
-0.4364999999999999 0.0004998999899980072
-0.4375 0.0
-0.43700000000000006 0.0003535180334862453
-0.4375 0.0
-0.43725000000000014 0.0002499874996874772
-0.4375 0.0
-0.43725000000000014 0.0002499874996874772
-0.4357500000000001 0.0006612062839991704
-0.4375 0.0
-0.43700000000000006 0.0003535180334862453
-0.43599999999999994 0.0006121886964000483
-0.4375 0.0
-0.4375 0.0
-0.43674999999999997 0.0004329477451148221
-0.4375 0.0
-0.4375 0.0
-0.43674999999999997 0.0004329477451148221
-0.43725000000000014 0.0002499874996874772
-0.4375 0.0
-0.4375 0.0
-0.4375 0.0
-0.40349999999999997 0.002895582842883276
-0.4375 0.0
-0.43599999999999994 0.0006121886964000483
-0.4375 0.0
-0.43725000000000014 0.0002499874996874772
-0.43700000000000006 0.0003535180334862453
-0.4375 0.0
-0.4375 0.0
-0.43625 0.0005588772226527001
-0.4357500000000001 0.0006612062839991704
-0.4375 0.0
-0.4364999999999999 0.0004998999899980072
-0.4375 0.0
-0.43325000000000014 0.0010298998737741372
-0.4375 0.0
-0.4375 0.0
-0.4375 0.0
-0.4375 0.0
-0.43725000000000014 0.0002499874996874772
-0.4375 0.0
-0.43599999999999994 0.0006121886964000483
-0.4375 0.0
-0.4375 0.0
-0.43674999999999997 0.0004329477451148221
-0.43500000000000005 0.0007901740314639554
-0.43700000000000006 0.0003535180334862453
-0.4364999999999999 0.0004998999899980072
-0.43425 0.0009008017262416937
-0.4375 0.0
-0.4375 0.0
-0.4295 0.0014119490075778201
-0.4375 0.0
-0.43725000000000014 0.0002499874996874772
-0.43074999999999997 0.0012972832188847554
-0.4364999999999999 0.0004998999899980072
-0.4375 0.0
-0.4375 0.0
-0.43625 0.0005588772226527001
-0.4375 0.0
-0.4357500000000001 0.0006612062839991704
-0.41800000000000015 0.002199312392544538
-0.43674999999999997 0.0004329477451148221
-0.43725000000000014 0.0002499874996874772
-0.43725000000000014 0.0002499874996874772
-0.4375 0.0
-0.4375 0.0
-0.4352499999999999 0.000749662424028318
-0.43725000000000014 0.0002499874996874772
-0.4337500000000001 0.0009675193796508652
-0.43700000000000006 0.0003535180334862453
-0.43199999999999994 0.0011713133654150728
-0.43599999999999994 0.0006121886964000483
-0.4375 0.0
-0.4375 0.0
-0.4375 0.0
-0.43700000000000006 0.0003535180334862453
-0.4375 0.0
-0.43225 0.001144440365418831
-0.43700000000000006 0.0003535180334862453
-0.43700000000000006 0.0003535180334862453
-0.43725000000000014 0.0002499874996874772
-0.43725000000000014 0.0002499874996874772
-0.4375 0.0
-0.4375 0.0
-0.4375 0.0
-0.43674999999999997 0.0004329477451148221
-0.4375 0.0
-0.4357500000000001 0.0006612062839991704
-0.4375 0.0
-0.4345000000000001 0.0008655056325639898
-0.4375 0.0
-0.4375 0.0
-0.4375 0.0
-0.4345000000000001 0.0008655056325639898
-0.4375 0.0
-0.4375 0.0
