With Shot Noise
02/11/2024 09:31:59 

VQEr_100_shots_10000_COBYLA_maxIter_10000_tol_1e-05_RA_r1_rl 

Reference value: -4.3750000000e-01 

Number of pauli strings:  2
Qubits:  2
VQE runs:  100
Optimizer:  COBYLA
Max iterations:  10000
Optimizers's tolerance:  1e-05
Ansatz:  RA_r1_rl 

All run converged!!!
Number of iterations for each converged VQE run:
[55, 63, 57, 56, 58, 51, 54, 53, 41, 61, 60, 60, 66, 59, 59, 56, 67, 50, 71, 62, 57, 65, 58, 63, 59, 61, 54, 41, 53, 59, 53, 52, 55, 59, 61, 53, 58, 61, 66, 41, 58, 48, 52, 58, 59, 44, 54, 49, 56, 63, 48, 58, 63, 57, 58, 49, 56, 56, 51, 61, 48, 54, 52, 59, 56, 63, 49, 58, 62, 61, 55, 55, 58, 66, 55, 65, 42, 45, 69, 54, 50, 56, 50, 58, 59, 60, 52, 59, 60, 63, 49, 58, 47, 52, 57, 55, 61, 52, 46, 57] 

Average iterations of converged run:
56 

VQE eigenvalues:
[-0.43674999999999997, -0.4375, -0.43425, -0.4364999999999999, -0.4375, -0.43700000000000006, -0.4375, -0.43725000000000014, -0.4375, -0.43725000000000014, -0.4357500000000001, -0.4375, -0.43700000000000006, -0.43599999999999994, -0.4375, -0.4375, -0.43674999999999997, -0.4375, -0.4375, -0.43674999999999997, -0.43725000000000014, -0.4375, -0.4375, -0.4375, -0.40349999999999997, -0.4375, -0.43599999999999994, -0.4375, -0.43725000000000014, -0.43700000000000006, -0.4375, -0.4375, -0.43625, -0.4357500000000001, -0.4375, -0.4364999999999999, -0.4375, -0.43325000000000014, -0.4375, -0.4375, -0.4375, -0.4375, -0.43725000000000014, -0.4375, -0.43599999999999994, -0.4375, -0.4375, -0.43674999999999997, -0.43500000000000005, -0.43700000000000006, -0.4364999999999999, -0.43425, -0.4375, -0.4375, -0.4295, -0.4375, -0.43725000000000014, -0.43074999999999997, -0.4364999999999999, -0.4375, -0.4375, -0.43625, -0.4375, -0.4357500000000001, -0.41800000000000015, -0.43674999999999997, -0.43725000000000014, -0.43725000000000014, -0.4375, -0.4375, -0.4352499999999999, -0.43725000000000014, -0.4337500000000001, -0.43700000000000006, -0.43199999999999994, -0.43599999999999994, -0.4375, -0.4375, -0.4375, -0.43700000000000006, -0.4375, -0.43225, -0.43700000000000006, -0.43700000000000006, -0.43725000000000014, -0.43725000000000014, -0.4375, -0.4375, -0.4375, -0.43674999999999997, -0.4375, -0.4357500000000001, -0.4375, -0.4345000000000001, -0.4375, -0.4375, -0.4375, -0.4345000000000001, -0.4375, -0.4375] 

VQE eigenvalues standard deviation:
[0.0004329477451148221, 0.0, 0.0009008017262416937, 0.0004998999899980072, 0.0, 0.0003535180334862453, 0.0, 0.0002499874996874772, 0.0, 0.0002499874996874772, 0.0006612062839991704, 0.0, 0.0003535180334862453, 0.0006121886964000483, 0.0, 0.0, 0.0004329477451148221, 0.0, 0.0, 0.0004329477451148221, 0.0002499874996874772, 0.0, 0.0, 0.0, 0.002895582842883276, 0.0, 0.0006121886964000483, 0.0, 0.0002499874996874772, 0.0003535180334862453, 0.0, 0.0, 0.0005588772226527001, 0.0006612062839991704, 0.0, 0.0004998999899980072, 0.0, 0.0010298998737741372, 0.0, 0.0, 0.0, 0.0, 0.0002499874996874772, 0.0, 0.0006121886964000483, 0.0, 0.0, 0.0004329477451148221, 0.0007901740314639554, 0.0003535180334862453, 0.0004998999899980072, 0.0009008017262416937, 0.0, 0.0, 0.0014119490075778201, 0.0, 0.0002499874996874772, 0.0012972832188847554, 0.0004998999899980072, 0.0, 0.0, 0.0005588772226527001, 0.0, 0.0006612062839991704, 0.002199312392544538, 0.0004329477451148221, 0.0002499874996874772, 0.0002499874996874772, 0.0, 0.0, 0.000749662424028318, 0.0002499874996874772, 0.0009675193796508652, 0.0003535180334862453, 0.0011713133654150728, 0.0006121886964000483, 0.0, 0.0, 0.0, 0.0003535180334862453, 0.0, 0.001144440365418831, 0.0003535180334862453, 0.0003535180334862453, 0.0002499874996874772, 0.0002499874996874772, 0.0, 0.0, 0.0, 0.0004329477451148221, 0.0, 0.0006612062839991704, 0.0, 0.0008655056325639898, 0.0, 0.0, 0.0, 0.0008655056325639898, 0.0, 0.0] 

Median VQE eigenvalues:
-0.43725000000000014 

Min eigenvalue after 100 VQE steps on Aer qasm simulator: -4.37500e-01
Delta from reference energy value is 0.00000e+00 

Optimizer history of the smallest VQE eigenvalue:
[-0.21675, -0.41649999999999987, 0.23950000000000005, -0.41975000000000007, 0.28325, 0.4595, -0.3380000000000001, -0.36275000000000013, -0.40249999999999986, -0.42175000000000007, -0.4172500000000001, -0.4092500000000001, -0.40775000000000006, -0.42900000000000005, -0.40149999999999997, -0.4272499999999999, -0.43625, -0.4364999999999999, -0.4375, -0.43725000000000014, -0.43599999999999994, -0.4364999999999999, -0.4375, -0.43674999999999997, -0.43725000000000014, -0.4375, -0.43700000000000006, -0.4375, -0.4375, -0.43700000000000006, -0.4375, -0.43700000000000006, -0.43700000000000006, -0.4375, -0.43725000000000014, -0.4375, -0.4375, -0.43725000000000014, -0.4375, -0.43725000000000014, -0.43725000000000014, -0.43700000000000006, -0.4375, -0.4375, -0.43725000000000014, -0.4375, -0.4375, -0.43725000000000014, -0.43700000000000006, -0.43725000000000014, -0.43700000000000006, -0.4375, -0.43725000000000014, -0.4375, -0.43725000000000014, -0.4375, -0.4375, -0.43725000000000014, -0.43725000000000014, -0.43725000000000014, -0.4375, -0.4375, -0.4375] 

Optimizer history of the smallest VQE eigenvalue standard deviation:
[0.007093267494603597, 0.002281644144032985, 0.011109324911982727, 0.002099045914219124, 0.011324285573492044, 0.011991209280135176, 0.004887225695627326, 0.004257786249919081, 0.002937260628544904, 0.0019780530200174053, 0.0022408689720731113, 0.0026424787132539014, 0.00271090275554104, 0.0014552577091360873, 0.002978321675037809, 0.0015974960876321393, 0.0005588772226527001, 0.0004998999899980072, 0.0, 0.0002499874996874772, 0.0006121886964000483, 0.0004998999899980072, 0.0, 0.0004329477451148221, 0.0002499874996874772, 0.0, 0.0003535180334862453, 0.0, 0.0, 0.0003535180334862453, 0.0, 0.0003535180334862453, 0.0003535180334862453, 0.0, 0.0002499874996874772, 0.0, 0.0, 0.0002499874996874772, 0.0, 0.0002499874996874772, 0.0002499874996874772, 0.0003535180334862453, 0.0, 0.0, 0.0002499874996874772, 0.0, 0.0, 0.0002499874996874772, 0.0003535180334862453, 0.0002499874996874772, 0.0003535180334862453, 0.0, 0.0002499874996874772, 0.0, 0.0002499874996874772, 0.0, 0.0, 0.0002499874996874772, 0.0002499874996874772, 0.0002499874996874772, 0.0, 0.0, 0.0] 

Smallest VQE eingenvalue optimizer final message:
{   'aux_operators_evaluated': None,
    'cost_function_evals': 63,
    'eigenvalue': -0.4375,
    'optimal_circuit': <qiskit.circuit.library.n_local.real_amplitudes.RealAmplitudes object at 0x00000135A51D2030>,
    'optimal_parameters': {   ParameterVectorElement(θ[0]): 0.040373617619090536,
                              ParameterVectorElement(θ[1]): -2.0636584352635037,
                              ParameterVectorElement(θ[2]): 3.425343033648941,
                              ParameterVectorElement(θ[3]): -1.0835518088439937},
    'optimal_point': array([ 0.04037362, -2.06365844,  3.42534303, -1.08355181]),
    'optimal_value': -0.4375,
    'optimizer_evals': None,
    'optimizer_result': <qiskit_algorithms.optimizers.optimizer.OptimizerResult object at 0x00000135A514BC80>,
    'optimizer_time': 4.583165645599365}
     ┌──────────┐ ░       ░ ┌──────────┐
q_0: ┤ Ry(θ[0]) ├─░───■───░─┤ Ry(θ[2]) ├
     ├──────────┤ ░ ┌─┴─┐ ░ ├──────────┤
q_1: ┤ Ry(θ[1]) ├─░─┤ X ├─░─┤ Ry(θ[3]) ├
     └──────────┘ ░ └───┘ ░ └──────────┘
The number of ansatz parameters is: 
 4
Line for latex table
RA r1 rl & $1\mathrm{e}{-05}$ & 10000 & 100/100 &56 & $-4.375\mathrm{e}{-01}$ & $0\mathrm{e}{+00}$ & $0\mathrm{e}{+00}$ & $-4.3725\mathrm{e}{-01}$ & $2.5\mathrm{e}{-04}$ & - & 00h 06m 53s\\

