RA_r1_rl
07h30m23s__197
1e-08
352.8889537188777
1412.37134675299
350.7568219769414
240.21391906408022
275.21737257081026
-6.36406879586832
215.7874903853663
626.7064255109314
577.4006336279382
620.6783471854374
661.2792327514251
605.542740691977
334.883074414691
-72.11067388687917
669.8191463829901
1146.3144271392666
337.3799038030357
253.9408978113595
312.71248776318333
383.6740967365447
469.1391796478987
597.1246363464375
199.64678968622763
1128.35427288258
326.62378908657934
355.54595737444157
413.5564509282904
424.8212881573351
458.8853797081615
135.63897440722405
390.1334983409971
93.14734031009957
2065.028085760854
881.3130497103984
326.50625536268853
251.0153442276773
303.59410276953764
147.50306956141876
322.9442156500591
1000.4934263188517
358.4703470731239
38.97879097312001
349.1891201461614
232.82342855016805
218.05119341646082
380.24501562131115
322.46434083716645
-219.1109949898223
194.3634625221965
57.51978573988481
72.05625491297312
407.6825527690748
997.3054436942921
1125.2356823572668
609.4974951680286
210.1957461328583
818.9377052724549
826.8479205001441
681.9373728066615
1156.046771922462
692.2800060272067
210.29226272884807
700.0014693420768
444.18144644646804
116.27871734643949
704.577187842425
363.4815555139656
581.188719632779
972.3885329651065
389.64720358205653
1331.398766897138
166.01324311020284
52.454200206103906
443.4159971696134
459.06810505532883
770.538333579306
809.0808148567198
1096.2754978538385
426.62963264341334
802.085591034534
424.89462864747156
640.395029238733
836.6428520509701
176.7950075758146
909.5585980920301
122.30559884879415
293.02171464784675
457.67812620478185
357.3756526704093
84.84133445895948
567.7972192400914
739.7913746030201
163.4543558901796
292.12823531889364
4531.391871732217
842.233026135065
371.36633499707534
398.86903159859617
509.9823121141785
734.3597492544721
