352.8889537188777 139.9706373255979
1412.37134675299 167.1499746332589
350.7568219769414 152.71010337279233
240.21391906408022 126.4985980136115
275.21737257081026 150.75212028859798
-6.36406879586832 142.31443947625746
215.7874903853663 146.21083654531176
626.7064255109314 152.62851529420752
577.4006336279382 161.82838075706937
620.6783471854374 132.86957689786854
661.2792327514251 154.13502283165892
605.542740691977 156.82296152619955
334.883074414691 145.28304438208744
-72.11067388687917 146.9290924044261
669.8191463829901 134.96691367126962
1146.3144271392666 152.93314917847061
337.3799038030357 147.81126221105907
253.9408978113595 139.29774332747078
312.71248776318333 140.65080577162806
383.6740967365447 146.59742613566763
469.1391796478987 156.22946904926874
597.1246363464375 143.7027017179427
199.64678968622763 149.5580409085547
1128.35427288258 166.6912466248507
326.62378908657934 118.9649412565213
355.54595737444157 138.8157062418026
413.5564509282904 143.4375972696403
424.8212881573351 150.83635689723388
458.8853797081615 130.32044719306967
135.63897440722405 153.42266598615814
390.1334983409971 150.41613194324015
93.14734031009957 149.4185548214233
2065.028085760854 167.9966100446378
881.3130497103984 141.99515673185874
326.50625536268853 150.58042773719094
251.0153442276773 132.10395402191418
303.59410276953764 114.1455176477144
147.50306956141876 129.85452243058654
322.9442156500591 150.56815216733978
1000.4934263188517 156.12239192534108
358.4703470731239 121.16135828128515
38.97879097312001 143.0778450351756
349.1891201461614 151.27419541564907
232.82342855016805 130.931162864171
218.05119341646082 162.3725496756182
380.24501562131115 156.16854889154135
322.46434083716645 135.26819532981955
-219.1109949898223 151.74440061855069
194.3634625221965 148.012068669888
57.51978573988481 136.6921196841055
72.05625491297312 129.4261763571008
407.6825527690748 152.20641716956558
997.3054436942921 156.06636912572486
1125.2356823572668 155.86596281943596
609.4974951680286 159.3129037977548
210.1957461328583 144.6734422502586
818.9377052724549 168.8906733323608
826.8479205001441 156.37778926305432
681.9373728066615 155.90626236653083
1156.046771922462 158.6367243122324
692.2800060272067 149.67574845126245
210.29226272884807 148.4854348179196
700.0014693420768 151.50757896933155
444.18144644646804 147.82948940721627
116.27871734643949 144.09706215867425
704.577187842425 161.00123001998833
363.4815555139656 145.081520512063
581.188719632779 156.97059775233663
972.3885329651065 151.03302812735475
389.64720358205653 157.84609695003397
1331.398766897138 169.3531339664007
166.01324311020284 128.016413570898
52.454200206103906 146.6987690195029
443.4159971696134 153.94717777116037
459.06810505532883 135.04128462120397
770.538333579306 141.14773710173944
809.0808148567198 150.30023318438245
1096.2754978538385 147.0698950804156
426.62963264341334 151.26099097489484
802.085591034534 149.2764638101729
424.89462864747156 135.93201988369952
640.395029238733 163.3905894352901
836.6428520509701 158.09327214883348
176.7950075758146 148.66174576254596
909.5585980920301 141.81684742451202
122.30559884879415 143.51179416766456
293.02171464784675 155.99207024045236
457.67812620478185 152.10589751735114
357.3756526704093 149.58323718755395
84.84133445895948 127.09976581777366
567.7972192400914 145.5578995324522
739.7913746030201 163.26064135171538
163.4543558901796 135.0069009523563
292.12823531889364 155.03697120005552
4531.391871732217 141.6524940355609
842.233026135065 157.57763253340215
371.36633499707534 131.72264488452456
398.86903159859617 143.40314362799552
509.9823121141785 151.05549175516697
734.3597492544721 148.97988258134347
