With Shot Noise
03/11/2024 20:27:46 

VQEr_100_shots_10000_COBYLA_maxIter_10000_tol_1e-08_RA_r1_rl 

Reference value: 6.1822393761e-06 

Number of pauli strings:  270
Qubits:  6
VQE runs:  100
Optimizer:  COBYLA
Max iterations:  10000
Optimizers's tolerance:  1e-08
Ansatz:  RA_r1_rl 

All run converged!!!
Number of iterations for each converged VQE run:
[200, 196, 204, 202, 195, 224, 176, 212, 188, 199, 193, 211, 182, 186, 203, 197, 196, 193, 179, 201, 193, 204, 206, 184, 198, 190, 177, 212, 198, 193, 202, 196, 189, 218, 211, 208, 186, 195, 208, 183, 195, 191, 191, 204, 234, 177, 193, 191, 213, 197, 188, 207, 208, 177, 217, 192, 194, 179, 169, 198, 186, 195, 197, 205, 195, 179, 208, 199, 200, 199, 205, 207, 212, 198, 185, 206, 197, 203, 193, 189, 187, 187, 182, 183, 211, 197, 213, 203, 214, 193, 175, 204, 192, 185, 202, 197, 194, 211, 215, 192] 

Average iterations of converged run:
197 

VQE eigenvalues:
[352.8889537188777, 1412.37134675299, 350.7568219769414, 240.21391906408022, 275.21737257081026, -6.36406879586832, 215.7874903853663, 626.7064255109314, 577.4006336279382, 620.6783471854374, 661.2792327514251, 605.542740691977, 334.883074414691, -72.11067388687917, 669.8191463829901, 1146.3144271392666, 337.3799038030357, 253.9408978113595, 312.71248776318333, 383.6740967365447, 469.1391796478987, 597.1246363464375, 199.64678968622763, 1128.35427288258, 326.62378908657934, 355.54595737444157, 413.5564509282904, 424.8212881573351, 458.8853797081615, 135.63897440722405, 390.1334983409971, 93.14734031009957, 2065.028085760854, 881.3130497103984, 326.50625536268853, 251.0153442276773, 303.59410276953764, 147.50306956141876, 322.9442156500591, 1000.4934263188517, 358.4703470731239, 38.97879097312001, 349.1891201461614, 232.82342855016805, 218.05119341646082, 380.24501562131115, 322.46434083716645, -219.1109949898223, 194.3634625221965, 57.51978573988481, 72.05625491297312, 407.6825527690748, 997.3054436942921, 1125.2356823572668, 609.4974951680286, 210.1957461328583, 818.9377052724549, 826.8479205001441, 681.9373728066615, 1156.046771922462, 692.2800060272067, 210.29226272884807, 700.0014693420768, 444.18144644646804, 116.27871734643949, 704.577187842425, 363.4815555139656, 581.188719632779, 972.3885329651065, 389.64720358205653, 1331.398766897138, 166.01324311020284, 52.454200206103906, 443.4159971696134, 459.06810505532883, 770.538333579306, 809.0808148567198, 1096.2754978538385, 426.62963264341334, 802.085591034534, 424.89462864747156, 640.395029238733, 836.6428520509701, 176.7950075758146, 909.5585980920301, 122.30559884879415, 293.02171464784675, 457.67812620478185, 357.3756526704093, 84.84133445895948, 567.7972192400914, 739.7913746030201, 163.4543558901796, 292.12823531889364, 4531.391871732217, 842.233026135065, 371.36633499707534, 398.86903159859617, 509.9823121141785, 734.3597492544721] 

VQE eigenvalues standard deviation:
[139.9706373255979, 167.1499746332589, 152.71010337279233, 126.4985980136115, 150.75212028859798, 142.31443947625746, 146.21083654531176, 152.62851529420752, 161.82838075706937, 132.86957689786854, 154.13502283165892, 156.82296152619955, 145.28304438208744, 146.9290924044261, 134.96691367126962, 152.93314917847061, 147.81126221105907, 139.29774332747078, 140.65080577162806, 146.59742613566763, 156.22946904926874, 143.7027017179427, 149.5580409085547, 166.6912466248507, 118.9649412565213, 138.8157062418026, 143.4375972696403, 150.83635689723388, 130.32044719306967, 153.42266598615814, 150.41613194324015, 149.4185548214233, 167.9966100446378, 141.99515673185874, 150.58042773719094, 132.10395402191418, 114.1455176477144, 129.85452243058654, 150.56815216733978, 156.12239192534108, 121.16135828128515, 143.0778450351756, 151.27419541564907, 130.931162864171, 162.3725496756182, 156.16854889154135, 135.26819532981955, 151.74440061855069, 148.012068669888, 136.6921196841055, 129.4261763571008, 152.20641716956558, 156.06636912572486, 155.86596281943596, 159.3129037977548, 144.6734422502586, 168.8906733323608, 156.37778926305432, 155.90626236653083, 158.6367243122324, 149.67574845126245, 148.4854348179196, 151.50757896933155, 147.82948940721627, 144.09706215867425, 161.00123001998833, 145.081520512063, 156.97059775233663, 151.03302812735475, 157.84609695003397, 169.3531339664007, 128.016413570898, 146.6987690195029, 153.94717777116037, 135.04128462120397, 141.14773710173944, 150.30023318438245, 147.0698950804156, 151.26099097489484, 149.2764638101729, 135.93201988369952, 163.3905894352901, 158.09327214883348, 148.66174576254596, 141.81684742451202, 143.51179416766456, 155.99207024045236, 152.10589751735114, 149.58323718755395, 127.09976581777366, 145.5578995324522, 163.26064135171538, 135.0069009523563, 155.03697120005552, 141.6524940355609, 157.57763253340215, 131.72264488452456, 143.40314362799552, 151.05549175516697, 148.97988258134347] 

Median VQE eigenvalues:
403.2757921838355 

Min eigenvalue after 100 VQE steps on Aer qasm simulator: -2.19111e+02
Delta from reference energy value is -2.19111e+02 

Optimizer history of the smallest VQE eigenvalue:
[2271.8057870727994, 1979.874559682622, 2349.404323343228, 1718.3149419110634, 3826.9281305103827, 3127.4291175657277, 1658.7975169948243, 1592.6412682681644, 1659.3825962501926, 2923.8444333803577, 2772.2533407412475, 3385.706550439435, 1900.9749372206616, 315.22777059950795, 890.2857963088463, 1119.0208143804289, 1248.425582698362, 688.8693223753937, 665.496147663288, 350.6245119585849, 520.3309691422953, 432.3403065128615, 480.5012516267855, 651.1318692065363, 490.1327122039662, 693.2114275484735, 642.9965529337621, 174.93607525977507, 248.8030684740421, 317.4964124786047, 388.5154000040431, 385.1078788985576, 143.1123034570454, 394.93185736115754, 252.7684299041411, 414.80918179869695, 156.87386916889488, 373.8872076867478, -79.8561792439076, 194.79851576940678, 205.91035382625165, 558.2534014478016, 161.3185223246087, 90.49609375031963, 221.096824506212, 309.47246571480275, 300.7193616782498, 265.23002183693256, 188.35272121581312, 88.72962050290982, 183.15570856004115, 252.27861659406585, 304.04297213850634, 224.7946241474748, 55.869375418172524, 364.40241322597615, 122.30869269097593, -41.411361104031016, 183.9033347041002, 56.98040248411786, 309.1738019722486, -52.79031876058946, 354.6736653822495, 164.12518311787233, 181.4826022507317, 267.57567164912746, 310.7769819908741, 310.97491856490853, 168.64812705303927, 281.64154598310824, 23.815432741208156, 162.03974846768165, 199.81563154010985, 450.9353272048355, 280.31383646535005, 381.7291193823773, 327.0718369249778, 205.09994244877385, 155.3883135613604, 113.43199940742124, 445.74677428487905, 222.2725913722652, 303.4106420301711, 141.3689615188132, 188.82024045032836, 305.5465081618742, 263.44570540756587, 211.3999052737263, 372.84018290160293, 150.28945931685996, 64.80233587712985, -162.68273130600215, 192.54088481828114, 366.5853157624225, 310.29303871612524, 249.03861860668053, 298.332201535159, 33.25794415463713, 140.88133725384546, 91.17016769958263, 73.7501689191854, 457.6729723941595, 380.5788017688274, 157.7465427892514, 376.97147261219357, 326.81283716142076, 166.49407162429077, 200.52292032405393, 65.01713056525739, 300.93233749006987, 124.68943648152901, 158.82830313751464, 264.82769167913693, -92.52230316551334, 280.85371357522735, 365.6185141728099, 236.7666884120311, 265.35280011030846, 268.25838974149883, 81.0538524189165, 201.64880249993394, 256.0221071743524, 279.4618639257669, 18.667454602991597, 176.7154704454714, 342.70096704519653, 264.61747405392384, 267.05877076434587, 49.21509709057841, 118.78278839310116, 187.38410822704338, 88.75325326398638, 214.6402002994813, 328.38193393466736, 470.5697801273966, 331.81479944228465, 90.20121057730012, 262.1357988002669, 369.5335146622213, 343.12678664176235, 99.57474377823365, 459.40724478958805, -12.036081517384673, 349.299972907051, 127.89891105245351, 67.20180843078498, 236.98272793892625, 187.8934011064971, 422.88367477686785, 437.67890191203145, -11.25517586899997, 211.19094309092475, 336.6866523017436, 257.4075172493375, 355.49460896764367, 321.56761219676275, -17.137309176195345, 136.9867107031721, 381.0995512137674, 214.2352826402382, -22.726220912217286, 178.8237639142106, 278.38137841665, 277.92421698584053, 374.7828839388034, 457.47173850760976, 129.61799370137317, 369.6147959902491, 536.8929664739458, 196.573222076334, 444.19697939296395, 212.57707558476704, 295.63645449211873, -41.25599080679251, 285.5137814482895, 169.34646897894038, 338.52139939652756, 380.0626752733724, 352.1802659747692, 273.9562881815683, 121.95895173880592, 280.68238020867966, 217.85378926873182, 77.11326114543203, 158.87290180360384, 299.08936250615625, 346.44899016839213, 288.1721893892228, 391.71067846666534, 3.832604667532962, -219.1109949898223] 

Optimizer history of the smallest VQE eigenvalue standard deviation:
[173.38086206055473, 172.6093728386185, 169.02413205917006, 173.25128633663797, 173.23901013914096, 165.2324240348681, 173.46826662236396, 173.21450106088236, 166.55348977745612, 171.83766820136657, 174.217130437913, 162.6133562317964, 173.46886300576483, 157.02627383164057, 157.90311127717143, 160.50380192158758, 163.96437801978908, 160.7225932610119, 157.7098290973538, 150.0958413796959, 158.169692247767, 154.61608024504977, 157.1900780155537, 160.13282510653988, 156.80084118640164, 155.8716265803977, 159.58606828667547, 152.16281712220177, 151.85527235489715, 149.9947001998417, 152.59206639085832, 149.96941056268082, 151.99500528307715, 152.902566686122, 152.5557086472627, 151.36066388580852, 153.21962143835694, 152.08730567828442, 152.0026281841393, 151.94457283480736, 151.36386637433688, 153.90199215151554, 151.33154247383607, 152.43360639627738, 151.28603922875067, 151.21656920088523, 152.52792065174754, 152.23192179495166, 152.20050761266285, 151.82052884930644, 152.20910378705312, 151.68492843160428, 152.19737927208408, 152.49465753878957, 152.0198662166627, 151.88008203662523, 151.84189660250644, 152.02780388553515, 151.98745744176472, 151.77545882770178, 152.14431971898887, 151.77026393836618, 151.47729288015478, 151.63095460482478, 151.80260678530564, 152.09479015121826, 151.7704355240547, 151.83373117860037, 152.0855094366458, 151.95533769149623, 151.9833212424272, 151.90258127867713, 151.50833526865875, 152.08426372279345, 151.91842045580364, 152.1763559577571, 151.86245820513716, 151.92169249010448, 152.0979462363644, 151.8612362664222, 151.9277500058398, 152.170285980985, 151.9528789262208, 152.1072070101671, 151.7287565735306, 151.84160412136853, 151.9404867967292, 151.7537736642695, 151.59577068861225, 152.05293166545854, 151.84964441678582, 151.88993119459894, 151.9885039167822, 152.02777857465935, 151.7181157973957, 151.82251018174, 151.74918460643676, 151.67450641742485, 151.87517932928677, 152.04156109385, 151.77524971531466, 151.81367552159972, 151.86135661140443, 152.04228628073852, 151.78091703319788, 152.05806506949835, 151.99178977127076, 152.31581200575664, 151.81798613698672, 151.95673949771617, 151.69095402074544, 151.90556123322494, 152.30148225221214, 151.83915140987526, 152.23238931029172, 151.86329138444438, 151.8605636895708, 152.1714469998159, 151.66879130225246, 151.80046053697794, 152.09483074782764, 152.11695474071522, 151.9139654495769, 152.13923328668423, 151.977139377138, 151.97161315268258, 152.10327004761177, 151.71996573623466, 151.89272526304788, 152.21766273237057, 151.66201923418691, 151.9427595433137, 151.74530082557865, 151.81267194266727, 151.94533737722412, 152.14776349126268, 152.0674854273339, 151.80782950470342, 151.95533195775633, 151.9798008598351, 151.92516491967714, 152.31325624663347, 151.9397649803581, 151.74129886953605, 151.94394305405737, 151.80686710296496, 152.14768064029084, 151.73753461249072, 152.01733893942847, 152.45644592180565, 151.86693665511999, 152.24277462944514, 151.587062758432, 151.772944595295, 151.81707088880182, 152.10860188869685, 151.74923730240172, 152.02146767064602, 152.16603119852456, 152.02859793480275, 151.8004832640418, 152.00965508113305, 151.8236252171381, 151.89740765800624, 151.75421891882587, 151.97852042374586, 152.01424351266945, 152.0307844027846, 152.40452681087294, 152.0330633521694, 152.15048529906522, 151.81228493350298, 152.1000239213793, 151.48676177844433, 152.03342188525977, 151.85325661876186, 152.05977038539461, 152.15726526078709, 152.0099712220296, 151.89625081856875, 152.21150429447425, 152.06708407649793, 151.8281812139581, 152.1601614787304, 152.0303872645079, 151.79347488658595, 151.66700093510107, 151.92447733547615, 152.0824756089553, 151.90573336139673, 151.74440061855069] 

Smallest VQE eingenvalue optimizer final message:
{   'aux_operators_evaluated': None,
    'cost_function_evals': 191,
    'eigenvalue': -219.1109949898223,
    'optimal_circuit': <qiskit.circuit.library.n_local.real_amplitudes.RealAmplitudes object at 0x000001221DDC83E0>,
    'optimal_parameters': {   ParameterVectorElement(θ[8]): 2.414220454830673,
                              ParameterVectorElement(θ[9]): 0.6549115766058474,
                              ParameterVectorElement(θ[5]): -1.2388149935769983,
                              ParameterVectorElement(θ[10]): 0.29163303226935705,
                              ParameterVectorElement(θ[4]): -3.197526337548747,
                              ParameterVectorElement(θ[11]): -1.6999913163719007,
                              ParameterVectorElement(θ[1]): 0.5361329873246786,
                              ParameterVectorElement(θ[2]): 3.468491347009986,
                              ParameterVectorElement(θ[3]): -3.1161754627220017,
                              ParameterVectorElement(θ[0]): 3.6428313008520923,
                              ParameterVectorElement(θ[6]): 2.7435918916145083,
                              ParameterVectorElement(θ[7]): 0.2646977512528433},
    'optimal_point': array([ 3.6428313 ,  0.53613299,  3.46849135, -3.11617546, -3.19752634,
       -1.23881499,  2.74359189,  0.26469775,  2.41422045,  0.65491158,
        0.29163303, -1.69999132]),
    'optimal_value': -219.1109949898223,
    'optimizer_evals': None,
    'optimizer_result': <qiskit_algorithms.optimizers.optimizer.OptimizerResult object at 0x00000121D9A047D0>,
    'optimizer_time': 260.56776428222656}
     ┌──────────┐ ░                           ░  ┌──────────┐
q_0: ┤ Ry(θ[0]) ├─░───────────────────────■───░──┤ Ry(θ[6]) ├
     ├──────────┤ ░                     ┌─┴─┐ ░  ├──────────┤
q_1: ┤ Ry(θ[1]) ├─░──────────────────■──┤ X ├─░──┤ Ry(θ[7]) ├
     ├──────────┤ ░                ┌─┴─┐└───┘ ░  ├──────────┤
q_2: ┤ Ry(θ[2]) ├─░─────────────■──┤ X ├──────░──┤ Ry(θ[8]) ├
     ├──────────┤ ░           ┌─┴─┐└───┘      ░  ├──────────┤
q_3: ┤ Ry(θ[3]) ├─░────────■──┤ X ├───────────░──┤ Ry(θ[9]) ├
     ├──────────┤ ░      ┌─┴─┐└───┘           ░ ┌┴──────────┤
q_4: ┤ Ry(θ[4]) ├─░───■──┤ X ├────────────────░─┤ Ry(θ[10]) ├
     ├──────────┤ ░ ┌─┴─┐└───┘                ░ ├───────────┤
q_5: ┤ Ry(θ[5]) ├─░─┤ X ├─────────────────────░─┤ Ry(θ[11]) ├
     └──────────┘ ░ └───┘                     ░ └───────────┘
The number of ansatz parameters is: 
 12
Line for latex table
RA r1 rl & $1\mathrm{e}{-08}$ & 10000 & 100/100 &197 & $-2.1911\mathrm{e}{+02}$ & $1.5174\mathrm{e}{+02}$ & $-2.1911\mathrm{e}{+02}$ & $4.0328\mathrm{e}{+02}$ & $4.0328\mathrm{e}{+02}$ & - & 07h 30m 23s\\

