RA_r1_rl
04m16s__40
1e-03
0.00040000000000001146
0.00030000000000002247
0.0
0.0
0.00030000000000002247
0.0
0.00040000000000001146
0.0015000000000000013
0.00030000000000002247
0.00019999999999997797
0.0
0.0009000000000000119
9.999999999998899e-05
0.00040000000000001146
0.0011999999999999789
9.999999999998899e-05
9.999999999998899e-05
0.00030000000000002247
0.0
9.999999999998899e-05
0.00040000000000001146
0.0
0.0
0.0010000000000000009
0.0
0.0
0.0009000000000000119
0.00019999999999997797
0.0010999999999999899
0.00019999999999997797
9.999999999998899e-05
9.999999999998899e-05
0.0013000000000000234
0.00030000000000002247
0.00019999999999997797
0.00019999999999997797
0.0010999999999999899
0.0010000000000000009
0.0
0.0
9.999999999998899e-05
0.0005000000000000004
0.0010999999999999899
9.999999999998899e-05
0.0009000000000000119
0.0009000000000000119
0.00030000000000002247
0.00040000000000001146
0.0
0.0005000000000000004
0.0008000000000000229
0.0
0.0
0.0
0.00030000000000002247
0.00019999999999997797
0.0
0.0
9.999999999998899e-05
0.0
0.0
9.999999999998899e-05
0.0006999999999999784
0.0
0.00019999999999997797
9.999999999998899e-05
0.00030000000000002247
0.0
9.999999999998899e-05
9.999999999998899e-05
9.999999999998899e-05
0.007299999999999973
0.0
0.0
9.999999999998899e-05
0.0
0.00019999999999997797
0.00040000000000001146
0.0005999999999999894
0.0008000000000000229
0.0
0.00030000000000002247
0.0
0.0
0.00019999999999997797
0.00030000000000002247
0.0013000000000000234
0.00040000000000001146
0.0006999999999999784
0.0014000000000000123
0.0
0.0005999999999999894
0.00019999999999997797
0.00019999999999997797
0.0
9.999999999998899e-05
0.00030000000000002247
0.00019999999999997797
9.999999999998899e-05
0.0
