0.00040000000000001146 0.00019995999599920291
0.00030000000000002247 0.00017317909804592886
0.0 0.0
0.0 0.0
0.00030000000000002247 0.00017317909804592886
0.0 0.0
0.00040000000000001146 0.00019995999599920291
0.0015000000000000013 0.0003870077518603461
0.00030000000000002247 0.00017317909804592886
0.00019999999999997797 0.0001414072133944981
0.0 0.0
0.0009000000000000119 0.0002998649696113272
9.999999999998899e-05 9.999499987499087e-05
0.00040000000000001146 0.00019995999599920291
0.0011999999999999789 0.0003462022530255959
9.999999999998899e-05 9.999499987499087e-05
9.999999999998899e-05 9.999499987499087e-05
0.00030000000000002247 0.00017317909804592886
0.0 0.0
9.999999999998899e-05 9.999499987499087e-05
0.00040000000000001146 0.00019995999599920291
0.0 0.0
0.0 0.0
0.0010000000000000009 0.0003160696125855821
0.0 0.0
0.0 0.0
0.0009000000000000119 0.0002998649696113272
0.00019999999999997797 0.0001414072133944981
0.0010999999999999899 0.00033148001448050956
0.00019999999999997797 0.0001414072133944981
9.999999999998899e-05 9.999499987499087e-05
9.999999999998899e-05 9.999499987499087e-05
0.0013000000000000234 0.00036032069049667754
0.00030000000000002247 0.00017317909804592886
0.00019999999999997797 0.0001414072133944981
0.00019999999999997797 0.0001414072133944981
0.0010999999999999899 0.00033148001448050956
0.0010000000000000009 0.0003160696125855821
0.0 0.0
0.0 0.0
9.999999999998899e-05 9.999499987499087e-05
0.0005000000000000004 0.00022355088906108006
0.0010999999999999899 0.00033148001448050956
9.999999999998899e-05 9.999499987499087e-05
0.0009000000000000119 0.0002998649696113272
0.0009000000000000119 0.0002998649696113272
0.00030000000000002247 0.00017317909804592886
0.00040000000000001146 0.00019995999599920291
0.0 0.0
0.0005000000000000004 0.00022355088906108006
0.0008000000000000229 0.0002827295527531614
0.0 0.0
0.0 0.0
0.0 0.0
0.00030000000000002247 0.00017317909804592886
0.00019999999999997797 0.0001414072133944981
0.0 0.0
0.0 0.0
9.999999999998899e-05 9.999499987499087e-05
0.0 0.0
0.0 0.0
9.999999999998899e-05 9.999499987499087e-05
0.0006999999999999784 0.00026448251359966813
0.0 0.0
0.00019999999999997797 0.0001414072133944981
9.999999999998899e-05 9.999499987499087e-05
0.00030000000000002247 0.00017317909804592886
0.0 0.0
9.999999999998899e-05 9.999499987499087e-05
9.999999999998899e-05 9.999499987499087e-05
9.999999999998899e-05 9.999499987499087e-05
0.007299999999999973 0.000851276100921432
0.0 0.0
0.0 0.0
9.999999999998899e-05 9.999499987499087e-05
0.0 0.0
0.00019999999999997797 0.0001414072133944981
0.00040000000000001146 0.00019995999599920291
0.0005999999999999894 0.0002448754785600193
0.0008000000000000229 0.0002827295527531614
0.0 0.0
0.00030000000000002247 0.00017317909804592886
0.0 0.0
0.0 0.0
0.00019999999999997797 0.0001414072133944981
0.00030000000000002247 0.00017317909804592886
0.0013000000000000234 0.00036032069049667754
0.00040000000000001146 0.00019995999599920291
0.0006999999999999784 0.00026448251359966813
0.0014000000000000123 0.0003739037309254906
0.0 0.0
0.0005999999999999894 0.0002448754785600193
0.00019999999999997797 0.0001414072133944981
0.00019999999999997797 0.0001414072133944981
0.0 0.0
9.999999999998899e-05 9.999499987499087e-05
0.00030000000000002247 0.00017317909804592886
0.00019999999999997797 0.0001414072133944981
9.999999999998899e-05 9.999499987499087e-05
0.0 0.0
