RA_r1_rl
44m55s__88
1e-06
1.4341319834379018
1.0343475446802144
1.120588045039079
1.090384195771558
1.8521152708962445
1.1128215346481167
1.109959211771587
0.9984029845069583
2.0789466468185203
0.9530467391210955
1.8305178171790202
1.7036430462882117
2.0009301650353875
1.0915644847153259
1.2335376124734918
1.9743982897231813
1.098343912206793
1.4566926804779698
1.3493030207659986
1.140039016906005
1.3716736392233781
1.289137044874296
0.9967350351724777
1.3336248699311204
1.1133959088769212
1.244743980136092
1.2392702489034797
1.023976704384691
1.9506236020175436
1.065465243367394
0.9492741406446781
1.0533071106115806
1.6947920966040473
2.3029417448009433
1.0061744067543
1.044782580502118
1.8327611364203409
1.0495945380841825
1.9470684561475031
1.3587391125709063
1.5663538928342546
1.0979669164010626
1.7036412101587501
1.275457528437696
0.9537131782316338
1.4017111658621058
1.3723720098514038
1.021473737744339
1.087301273470674
1.4696384817531691
1.166558141266779
1.6252676255558323
0.9914359975806342
1.0481350815493384
1.0217719886436698
1.14412002378904
2.131791301719558
1.0715327038285074
1.5366428165181938
1.5870567957304886
1.0793540408664828
1.009117643051664
1.9162432853063236
1.7483335757554155
1.5491134698490665
1.1235355112477259
1.0971477593519559
1.0355275396392911
0.9635599155973781
1.314000179261487
1.8893070908474718
1.21225601060806
2.0142240912279123
1.5963184805790642
1.0096949237604744
1.5382418780276406
1.3786285237099463
0.9136716973937546
1.0013508141293144
1.1941847623669526
1.1272774061478006
1.8032281607408693
1.7981997896795292
1.7249435535420357
1.4743692645097897
1.2225792317069042
2.0263759155535532
2.5980696129034424
1.79303368975366
1.1117801693374676
0.9883798501428627
1.0578384742704392
1.0663213835032967
1.106431643336602
1.932024675726951
1.188841178273409
2.326713000166385
1.0263840827229818
1.1387634177636143
1.040659643060096
