1.4341319834379018 0.04561982152204912
1.0343475446802144 0.042754075927665704
1.120588045039079 0.04762402672513894
1.090384195771558 0.043095648517260596
1.8521152708962445 0.041202405150515674
1.1128215346481167 0.0436763184135419
1.109959211771587 0.04125493731887428
0.9984029845069583 0.05084875714293768
2.0789466468185203 0.04684654042493316
0.9530467391210955 0.04500396835773537
1.8305178171790202 0.0487699671096995
1.7036430462882117 0.05341166312049132
2.0009301650353875 0.053519458576610585
1.0915644847153259 0.04449333771425645
1.2335376124734918 0.05056998614956186
1.9743982897231813 0.04946980267784548
1.098343912206793 0.04464228604570094
1.4566926804779698 0.04035308798551262
1.3493030207659986 0.046367448510739644
1.140039016906005 0.03911427686632219
1.3716736392233781 0.04220811491265372
1.289137044874296 0.04935100515958541
0.9967350351724777 0.04748417314116556
1.3336248699311204 0.04800783728965462
1.1133959088769212 0.04991155609291888
1.244743980136092 0.05420121259225438
1.2392702489034797 0.05037876534248345
1.023976704384691 0.04693913979269518
1.9506236020175436 0.04334012197930548
1.065465243367394 0.04572155447454528
0.9492741406446781 0.05164560798583275
1.0533071106115806 0.0518759320908445
1.6947920966040473 0.05149098945875906
2.3029417448009433 0.05235779613301339
1.0061744067543 0.04444301388427596
1.044782580502118 0.0487355628208887
1.8327611364203409 0.050282941512917505
1.0495945380841825 0.041249719229298085
1.9470684561475031 0.04838319609398682
1.3587391125709063 0.04740633370204015
1.5663538928342546 0.048683480167759426
1.0979669164010626 0.045179773212824896
1.7036412101587501 0.042704058324553804
1.275457528437696 0.04213306309548314
0.9537131782316338 0.050264029851160595
1.4017111658621058 0.03784053426541138
1.3723720098514038 0.037580531698934966
1.021473737744339 0.051519442972629455
1.087301273470674 0.04971837051491365
1.4696384817531691 0.043077012839203545
1.166558141266779 0.05039510969185061
1.6252676255558323 0.04219634029147487
0.9914359975806342 0.04470743405580442
1.0481350815493384 0.041105169524798604
1.0217719886436698 0.04513870620616017
1.14412002378904 0.042817914192668685
2.131791301719558 0.040990494915096425
1.0715327038285074 0.04032498644274052
1.5366428165181938 0.04729457741273988
1.5870567957304886 0.03989228203940466
1.0793540408664828 0.04519432526246436
1.009117643051664 0.04674084950854812
1.9162432853063236 0.04823678357808108
1.7483335757554155 0.04990654110013306
1.5491134698490665 0.03816148031674297
1.1235355112477259 0.04838206350482012
1.0971477593519559 0.045230474441784754
1.0355275396392911 0.04692558638567036
0.9635599155973781 0.045665516481647864
1.314000179261487 0.04107662805531873
1.8893070908474718 0.04289835454766671
1.21225601060806 0.04181946728545514
2.0142240912279123 0.05377163603718477
1.5963184805790642 0.0403895041442615
1.0096949237604744 0.049432541656198134
1.5382418780276406 0.04896950234518026
1.3786285237099463 0.05510520677606119
0.9136716973937546 0.044894744286178664
1.0013508141293144 0.0449151227552052
1.1941847623669526 0.04527707690109849
1.1272774061478006 0.04276092394952498
1.8032281607408693 0.048835307286444855
1.7981997896795292 0.04815336270583041
1.7249435535420357 0.04584460763141436
1.4743692645097897 0.04008871969972551
1.2225792317069042 0.04431573505398134
2.0263759155535532 0.039813585772484346
2.5980696129034424 0.048632678387902965
1.79303368975366 0.04252653393529945
1.1117801693374676 0.040809163580209376
0.9883798501428627 0.05030779615325041
1.0578384742704392 0.04704092608960365
1.0663213835032967 0.04374679091334509
1.106431643336602 0.04690806188313852
1.932024675726951 0.044826048026591445
1.188841178273409 0.040375364646076904
2.326713000166385 0.045561680894618185
1.0263840827229818 0.04707980261788837
1.1387634177636143 0.04282767845703881
1.040659643060096 0.044117318806735695
