With Shot Noise
02/11/2024 20:25:31 

VQEr_100_shots_10000_COBYLA_maxIter_10000_tol_1e-06_RA_r1_rl 

Reference value: 9.0655987147e-01 

Number of pauli strings:  14
Qubits:  3
VQE runs:  100
Optimizer:  COBYLA
Max iterations:  10000
Optimizers's tolerance:  1e-06
Ansatz:  RA_r1_rl 

All run converged!!!
Number of iterations for each converged VQE run:
[91, 88, 89, 85, 76, 99, 97, 90, 87, 93, 77, 92, 86, 81, 75, 71, 91, 106, 86, 82, 85, 84, 96, 84, 82, 92, 81, 80, 85, 93, 85, 100, 86, 86, 94, 89, 93, 103, 87, 73, 84, 81, 94, 89, 97, 87, 95, 87, 99, 84, 98, 91, 86, 80, 86, 80, 78, 90, 77, 87, 90, 87, 86, 89, 92, 101, 83, 89, 100, 86, 87, 89, 84, 87, 89, 93, 73, 81, 95, 79, 94, 91, 103, 82, 95, 96, 92, 90, 79, 89, 87, 79, 79, 97, 76, 91, 98, 97, 98, 90] 

Average iterations of converged run:
88 

VQE eigenvalues:
[1.4341319834379018, 1.0343475446802144, 1.120588045039079, 1.090384195771558, 1.8521152708962445, 1.1128215346481167, 1.109959211771587, 0.9984029845069583, 2.0789466468185203, 0.9530467391210955, 1.8305178171790202, 1.7036430462882117, 2.0009301650353875, 1.0915644847153259, 1.2335376124734918, 1.9743982897231813, 1.098343912206793, 1.4566926804779698, 1.3493030207659986, 1.140039016906005, 1.3716736392233781, 1.289137044874296, 0.9967350351724777, 1.3336248699311204, 1.1133959088769212, 1.244743980136092, 1.2392702489034797, 1.023976704384691, 1.9506236020175436, 1.065465243367394, 0.9492741406446781, 1.0533071106115806, 1.6947920966040473, 2.3029417448009433, 1.0061744067543, 1.044782580502118, 1.8327611364203409, 1.0495945380841825, 1.9470684561475031, 1.3587391125709063, 1.5663538928342546, 1.0979669164010626, 1.7036412101587501, 1.275457528437696, 0.9537131782316338, 1.4017111658621058, 1.3723720098514038, 1.021473737744339, 1.087301273470674, 1.4696384817531691, 1.166558141266779, 1.6252676255558323, 0.9914359975806342, 1.0481350815493384, 1.0217719886436698, 1.14412002378904, 2.131791301719558, 1.0715327038285074, 1.5366428165181938, 1.5870567957304886, 1.0793540408664828, 1.009117643051664, 1.9162432853063236, 1.7483335757554155, 1.5491134698490665, 1.1235355112477259, 1.0971477593519559, 1.0355275396392911, 0.9635599155973781, 1.314000179261487, 1.8893070908474718, 1.21225601060806, 2.0142240912279123, 1.5963184805790642, 1.0096949237604744, 1.5382418780276406, 1.3786285237099463, 0.9136716973937546, 1.0013508141293144, 1.1941847623669526, 1.1272774061478006, 1.8032281607408693, 1.7981997896795292, 1.7249435535420357, 1.4743692645097897, 1.2225792317069042, 2.0263759155535532, 2.5980696129034424, 1.79303368975366, 1.1117801693374676, 0.9883798501428627, 1.0578384742704392, 1.0663213835032967, 1.106431643336602, 1.932024675726951, 1.188841178273409, 2.326713000166385, 1.0263840827229818, 1.1387634177636143, 1.040659643060096] 

VQE eigenvalues standard deviation:
[0.04561982152204912, 0.042754075927665704, 0.04762402672513894, 0.043095648517260596, 0.041202405150515674, 0.0436763184135419, 0.04125493731887428, 0.05084875714293768, 0.04684654042493316, 0.04500396835773537, 0.0487699671096995, 0.05341166312049132, 0.053519458576610585, 0.04449333771425645, 0.05056998614956186, 0.04946980267784548, 0.04464228604570094, 0.04035308798551262, 0.046367448510739644, 0.03911427686632219, 0.04220811491265372, 0.04935100515958541, 0.04748417314116556, 0.04800783728965462, 0.04991155609291888, 0.05420121259225438, 0.05037876534248345, 0.04693913979269518, 0.04334012197930548, 0.04572155447454528, 0.05164560798583275, 0.0518759320908445, 0.05149098945875906, 0.05235779613301339, 0.04444301388427596, 0.0487355628208887, 0.050282941512917505, 0.041249719229298085, 0.04838319609398682, 0.04740633370204015, 0.048683480167759426, 0.045179773212824896, 0.042704058324553804, 0.04213306309548314, 0.050264029851160595, 0.03784053426541138, 0.037580531698934966, 0.051519442972629455, 0.04971837051491365, 0.043077012839203545, 0.05039510969185061, 0.04219634029147487, 0.04470743405580442, 0.041105169524798604, 0.04513870620616017, 0.042817914192668685, 0.040990494915096425, 0.04032498644274052, 0.04729457741273988, 0.03989228203940466, 0.04519432526246436, 0.04674084950854812, 0.04823678357808108, 0.04990654110013306, 0.03816148031674297, 0.04838206350482012, 0.045230474441784754, 0.04692558638567036, 0.045665516481647864, 0.04107662805531873, 0.04289835454766671, 0.04181946728545514, 0.05377163603718477, 0.0403895041442615, 0.049432541656198134, 0.04896950234518026, 0.05510520677606119, 0.044894744286178664, 0.0449151227552052, 0.04527707690109849, 0.04276092394952498, 0.048835307286444855, 0.04815336270583041, 0.04584460763141436, 0.04008871969972551, 0.04431573505398134, 0.039813585772484346, 0.048632678387902965, 0.04252653393529945, 0.040809163580209376, 0.05030779615325041, 0.04704092608960365, 0.04374679091334509, 0.04690806188313852, 0.044826048026591445, 0.040375364646076904, 0.045561680894618185, 0.04707980261788837, 0.04282767845703881, 0.044117318806735695] 

Median VQE eigenvalues:
1.217417621157482 

Min eigenvalue after 100 VQE steps on Aer qasm simulator: 9.13672e-01
Delta from reference energy value is 7.11183e-03 

Optimizer history of the smallest VQE eigenvalue:
[8.473155008610131, 4.780433109458512, 3.042896542415661, 2.2153049435275056, 2.2845613774156264, 2.2160482690744083, 2.2358356013143834, 1.416681402347521, 3.457705260448899, 1.3220768300428891, 1.288181307528112, 1.6976539412098537, 1.3465322500506791, 1.9865953304720394, 1.660491155218514, 1.1356340022233484, 1.0733112899446053, 1.1167203655001803, 1.1206083061398826, 1.109095555356441, 0.99975817254492, 1.0975116124741136, 0.9338737789086062, 1.154836594299679, 1.0000552713311948, 0.8459943770656164, 0.896124090597108, 0.9313700044689253, 1.0470227521835027, 0.9714963803692638, 0.9565244896710168, 1.0629137954323378, 0.915076731208665, 1.0404978423514366, 0.951921335595747, 1.0219392055286671, 0.9239032599532644, 1.0144863557529231, 0.9162036805153042, 0.9500203638260145, 0.9340069780448577, 0.9793239756784213, 0.9841128505966708, 0.9725755368890694, 1.003666372568151, 0.9778735648128576, 1.0363806835165867, 0.9416488434810455, 0.9832024774275228, 0.9693221799259344, 0.9653273757690837, 1.0168954411022715, 0.9599103628950754, 0.9431139057342752, 1.0311588927005875, 0.9349908448516266, 0.9424599895967256, 0.8836153452652316, 0.8984755801338455, 0.9593784860751371, 0.9101765924762839, 0.9226021075731761, 0.9282927884431915, 1.0463813107288449, 1.0274751973995748, 1.0420132814578713, 1.0165023150281767, 0.9307677780098833, 0.9350582818072013, 0.9481372722560795, 0.9254528261261847, 0.9579456807133049, 0.9365610028275593, 0.898550797172559, 0.9266694832381783, 0.9308719965008512, 0.9738476121855821, 0.940787920193169, 0.9517522116397144, 0.9719614142117166, 0.9136716973937546] 

Optimizer history of the smallest VQE eigenvalue standard deviation:
[0.049026068304531746, 0.0509395848196311, 0.04923474797912659, 0.04578461714168309, 0.04742063184085261, 0.05110625416405301, 0.045141542586489815, 0.04162659101214189, 0.039671969522007036, 0.04643175001168107, 0.04381373943426219, 0.046570776877844264, 0.04435649871508302, 0.04434611754480342, 0.04252126157169416, 0.04626054362763516, 0.04576618093806287, 0.04578792854751488, 0.045746665199116736, 0.045807274800170515, 0.0452964328874442, 0.045704795807450294, 0.04496674437166352, 0.043466647499447945, 0.045182473456986456, 0.04478169799834136, 0.04510505512104542, 0.04526683818836185, 0.04463425019222503, 0.04500703227272505, 0.045353698454933075, 0.04519593345874193, 0.044966555235642525, 0.045044737834454285, 0.04504531897361456, 0.045057223859445536, 0.04495325992954109, 0.0452579053534992, 0.044841080433280105, 0.044913500477089224, 0.04472939652418416, 0.04502303505443262, 0.045088884243745936, 0.04499514819495877, 0.04508711774197278, 0.04483843393301112, 0.045243797212338836, 0.044974615001694244, 0.04509373720891639, 0.045123716987420376, 0.044923514972955346, 0.04507363519310386, 0.045108605635441834, 0.045071058316964764, 0.045132617516671636, 0.04494165530779139, 0.045004233540289436, 0.04505633974683372, 0.044877943584191726, 0.04508540332989038, 0.04474962848697682, 0.04490861088775618, 0.04502232057657865, 0.044967457194189125, 0.04524180828190802, 0.045205634071015056, 0.045005693318360254, 0.044972773055628155, 0.04489379580737899, 0.04490664837452248, 0.044892033685426165, 0.04509135879165274, 0.04498871675918638, 0.04489547539222722, 0.045045893940360945, 0.04506126412748339, 0.04502995966907867, 0.04498454894689153, 0.04514276257557023, 0.04495184966749913, 0.044894744286178664] 

Smallest VQE eingenvalue optimizer final message:
{   'aux_operators_evaluated': None,
    'cost_function_evals': 81,
    'eigenvalue': 0.9136716973937546,
    'optimal_circuit': <qiskit.circuit.library.n_local.real_amplitudes.RealAmplitudes object at 0x00000177A5110CE0>,
    'optimal_parameters': {   ParameterVectorElement(θ[0]): 2.8433851001751256,
                              ParameterVectorElement(θ[1]): 0.26170587118868366,
                              ParameterVectorElement(θ[2]): 1.8385957273255416,
                              ParameterVectorElement(θ[3]): 2.0519468026194603,
                              ParameterVectorElement(θ[4]): 3.4431046420334632,
                              ParameterVectorElement(θ[5]): -2.0225250331749485},
    'optimal_point': array([ 2.8433851 ,  0.26170587,  1.83859573,  2.0519468 ,  3.44310464,
       -2.02252503]),
    'optimal_value': 0.9136716973937546,
    'optimizer_evals': None,
    'optimizer_result': <qiskit_algorithms.optimizers.optimizer.OptimizerResult object at 0x00000177A6B53800>,
    'optimizer_time': 24.517248153686523}
     ┌──────────┐ ░            ░ ┌──────────┐
q_0: ┤ Ry(θ[0]) ├─░────────■───░─┤ Ry(θ[3]) ├
     ├──────────┤ ░      ┌─┴─┐ ░ ├──────────┤
q_1: ┤ Ry(θ[1]) ├─░───■──┤ X ├─░─┤ Ry(θ[4]) ├
     ├──────────┤ ░ ┌─┴─┐└───┘ ░ ├──────────┤
q_2: ┤ Ry(θ[2]) ├─░─┤ X ├──────░─┤ Ry(θ[5]) ├
     └──────────┘ ░ └───┘      ░ └──────────┘
The number of ansatz parameters is: 
 6
Line for latex table
RA r1 rl & $1\mathrm{e}{-06}$ & 10000 & 100/100 &88 & $9.1367\mathrm{e}{-01}$ & $4.4895\mathrm{e}{-02}$ & $7.1118\mathrm{e}{-03}$ & $1.2174\mathrm{e}{+00}$ & $3.1086\mathrm{e}{-01}$ & - & 00h 44m 55s\\

