RA_r1_rl
13m46s__58
1e-03
0.20586864494007706
0.8112314861792731
0.07432650784444039
2.022803146934619
-0.10049862809279642
2.474967025463486
1.5997745538070687
-0.10900564358494691
0.515710391609915
0.6503323115893467
0.7424965429902333
-0.0035871067995998374
1.0578820865735423
0.955843964385739
0.15981062736043494
2.7093348081454547
0.13559173038325945
0.507506601447091
0.3187354612590463
0.5641692461117704
-0.017061664846895752
0.3104589803222124
1.7422319643067867
1.6112926012909528
0.21848282613079384
0.17281591905810068
0.4387100900288976
0.28416983437612764
0.4786516816180153
0.3846200833206397
-0.006857105837143607
0.6931391966172528
0.4740317510793821
-0.06078450504085087
1.2839798957663062
1.1622586313840437
0.045387211947841344
0.4138506309673229
-0.06835161453652461
0.6701509244410978
0.6431922162169663
0.6936060765744589
0.10735834369071817
0.21624946742339635
0.5009765039751706
0.19394484594274886
0.6669620466731905
0.25199194110872236
0.12592082446503738
-0.06903566329498556
0.07140558927189922
0.4100675947928796
0.18644591236045027
0.5970451107502435
0.6428864539941571
0.7036186244676544
1.0923744796294548
1.6307614625893052
0.546518515004264
0.6317903365112949
0.9697654976547833
1.1107163436938312
-0.004628308778178436
0.249443074457937
0.41423936852135057
0.8140149866334201
1.6337381007080545
0.6870002091045624
0.13322296689276492
-0.16393354133867355
0.0632781988772253
0.3484974898457658
0.09805152886712154
-0.16071188727404095
0.5136856716266758
-0.0102626322945083
0.6893341706583349
-0.025121305762353607
-0.10070835895560215
0.05481948664777381
0.005188680312013361
0.8425746755026512
1.5111078745549498
0.31183018871256163
0.5867952297671817
0.7370376857381402
-0.07808050450168658
0.3442935145706443
1.8401493597054226
2.024177911075089
0.9255107740483902
1.7589387999499575
0.6102526970788622
0.806396767784682
0.9550734549000124
0.14259559715122627
0.25738053916162285
1.3265914525646694
0.1985546371015845
1.3408351236570937
