0.20586864494007706 0.072873456237629
0.8112314861792731 0.06096174147744397
0.07432650784444039 0.07423354745921631
2.022803146934619 0.07387170831463413
-0.10049862809279642 0.07050492388838024
2.474967025463486 0.07037528844230716
1.5997745538070687 0.0730439406770867
-0.10900564358494691 0.06836328911780815
0.515710391609915 0.07000406192502845
0.6503323115893467 0.06359093946694303
0.7424965429902333 0.06781798417625862
-0.0035871067995998374 0.07208443208127174
1.0578820865735423 0.07456571626076858
0.955843964385739 0.07730733440566762
0.15981062736043494 0.07051034681855954
2.7093348081454547 0.07619256579279533
0.13559173038325945 0.07165723059171053
0.507506601447091 0.06633266215980155
0.3187354612590463 0.07296207473324495
0.5641692461117704 0.06525807893848784
-0.017061664846895752 0.06851674929239138
0.3104589803222124 0.07561746144094299
1.7422319643067867 0.07253743366527904
1.6112926012909528 0.07043101814423645
0.21848282613079384 0.0749414409895533
0.17281591905810068 0.07120806021327188
0.4387100900288976 0.0730208589806922
0.28416983437612764 0.07249390299618529
0.4786516816180153 0.07060534979297829
0.3846200833206397 0.07122672962671311
-0.006857105837143607 0.07106248879867395
0.6931391966172528 0.05881694546435683
0.4740317510793821 0.0691652322647605
-0.06078450504085087 0.07100176871758752
1.2839798957663062 0.06545178872193119
1.1622586313840437 0.07330824456192664
0.045387211947841344 0.07235376216501499
0.4138506309673229 0.07724524998174988
-0.06835161453652461 0.07153221529663592
0.6701509244410978 0.06694143142459637
0.6431922162169663 0.06246583490572102
0.6936060765744589 0.05878518201924963
0.10735834369071817 0.07414226521466381
0.21624946742339635 0.07351864814836072
0.5009765039751706 0.07109388263424277
0.19394484594274886 0.07231212973842838
0.6669620466731905 0.06137456541360162
0.25199194110872236 0.07263114301528723
0.12592082446503738 0.07246064507153756
-0.06903566329498556 0.07038233453745003
0.07140558927189922 0.07266123004901855
0.4100675947928796 0.07504263862116554
0.18644591236045027 0.07244873046733423
0.5970451107502435 0.06906702797155564
0.6428864539941571 0.06530949271352016
0.7036186244676544 0.061812825348862295
1.0923744796294548 0.0679548912686243
1.6307614625893052 0.076033227237293
0.546518515004264 0.06953737858220209
0.6317903365112949 0.06896601612996192
0.9697654976547833 0.0678023216616684
1.1107163436938312 0.06421381582944664
-0.004628308778178436 0.07019804621492413
0.249443074457937 0.07236184646852227
0.41423936852135057 0.07626022850774948
0.8140149866334201 0.07721668310209233
1.6337381007080545 0.0752369872377714
0.6870002091045624 0.05859309064057019
0.13322296689276492 0.0746187009746826
-0.16393354133867355 0.06928622947133564
0.0632781988772253 0.07062519550226168
0.3484974898457658 0.07482054763595718
0.09805152886712154 0.07205580675036581
-0.16071188727404095 0.06943228538515352
0.5136856716266758 0.07401413890918969
-0.0102626322945083 0.07030203497039327
0.6893341706583349 0.0638750461871135
-0.025121305762353607 0.07026139068581418
-0.10070835895560215 0.06894665049391419
0.05481948664777381 0.07423809920347829
0.005188680312013361 0.06984385007763227
0.8425746755026512 0.06679429451490193
1.5111078745549498 0.07547297753385632
0.31183018871256163 0.07593320977466335
0.5867952297671817 0.07642346287460428
0.7370376857381402 0.05992137942067888
-0.07808050450168658 0.06948838088997755
0.3442935145706443 0.07114527484207979
1.8401493597054226 0.07083626819423365
2.024177911075089 0.06488315997362115
0.9255107740483902 0.06364019961989693
1.7589387999499575 0.07257643152688482
0.6102526970788622 0.07180410773367595
0.806396767784682 0.07654189285089784
0.9550734549000124 0.07820756330048105
0.14259559715122627 0.07336532607274435
0.25738053916162285 0.07470371443609453
1.3265914525646694 0.07301737347486859
0.1985546371015845 0.07437809396898966
1.3408351236570937 0.0731315855994138
