RA_r1_rl
04m17s__1027
1e-07
1.5276113707329841e-12
2.262412479581144e-12
4.0190073491430667e-14
3.7470027081099033e-14
1.8284262992551703e-12
5.972999872483342e-14
1.4876988529977098e-14
2.4480417692984702e-14
1.0597078770047119e-13
9.442446824436956e-14
6.816769371198461e-14
6.572520305780927e-14
5.46229728115577e-14
1.5699108679712026e-12
1.4988010832439613e-13
7.494005416219807e-15
5.978550987606468e-14
1.124322857037896e-12
1.2062573162552326e-13
2.1593837828959295e-14
1.0758061108617767e-13
2.3314683517128287e-14
1.5709655798445965e-14
3.674838211509268e-14
5.906386491005833e-14
1.6114887202434147e-13
7.477352070850429e-14
1.1102230246251565e-14
2.7572388816565763e-13
4.846123502488808e-14
3.241851231905457e-14
8.532063944244328e-14
4.618527782440651e-14
3.4083846855992306e-14
3.524958103184872e-14
2.503552920529728e-14
5.523914659022466e-13
2.5757174171303632e-14
1.0935696792557792e-13
4.6407322429331543e-14
1.0880185641326534e-13
9.584000260076664e-13
5.5011550870176507e-14
4.2982284398362935e-13
7.571721027943568e-14
3.375077994860476e-14
1.7634782523145986e-12
8.715250743307479e-15
3.658184866139891e-14
7.26640969617165e-14
2.986499936241671e-13
3.1002977962657496e-13
3.502753642692369e-14
2.3243629243552277e-12
3.0031532816110484e-14
4.8960835385969403e-14
1.0486056467584604e-13
1.2101430968414206e-14
5.0681681074138396e-14
3.247402347028583e-14
1.2706502516834917e-13
3.824718319833664e-14
1.8096635301390052e-14
4.329314684525798e-13
4.4797499043625066e-14
8.443246102274315e-14
1.216249323476859e-13
7.16093850883226e-14
1.6714407635731732e-13
7.828737658144291e-13
1.2634338020234281e-13
4.446443213623752e-14
2.148281552649678e-14
2.8033131371785203e-14
1.6986412276764895e-14
4.324318680914985e-14
2.781108676686017e-14
1.546540673302843e-13
5.19573273294327e-12
2.6756374893466273e-14
2.1593837828959295e-14
4.4547698863084406e-13
1.8596235662471372e-14
8.124056982694583e-13
8.248957072964913e-14
3.824718319833664e-14
3.680389326632394e-14
1.5654144647214707e-14
5.523359547510154e-14
1.7053025658242404e-13
3.9468428525424315e-14
3.280153926255025e-13
3.36952687973735e-14
5.623279619726418e-14
2.098321516541546e-14
5.384581669432009e-14
9.35918009759007e-14
1.8096635301390052e-14
5.5344617777564054e-14
