No Shot Noise
31/10/2024 16:45:15 

VQEr_100_COBYLA_maxIter_10000_tol_1e-07_RA_r1_rl 

Reference value: 0.0000000000e+00 

Qubits:  5
VQE runs:  100
Optimizer:  COBYLA
Max iterations:  10000
Optimizers's tolerance:  1e-07
Ansatz:  RA_r1_rl 

Only 99 runs out of 100 converged
Number of iterations for each converged VQE run:
[4909, 6550, 568, 464, 4939, 465, 419, 440, 785, 496, 430, 493, 519, 2039, 1304, 524, 515, 2208, 801, 483, 813, 570, 391, 448, 430, 1403, 476, 556, 929, 473, 459, 544, 572, 554, 573, 488, 1374, 523, 563, 510, 1148, 3913, 593, 1145, 597, 477, 3333, 413, 651, 446, 1141, 785, 417, 4265, 667, 454, 471, 438, 605, 475, 777, 475, 433, 2278, 392, 559, 851, 522, 1129, 2176, 970, 363, 395, 440, 590, 402, 495, 631, 7016, 466, 478, 1472, 447, 3127, 889, 597, 725, 627, 457, 1302, 547, 1501, 391, 584, 554, 440, 482, 490, 760] 

Average iterations of converged run:
1027 

VQE eigenvalues:
[1.5276113707329841e-12, 2.262412479581144e-12, 4.0190073491430667e-14, 3.7470027081099033e-14, 1.8284262992551703e-12, 5.972999872483342e-14, 1.4876988529977098e-14, 2.4480417692984702e-14, 1.0597078770047119e-13, 9.442446824436956e-14, 6.816769371198461e-14, 6.572520305780927e-14, 5.46229728115577e-14, 1.5699108679712026e-12, 1.4988010832439613e-13, 7.494005416219807e-15, 5.978550987606468e-14, 1.124322857037896e-12, 1.2062573162552326e-13, 2.1593837828959295e-14, 1.0758061108617767e-13, 2.3314683517128287e-14, 1.5709655798445965e-14, 3.674838211509268e-14, 5.906386491005833e-14, 1.6114887202434147e-13, 7.477352070850429e-14, 1.1102230246251565e-14, 2.7572388816565763e-13, 4.846123502488808e-14, 3.241851231905457e-14, 8.532063944244328e-14, 4.618527782440651e-14, 3.4083846855992306e-14, 3.524958103184872e-14, 2.503552920529728e-14, 5.523914659022466e-13, 2.5757174171303632e-14, 1.0935696792557792e-13, 4.6407322429331543e-14, 1.0880185641326534e-13, 9.584000260076664e-13, 5.5011550870176507e-14, 4.2982284398362935e-13, 7.571721027943568e-14, 3.375077994860476e-14, 1.7634782523145986e-12, 8.715250743307479e-15, 3.658184866139891e-14, 7.26640969617165e-14, 2.986499936241671e-13, 3.1002977962657496e-13, 3.502753642692369e-14, 2.3243629243552277e-12, 3.0031532816110484e-14, 4.8960835385969403e-14, 1.0486056467584604e-13, 1.2101430968414206e-14, 5.0681681074138396e-14, 3.247402347028583e-14, 1.2706502516834917e-13, 3.824718319833664e-14, 1.8096635301390052e-14, 4.329314684525798e-13, 4.4797499043625066e-14, 8.443246102274315e-14, 1.216249323476859e-13, 7.16093850883226e-14, 1.6714407635731732e-13, 7.828737658144291e-13, 1.2634338020234281e-13, 4.446443213623752e-14, 2.148281552649678e-14, 2.8033131371785203e-14, 1.6986412276764895e-14, 4.324318680914985e-14, 2.781108676686017e-14, 1.546540673302843e-13, 5.19573273294327e-12, 2.6756374893466273e-14, 2.1593837828959295e-14, 4.4547698863084406e-13, 1.8596235662471372e-14, 8.124056982694583e-13, 8.248957072964913e-14, 3.824718319833664e-14, 3.680389326632394e-14, 1.5654144647214707e-14, 5.523359547510154e-14, 1.7053025658242404e-13, 3.9468428525424315e-14, 3.280153926255025e-13, 3.36952687973735e-14, 5.623279619726418e-14, 2.098321516541546e-14, 5.384581669432009e-14, 9.35918009759007e-14, 1.8096635301390052e-14, 5.5344617777564054e-14] 

Median VQE eigenvalues:
5.523359547510154e-14 

Min eigenvalue after 100 VQE steps on Aer qasm simulator: 7.49401e-15
Delta from reference energy value is 7.49401e-15 

Optimizer history of the smallest VQE eigenvalue:
[5.500154022790934, 5.5598866627421, 4.970194975036262, 3.582896426737439, 6.096772354462318, 3.0456066581938366, 3.2284116484607557, 2.8505630449280166, 4.1303566360331745, 3.6545749611436453, 3.291080724911002, 2.9051682052068766, 2.4724480176183, 4.866048333402324, 2.7568933855715247, 2.396151129260869, 2.5400691353545906, 2.3089864539799363, 2.116225883817862, 2.1773464861408613, 2.722627383496648, 2.1235362925389305, 2.3389644876435125, 2.0377876576008274, 2.2290147977491985, 2.1836412169322963, 1.8329968577012472, 1.60112292040227, 1.604436147585008, 1.66811404534494, 1.560694297615942, 1.6050772448852877, 1.5170976744389066, 1.4776403768520254, 1.5771934211456928, 1.5059224313489412, 1.2463136541591373, 1.104394739986819, 0.9588087108989517, 0.9276490411031892, 0.9822421687043497, 0.9240838064847128, 0.9524411229653459, 1.0825228370427886, 0.9439232395770369, 1.0349318687651121, 0.8054671265238151, 0.6250886796120984, 0.6815103100853173, 0.6924121180653631, 0.6505292598782577, 0.6486850886349921, 0.6406842372108226, 0.5841687312381791, 0.5558485728829898, 0.5475339079016499, 0.6287874286481716, 0.5151606233089001, 0.45945037783632875, 0.38845326134164126, 0.3635870037100574, 0.37532465071703175, 0.2995524289630902, 0.27169373469166347, 0.2929436671273033, 0.2674310311840325, 0.2099164369642278, 0.2228386054883435, 0.2209260836272935, 0.2082395520192013, 0.21914568588190253, 0.16882275309277583, 0.18015614698684285, 0.17042756519785152, 0.17514912958886453, 0.19795920135887662, 0.15342078927610026, 0.17394274700083917, 0.12310287938994513, 0.09525865195701949, 0.116013441043888, 0.08793401012870594, 0.11984910606264815, 0.11296318259067095, 0.07855674016233843, 0.09019618984288691, 0.05945230097852866, 0.05763535582389784, 0.06861391476497902, 0.07136149355738836, 0.08136935309534327, 0.05096827183633795, 0.040071778441300165, 0.021894788310316438, 0.06601731342213285, 0.0392831956940754, 0.027438821851768214, 0.031222351654314362, 0.03002534507738014, 0.024353097619134678, 0.018111882933621204, 0.0208056482545107, 0.02148049518595535, 0.018599412322598152, 0.020014730251438462, 0.017392592730207046, 0.014990673496875107, 0.01536713816732227, 0.01529875117844881, 0.01414780033151819, 0.015497434221082351, 0.013027318195862059, 0.012137391265338637, 0.011842016754881335, 0.010812154414171493, 0.0134705703191772, 0.011663936747532078, 0.011510106630852501, 0.012683698119526188, 0.010009745578299256, 0.009987806864817816, 0.00983930820861112, 0.0067110375881972995, 0.005949960541344834, 0.0063017864850393734, 0.007514543201666779, 0.006336394994488792, 0.005001835272201716, 0.0062161332401822755, 0.00404680957522946, 0.006641970511623796, 0.004230386422377885, 0.005890845228370523, 0.003953018819726872, 0.004162415593771229, 0.0038865028889856212, 0.0052786770332783894, 0.003479882719351901, 0.003625247918074226, 0.003679058864611562, 0.0036588733238880344, 0.0035847820861754087, 0.004158964619219441, 0.002663157386036341, 0.0023128697110793017, 0.0020750659028777596, 0.0021763186750871633, 0.00223613749695567, 0.0015403860775617395, 0.0022562792176818447, 0.0015187367599696078, 0.001917962118709593, 0.0018071577274217376, 0.0016030895048758098, 0.0013062813370058879, 0.0021189729374783695, 0.0014071649684397891, 0.0015773605625679088, 0.0013970072302641467, 0.0012083704330264067, 0.0010782306933915242, 0.0011905207089038528, 0.0011736590657779322, 0.0009669224260826503, 0.0009209077920080966, 0.0009066851617439142, 0.001064662040458797, 0.0006783259211257109, 0.0006632268110483563, 0.0006818762778688092, 0.0006720552067673302, 0.0007395585339435851, 0.0005792221633187378, 0.0005081206137450556, 0.0006532224025290745, 0.00044567105478288127, 0.00033312791349432436, 0.00032125475826044747, 0.0003854649883128225, 0.0003494550707019428, 0.0003204876694027914, 0.00019997507363234135, 0.0002643457634061708, 0.000231279465372769, 0.00016025098790251047, 0.00018189589315131816, 0.0002843715521945178, 0.00016689438851497096, 0.0002697921054142238, 0.0001522581591276162, 0.000161015206453341, 0.00015494011077471503, 0.0001904610684552721, 0.00014586636914859508, 0.00015796364305387112, 0.00019497095664749997, 0.00013771617657487578, 9.440517943470894e-05, 9.843670445336405e-05, 0.00010001039149409863, 0.00010646980461870292, 0.00010868838156702365, 8.937026160887873e-05, 7.741809149242052e-05, 8.183826091012758e-05, 7.647494524765097e-05, 6.808746241931951e-05, 6.933008498988258e-05, 6.218614676789525e-05, 4.857331330737624e-05, 4.387665935645657e-05, 4.4128108217078577e-05, 3.4167502945547934e-05, 2.9561930256938318e-05, 2.8934190132612336e-05, 2.667443682857762e-05, 2.154519128444443e-05, 2.1924806808459874e-05, 1.3238048649111267e-05, 2.5629463380028028e-05, 1.3647962939289382e-05, 1.137729738798221e-05, 1.3076807024614556e-05, 2.546916759854634e-05, 9.155745890110367e-06, 2.0318704578747848e-05, 9.029967136031658e-06, 1.2818404199310685e-05, 7.158590924483121e-06, 6.517385183313351e-06, 7.150253100496329e-06, 5.963165963740469e-06, 6.707971621888742e-06, 4.102569910513498e-06, 8.436847104220657e-06, 4.5089428199474035e-06, 2.1650542852413857e-06, 2.436024435448214e-06, 3.1280294875979386e-06, 3.0060083425209605e-06, 2.443380470229517e-06, 4.526971058294027e-06, 2.0220347902166758e-06, 2.134792341290659e-06, 1.6945096056875109e-06, 2.8279110382833927e-06, 1.4479248924836874e-06, 1.4118466035717425e-06, 2.0019925880410128e-06, 1.6063749738726152e-06, 1.4305075458076466e-06, 1.2689129056941972e-06, 1.1979734997336067e-06, 1.192344210476648e-06, 1.0100435164361876e-06, 8.081559026429375e-07, 1.0439787934690692e-06, 6.19826007297597e-07, 9.696245544255078e-07, 1.1334800122941857e-06, 2.6199805314153224e-07, 3.5270325854375173e-07, 3.323440317393178e-07, 3.163685566853758e-07, 4.5053078262524693e-07, 5.240005395146241e-07, 2.2640036473342562e-07, 4.1759669183738524e-07, 2.436103059277883e-07, 3.0983348647817266e-07, 3.449112860320902e-07, 2.326883427605786e-07, 3.393293255271601e-07, 2.389109330369621e-07, 2.792114257577083e-07, 1.5818344578644172e-07, 1.6649562001314067e-07, 1.9020587055385008e-07, 2.257155830576174e-07, 1.4860338864997047e-07, 1.5911554063219313e-07, 1.1989819215241226e-07, 1.5270104175568733e-07, 1.2637806007242958e-07, 1.3277755134266656e-07, 1.3244080021568294e-07, 8.76237961633386e-08, 8.255622685471309e-08, 8.240449023144691e-08, 6.505679844837076e-08, 5.334567171333404e-08, 3.985777047299521e-08, 2.7047664219459477e-08, 2.7029420812674232e-08, 3.7435932631613156e-08, 4.685793031367069e-08, 2.959966333149211e-08, 1.4891441690867424e-08, 2.927308445643817e-08, 1.8698771919734014e-08, 3.735436748808496e-08, 2.962493250713294e-08, 2.4028464662428917e-08, 2.3745907518080145e-08, 3.583609414770095e-08, 1.4014725602251588e-08, 1.3375427265760464e-08, 1.5543086817615404e-08, 1.1613054795578392e-08, 2.1063927824194195e-08, 1.1809644373528272e-08, 1.3106521035144425e-08, 6.049672651720073e-09, 1.6150877857334933e-08, 7.98366334153755e-09, 1.248599418302021e-08, 6.3897227509102095e-09, 5.6960462457844585e-09, 6.782168271435296e-09, 7.317158157160719e-09, 5.058965024673512e-09, 5.518285217664953e-09, 5.578100259473473e-09, 5.090949772856845e-09, 6.559244536408215e-09, 3.7736719304959365e-09, 3.3705707114251027e-09, 3.8920073830439605e-09, 5.190788188169648e-09, 3.646259516543182e-09, 3.6441960005184626e-09, 3.990745733872814e-09, 5.053272300603595e-09, 3.5329451031351766e-09, 2.8745446578604117e-09, 2.246215269341434e-09, 2.318703340442596e-09, 2.0375982567877315e-09, 2.2297808599525126e-09, 1.7529608875577196e-09, 1.7823294506946752e-09, 1.5904096928309741e-09, 1.5151437882110486e-09, 1.8598831919014458e-09, 2.1704708030867437e-09, 1.4251292923539438e-09, 1.3150228128644414e-09, 1.1882938522056463e-09, 1.1457470527886926e-09, 1.009658079365039e-09, 1.4789015567728825e-09, 1.4116458557644762e-09, 5.564765870325061e-10, 9.750267260244527e-10, 5.779564604679877e-10, 5.5985271973924e-10, 5.374278244651975e-10, 5.832420657547743e-10, 6.67569999279749e-10, 7.042354477349022e-10, 5.446726958346915e-10, 5.96392102369947e-10, 5.83835368939134e-10, 6.161344212607389e-10, 6.492898441123884e-10, 5.965504756844098e-10, 5.364598210100269e-10, 4.663942010374456e-10, 4.1761150093577726e-10, 4.201216041721523e-10, 3.894589650776936e-10, 4.1322867350146453e-10, 3.431074868665007e-10, 3.513050406134255e-10, 3.7624869886343504e-10, 2.5922058943805837e-10, 2.0854201698838892e-10, 2.4970375767097153e-10, 2.1551627149563046e-10, 1.849784769802909e-10, 1.8154017178417803e-10, 1.5915130324728466e-10, 1.538034144488165e-10, 1.8458623518569084e-10, 1.6798790136718367e-10, 1.3855899760883972e-10, 1.3709039459186556e-10, 2.1083063073135122e-10, 1.3190559755571485e-10, 9.651118793030378e-11, 9.420159097217606e-11, 9.709510973010538e-11, 1.505229274556541e-10, 9.565265246536114e-11, 7.804562551783079e-11, 1.0007666917388747e-10, 6.858558165845352e-11, 1.4320078456364627e-10, 6.935552132603107e-11, 6.607464575481004e-11, 7.799377810258079e-11, 5.724426488384893e-11, 4.9928672307686384e-11, 5.5797477749308655e-11, 5.0041248922383375e-11, 4.4830472667456434e-11, 5.3558157908639714e-11, 3.443656471091572e-11, 3.340522303219018e-11, 3.574618379076355e-11, 3.522604430372667e-11, 2.2597312909766742e-11, 3.52857743024515e-11, 2.5261626124262193e-11, 2.137251486900027e-11, 2.372302354558542e-11, 1.9195645073466494e-11, 1.8700152537576287e-11, 2.285532874068963e-11, 2.4486856986527528e-11, 1.5623502491735053e-11, 1.7200463275912625e-11, 1.3083645278300082e-11, 2.253669473262221e-11, 1.5659751273489064e-11, 1.7068624291738388e-11, 1.3517520436323593e-11, 1.3080370120377438e-11, 1.6854573292590658e-11, 1.1441625424879476e-11, 1.2682299654898088e-11, 1.332273180665311e-11, 7.375045019131221e-12, 6.956324405393843e-12, 8.598677325721837e-12, 4.757971794333571e-12, 4.945099885134141e-12, 5.1615933749360465e-12, 4.906963724238267e-12, 5.017042337129851e-12, 4.482025861562988e-12, 4.501787831401316e-12, 5.927036639263861e-12, 5.499267707875788e-12, 7.0353722847471545e-12, 3.612388166374103e-12, 3.58046925441613e-12, 3.1586400162098016e-12, 2.8767543902574744e-12, 2.8035351817834453e-12, 2.3094859358252506e-12, 2.3145929617385264e-12, 2.104982854689297e-12, 2.2838397839564095e-12, 2.2765123119938835e-12, 2.9605762286166737e-12, 2.3133162052602074e-12, 1.5711876244495215e-12, 1.312727704316785e-12, 1.7277845820728999e-12, 1.4919177004912854e-12, 1.4063195052926858e-12, 1.412592265381818e-12, 1.3699041900849807e-12, 1.4706014184184824e-12, 1.4915846335838978e-12, 1.3005152510459084e-12, 1.2075895838847828e-12, 1.1317613513028846e-12, 1.2811973704174306e-12, 8.114064975472957e-13, 7.898681708695676e-13, 8.205103263492219e-13, 7.650546862691954e-13, 7.05324687544362e-13, 5.450084827884893e-13, 5.772049505026189e-13, 4.901634653720066e-13, 4.84001727585337e-13, 4.702904732312163e-13, 4.4708681201655054e-13, 4.894418204060003e-13, 4.756195437494171e-13, 4.5446979513030783e-13, 3.8691272408186705e-13, 3.8191672047105385e-13, 5.414557691096888e-13, 4.723443858267729e-13, 3.3767433293974136e-13, 3.2096547641913276e-13, 3.8413716652030416e-13, 4.64406291200703e-13, 4.0795145039851377e-13, 2.5490720645393594e-13, 1.8340884366807586e-13, 2.94320123828129e-13, 2.220446049250313e-13, 1.488809076022335e-13, 1.9961809982760315e-13, 1.6819878823071122e-13, 1.4127587988355117e-13, 1.9723112032465906e-13, 1.287303597052869e-13, 1.028066520802895e-13, 1.0813572259849025e-13, 7.982503547054876e-14, 8.149037000748649e-14, 9.842127113302013e-14, 1.145195049900849e-13, 2.940425680719727e-13, 4.807265696626928e-14, 2.2426505097428162e-14, 2.2426505097428162e-14, 3.419486915845482e-14, 3.2307490016592055e-14, 3.3084646133829665e-14, 1.3933298959045715e-14, 2.1815882433884326e-14, 1.609823385706477e-14, 4.451994328746878e-14, 1.3100631690576847e-14, 3.0031532816110484e-14, 2.1926904736346842e-14, 7.494005416219807e-15] 

Smallest VQE eingenvalue optimizer final message:
{   'aux_operators_evaluated': None,
    'cost_function_evals': 524,
    'eigenvalue': 7.494005416219807e-15,
    'optimal_circuit': <qiskit.circuit.library.n_local.real_amplitudes.RealAmplitudes object at 0x00000164E8CFBD10>,
    'optimal_parameters': {   ParameterVectorElement(θ[0]): -3.141592649280619,
                              ParameterVectorElement(θ[1]): 4.3951052853186e-08,
                              ParameterVectorElement(θ[2]): 3.1415926628799,
                              ParameterVectorElement(θ[3]): -3.1415926876421865,
                              ParameterVectorElement(θ[4]): 2.4323014998441894,
                              ParameterVectorElement(θ[5]): 3.141592568872396,
                              ParameterVectorElement(θ[6]): 3.1415926032993386,
                              ParameterVectorElement(θ[7]): -3.141592688036099,
                              ParameterVectorElement(θ[8]): -1.3995335238559979e-08,
                              ParameterVectorElement(θ[9]): -3.8508838390539943},
    'optimal_point': array([-3.14159265e+00,  4.39510529e-08,  3.14159266e+00, -3.14159269e+00,
        2.43230150e+00,  3.14159257e+00,  3.14159260e+00, -3.14159269e+00,
       -1.39953352e-08, -3.85088384e+00]),
    'optimal_value': 7.494005416219807e-15,
    'optimizer_evals': None,
    'optimizer_result': <qiskit_algorithms.optimizers.optimizer.OptimizerResult object at 0x00000164E1614FE0>,
    'optimizer_time': 1.3035786151885986}
     ┌──────────┐ ░                      ░ ┌──────────┐
q_0: ┤ Ry(θ[0]) ├─░──────────────────■───░─┤ Ry(θ[5]) ├
     ├──────────┤ ░                ┌─┴─┐ ░ ├──────────┤
q_1: ┤ Ry(θ[1]) ├─░─────────────■──┤ X ├─░─┤ Ry(θ[6]) ├
     ├──────────┤ ░           ┌─┴─┐└───┘ ░ ├──────────┤
q_2: ┤ Ry(θ[2]) ├─░────────■──┤ X ├──────░─┤ Ry(θ[7]) ├
     ├──────────┤ ░      ┌─┴─┐└───┘      ░ ├──────────┤
q_3: ┤ Ry(θ[3]) ├─░───■──┤ X ├───────────░─┤ Ry(θ[8]) ├
     ├──────────┤ ░ ┌─┴─┐└───┘           ░ ├──────────┤
q_4: ┤ Ry(θ[4]) ├─░─┤ X ├────────────────░─┤ Ry(θ[9]) ├
     └──────────┘ ░ └───┘                ░ └──────────┘
The number of ansatz parameters is: 
 10
Line for latex table
RA r1 rl & $1\mathrm{e}{-07}$ & 99/100 &1027 & $7.494\mathrm{e}{-15}$ & $7.494\mathrm{e}{-15}$ & $5.5234\mathrm{e}{-14}$ & $5.5234\mathrm{e}{-14}$ & - & 00h 04m 17s\\

