-0.4301718595411157
-0.4370732703344533
-0.4372493996061504
-0.4374267985059419
-0.43312396029264044
-0.41978683357252544
-0.42806116330355604
-0.42736523432034446
-0.4337536719231042
-0.42643413450836753
-0.4315830659223694
-0.432472627807609
-0.42985341307466873
-0.42105334740748224
-0.43437435734588814
-0.43582727744541705
-0.43392914631774515
-0.4341311598101436
-0.4318123376199363
-0.4231396736448645
-0.429352350442894
-0.43052499833896274
-0.43495185063185615
-0.43545505444593524
-0.41344640726387893
-0.4307061131325236
-0.4341386975688142
-0.40344659576139374
-0.422665149524327
-0.4326215901307522
-0.41249236855193283
-0.4366486147732671
-0.42771967257557075
-0.4322681927035509
-0.42217679628177074
-0.42424810063945495
-0.42982915529256915
-0.4249019413252917
-0.4358272815194084
-0.43352251065725345
-0.43134299770355744
-0.4370585066027086
-0.42604630570449564
-0.43045848354589156
-0.4293708008289039
-0.4369942072981132
-0.43606508532426025
-0.4352832673393411
-0.42055512447829846
-0.4246351695903223
-0.4345734151738532
-0.4304282444450238
-0.40373112851542947
-0.42963191564836223
-0.4334308975253629
-0.43544088546808724
-0.4354433670731488
-0.435437895640464
-0.4369902421458014
-0.4242591406156693
-0.42894605426760235
-0.4327748839669221
-0.435767904107795
-0.4373374427271429
-0.42680517768873427
-0.42867407317195494
-0.4360499103053548
-0.43501409691545523
-0.4314782992443629
-0.435768288905656
-0.4338882051352799
-0.4314214804084813
-0.41986961541916046
-0.4301682356982699
-0.43300460929695705
-0.4317323245305922
-0.4074011989058859
-0.4346242806670857
-0.42910447612290814
-0.4356104478531435
-0.42137690688419127
-0.4316209788023089
-0.4361723141529591
-0.43409162347835994
-0.430430607512861
-0.430965165658063
-0.4357655239863263
-0.4334178188774004
-0.43228918610744205
-0.4293913447174138
-0.4295800170283316
-0.424924159577744
-0.4228362635019248
-0.43448401011938664
-0.42527676980271556
-0.41859435359689323
-0.4363895823270265
-0.4342186763695042
-0.43205432070947636
-0.42637060702085117
