RA_r1_rl
01m13s__227
1e-02
0.9167763417663639
0.896313471530692
0.9171468027198749
1.0352124586821276
0.9450769738999754
0.8954458946430279
0.9216833288082561
0.9192740436043116
0.8970275246594844
0.8979639235601644
0.9119063830739362
0.9298160651344519
0.9191647376884501
0.9260059646446707
0.8981129121814552
0.9007390066449266
0.9180751879759625
0.8968541736036885
0.9433835820215196
0.9210476132927592
0.9294485527105906
0.9197649501166926
1.052314431846969
0.9064428710469166
0.9106925363787546
0.9012259823814223
0.8963308554091879
0.8941357415077233
1.0580575397547665
0.9106697557077504
0.9093232457010203
0.8982819261639812
0.917614226890323
0.9070582587742816
0.927121666329913
0.9077303807766846
0.8978957406222678
0.89416306711897
0.9189360975135688
0.9138511706109969
0.9019900390998362
0.9123879624628565
0.8974299863345627
0.8991237834508631
0.8951573897473477
0.900751059447744
0.8946818689469765
0.907563651083651
0.9078373215232812
0.9295543476903035
0.8956459141496536
0.8938693450988368
0.9467936775656766
0.9265505472901616
0.8962867723517637
0.9435047909997195
0.9234320836972953
0.9274249691210774
0.9031136812491282
0.9025562247087355
0.8950484432163459
0.895461324051508
0.8935401095269166
0.8939338677602349
0.9266129518928446
0.9018650726994561
0.9255836686819516
0.9305166407820283
0.8955020284707236
0.9102040925501873
0.9109459819925286
0.9086656638074847
0.9179884589548171
1.058682989516809
0.9298975293983498
0.9136482467765235
0.9062168685687056
0.8996832918058182
0.8997092839459139
0.8958859688877038
0.9308361739242762
0.8964663756360816
0.9136045867918844
1.0527288590340684
0.9179973046668475
0.9205095707472908
0.895496691223223
0.8938169774462548
0.9092791052459631
0.9198049048382435
0.8958195718005264
0.894384774132499
0.8976669276749419
0.9036966855663839
0.91830093476332
0.897911112131664
0.9181426043751838
0.9103140140567557
0.8955265666466186
0.8955545493838639
