0.9054855234040305
0.9169079153849566
0.9169079154309538
0.90548552340358
0.9169079153054751
0.916907915517158
0.9054855234032143
0.8934215938234982
0.8934215938235126
0.9054855234037859
0.9054855234031074
0.8934215938233782
0.9054855234031436
0.9054855234034683
0.8934217254144611
0.8934215938235665
0.9169079154152603
0.8934215659454982
0.9169078976954322
0.8934215792171396
0.8934215059978657
0.9169079143136685
0.9169079153030573
0.8934215545524
0.8934215938233887
0.9054855234034429
0.9054855234035406
0.9169079139202722
0.9054855234033117
0.9054855234030244
0.905485523404138
0.8934216289076742
0.9054855234034751
0.8934215938233576
0.8934215134089267
0.9054855234035218
0.8934218487636738
0.9169079155433785
0.9054855234034365
0.8934215938237031
0.9169079155553651
0.8934214926093526
0.8934215938235411
0.893421744531913
0.8934215938234685
0.9169079154458037
0.9054855234041078
0.9169079155550186
0.9054855234049675
0.9169079155395615
0.8934215938250536
0.9054855234046099
0.9169079118685786
