No Shot Noise
31/10/2024 20:20:47 

VQEr_100_COBYLA_maxIter_10000_tol_1e-08_RA_r1_rl 

Reference value: 8.8458044387e-01 

Qubits:  4
VQE runs:  100
Optimizer:  COBYLA
Max iterations:  10000
Optimizers's tolerance:  1e-08
Ansatz:  RA_r1_rl 

Only 53 runs out of 100 converged
Number of iterations for each converged VQE run:
[3481, 853, 1000, 8142, 938, 812, 8529, 1076, 1562, 3202, 7129, 1064, 3829, 4410, 1573, 938, 816, 2039, 5571, 3168, 2168, 833, 1532, 3505, 1346, 4079, 4908, 909, 4933, 2868, 3053, 2138, 3919, 1376, 2010, 4164, 2297, 807, 5461, 2327, 786, 2041, 1462, 1373, 936, 744, 8968, 836, 2657, 681, 2857, 3950, 1482] 

Average iterations of converged run:
2708 

VQE eigenvalues:
[0.9054855234040305, 0.9169079153849566, 0.9169079154309538, 0.90548552340358, 0.9169079153054751, 0.916907915517158, 0.9054855234032143, 0.8934215938234982, 0.8934215938235126, 0.9054855234037859, 0.9054855234031074, 0.8934215938233782, 0.9054855234031436, 0.9054855234034683, 0.8934217254144611, 0.8934215938235665, 0.9169079154152603, 0.8934215659454982, 0.9169078976954322, 0.8934215792171396, 0.8934215059978657, 0.9169079143136685, 0.9169079153030573, 0.8934215545524, 0.8934215938233887, 0.9054855234034429, 0.9054855234035406, 0.9169079139202722, 0.9054855234033117, 0.9054855234030244, 0.905485523404138, 0.8934216289076742, 0.9054855234034751, 0.8934215938233576, 0.8934215134089267, 0.9054855234035218, 0.8934218487636738, 0.9169079155433785, 0.9054855234034365, 0.8934215938237031, 0.9169079155553651, 0.8934214926093526, 0.8934215938235411, 0.893421744531913, 0.8934215938234685, 0.9169079154458037, 0.9054855234041078, 0.9169079155550186, 0.9054855234049675, 0.9169079155395615, 0.8934215938250536, 0.9054855234046099, 0.9169079118685786] 

Median VQE eigenvalues:
0.9054855234034429 

Min eigenvalue after 100 VQE steps on Aer qasm simulator: 8.93421e-01
Delta from reference energy value is 8.84105e-03 

Optimizer history of the smallest VQE eigenvalue:
[7.258819507496044, 10.058625009432731, 18.4607591221504, 16.164194138381625, 14.06075282965496, 5.4715034649426455, 8.036745151351724, 9.012402056090965, 5.240071607927965, 5.4439014715877265, 4.421531825032089, 4.982640812534441, 3.202416621712185, 3.5279791371403033, 3.3741864056412205, 3.42240570866547, 3.209710709654332, 3.2631698869067316, 4.575311635369579, 3.8660891875594623, 2.5179988223008727, 2.087079105733915, 2.269828323084663, 2.2816047354169986, 1.8391878344822672, 1.9337818066859433, 1.7691646400709136, 1.5092961310332125, 1.490580426461825, 1.5529759802579999, 1.2835452096426465, 1.6988748447510178, 1.241586513054983, 1.5671441281944334, 1.2968077857560114, 1.3310630032630393, 1.3076503804244148, 1.3505241354507456, 1.2622995008653608, 1.216372708958996, 1.30161744286281, 1.1987133240350938, 1.1831746487517394, 1.1528270079455545, 1.157280173625037, 1.1614191655642743, 1.1425958569999652, 1.1110592686303384, 1.1426862181888067, 1.1073689326365637, 1.0962042493750426, 1.0861418439203725, 1.0869155373850254, 1.079539333307915, 1.0728368721242096, 1.0759457163348125, 1.0717021766561272, 1.072802818518432, 1.0680740572439478, 1.0639275876406251, 1.1058654099236664, 1.104721453488096, 1.0191474235999907, 1.0135345026956282, 1.0121887281790494, 1.0193554911709628, 1.0102766186575796, 1.0169073771192716, 1.0214387548524477, 1.00778206139743, 1.0219030428202351, 0.9965256223272355, 0.9816527863323513, 1.0066743309884156, 0.9779301773054031, 0.994520311303258, 0.9811867388605965, 0.9654479970426201, 0.9674753830700216, 0.9648672379005065, 0.982964681430433, 0.9664842306227551, 0.9677042688085264, 0.9638615840756621, 0.9650731525877717, 0.9631560514810072, 0.9670953577653401, 0.9642116465263149, 0.959162397206572, 0.9556947001163332, 0.9569380508213499, 0.9564513768579227, 0.9556810908696818, 0.9526159526181173, 0.9536982158135416, 0.9540551898714285, 0.9569058965571724, 0.9536573538718012, 0.9496119073284665, 0.9499018430628369, 0.9493351579541057, 0.9501049384203921, 0.9532425202900591, 0.9475289137010479, 0.9476229749834916, 0.9509909433946163, 0.947550960964096, 0.9481006110441571, 0.9470124540318623, 0.94462324056696, 0.9474173579718421, 0.9445822185846072, 0.9447554037529178, 0.9452069101310017, 0.942744506000519, 0.9410972476114938, 0.9408977756868282, 0.9400413393917547, 0.9390450698724412, 0.9382777791189292, 0.9378884790893516, 0.9358203045266651, 0.9336820174922152, 0.9320023040054866, 0.9302781930244345, 0.9296662029092483, 0.9304152123281471, 0.9304673025734164, 0.9305568271254109, 0.9289606260034473, 0.9287246518747536, 0.9285212724103854, 0.9294630579127777, 0.9299267001996933, 0.9282895936500514, 0.9275210273700304, 0.9276023629724043, 0.9280867685740379, 0.9265868615094585, 0.9257362674912103, 0.9250612421406103, 0.9247871633981246, 0.9245719263595078, 0.9248490180297592, 0.9240978460403537, 0.9234742966399679, 0.9235180943901257, 0.9232790763506565, 0.9225628359556057, 0.9230796312622582, 0.9226091881012212, 0.9227016849887693, 0.9229681410828982, 0.9219304987025722, 0.9218622878450615, 0.9221720834720462, 0.9218014997628508, 0.9225715805540504, 0.9206912101652118, 0.9201590539038643, 0.920036484438832, 0.9201118939087805, 0.9201235689215925, 0.9201149707814243, 0.9191735409653116, 0.9184512122721228, 0.9180157033000002, 0.9176482273981176, 0.9173008776053045, 0.917376464021372, 0.9178806609456635, 0.9168661123093519, 0.9160056041880388, 0.9152961800647523, 0.9150126820319648, 0.915156235019859, 0.9151858676132336, 0.9143430956954763, 0.9141259884592805, 0.9146933024031974, 0.9142411951022333, 0.9135600876106076, 0.9136578595095199, 0.9140667403537103, 0.9133385152947047, 0.9135168180586039, 0.9128455640982134, 0.9123432299883906, 0.9127491520795272, 0.912243772920135, 0.9125672015163654, 0.9125876568216696, 0.911726289920639, 0.9113067353700666, 0.9112435473406933, 0.9111431845963643, 0.9113565714792705, 0.911236911289929, 0.9106804189698384, 0.9105865210823084, 0.9105945392143795, 0.9114755290623686, 0.9107650657980327, 0.9106515905263761, 0.909661823611054, 0.9096804222294087, 0.9097519520626198, 0.9093391689617724, 0.9100571979073722, 0.9088998068900975, 0.9088686755471688, 0.9092514608609397, 0.9088417227609443, 0.9088863130384288, 0.9087331288971154, 0.9087548707765415, 0.9079020011244819, 0.9077964135703628, 0.9078787594775223, 0.9071116463608841, 0.9069636506991259, 0.9063747429976537, 0.906516989939062, 0.9061949770894971, 0.9061184512724725, 0.9062405208920329, 0.9062573443518832, 0.9061628612812923, 0.9059099167095285, 0.9058995172781517, 0.9064823307166848, 0.9051476933397127, 0.9046440946966745, 0.9044372211117995, 0.9045527192987316, 0.9044836783468785, 0.9044833101924328, 0.9052490615462414, 0.9044161968638451, 0.9038125777707783, 0.9039777316535703, 0.9040528610848024, 0.9035052770969235, 0.9031191635686144, 0.9032321706399438, 0.9034115668162241, 0.9033621555064005, 0.9030780345367017, 0.9030544989424582, 0.902841640593818, 0.902507922195738, 0.9024897360150156, 0.9025915514657119, 0.9022392850755105, 0.9020321342396727, 0.9018941178877128, 0.901743503257053, 0.9017144795827041, 0.9018363264001897, 0.9016608113175253, 0.9017240701314887, 0.9017590502542827, 0.9015958078401903, 0.9012773117558072, 0.9011668081129, 0.9011681091801521, 0.9011450981406041, 0.9010380143533048, 0.9008274861141522, 0.90100594764389, 0.9008189040791539, 0.9007959459277194, 0.9007649929988645, 0.9005161763334734, 0.900362631249438, 0.9003261609534812, 0.9004753686324017, 0.9000996529321004, 0.8999902617676864, 0.8998476458846226, 0.899919584426267, 0.8998410459184281, 0.8998903947758384, 0.8998998733588278, 0.8996514619545047, 0.8994840346811476, 0.899414229533414, 0.8993806012011374, 0.8994318850550042, 0.8993195690851997, 0.899221701185659, 0.8989366904108408, 0.8989023212000664, 0.8989136549715656, 0.8987244892729099, 0.8986877549698657, 0.898572303997256, 0.8986309130288159, 0.8986341373601002, 0.8988470677126332, 0.8985813253159276, 0.8983562239608102, 0.8984388554001566, 0.8984032472772985, 0.89820702247151, 0.8980398262249575, 0.8979656300077995, 0.898048916018682, 0.8979592303021495, 0.8978307185000752, 0.8977424125338662, 0.8976406087283479, 0.8974821427915124, 0.897367413136106, 0.8973193962783298, 0.8972274431783145, 0.897160354442037, 0.8971811831872443, 0.8972867172004725, 0.8972538132686638, 0.897160250845245, 0.8971929049116416, 0.896916324413426, 0.8968102460717313, 0.8968681588553993, 0.8968172601147884, 0.8969444696845738, 0.8968416897586272, 0.8970337235307289, 0.8967992234908918, 0.8969020163092769, 0.896744932334237, 0.8966428292324127, 0.8965934293337374, 0.8966838804043743, 0.8966547939212405, 0.8966641222653389, 0.8965308314245707, 0.8964448221385354, 0.8964157692525019, 0.8963629473405754, 0.8964381287115016, 0.8963629615025763, 0.896293732179988, 0.8962549345037039, 0.8962482771617624, 0.8963912731169319, 0.8962653338822465, 0.8963909085955815, 0.8960887185936959, 0.8961529733379403, 0.8961290721740607, 0.8960265638054111, 0.8962288108666153, 0.8960308519626142, 0.8959090520268955, 0.8959347517526917, 0.8959893085271285, 0.8958512670266242, 0.8957531700135396, 0.8956568357253485, 0.8956466295867264, 0.8956927122537769, 0.8957487713480504, 0.895685790275229, 0.895523968013051, 0.89543965646596, 0.8954591643587169, 0.8953864647224776, 0.8954042374713354, 0.8953754666511851, 0.8953306187583849, 0.8952981244701045, 0.8952810213349401, 0.8955017829320944, 0.8953342647943717, 0.8952895348503715, 0.8951836122887715, 0.8951501093260192, 0.8951064317914109, 0.8951301080779716, 0.8951037101300159, 0.8950732550101266, 0.8951267515628721, 0.8950902092761819, 0.8950701635855843, 0.8950786272638677, 0.8950160756617287, 0.8950551005178196, 0.8950023581029906, 0.8949552409112046, 0.8949533673960464, 0.8949552087818488, 0.8949530359777571, 0.8949587746724627, 0.8949343326623572, 0.8949814901824427, 0.8948676749256098, 0.8948713174072789, 0.8948653901275571, 0.894862849747514, 0.894862868242484, 0.8948476619737801, 0.8948523828364247, 0.8947905593690298, 0.8947329672739991, 0.8946846145244259, 0.8946820067088319, 0.8947124894168608, 0.894640497490975, 0.8945924398227345, 0.8945858420503207, 0.8945836113970546, 0.8945792099206533, 0.894558658864802, 0.8945501224933526, 0.8944944533539142, 0.8944681506041259, 0.894469373602, 0.8944666378254538, 0.8944323133601004, 0.8943841882882478, 0.8943692048826124, 0.8943691331423469, 0.894372507332316, 0.8943683931222907, 0.894324537431212, 0.894331674002146, 0.8943305219283384, 0.894312714786073, 0.8943193579903747, 0.89431531500488, 0.8943297063288649, 0.8943246172887036, 0.8943019300767897, 0.8943392590315725, 0.8943025903858579, 0.8942825603317984, 0.8942887021371534, 0.8942597741385273, 0.8942532223074061, 0.8942801054941153, 0.8942064369899602, 0.8941916714722163, 0.8942014802193415, 0.8941905209849238, 0.8942043904152932, 0.8942040172761356, 0.8941546902785832, 0.8941172904165432, 0.8940885814641806, 0.8940603650827061, 0.8940524295859815, 0.8940574258377578, 0.8940208797099808, 0.8939932504260817, 0.8939765248217212, 0.8939408227832981, 0.8939131035770385, 0.8939313545056278, 0.8939095982313259, 0.8939166883189266, 0.893920051735477, 0.8939045075528815, 0.8939009832152004, 0.8939005927372198, 0.8938962318573127, 0.8939188941504996, 0.8938957972988342, 0.8938858799298408, 0.8939280624176218, 0.8938603786795543, 0.8938362619369258, 0.8938504971420823, 0.8938339193447116, 0.8938542159838841, 0.8938323160985041, 0.8938243647153109, 0.8938317745196589, 0.8938316650559531, 0.8938419449998696, 0.8938402005458392, 0.8938191743976437, 0.8938059011990499, 0.8938121449011802, 0.8938034194206859, 0.8937970484587269, 0.8937982493708743, 0.8937970390995406, 0.893794012281454, 0.8937811848464866, 0.8937726842368299, 0.8937687390880077, 0.8937735886232115, 0.8937655682045277, 0.8937511687459959, 0.8937470028776561, 0.8937432384512225, 0.8937462708739767, 0.893738135300638, 0.8937333943935719, 0.8937299143528035, 0.8937258072433466, 0.8937515105178362, 0.8937244940499033, 0.8937084018245987, 0.8937030600247061, 0.893703529713544, 0.8937062702757823, 0.8936910758378372, 0.8936975113259891, 0.8936921379773781, 0.8936949153853887, 0.8936939470570437, 0.8936813116354271, 0.8937012285055103, 0.8936814687806186, 0.893670979251705, 0.8936736648465836, 0.8936729517280398, 0.8936685755628191, 0.8936693802948462, 0.8936561495269757, 0.8936484088269941, 0.8936411783160765, 0.8936297287050119, 0.893623139019035, 0.8936153080339302, 0.8936170600493543, 0.8936154790764246, 0.8936188738197877, 0.893619832949903, 0.8936158561238488, 0.8936199860441276, 0.8936093436363367, 0.8936150837301161, 0.8936130595513895, 0.8936059245065358, 0.893610406267448, 0.8936021108753095, 0.8935982214674753, 0.8935951463927301, 0.8935855839653912, 0.8935825345813393, 0.8935874038864016, 0.8935799915692678, 0.893577938304392, 0.8935713460200115, 0.8935647094334823, 0.8935682635932635, 0.8935646435524024, 0.8935709880723978, 0.8935678952242908, 0.8935601791905519, 0.8935615315857536, 0.8935609101378228, 0.8935627329255034, 0.8935762168331584, 0.8935596182930978, 0.8935577921535744, 0.8935533799111646, 0.8935494442934576, 0.8935491116378381, 0.8935494089824743, 0.8935509349908065, 0.893549362282632, 0.8935457522271051, 0.8935463931818093, 0.8935461628636415, 0.893542515878807, 0.8935427845957273, 0.8935393436864312, 0.8935399298931825, 0.8935403714864034, 0.8935402587144677, 0.8935368902464359, 0.8935384419445042, 0.8935369296957361, 0.8935348930416069, 0.8935387876711113, 0.893535139221109, 0.893530745094124, 0.8935291966149428, 0.8935284449901362, 0.8935291024844518, 0.8935263073732459, 0.8935245518925667, 0.8935219510968451, 0.8935235015404286, 0.893524057715086, 0.8935184785191774, 0.8935175763151343, 0.8935203965975939, 0.8935180045259671, 0.8935159480147363, 0.8935152217225848, 0.8935177846072991, 0.8935156069781862, 0.8935120130639125, 0.8935139264883807, 0.8935118036105351, 0.8935095081747284, 0.8935106875916783, 0.8935095898524171, 0.8935093284496582, 0.8935087285440237, 0.8935093963147598, 0.8935112939260743, 0.8935052450387406, 0.8935055638349803, 0.8935057422422027, 0.8935057680945697, 0.8935044700303305, 0.8935021229773469, 0.8935012625777923, 0.8935019749893952, 0.8935015383456654, 0.8935012454630665, 0.8935034908073997, 0.8934982781535844, 0.8934983769983472, 0.8934969939265955, 0.893496199468627, 0.8934962696357862, 0.8934986101876409, 0.8934947303097545, 0.8934943539878205, 0.8934941358061854, 0.8934939370064929, 0.8934910757533963, 0.8934889250501021, 0.8934870735733061, 0.8934886266655497, 0.8934886075697738, 0.893489817722647, 0.8934875270262078, 0.8934853857279563, 0.8934835867324099, 0.8934833075063655, 0.8934851071491585, 0.893480551911907, 0.8934813020507882, 0.8934798148820245, 0.8934784807075201, 0.8934760255393562, 0.8934754157789786, 0.8934748642926349, 0.8934740724503585, 0.8934782039557496, 0.893474191510439, 0.8934708857846023, 0.8934710356371369, 0.8934706454979756, 0.8934717410770697, 0.8934703648179723, 0.8934681549867709, 0.8934676813397157, 0.8934675511039291, 0.8934682632561917, 0.8934691396748312, 0.893465334358433, 0.8934654422862117, 0.8934664262353877, 0.893466151985224, 0.8934652384880547, 0.893465918132047, 0.8934661493041118, 0.8934637125148459, 0.8934628498682354, 0.8934668657947223, 0.8934623061357162, 0.8934604879879557, 0.8934607675102094, 0.8934607896400456, 0.8934619837432694, 0.8934610100072958, 0.8934615625917558, 0.8934595387817663, 0.893460538448444, 0.8934596847142111, 0.8934589265457828, 0.8934583738908782, 0.893457708882716, 0.8934578995398248, 0.8934581923269301, 0.8934573747799717, 0.8934570275789454, 0.8934559147365867, 0.893455062341557, 0.8934546379877712, 0.8934545876565674, 0.8934547704372421, 0.8934537759597915, 0.893452742006768, 0.8934520577968459, 0.8934518212218105, 0.8934518190606386, 0.8934515064104598, 0.8934516344359997, 0.8934507567030641, 0.893450818628897, 0.8934507710186586, 0.8934501044667236, 0.8934493900105763, 0.8934496141294302, 0.8934493398394195, 0.893450396266087, 0.8934492028017196, 0.893448335027059, 0.893447669414934, 0.8934467478041039, 0.8934459485802786, 0.8934454170151782, 0.8934449176871405, 0.8934447376550422, 0.8934450490522281, 0.8934449192087235, 0.8934442855112663, 0.8934443740351204, 0.8934435259251277, 0.89344341670239, 0.8934435562981602, 0.8934424123298277, 0.8934417737298097, 0.8934411644062258, 0.8934408039037961, 0.8934412026688556, 0.8934408686380602, 0.8934404162601579, 0.8934405476137595, 0.8934403135489226, 0.8934398148844007, 0.8934399368631674, 0.8934398151521143, 0.8934398427328741, 0.8934397097829027, 0.8934396380108383, 0.8934399663121977, 0.8934391483332932, 0.8934389746674085, 0.8934388061707089, 0.893438557347568, 0.8934385384716085, 0.8934386958005679, 0.8934382119443884, 0.8934379942834603, 0.893437843484404, 0.8934378642666164, 0.8934379935114877, 0.8934376505081769, 0.893437754908986, 0.8934375674353068, 0.8934372550535565, 0.8934369473800309, 0.8934366914820282, 0.8934364393348209, 0.8934363064335731, 0.893436317727586, 0.8934364612694076, 0.8934360960215458, 0.8934359577790805, 0.8934359117702453, 0.8934360476276463, 0.8934354506017396, 0.8934351961996253, 0.8934350738493415, 0.8934348670043001, 0.8934349895207278, 0.8934349669828567, 0.8934350006756804, 0.8934347722919342, 0.8934347936640037, 0.893434729758614, 0.8934343619834948, 0.8934341980198232, 0.8934340510461903, 0.8934338008951916, 0.8934336219925549, 0.8934334600517493, 0.893433365024442, 0.8934334101576725, 0.8934336373795255, 0.8934333536427111, 0.8934330178005078, 0.8934327455023797, 0.8934325271474425, 0.8934325211312014, 0.8934325330158339, 0.8934322300772248, 0.8934320773877552, 0.8934319615767222, 0.8934317549839185, 0.8934314596499605, 0.8934312528749676, 0.8934311284769234, 0.8934308394159017, 0.8934307645375726, 0.8934308274007736, 0.8934305875951698, 0.8934304981086438, 0.8934304519920823, 0.8934303160882666, 0.8934302077816383, 0.8934303785261296, 0.8934302064540856, 0.8934298657146268, 0.8934297053057354, 0.8934296016873212, 0.8934297081503064, 0.8934296453640507, 0.8934294154327372, 0.8934293319661739, 0.8934293204828503, 0.8934296569150254, 0.8934293600339656, 0.8934290657339852, 0.893428957822668, 0.89342893886978, 0.8934288020086889, 0.8934287943476829, 0.8934287614023304, 0.8934287302631969, 0.8934286935046373, 0.8934284577902714, 0.8934282413712975, 0.8934284590197015, 0.8934282062244373, 0.8934280182155068, 0.893427833387073, 0.8934277561002547, 0.8934277303135418, 0.893427603257918, 0.8934276660326754, 0.8934276162326665, 0.8934273694035695, 0.8934271607647285, 0.8934269553483226, 0.8934268105309904, 0.893426652945299, 0.8934265437162763, 0.8934264224109773, 0.8934264003310091, 0.8934264272350583, 0.8934261483422634, 0.8934259334528911, 0.8934258110393326, 0.893425676321317, 0.8934257968330312, 0.893425636187385, 0.8934256730275031, 0.8934256482208023, 0.8934256118793327, 0.8934255731940183, 0.8934254611047725, 0.8934254816376199, 0.8934255724206182, 0.8934252979638198, 0.8934252596034935, 0.8934252132303315, 0.8934251148670884, 0.893425092673937, 0.8934251128249642, 0.8934250575807577, 0.8934248792820375, 0.8934248425210697, 0.893424778480255, 0.8934245661005692, 0.8934245263343841, 0.893424549751755, 0.8934244941853623, 0.8934244882802855, 0.8934244892643086, 0.8934244164802272, 0.8934242730260444, 0.8934241455776859, 0.8934240745254536, 0.893423967794206, 0.8934239670852209, 0.8934238973579777, 0.8934238519765259, 0.893423838200533, 0.8934237804011277, 0.8934237459758477, 0.8934239844532779, 0.8934238548652668, 0.89342375199356, 0.8934237336684908, 0.8934235843971227, 0.893423642749903, 0.893423598260636, 0.8934236816494208, 0.8934236217589374, 0.8934235996160589, 0.8934235160020534, 0.8934234835039123, 0.8934234967600072, 0.8934234984698742, 0.8934234310823485, 0.8934234077212709, 0.8934233934419034, 0.8934234028320966, 0.8934233970463623, 0.8934233827137007, 0.8934233874820866, 0.8934233439766326, 0.893423273805715, 0.8934232399375709, 0.8934232486282798, 0.893423228140992, 0.8934232745535937, 0.8934232260822633, 0.8934232024204894, 0.8934232300461727, 0.8934231708639048, 0.8934231269207251, 0.8934231718771615, 0.8934231438474958, 0.8934230753513813, 0.8934230714262159, 0.8934230732111464, 0.893423068989016, 0.8934230706969151, 0.8934230565811382, 0.8934229922012336, 0.8934229543527107, 0.8934229894466242, 0.8934229579332877, 0.8934228897266682, 0.8934228966796329, 0.8934228892411168, 0.8934228648131236, 0.8934228702424872, 0.8934228668860453, 0.8934228799191369, 0.8934228423651367, 0.8934228107794018, 0.8934228265300254, 0.893422824213332, 0.8934227786046175, 0.893422764612977, 0.8934227160939524, 0.893422717342716, 0.8934227099999328, 0.8934226909670001, 0.8934227184345321, 0.8934226922982884, 0.8934226379693018, 0.8934226426737385, 0.8934226438928154, 0.8934226182832815, 0.8934225843326522, 0.8934225709743113, 0.8934225823291897, 0.893422560092003, 0.8934225809141261, 0.8934225746563301, 0.8934225160883537, 0.893422490793096, 0.8934224775459412, 0.8934224865611181, 0.8934224703884072, 0.8934224187586508, 0.8934223960052865, 0.8934223943375573, 0.8934223646797053, 0.8934223603889995, 0.8934223516059905, 0.8934223443752283, 0.8934223268401452, 0.893422310142581, 0.8934223128779023, 0.893422301098825, 0.8934223401123679, 0.8934222734079001, 0.8934222545063546, 0.8934222231856656, 0.8934222294977342, 0.8934222219886642, 0.8934222385920211, 0.893422223537951, 0.8934222062348807, 0.8934221947252793, 0.8934222173073938, 0.8934221914809495, 0.8934222368534135, 0.8934221547206387, 0.893422153572937, 0.8934221604025994, 0.8934221592778201, 0.8934221659173448, 0.8934221441816226, 0.8934221112317611, 0.8934221241636167, 0.8934221464661823, 0.8934220698675218, 0.8934220696653435, 0.8934220690763943, 0.8934220612281079, 0.8934220585195454, 0.8934220906845046, 0.8934220615511522, 0.8934220472508101, 0.8934220763768302, 0.8934220373995962, 0.8934220067189984, 0.8934219844770711, 0.8934220004068276, 0.8934219834970026, 0.893421960566475, 0.8934219661443665, 0.8934219622871054, 0.8934219620043518, 0.8934219596948985, 0.8934219882137302, 0.8934219754310739, 0.8934219601629263, 0.8934219411599057, 0.8934219396271952, 0.8934219388844672, 0.8934219224510557, 0.8934219088508143, 0.8934219045892874, 0.8934218945231497, 0.893421885864393, 0.8934218851257716, 0.8934218828950207, 0.8934218681141657, 0.8934218582234873, 0.8934218448619993, 0.8934218324810296, 0.8934218218861214, 0.8934218214163484, 0.893421824054808, 0.8934218122558634, 0.8934218181565312, 0.8934218071822853, 0.8934217999181029, 0.8934218026021602, 0.8934217992672473, 0.8934218034879934, 0.8934217986059011, 0.8934217979719491, 0.8934218076429964, 0.8934217871287048, 0.8934217778217336, 0.8934217832245247, 0.89342177585487, 0.8934217683034462, 0.8934217678889943, 0.8934217683518386, 0.8934217715072451, 0.8934217678265588, 0.8934217749679761, 0.893421781308914, 0.8934217505282489, 0.8934217438514673, 0.8934217420839187, 0.8934217463682035, 0.893421735784732, 0.8934217340032139, 0.8934217281303505, 0.8934217246028049, 0.893421725330494, 0.8934217160506223, 0.893421716090664, 0.8934217142325819, 0.8934217055777619, 0.8934217075622288, 0.8934217065211562, 0.8934216988794738, 0.8934216929372993, 0.8934216926307398, 0.8934216911775664, 0.8934217031441654, 0.8934216898087676, 0.8934216889826065, 0.8934216926370475, 0.8934216799501333, 0.8934216760466422, 0.8934216827074146, 0.8934216766177683, 0.8934216659425137, 0.8934216594841837, 0.8934216537092939, 0.8934216458056511, 0.8934216410055372, 0.8934216343216238, 0.8934216329521466, 0.8934216377652782, 0.893421631676121, 0.8934216343938653, 0.8934216218981217, 0.8934216165974407, 0.8934216154342965, 0.8934216141061233, 0.8934216147099916, 0.8934216145213857, 0.893421609770866, 0.8934216084418066, 0.8934216082673214, 0.8934216101553886, 0.8934216108398502, 0.893421606890877, 0.8934216043964424, 0.8934216022592875, 0.8934216050446462, 0.8934216024458751, 0.8934215991812319, 0.8934215985847489, 0.893421598185024, 0.8934215961897481, 0.8934215955563017, 0.8934215941195994, 0.8934215954932494, 0.8934215970854001, 0.8934215905323893, 0.8934215881761317, 0.8934215857953494, 0.8934215840795062, 0.8934215807642063, 0.893421582497441, 0.8934215818624381, 0.8934215812576616, 0.893421581484356, 0.893421578834071, 0.8934215775142575, 0.8934215771243178, 0.893421578336108, 0.8934215777415886, 0.8934215762278664, 0.8934215727800402, 0.8934215707609487, 0.893421569892682, 0.8934215687456558, 0.893421568114235, 0.8934215647842544, 0.8934215627651365, 0.8934215610458758, 0.8934215605773606, 0.8934215603060555, 0.8934215601041252, 0.8934215589426172, 0.8934215559780131, 0.8934215538568084, 0.8934215534286206, 0.8934215537965038, 0.893421555637307, 0.8934215529204882, 0.8934215510151072, 0.8934215498373281, 0.8934215500852327, 0.8934215493898942, 0.8934215511044947, 0.8934215472278079, 0.8934215463812456, 0.8934215466509555, 0.8934215462659396, 0.8934215454160759, 0.8934215463965682, 0.8934215455574127, 0.8934215430669828, 0.8934215426762282, 0.8934215429961017, 0.8934215458504878, 0.8934215419112576, 0.8934215395410215, 0.8934215396732755, 0.8934215396910496, 0.8934215398826304, 0.8934215412698967, 0.8934215384942247, 0.8934215375930545, 0.893421536870214, 0.8934215373684271, 0.8934215367786411, 0.8934215359385398, 0.8934215353221874, 0.8934215350610046, 0.8934215355802737, 0.8934215339221385, 0.8934215331767799, 0.8934215324410967, 0.8934215319789522, 0.8934215319121345, 0.8934215315889887, 0.8934215320435961, 0.893421531479368, 0.8934215305338301, 0.8934215297174288, 0.8934215294515423, 0.8934215293518113, 0.8934215301984006, 0.8934215279501715, 0.8934215274460858, 0.8934215271051503, 0.8934215270935006, 0.8934215269420209, 0.8934215271024232, 0.8934215272603135, 0.8934215264337324, 0.8934215253645134, 0.8934215248179697, 0.8934215251047345, 0.8934215251817024, 0.8934215242315392, 0.8934215238481412, 0.8934215239508847, 0.8934215229244684, 0.8934215226997718, 0.8934215219854081, 0.8934215227148941, 0.8934215217284951, 0.8934215209849146, 0.8934215208195855, 0.893421520997442, 0.8934215206628283, 0.8934215207989037, 0.8934215204265302, 0.8934215193255252, 0.8934215185209933, 0.8934215181381268, 0.893421517244294, 0.8934215168135089, 0.8934215175809154, 0.8934215169786841, 0.8934215164168763, 0.893421516545094, 0.8934215159082336, 0.893421515248117, 0.8934215160224841, 0.8934215152219136, 0.893421514449789, 0.8934215137846854, 0.8934215139726918, 0.8934215141513131, 0.8934215135771751, 0.893421513066413, 0.8934215126822093, 0.8934215128751559, 0.8934215120581958, 0.8934215121572041, 0.8934215122981838, 0.893421512002481, 0.8934215117296223, 0.8934215113276789, 0.8934215110729458, 0.8934215110799827, 0.8934215109242649, 0.8934215109975999, 0.8934215114958974, 0.8934215102951508, 0.8934215103411107, 0.8934215102532521, 0.8934215102708976, 0.89342151031433, 0.8934215098795266, 0.893421509964394, 0.8934215100374148, 0.8934215096375434, 0.893421509705939, 0.8934215095768139, 0.8934215098824646, 0.8934215092347146, 0.8934215090802565, 0.8934215091608328, 0.8934215087483316, 0.8934215086505082, 0.8934215088747193, 0.8934215086287733, 0.893421508607106, 0.8934215082155156, 0.8934215078843742, 0.893421507706735, 0.8934215075058003, 0.8934215071960179, 0.8934215068985841, 0.8934215066893273, 0.8934215064630614, 0.8934215061937361, 0.8934215063291152, 0.8934215062747148, 0.8934215058436583, 0.8934215056420787, 0.893421505524097, 0.8934215054930913, 0.8934215054045056, 0.8934215051800055, 0.8934215049479188, 0.8934215048394112, 0.8934215046539707, 0.8934215044799658, 0.8934215043717758, 0.8934215043369609, 0.8934215041504627, 0.8934215041479976, 0.8934215040793921, 0.8934215037310531, 0.8934215035111206, 0.8934215034304681, 0.893421503429771, 0.8934215034752196, 0.8934215038229931, 0.8934215033531777, 0.8934215029781262, 0.8934215029030517, 0.8934215028788061, 0.8934215026470181, 0.8934215024233103, 0.8934215024553509, 0.8934215023532056, 0.8934215025618428, 0.8934215023511299, 0.8934215020727095, 0.8934215018117216, 0.8934215015532615, 0.8934215013271647, 0.8934215011922726, 0.8934215010980611, 0.8934215009368264, 0.8934215007418118, 0.8934215004555498, 0.8934215002772297, 0.893421500108923, 0.8934215000396423, 0.8934214999154875, 0.8934215001618627, 0.8934214999103807, 0.8934215000523572, 0.893421499984724, 0.893421499625177, 0.8934214996531079, 0.8934214996851776, 0.8934214994758404, 0.8934214992861229, 0.8934214991874546, 0.8934214992894265, 0.8934214992076068, 0.8934214990378649, 0.8934214988936169, 0.8934214988277005, 0.8934214991964902, 0.8934214987627206, 0.89342149856249, 0.8934214984051396, 0.893421498332692, 0.8934214983428748, 0.8934214983391942, 0.8934214983777978, 0.8934214982880861, 0.8934214984610058, 0.8934214983077698, 0.8934214981058506, 0.893421498206196, 0.8934214979835359, 0.8934214980399293, 0.8934214980894646, 0.8934214978636604, 0.8934214978790221, 0.8934214978056758, 0.8934214978149084, 0.8934214977639667, 0.8934214975042644, 0.8934214974248612, 0.8934214973049538, 0.8934214970914729, 0.8934214969322128, 0.8934214967805582, 0.8934214966713654, 0.8934214965857743, 0.893421496498421, 0.8934214964622783, 0.8934214965125276, 0.8934214963911052, 0.8934214964080655, 0.8934214963589703, 0.8934214962247672, 0.893421496426247, 0.8934214961682072, 0.8934214960396614, 0.8934214959862928, 0.8934214959895834, 0.8934214961438591, 0.893421496029497, 0.8934214959054506, 0.8934214958221603, 0.8934214957053168, 0.8934214956499352, 0.8934214956985, 0.8934214955082062, 0.893421495568165, 0.8934214955146567, 0.8934214954501902, 0.8934214954441748, 0.8934214954515206, 0.8934214954460392, 0.89342149554328, 0.8934214952719193, 0.8934214953095189, 0.8934214952948186, 0.893421495244766, 0.893421495299033, 0.8934214952490057, 0.8934214952915706, 0.8934214952854079, 0.8934214952299937, 0.8934214952390822, 0.8934214951479583, 0.8934214950934268, 0.8934214950318484, 0.8934214950188989, 0.8934214950307621, 0.8934214949604635, 0.8934214948950325, 0.8934214948494887, 0.8934214948155468, 0.8934214947775402, 0.8934214947433449, 0.8934214946990199, 0.8934214947358465, 0.8934214947026122, 0.8934214946800029, 0.8934214946144219, 0.893421494617061, 0.8934214946198413, 0.8934214946034581, 0.8934214945952101, 0.8934214946233966, 0.8934214945963521, 0.8934214945307565, 0.8934214945362835, 0.8934214945169436, 0.8934214944387935, 0.8934214944204585, 0.8934214944272804, 0.8934214944125352, 0.8934214944185688, 0.8934214943880366, 0.8934214943409239, 0.8934214942774633, 0.8934214942171333, 0.8934214941609634, 0.8934214941216031, 0.8934214940785221, 0.8934214940398257, 0.8934214939939071, 0.8934214939721786, 0.8934214939728802, 0.893421493957044, 0.8934214939525744, 0.8934214939116444, 0.8934214938603939, 0.8934214938589863, 0.893421493859054, 0.8934214938105673, 0.8934214937597782, 0.8934214937416144, 0.8934214937324241, 0.8934214937312948, 0.893421493707964, 0.8934214936900372, 0.893421493657197, 0.893421493651874, 0.8934214936642991, 0.8934214936237775, 0.8934214936681175, 0.8934214936468761, 0.8934214936532581, 0.8934214936260955, 0.8934214935765029, 0.8934214935602265, 0.8934214935558605, 0.8934214935628046, 0.8934214935252053, 0.8934214935091832, 0.8934214936070306, 0.8934214935142042, 0.8934214934551451, 0.8934214934520331, 0.8934214934483002, 0.8934214934206978, 0.8934214934316329, 0.8934214934054449, 0.8934214933870204, 0.8934214933890858, 0.8934214933986349, 0.8934214933537741, 0.8934214933591194, 0.8934214933516925, 0.8934214933274167, 0.8934214933331353, 0.8934214933134069, 0.8934214932897199, 0.8934214932789252, 0.8934214933051781, 0.8934214932876713, 0.8934214932433122, 0.8934214932430014, 0.8934214932602194, 0.8934214932276805, 0.8934214931983298, 0.8934214931838249, 0.8934214931688952, 0.8934214931649967, 0.893421493161105, 0.8934214931769706, 0.8934214931539028, 0.8934214931392238, 0.8934214931792261, 0.8934214931339287, 0.8934214931335188, 0.8934214931668853, 0.8934214931036654, 0.8934214930702343, 0.8934214930518576, 0.8934214930367819, 0.8934214930195553, 0.8934214929966908, 0.8934214929964254, 0.8934214930077227, 0.8934214929918647, 0.8934214930002194, 0.8934214929404751, 0.8934214929515074, 0.893421492942002, 0.8934214929395033, 0.8934214929451874, 0.8934214929257006, 0.893421492922657, 0.8934214929146111, 0.8934214929048402, 0.8934214929310483, 0.8934214929060538, 0.8934214928833129, 0.8934214928793394, 0.893421492879194, 0.8934214928767292, 0.89342149287943, 0.8934214928685491, 0.8934214928950553, 0.8934214928664915, 0.893421492937498, 0.8934214928358347, 0.8934214928569902, 0.8934214928338515, 0.8934214928377283, 0.8934214928385803, 0.8934214928306906, 0.893421492834872, 0.8934214928289295, 0.8934214928270143, 0.8934214928316756, 0.8934214928275106, 0.8934214928277578, 0.8934214928208681, 0.8934214928209495, 0.8934214928204742, 0.8934214928133476, 0.8934214928097267, 0.8934214928083798, 0.8934214928084473, 0.8934214928071743, 0.8934214928202525, 0.8934214928066038, 0.8934214927905835, 0.8934214927874691, 0.8934214927836402, 0.8934214928013827, 0.8934214927827976, 0.8934214927865741, 0.8934214927857532, 0.8934214927779379, 0.8934214927746638, 0.893421492769649, 0.8934214927669337, 0.8934214927600587, 0.8934214927760772, 0.8934214927635382, 0.8934214927525641, 0.8934214927538159, 0.893421492753277, 0.8934214927484191, 0.8934214927603189, 0.8934214927515354, 0.8934214927417653, 0.8934214927459043, 0.8934214927427663, 0.8934214927466849, 0.8934214927344823, 0.8934214927335201, 0.8934214927355569, 0.8934214927455003, 0.8934214927329883, 0.8934214927334592, 0.8934214927309865, 0.8934214927267636, 0.8934214927344718, 0.8934214927368355, 0.8934214927222089, 0.8934214927218368, 0.893421492721344, 0.8934214927223584, 0.8934214927217955, 0.8934214927202149, 0.8934214927196568, 0.8934214927162126, 0.8934214927198134, 0.893421492716515, 0.8934214927127718, 0.8934214927095582, 0.8934214927101635, 0.8934214927094364, 0.8934214927078246, 0.8934214927066897, 0.8934214927068919, 0.8934214927052178, 0.8934214927051105, 0.8934214927033927, 0.8934214927007802, 0.8934214926996291, 0.893421492702069, 0.8934214926999531, 0.8934214926963704, 0.8934214926951086, 0.8934214926962908, 0.8934214926942303, 0.8934214926934072, 0.8934214926925428, 0.8934214926905398, 0.8934214926945995, 0.8934214926898583, 0.8934214926871628, 0.8934214926875164, 0.8934214926866818, 0.8934214926846169, 0.8934214926840186, 0.8934214926842764, 0.8934214926810048, 0.893421492679685, 0.8934214926776691, 0.8934214926753178, 0.8934214926748664, 0.8934214926758548, 0.8934214926742853, 0.8934214926739801, 0.893421492673752, 0.8934214926719409, 0.8934214926778482, 0.8934214926717853, 0.8934214926682431, 0.8934214926673717, 0.8934214926672861, 0.8934214926665602, 0.8934214926647006, 0.8934214926642132, 0.893421492663887, 0.8934214926634815, 0.8934214926643325, 0.8934214926628214, 0.8934214926598545, 0.8934214926583188, 0.8934214926564695, 0.8934214926564186, 0.8934214926564622, 0.8934214926565172, 0.8934214926561496, 0.8934214926536929, 0.893421492653171, 0.893421492651977, 0.8934214926498999, 0.893421492650326, 0.8934214926505536, 0.893421492650321, 0.8934214926495089, 0.8934214926490827, 0.8934214926488068, 0.8934214926486491, 0.893421492646891, 0.8934214926455734, 0.8934214926458561, 0.893421492645778, 0.8934214926441117, 0.8934214926439857, 0.8934214926455927, 0.8934214926432218, 0.8934214926434851, 0.8934214926419942, 0.8934214926447849, 0.8934214926424233, 0.8934214926409971, 0.8934214926419562, 0.893421492640628, 0.8934214926412126, 0.8934214926406493, 0.893421492641113, 0.8934214926399636, 0.8934214926389042, 0.8934214926390097, 0.8934214926389276, 0.8934214926386436, 0.8934214926380319, 0.8934214926388069, 0.8934214926380125, 0.8934214926369733, 0.8934214926361831, 0.8934214926357231, 0.8934214926350628, 0.8934214926343985, 0.8934214926346288, 0.8934214926342086, 0.8934214926339102, 0.8934214926334141, 0.8934214926328328, 0.8934214926329144, 0.8934214926331734, 0.8934214926328191, 0.8934214926331664, 0.8934214926317914, 0.8934214926314652, 0.893421492631211, 0.8934214926311536, 0.8934214926311245, 0.8934214926316189, 0.8934214926302168, 0.8934214926296926, 0.8934214926289856, 0.893421492628925, 0.893421492629131, 0.8934214926287392, 0.893421492628767, 0.8934214926284002, 0.8934214926274012, 0.8934214926269651, 0.8934214926264773, 0.8934214926264106, 0.8934214926260586, 0.8934214926256085, 0.893421492625692, 0.8934214926257248, 0.8934214926258653, 0.8934214926249332, 0.8934214926250865, 0.8934214926248023, 0.8934214926243618, 0.8934214926238268, 0.8934214926234819, 0.8934214926229984, 0.8934214926228705, 0.893421492622791, 0.8934214926222784, 0.8934214926220254, 0.893421492621517, 0.8934214926224092, 0.8934214926213557, 0.8934214926209861, 0.8934214926211349, 0.8934214926210495, 0.8934214926211925, 0.893421492621017, 0.8934214926214173, 0.8934214926206804, 0.893421492620651, 0.8934214926206145, 0.8934214926203147, 0.8934214926200396, 0.8934214926197714, 0.8934214926196387, 0.8934214926195545, 0.8934214926195537, 0.8934214926194107, 0.8934214926195387, 0.8934214926192705, 0.8934214926192828, 0.8934214926193574, 0.89342149261898, 0.8934214926188564, 0.8934214926187585, 0.8934214926188251, 0.8934214926187819, 0.8934214926191462, 0.8934214926188677, 0.8934214926184634, 0.8934214926183952, 0.8934214926182693, 0.8934214926184817, 0.8934214926181765, 0.8934214926179134, 0.8934214926177614, 0.8934214926176569, 0.8934214926176497, 0.8934214926175108, 0.8934214926172434, 0.8934214926169898, 0.8934214926169344, 0.8934214926167783, 0.8934214926165228, 0.8934214926163495, 0.8934214926163172, 0.8934214926163452, 0.893421492616428, 0.8934214926164535, 0.893421492616089, 0.8934214926159687, 0.893421492615941, 0.8934214926159123, 0.8934214926159834, 0.8934214926158327, 0.8934214926156087, 0.8934214926155508, 0.8934214926155783, 0.8934214926154345, 0.8934214926154556, 0.8934214926153566, 0.8934214926152252, 0.8934214926151948, 0.89342149261518, 0.8934214926150906, 0.8934214926148302, 0.893421492614727, 0.8934214926146793, 0.8934214926147911, 0.8934214926144424, 0.893421492614269, 0.8934214926142541, 0.8934214926142492, 0.893421492614323, 0.893421492614237, 0.8934214926142505, 0.893421492614196, 0.8934214926140364, 0.8934214926139691, 0.8934214926139771, 0.8934214926139243, 0.8934214926138105, 0.8934214926139546, 0.8934214926138095, 0.8934214926136624, 0.8934214926136137, 0.8934214926135594, 0.8934214926140023, 0.893421492613652, 0.8934214926133698, 0.8934214926132265, 0.8934214926132412, 0.8934214926132067, 0.8934214926132383, 0.8934214926131782, 0.8934214926130377, 0.8934214926129995, 0.8934214926130721, 0.8934214926129733, 0.8934214926128627, 0.8934214926128112, 0.8934214926129154, 0.8934214926128222, 0.8934214926126038, 0.8934214926126214, 0.8934214926126065, 0.8934214926125389, 0.89342149261242, 0.8934214926126003, 0.893421492612393, 0.8934214926124993, 0.8934214926123777, 0.8934214926122879, 0.8934214926122054, 0.8934214926121488, 0.8934214926123385, 0.893421492612129, 0.8934214926120185, 0.8934214926118825, 0.8934214926118582, 0.8934214926118114, 0.8934214926119515, 0.8934214926118629, 0.8934214926116986, 0.8934214926115543, 0.8934214926114556, 0.8934214926114559, 0.893421492611471, 0.893421492611404, 0.8934214926114539, 0.8934214926114039, 0.8934214926112716, 0.8934214926113958, 0.89342149261126, 0.893421492611257, 0.8934214926112409, 0.8934214926112459, 0.893421492611262, 0.893421492611232, 0.8934214926112669, 0.8934214926113022, 0.8934214926111391, 0.8934214926111272, 0.8934214926111286, 0.8934214926111266, 0.893421492611129, 0.8934214926111097, 0.8934214926111187, 0.8934214926110976, 0.8934214926112024, 0.8934214926110446, 0.8934214926109975, 0.893421492610991, 0.8934214926110119, 0.8934214926109623, 0.8934214926109282, 0.8934214926109538, 0.8934214926109354, 0.8934214926109457, 0.8934214926108976, 0.8934214926108522, 0.8934214926108219, 0.8934214926108572, 0.8934214926108237, 0.8934214926108105, 0.893421492610764, 0.8934214926107237, 0.8934214926107121, 0.8934214926106971, 0.8934214926106919, 0.893421492610663, 0.8934214926105968, 0.8934214926105505, 0.8934214926105388, 0.8934214926105373, 0.8934214926105133, 0.8934214926104681, 0.8934214926104149, 0.8934214926103772, 0.8934214926103415, 0.8934214926103058, 0.893421492610293, 0.8934214926102839, 0.8934214926102453, 0.8934214926102042, 0.8934214926102211, 0.8934214926102079, 0.8934214926101802, 0.8934214926101576, 0.8934214926101544, 0.8934214926101595, 0.8934214926101367, 0.8934214926101343, 0.893421492610126, 0.8934214926100923, 0.8934214926100604, 0.893421492610074, 0.8934214926100655, 0.8934214926100323, 0.893421492610077, 0.8934214926100366, 0.8934214926100045, 0.893421492610031, 0.8934214926100313, 0.8934214926099686, 0.8934214926099894, 0.8934214926099651, 0.8934214926099272, 0.893421492609936, 0.8934214926099348, 0.8934214926099249, 0.8934214926099243, 0.89342149260989, 0.8934214926098958, 0.8934214926098831, 0.893421492609867, 0.8934214926098527, 0.8934214926098382, 0.893421492609823, 0.8934214926098405, 0.893421492609813, 0.8934214926098288, 0.8934214926097674, 0.8934214926097366, 0.893421492609734, 0.8934214926097365, 0.8934214926097322, 0.8934214926097261, 0.8934214926096714, 0.8934214926096694, 0.8934214926096791, 0.8934214926096339, 0.8934214926096642, 0.8934214926096318, 0.8934214926096303, 0.8934214926096343, 0.893421492609597, 0.8934214926096166, 0.8934214926096028, 0.8934214926095914, 0.8934214926096161, 0.8934214926095516, 0.8934214926095226, 0.8934214926095144, 0.8934214926095103, 0.8934214926094989, 0.893421492609501, 0.8934214926095012, 0.8934214926094972, 0.8934214926094848, 0.8934214926094767, 0.8934214926095361, 0.893421492609501, 0.8934214926094789, 0.8934214926094539, 0.8934214926094328, 0.8934214926094252, 0.893421492609426, 0.8934214926094277, 0.8934214926094309, 0.8934214926094151, 0.893421492609403, 0.8934214926094047, 0.893421492609405, 0.8934214926093977, 0.8934214926093841, 0.8934214926093944, 0.8934214926094025, 0.8934214926093976, 0.8934214926094011, 0.8934214926093742, 0.8934214926093873, 0.8934214926093812, 0.8934214926093694, 0.8934214926093751, 0.8934214926093785, 0.8934214926093721, 0.8934214926093484, 0.8934214926093528, 0.8934214926093591, 0.8934214926093591, 0.893421492609358, 0.8934214926093513, 0.8934214926093608, 0.8934214926093539, 0.8934214926093553, 0.8934214926093598, 0.8934214926093601, 0.8934214926093536, 0.8934214926093526] 

Smallest VQE eingenvalue optimizer final message:
{   'aux_operators_evaluated': None,
    'cost_function_evals': 2041,
    'eigenvalue': 0.8934214926093526,
    'optimal_circuit': <qiskit.circuit.library.n_local.real_amplitudes.RealAmplitudes object at 0x000002808B5501D0>,
    'optimal_parameters': {   ParameterVectorElement(θ[0]): -3.1632776880275206,
                              ParameterVectorElement(θ[1]): -0.008415715018426377,
                              ParameterVectorElement(θ[2]): -2.099321061077053,
                              ParameterVectorElement(θ[3]): 1.5707962813047458,
                              ParameterVectorElement(θ[4]): 2.7732765737336593,
                              ParameterVectorElement(θ[5]): -3.539080023323671,
                              ParameterVectorElement(θ[6]): 2.200187225329598,
                              ParameterVectorElement(θ[7]): 1.5707947561570192},
    'optimal_point': array([-3.16327769, -0.00841572, -2.09932106,  1.57079628,  2.77327657,
       -3.53908002,  2.20018723,  1.57079476]),
    'optimal_value': 0.8934214926093526,
    'optimizer_evals': None,
    'optimizer_result': <qiskit_algorithms.optimizers.optimizer.OptimizerResult object at 0x000002808B550050>,
    'optimizer_time': 8.164855003356934}
     ┌──────────┐ ░                 ░ ┌──────────┐
q_0: ┤ Ry(θ[0]) ├─░─────────────■───░─┤ Ry(θ[4]) ├
     ├──────────┤ ░           ┌─┴─┐ ░ ├──────────┤
q_1: ┤ Ry(θ[1]) ├─░────────■──┤ X ├─░─┤ Ry(θ[5]) ├
     ├──────────┤ ░      ┌─┴─┐└───┘ ░ ├──────────┤
q_2: ┤ Ry(θ[2]) ├─░───■──┤ X ├──────░─┤ Ry(θ[6]) ├
     ├──────────┤ ░ ┌─┴─┐└───┘      ░ ├──────────┤
q_3: ┤ Ry(θ[3]) ├─░─┤ X ├───────────░─┤ Ry(θ[7]) ├
     └──────────┘ ░ └───┘           ░ └──────────┘
The number of ansatz parameters is: 
 8
Line for latex table
RA r1 rl & $1\mathrm{e}{-08}$ & 53/100 &2708 & $8.9342\mathrm{e}{-01}$ & $8.841\mathrm{e}{-03}$ & $9.0549\mathrm{e}{-01}$ & $2.0905\mathrm{e}{-02}$ & - & 00h 24m 35s\\

