RA_r1_rl
08h40m38s__123
1e-04
15.612222026196704
20.408845903642728
11.631792282793777
8.26273281200528
36.102409355149064
35.21581288805184
10.382308357691159
9.26210116236387
14.12187017877427
26.92011076572772
18.8134062887623
16.896704256604004
47.18299112388693
7.300240897475027
31.372248442186695
46.66739999807837
30.947036659585834
20.402227248830837
11.041630854718008
8.712585992425641
21.56782629743967
68.31700977182196
21.850844471016064
31.06816903837853
12.428780041435783
25.651836266447194
32.366584978501585
29.552728289236725
9.564344966852207
31.61522894506969
3.0505956043613036
33.27803471391477
19.1616552524484
7.815743527921763
6.700935250655386
17.85373795642734
53.06664220335228
61.73993950597672
21.788173286575987
42.804795105871335
22.72635784254998
17.53666183021737
18.93322523374499
12.758908573000266
22.531303738193518
43.10124176308898
3.5457821814041797
57.66283437406099
27.09189881562958
23.927834600120278
38.861693402142436
10.30171292836866
17.955017693978892
27.714360793371174
83.85744163778607
41.790551341793076
47.3838556687834
36.70979155968096
20.79672536382413
18.148367007223584
24.54487320948979
7.912824303118718
9.122153988789933
12.210617127182093
30.645413908323228
15.462998378745008
6.499322110761342
11.198721037862601
19.55401785760352
62.85997106619298
16.66556129019758
66.37912209043736
12.35054230500524
14.520235011100706
25.75920413149348
25.207671421689145
8.859103565541544
8.498331187365999
12.260055401045086
23.44726559018519
15.477087117527807
14.718509558158022
18.41344480776504
33.657427165449654
51.64739507572311
19.98456643959055
9.450406887495262
48.442328388069754
2.449842167909157
30.45481667228674
17.66957128613703
10.357764696232545
43.607875220458446
9.120914695785531
6.079169877734508
15.108072475183834
33.88998587208027
26.474572700767137
13.333489043522297
8.363699207343629
