15.612222026196704 3.229003133862856
20.408845903642728 2.834923142533514
11.631792282793777 3.0981793668162445
8.26273281200528 2.9235556177790856
36.102409355149064 3.5727070526849776
35.21581288805184 3.4432392230645954
10.382308357691159 2.4504902633362207
9.26210116236387 3.0208659018553354
14.12187017877427 3.1861511324125016
26.92011076572772 3.303883568430816
18.8134062887623 2.6623628342014576
16.896704256604004 3.4016840199145464
47.18299112388693 3.3970252577758906
7.300240897475027 2.8780465618532265
31.372248442186695 3.301581208944655
46.66739999807837 3.5012447691498316
30.947036659585834 3.469953061571223
20.402227248830837 3.3390040475681766
11.041630854718008 3.074809449903267
8.712585992425641 3.395793776553912
21.56782629743967 3.225102208150454
68.31700977182196 3.518606511235837
21.850844471016064 3.0502805854009547
31.06816903837853 3.2092630371547513
12.428780041435783 3.1794118663794366
25.651836266447194 3.3142056089303593
32.366584978501585 3.02353605620719
29.552728289236725 3.42044136485629
9.564344966852207 3.3669629933726974
31.61522894506969 2.908905995947736
3.0505956043613036 3.2744147255506073
33.27803471391477 3.0757987231427886
19.1616552524484 2.9844965164867356
7.815743527921763 3.076526073906805
6.700935250655386 2.8050897338098557
17.85373795642734 3.2470231752247516
53.06664220335228 3.7372481881251636
61.73993950597672 3.7442235522155745
21.788173286575987 3.3514505397266974
42.804795105871335 3.5039111447184834
22.72635784254998 3.368704210796284
17.53666183021737 3.2168021497866692
18.93322523374499 3.433348698658853
12.758908573000266 3.3504940017739737
22.531303738193518 3.072200135949955
43.10124176308898 3.4032746828086027
3.5457821814041797 3.0199409004240816
57.66283437406099 3.7991093040599924
27.09189881562958 3.4347331375094927
23.927834600120278 2.88192392218844
38.861693402142436 3.551452370782858
10.30171292836866 2.9804234374399368
17.955017693978892 3.268076151675186
27.714360793371174 3.205520577690744
83.85744163778607 3.8468510469543604
41.790551341793076 3.2390848667140886
47.3838556687834 3.722003896038231
36.70979155968096 3.3179542096048995
20.79672536382413 2.893192955122824
18.148367007223584 3.393385262380502
24.54487320948979 3.179206995905704
7.912824303118718 3.2784909828942377
9.122153988789933 2.863962987583382
12.210617127182093 2.9687531717012225
30.645413908323228 3.4662489017959985
15.462998378745008 2.9796048408084816
6.499322110761342 2.4387822986314585
11.198721037862601 2.364964772802552
19.55401785760352 3.419690414072341
62.85997106619298 3.407464878317206
16.66556129019758 3.341895722141408
66.37912209043736 3.492476258999117
12.35054230500524 3.1401758352700195
14.520235011100706 2.999903479388317
25.75920413149348 2.758307081730809
25.207671421689145 3.038662895800919
8.859103565541544 3.0956832463792305
8.498331187365999 3.1172823999281474
12.260055401045086 3.349664437660846
23.44726559018519 3.633461083334832
15.477087117527807 3.291654218952824
14.718509558158022 3.375856979802053
18.41344480776504 3.235955970646622
33.657427165449654 3.755692513585416
51.64739507572311 3.225037560982333
19.98456643959055 3.3257183091214473
9.450406887495262 2.836335069360574
48.442328388069754 3.152262720971927
2.449842167909157 2.986096776261384
30.45481667228674 3.4380020262028443
17.66957128613703 2.9360072029370934
10.357764696232545 3.050226757816037
43.607875220458446 3.515375797183643
9.120914695785531 2.637489563489141
6.079169877734508 3.323410748154574
15.108072475183834 3.1256047811678407
33.88998587208027 3.601969983919418
26.474572700767137 3.349960722212024
13.333489043522297 3.143266880682605
8.363699207343629 2.878819921224438
