With Shot Noise
05/11/2024 00:44:00 

VQEr_100_shots_10000_COBYLA_maxIter_10000_tol_1e-04_RA_r1_rl 

Reference value: 8.9163237056e-01 

Number of pauli strings:  352
Qubits:  6
VQE runs:  100
Optimizer:  COBYLA
Max iterations:  10000
Optimizers's tolerance:  1e-04
Ansatz:  RA_r1_rl 

All run converged!!!
Number of iterations for each converged VQE run:
[116, 115, 132, 122, 116, 122, 122, 119, 114, 117, 131, 122, 125, 109, 113, 116, 130, 127, 132, 149, 100, 106, 131, 110, 134, 126, 135, 116, 130, 101, 151, 125, 120, 136, 129, 118, 128, 122, 111, 126, 114, 147, 126, 129, 119, 129, 147, 152, 117, 103, 117, 109, 122, 120, 120, 111, 107, 120, 119, 118, 126, 144, 117, 126, 133, 123, 125, 129, 117, 114, 125, 103, 130, 114, 104, 117, 133, 133, 125, 131, 140, 134, 114, 129, 120, 123, 144, 124, 142, 112, 123, 119, 131, 130, 98, 114, 123, 127, 111, 134] 

Average iterations of converged run:
123 

VQE eigenvalues:
[15.612222026196704, 20.408845903642728, 11.631792282793777, 8.26273281200528, 36.102409355149064, 35.21581288805184, 10.382308357691159, 9.26210116236387, 14.12187017877427, 26.92011076572772, 18.8134062887623, 16.896704256604004, 47.18299112388693, 7.300240897475027, 31.372248442186695, 46.66739999807837, 30.947036659585834, 20.402227248830837, 11.041630854718008, 8.712585992425641, 21.56782629743967, 68.31700977182196, 21.850844471016064, 31.06816903837853, 12.428780041435783, 25.651836266447194, 32.366584978501585, 29.552728289236725, 9.564344966852207, 31.61522894506969, 3.0505956043613036, 33.27803471391477, 19.1616552524484, 7.815743527921763, 6.700935250655386, 17.85373795642734, 53.06664220335228, 61.73993950597672, 21.788173286575987, 42.804795105871335, 22.72635784254998, 17.53666183021737, 18.93322523374499, 12.758908573000266, 22.531303738193518, 43.10124176308898, 3.5457821814041797, 57.66283437406099, 27.09189881562958, 23.927834600120278, 38.861693402142436, 10.30171292836866, 17.955017693978892, 27.714360793371174, 83.85744163778607, 41.790551341793076, 47.3838556687834, 36.70979155968096, 20.79672536382413, 18.148367007223584, 24.54487320948979, 7.912824303118718, 9.122153988789933, 12.210617127182093, 30.645413908323228, 15.462998378745008, 6.499322110761342, 11.198721037862601, 19.55401785760352, 62.85997106619298, 16.66556129019758, 66.37912209043736, 12.35054230500524, 14.520235011100706, 25.75920413149348, 25.207671421689145, 8.859103565541544, 8.498331187365999, 12.260055401045086, 23.44726559018519, 15.477087117527807, 14.718509558158022, 18.41344480776504, 33.657427165449654, 51.64739507572311, 19.98456643959055, 9.450406887495262, 48.442328388069754, 2.449842167909157, 30.45481667228674, 17.66957128613703, 10.357764696232545, 43.607875220458446, 9.120914695785531, 6.079169877734508, 15.108072475183834, 33.88998587208027, 26.474572700767137, 13.333489043522297, 8.363699207343629] 

VQE eigenvalues standard deviation:
[3.229003133862856, 2.834923142533514, 3.0981793668162445, 2.9235556177790856, 3.5727070526849776, 3.4432392230645954, 2.4504902633362207, 3.0208659018553354, 3.1861511324125016, 3.303883568430816, 2.6623628342014576, 3.4016840199145464, 3.3970252577758906, 2.8780465618532265, 3.301581208944655, 3.5012447691498316, 3.469953061571223, 3.3390040475681766, 3.074809449903267, 3.395793776553912, 3.225102208150454, 3.518606511235837, 3.0502805854009547, 3.2092630371547513, 3.1794118663794366, 3.3142056089303593, 3.02353605620719, 3.42044136485629, 3.3669629933726974, 2.908905995947736, 3.2744147255506073, 3.0757987231427886, 2.9844965164867356, 3.076526073906805, 2.8050897338098557, 3.2470231752247516, 3.7372481881251636, 3.7442235522155745, 3.3514505397266974, 3.5039111447184834, 3.368704210796284, 3.2168021497866692, 3.433348698658853, 3.3504940017739737, 3.072200135949955, 3.4032746828086027, 3.0199409004240816, 3.7991093040599924, 3.4347331375094927, 2.88192392218844, 3.551452370782858, 2.9804234374399368, 3.268076151675186, 3.205520577690744, 3.8468510469543604, 3.2390848667140886, 3.722003896038231, 3.3179542096048995, 2.893192955122824, 3.393385262380502, 3.179206995905704, 3.2784909828942377, 2.863962987583382, 2.9687531717012225, 3.4662489017959985, 2.9796048408084816, 2.4387822986314585, 2.364964772802552, 3.419690414072341, 3.407464878317206, 3.341895722141408, 3.492476258999117, 3.1401758352700195, 2.999903479388317, 2.758307081730809, 3.038662895800919, 3.0956832463792305, 3.1172823999281474, 3.349664437660846, 3.633461083334832, 3.291654218952824, 3.375856979802053, 3.235955970646622, 3.755692513585416, 3.225037560982333, 3.3257183091214473, 2.836335069360574, 3.152262720971927, 2.986096776261384, 3.4380020262028443, 2.9360072029370934, 3.050226757816037, 3.515375797183643, 2.637489563489141, 3.323410748154574, 3.1256047811678407, 3.601969983919418, 3.349960722212024, 3.143266880682605, 2.878819921224438] 

Median VQE eigenvalues:
19.769292148597035 

Min eigenvalue after 100 VQE steps on Aer qasm simulator: 2.44984e+00
Delta from reference energy value is 1.55821e+00 

Optimizer history of the smallest VQE eigenvalue:
[556.3568312279382, 601.0035877512026, 772.6290048813288, 536.0337221519083, 539.0609190231402, 331.90667686830307, 398.34154970431797, 248.2227187193501, 271.5173117911042, 213.56448820244398, 159.07219636973284, 163.84029154065973, 155.61736185032737, 40.992326453611774, 26.71956381590789, 52.066621491482316, 48.16087219404615, 59.184062189372845, 10.850094792496805, 12.872344783631464, 18.16694024568182, 16.19934708411564, 22.122289484285858, 14.027346012183916, 25.73693071661173, 16.691522806743436, 65.34361566787895, 13.312385824073484, 19.14994974277068, 9.160673245128772, 9.068504204524672, 25.379512759527532, 8.875734049879433, 15.712641958589117, 4.8382122161253465, 3.7364655886069906, 4.610667712757924, 8.648627015765788, 0.9765791597210591, 6.081951931590176, 4.139927084458296, 1.0290703457131714, 6.209928431900046, 4.894884254573889, 4.557642392683188, 3.384047414232647, 3.9424550797863027, 6.734876721247107, 2.5443627269725213, 5.252648170338107, 2.125434569304624, 7.60072406874732, 4.359026506952294, 9.588901693617496, 8.997736493143254, 3.033750095958261, 7.159604603930498, 7.812396150331917, 9.887812718071434, 5.087307748199348, 4.018441837787751, 5.499649805053657, 4.189824453207703, 5.2676764654298935, 4.668305729527953, 5.347111695822681, 0.26394420815969033, 4.757829565483293, 6.1847078695868625, 2.5187961003534483, 6.120549950116432, -0.115711061178001, 3.2728984155917042, 3.2033467579921115, 5.36766426993727, 4.483539045943614, -0.9564080708208733, 3.682859639964467, 3.044960153221858, 1.024328192404694, 7.799433904566005, 7.523088763070085, 8.395767336831788, 1.664308935469938, 1.0255777404230377, 5.555126752691452, 12.296147169112539, 10.527904955245475, 4.274864600760822, 9.221936713129846, 1.8979971882918, 3.537695847227221, -1.9816406387209313, 0.7655977791934117, 5.064692458825921, 7.127866389434239, 2.860736440318101, 1.4937171181939823, 4.575378384538627, 4.439338288000461, 2.858948358511847, 3.793581485610865, 8.00131869365272, -0.11123630732763479, 8.882132092047287, 4.719636215954224, 2.8590947103672404, 9.173164284485523, 6.966880558775715, 4.164119084792566, 9.441410065903222, -2.330951692350743, 7.504878098875988, 3.5535290754911246, 8.518721327266046, 6.932263356110775, 3.5829308352762257, 5.561457493879166, 6.618589264042126, 8.638113282488199, 4.830537639211572, 3.956975433461386, 10.310472319635897, 4.762254976329995, 7.42175940118518, 5.160956296896824, 7.621464366896685, 4.924753372180268, 3.502867793232026, 5.8918411784163105, 8.735671537686091, 1.12880047916389, 1.99696982935497, 5.041448763937817, 4.7944588198349525, 6.224617655551608, 8.291853721188692, 4.361387024438509, 3.7266361025038575, 6.2833077527102, 5.154974450874873, 2.449842167909157] 

Optimizer history of the smallest VQE eigenvalue standard deviation:
[3.4391874993989777, 3.5894654537778874, 3.437622486033903, 3.5037808748387045, 3.5926879503712983, 3.829160769771467, 3.862881089288818, 3.7873314935274203, 3.8942119033091713, 3.8441237700748485, 3.8227962788351526, 3.8086751208362735, 3.818738663443104, 3.420121880115996, 3.2579286286115416, 3.509385423421834, 3.4112559337103754, 3.446671810232156, 2.851714205182352, 2.900133528960881, 3.057952940221573, 2.769601189407177, 3.260609628344379, 2.8660534599365093, 3.041579579961954, 2.947300442265575, 3.4870188438726175, 2.7327046918081135, 3.1230268207669276, 2.7081408092661774, 2.8423879666757026, 3.131476501604489, 2.829278184665763, 2.934466656482477, 2.889057185286094, 2.9275466176486558, 2.9646340003263014, 2.877434012691928, 2.9763115688138786, 2.935339951340365, 2.947509292555114, 2.9616996908606192, 3.051299039644351, 2.987928141645519, 3.0953195124618604, 3.009350648429757, 2.9542977790662386, 2.9728541836493227, 2.9630589557489944, 2.953370745223735, 2.9505245064906, 3.0091448936005527, 2.9645648342807096, 2.9879079617653446, 2.97625395442381, 2.981126403137851, 2.989551418800021, 2.9897264468987697, 3.0160395225000554, 2.9724267235860986, 2.9613119426285337, 2.9755526032262303, 2.983677447316914, 2.9890006052531306, 2.9759103250731958, 2.973701746274178, 2.990585665611493, 2.9934150862217046, 2.9940180001168812, 2.967020660585839, 2.981327777560083, 2.972706702641073, 2.989374755802987, 2.9806208036757664, 2.9930684946372543, 2.9823839777834062, 2.9857692582534634, 2.993326251050096, 2.9806819521132164, 2.982862996170193, 2.98564265138745, 2.9728239988724408, 2.9955184528513876, 2.989862608356487, 2.983629163860583, 2.9942010675546924, 2.9870515399513087, 2.989188658603418, 2.985889734389321, 2.986295553977698, 2.9784096102760786, 2.9787743759019776, 2.9859791454278874, 2.9767463633352604, 2.98273991508514, 3.0046354573529137, 2.9810384449296974, 2.9933188367287435, 2.976884408297602, 2.985407531812414, 2.9809851743046387, 2.984818631077842, 2.9978950317642505, 2.9864728095568234, 2.99204983491079, 2.985091571692645, 2.9807038460417505, 2.984913522929826, 2.996078478781752, 2.9985254094460596, 2.9936361169882413, 2.9848481400367795, 2.984816313878464, 2.983220283620752, 2.987971659252526, 2.9852487053592327, 2.9917979804795136, 2.9947574446855048, 2.987734267897297, 2.989270867890514, 2.992360151878307, 2.983522288623241, 2.9903608765410237, 2.9793356760554874, 2.9908962651777444, 2.984799173887478, 2.9917990915140713, 2.997499535081946, 2.987186164896716, 2.992629897162083, 2.9841621643177563, 2.97882065372279, 2.984139002508644, 2.992090529835565, 2.9888903920963132, 2.993127124713459, 2.996430758295015, 2.983017865917076, 2.980836356496772, 2.996684973095737, 2.985000494772591, 2.986096776261384] 

Smallest VQE eingenvalue optimizer final message:
{   'aux_operators_evaluated': None,
    'cost_function_evals': 142,
    'eigenvalue': 2.449842167909157,
    'optimal_circuit': <qiskit.circuit.library.n_local.real_amplitudes.RealAmplitudes object at 0x00000177F2333530>,
    'optimal_parameters': {   ParameterVectorElement(θ[1]): -2.8295596154474127,
                              ParameterVectorElement(θ[2]): 0.3470679980767475,
                              ParameterVectorElement(θ[10]): 3.2278827425767664,
                              ParameterVectorElement(θ[9]): 3.3890794741236494,
                              ParameterVectorElement(θ[11]): 0.1922565297529085,
                              ParameterVectorElement(θ[0]): -0.3111882200195497,
                              ParameterVectorElement(θ[5]): 1.9912583788064626,
                              ParameterVectorElement(θ[8]): 3.0494132574938715,
                              ParameterVectorElement(θ[6]): 5.142821520829971,
                              ParameterVectorElement(θ[4]): 0.20790326735163542,
                              ParameterVectorElement(θ[3]): 3.2157950429943942,
                              ParameterVectorElement(θ[7]): 2.348293523421225},
    'optimal_point': array([-0.31118822, -2.82955962,  0.347068  ,  3.21579504,  0.20790327,
        1.99125838,  5.14282152,  2.34829352,  3.04941326,  3.38907947,
        3.22788274,  0.19225653]),
    'optimal_value': 2.449842167909157,
    'optimizer_evals': None,
    'optimizer_result': <qiskit_algorithms.optimizers.optimizer.OptimizerResult object at 0x00000177F1AC5F10>,
    'optimizer_time': 331.3091173171997}
     ┌──────────┐ ░                           ░  ┌──────────┐
q_0: ┤ Ry(θ[0]) ├─░───────────────────────■───░──┤ Ry(θ[6]) ├
     ├──────────┤ ░                     ┌─┴─┐ ░  ├──────────┤
q_1: ┤ Ry(θ[1]) ├─░──────────────────■──┤ X ├─░──┤ Ry(θ[7]) ├
     ├──────────┤ ░                ┌─┴─┐└───┘ ░  ├──────────┤
q_2: ┤ Ry(θ[2]) ├─░─────────────■──┤ X ├──────░──┤ Ry(θ[8]) ├
     ├──────────┤ ░           ┌─┴─┐└───┘      ░  ├──────────┤
q_3: ┤ Ry(θ[3]) ├─░────────■──┤ X ├───────────░──┤ Ry(θ[9]) ├
     ├──────────┤ ░      ┌─┴─┐└───┘           ░ ┌┴──────────┤
q_4: ┤ Ry(θ[4]) ├─░───■──┤ X ├────────────────░─┤ Ry(θ[10]) ├
     ├──────────┤ ░ ┌─┴─┐└───┘                ░ ├───────────┤
q_5: ┤ Ry(θ[5]) ├─░─┤ X ├─────────────────────░─┤ Ry(θ[11]) ├
     └──────────┘ ░ └───┘                     ░ └───────────┘
The number of ansatz parameters is: 
 12
Line for latex table
RA r1 rl & $1\mathrm{e}{-04}$ & 10000 & 100/100 &123 & $2.4498\mathrm{e}{+00}$ & $2.9861\mathrm{e}{+00}$ & $1.5582\mathrm{e}{+00}$ & $1.9769\mathrm{e}{+01}$ & $1.8878\mathrm{e}{+01}$ & - & 08h 40m 38s\\

