0.35723305572506125
0.35723307480829347
0.3572330822910057
0.3572330517000234
0.3572332516601262
0.35723306854179737
0.3572331466103158
0.3572331111824676
0.3572330480884762
0.35723314740008993
0.35723305312921894
0.3572330633214439
0.3572336924413817
0.3572330735897822
0.35723313196740336
0.35723304865169525
0.35723312176802313
0.3572330951648254
0.3572330857317082
0.3572330914552144
0.35723336415809326
0.3572330687085057
0.3572331001015664
0.357233080542285
0.35723578788809307
0.35723317214300987
0.3572330562006152
0.3572421203401397
0.35723305579460884
0.3572375388865444
0.3572330690087224
0.3572330974116791
0.3572331202807143
0.35723309985441476
0.35723308843532886
0.3572330525796279
0.35723352005650266
0.3572336006567908
0.3572330494125424
0.35723316759338386
0.3572330517604635
0.3572330559259589
0.357233072052227
0.35723305843316366
0.35723305714564446
0.3572331533789873
0.3572330516172806
0.3572330594800972
0.35723305705270736
0.35723305104210723
0.3572330505873287
0.35723322534337854
0.3572331275084909
0.35723307166437346
0.35723327005098526
0.3572331168804973
0.3572331574194324
0.35723305727236776
0.3572330528651325
0.3572337024356863
0.3572334233794763
0.35723312492766746
0.3572330937806377
0.35723310425685983
0.35723349017713246
0.3572330599143422
0.3572330880939395
0.3572330602269882
0.35723401502997887
0.35723304807233747
0.3572330643765511
0.3572331051892049
0.35723307026412077
0.35723308215422533
0.3572330619885282
0.357233078582883
0.35723306789763754
0.3572331553345369
0.3572330596383797
0.35723309873972886
0.35723305005234607
0.3572341185527249
0.35723304876067896
0.3572330521017675
0.35723314511770454
0.35723577457914757
0.3572331747981762
0.357234178574495
0.35723304805006684
0.35723305030727104
0.35723406667345003
0.35723311256787815
0.35723305366957425
0.3572330589796685
0.35723307997686893
0.3572343341878247
0.3572333526057999
0.3572331084060445
0.3572468330494022
0.3572330531068053
