No Shot Noise
31/10/2024 18:47:10 

VQEr_100_COBYLA_maxIter_10000_tol_1e-04_RA_r1_rl 

Reference value: 3.5723304703e-01 

Qubits:  2
VQE runs:  100
Optimizer:  COBYLA
Max iterations:  10000
Optimizers's tolerance:  1e-04
Ansatz:  RA_r1_rl 

All run converged!!!
Number of iterations for each converged VQE run:
[77, 230, 113, 103, 261, 66, 175, 280, 83, 122, 104, 176, 289, 182, 179, 80, 173, 277, 112, 179, 436, 125, 140, 202, 841, 281, 136, 1056, 68, 1039, 166, 86, 212, 295, 93, 75, 543, 409, 73, 196, 71, 94, 137, 64, 76, 175, 85, 114, 154, 80, 84, 212, 184, 93, 137, 148, 212, 104, 72, 346, 539, 167, 271, 162, 350, 112, 137, 82, 891, 76, 105, 144, 140, 151, 182, 159, 172, 120, 81, 78, 70, 744, 77, 100, 113, 111, 412, 466, 185, 84, 354, 244, 111, 77, 129, 570, 325, 166, 1102, 73] 

Average iterations of converged run:
220 

VQE eigenvalues:
[0.35723305572506125, 0.35723307480829347, 0.3572330822910057, 0.3572330517000234, 0.3572332516601262, 0.35723306854179737, 0.3572331466103158, 0.3572331111824676, 0.3572330480884762, 0.35723314740008993, 0.35723305312921894, 0.3572330633214439, 0.3572336924413817, 0.3572330735897822, 0.35723313196740336, 0.35723304865169525, 0.35723312176802313, 0.3572330951648254, 0.3572330857317082, 0.3572330914552144, 0.35723336415809326, 0.3572330687085057, 0.3572331001015664, 0.357233080542285, 0.35723578788809307, 0.35723317214300987, 0.3572330562006152, 0.3572421203401397, 0.35723305579460884, 0.3572375388865444, 0.3572330690087224, 0.3572330974116791, 0.3572331202807143, 0.35723309985441476, 0.35723308843532886, 0.3572330525796279, 0.35723352005650266, 0.3572336006567908, 0.3572330494125424, 0.35723316759338386, 0.3572330517604635, 0.3572330559259589, 0.357233072052227, 0.35723305843316366, 0.35723305714564446, 0.3572331533789873, 0.3572330516172806, 0.3572330594800972, 0.35723305705270736, 0.35723305104210723, 0.3572330505873287, 0.35723322534337854, 0.3572331275084909, 0.35723307166437346, 0.35723327005098526, 0.3572331168804973, 0.3572331574194324, 0.35723305727236776, 0.3572330528651325, 0.3572337024356863, 0.3572334233794763, 0.35723312492766746, 0.3572330937806377, 0.35723310425685983, 0.35723349017713246, 0.3572330599143422, 0.3572330880939395, 0.3572330602269882, 0.35723401502997887, 0.35723304807233747, 0.3572330643765511, 0.3572331051892049, 0.35723307026412077, 0.35723308215422533, 0.3572330619885282, 0.357233078582883, 0.35723306789763754, 0.3572331553345369, 0.3572330596383797, 0.35723309873972886, 0.35723305005234607, 0.3572341185527249, 0.35723304876067896, 0.3572330521017675, 0.35723314511770454, 0.35723577457914757, 0.3572331747981762, 0.357234178574495, 0.35723304805006684, 0.35723305030727104, 0.35723406667345003, 0.35723311256787815, 0.35723305366957425, 0.3572330589796685, 0.35723307997686893, 0.3572343341878247, 0.3572333526057999, 0.3572331084060445, 0.3572468330494022, 0.3572330531068053] 

Median VQE eigenvalues:
0.35723308691282385 

Min eigenvalue after 100 VQE steps on Aer qasm simulator: 3.57233e-01
Delta from reference energy value is 1.01644e-09 

Optimizer history of the smallest VQE eigenvalue:
[1.184773461005961, 1.273452761984034, 1.1506982180817464, 0.7008659360983152, 0.8124497313406174, 0.9610437933271201, 0.6935365426767963, 0.7631812038159236, 0.5559605570837399, 0.61982798092954, 0.5072010281166963, 0.4394153519086589, 0.6561431341093374, 0.49458063792275037, 0.4231722351940621, 0.4354882535890584, 0.40570482465448154, 0.40538705601992575, 0.4065141326520437, 0.39154364228314187, 0.41481741940707995, 0.3792971183232384, 0.38149581557567624, 0.3787228503508283, 0.3756965361347121, 0.3775592392865229, 0.38080642585569935, 0.36949001440769713, 0.36843463866631354, 0.3665774202947172, 0.3642008724553044, 0.3663208183416542, 0.3618711242965681, 0.3605278478430368, 0.36000872768091186, 0.36498769969507516, 0.3592645407058481, 0.36123308615760286, 0.36000717322722064, 0.3592707867226119, 0.36036138689428865, 0.3588009839985833, 0.3585850904226029, 0.3592213631091856, 0.3585037418039483, 0.3584253972666843, 0.35828336798757154, 0.3581732146936082, 0.35825591585500494, 0.3581803111586026, 0.3581058189685996, 0.3580481119067297, 0.3581596412626804, 0.35793529147980485, 0.3579258353051481, 0.35793734250794906, 0.35784601738779975, 0.3579872479049875, 0.35777263513243274, 0.35770740187297323, 0.3577246910145341, 0.35772167436638214, 0.3577296276153942, 0.35766012587052864, 0.35765712559614793, 0.357679741793537, 0.3576357063421862, 0.3576053047935983, 0.35756789096205943, 0.3575357542441492, 0.357525756660349, 0.35750113524611304, 0.3574866215911291, 0.3574539823510511, 0.3574247300370499, 0.357398754845631, 0.35739104759036167, 0.3573823802161149, 0.35739052641952374, 0.3573640663428981, 0.35736941783837384, 0.35735486051713616, 0.35736200374886506, 0.35735431311826105, 0.3573467468056162, 0.35735508894633616, 0.3573380836821066, 0.3573319520480642, 0.3573225151967092, 0.35731500764294943, 0.3573072512040347, 0.35730453494215997, 0.35729487342014743, 0.3572915126585535, 0.3572898487832218, 0.3572902574065715, 0.3572849175264662, 0.3572784104830904, 0.3572801520435198, 0.3572809365010844, 0.3572734323998492, 0.3572733912189431, 0.35727702737978484, 0.3572677708240811, 0.3572677214453077, 0.3572721347881733, 0.3572607044668493, 0.3572594228299112, 0.35726035833331915, 0.35725704762298816, 0.35725180012782654, 0.35724997004498993, 0.3572473502120147, 0.3572486588874093, 0.35724957928239043, 0.35724427230415345, 0.35724669276720644, 0.35724689243368424, 0.3572425898621068, 0.35724509431624873, 0.3572449073062701, 0.357240617625031, 0.35724204339901033, 0.35724059710436973, 0.3572395191947647, 0.3572412373356705, 0.35723709926073455, 0.3572357015368932, 0.3572348112987149, 0.3572337149252296, 0.3572366935028435, 0.3572339877142541, 0.3572371931893372, 0.35723396151011055, 0.3572339314613959, 0.3572337842981105, 0.3572336360565529, 0.35723351745522025, 0.3572335771569949, 0.35723360961149286, 0.35723347434811503, 0.35723359309404124, 0.35723347913150083, 0.3572334322245122, 0.3572333602473915, 0.35723329905349466, 0.35723334260125994, 0.3572332935110095, 0.3572332787098871, 0.3572332967903058, 0.35723329756746514, 0.3572332511336386, 0.35723322914031586, 0.3572332165015122, 0.35723319459808567, 0.35723317756950423, 0.3572331614083595, 0.35723315051206905, 0.357233138102401, 0.35723313390149036, 0.3572331316497269, 0.3572331221636651, 0.3572331448251941, 0.35723310974379274, 0.3572331056154011, 0.3572330932422221, 0.35723309789190183, 0.3572330949538065, 0.35723309136056425, 0.3572330794765862, 0.3572330754166655, 0.3572330687160876, 0.3572330653560829, 0.35723305996641963, 0.3572330564744214, 0.3572330550608608, 0.35723305323474785, 0.357233061636142, 0.3572330530158053, 0.3572330495909749, 0.35723304808648504, 0.35723305109284564, 0.35723305102732716, 0.3572330609470574, 0.35723304805006684] 

Smallest VQE eingenvalue optimizer final message:
{   'aux_operators_evaluated': None,
    'cost_function_evals': 185,
    'eigenvalue': 0.35723304805006684,
    'optimal_circuit': <qiskit.circuit.library.n_local.real_amplitudes.RealAmplitudes object at 0x000002104F55BF20>,
    'optimal_parameters': {   ParameterVectorElement(θ[0]): 3.1415686939841057,
                              ParameterVectorElement(θ[1]): -0.9236862072618699,
                              ParameterVectorElement(θ[2]): 1.5707448209453412,
                              ParameterVectorElement(θ[3]): -4.06529606424926},
    'optimal_point': array([ 3.14156869, -0.92368621,  1.57074482, -4.06529606]),
    'optimal_value': 0.35723304805006684,
    'optimizer_evals': None,
    'optimizer_result': <qiskit_algorithms.optimizers.optimizer.OptimizerResult object at 0x000002104EF73F50>,
    'optimizer_time': 0.5168921947479248}
     ┌──────────┐ ░       ░ ┌──────────┐
q_0: ┤ Ry(θ[0]) ├─░───■───░─┤ Ry(θ[2]) ├
     ├──────────┤ ░ ┌─┴─┐ ░ ├──────────┤
q_1: ┤ Ry(θ[1]) ├─░─┤ X ├─░─┤ Ry(θ[3]) ├
     └──────────┘ ░ └───┘ ░ └──────────┘
The number of ansatz parameters is: 
 4
Line for latex table
RA r1 rl & $1\mathrm{e}{-04}$ & 100/100 &220 & $3.5723\mathrm{e}{-01}$ & $1.0164\mathrm{e}{-09}$ & $3.5723\mathrm{e}{-01}$ & $3.9879\mathrm{e}{-08}$ & - & 00h 01m 02s\\

