RA_r1_rl
12h07m58s__183
1e-07
31.588970172474795
23.118885575178016
9.206239129964379
20.35620272836112
30.14654116144872
25.86177356488211
12.106688656595201
9.015980030249986
14.329920736170555
9.38440019220751
18.55432021072086
44.78429509377355
20.211176169180668
63.032154847672
16.577029324445054
10.088383772150577
18.988534434412998
70.37302363069807
2.261226014748594
36.02478406014954
21.727130258947216
40.37666045395615
19.497866098945813
24.969439021177845
9.517277612285593
13.749100299323072
28.084700616672347
32.245993364850435
16.79083650475018
7.693115858384715
13.662047334978597
19.33027511751698
13.299928329330012
38.372981440447674
21.382700203744793
8.015515304418017
16.407518266741985
44.16522604945185
9.746239336297615
41.725255959666676
14.793902847367352
33.90162733447204
14.592504930161777
21.393296681207545
8.960290099107633
17.310059125798425
21.233921216429003
20.861853770187047
24.27602160118812
10.468321621327568
18.937290282847783
45.466543361937866
17.337832795437997
32.2790621619483
38.11579151868579
25.112583426150362
10.82704055627898
18.00764505573859
6.0094367442810945
13.340618697856526
17.86091494172247
34.833130398134955
36.10003018741503
21.65862126289357
10.048770145053288
35.63646791323338
5.422336072782258
14.217149845578719
37.706178903907215
29.9136099462565
14.990887092683128
1.3132398222856514
32.908859263507715
9.367363215122012
18.20218371711326
60.38026130720987
15.688685204233227
11.159625002276645
27.403791769322908
6.036700037349558
24.741201659805384
20.753627482226676
49.14875113728927
8.366017609582183
10.106490229907902
14.741720163966324
29.98091265194903
15.202228717966026
16.849720548271527
6.153630539663622
17.028989935555316
19.810643781601268
8.714399504288744
33.66512453804322
23.438724800997523
23.39776870048815
0.7803136113409896
20.062893380135353
22.931737918438714
37.12515175323633
