31.588970172474795 3.499294761087261
23.118885575178016 3.3760162562733944
9.206239129964379 3.0467076347205935
20.35620272836112 3.5264568448886835
30.14654116144872 3.2690759590398484
25.86177356488211 3.322603932288483
12.106688656595201 3.34175601112627
9.015980030249986 2.948784437706792
14.329920736170555 3.401776293378915
9.38440019220751 3.044872853546085
18.55432021072086 3.465223002901646
44.78429509377355 3.662195595223639
20.211176169180668 3.0869000039619228
63.032154847672 3.243766614492599
16.577029324445054 3.3718335820975107
10.088383772150577 2.582228418980399
18.988534434412998 3.3303642717424378
70.37302363069807 3.4380306000656105
2.261226014748594 2.76861509083258
36.02478406014954 3.8274791193865108
21.727130258947216 3.0714121266627665
40.37666045395615 3.4238393789090464
19.497866098945813 2.911773313569728
24.969439021177845 3.3646319739238484
9.517277612285593 3.4094930319354546
13.749100299323072 3.469613566364374
28.084700616672347 3.39350754413728
32.245993364850435 3.01394260673035
16.79083650475018 3.1010958000200555
7.693115858384715 3.298327417670503
13.662047334978597 3.3288835331530584
19.33027511751698 3.435136093725033
13.299928329330012 3.357187445205231
38.372981440447674 3.405117625905877
21.382700203744793 3.416742344522897
8.015515304418017 3.0194139123658945
16.407518266741985 2.705552289608266
44.16522604945185 3.8004473913192354
9.746239336297615 3.3504667240139554
41.725255959666676 3.5833471337004896
14.793902847367352 2.7704788297046457
33.90162733447204 3.327088980943938
14.592504930161777 3.384531006952796
21.393296681207545 3.3295243558145358
8.960290099107633 3.146942576335271
17.310059125798425 3.203357309542784
21.233921216429003 3.3402769882307877
20.861853770187047 3.3810358456673515
24.27602160118812 2.9645285160159447
10.468321621327568 2.7591837524510483
18.937290282847783 2.719661616821678
45.466543361937866 3.555914791315083
17.337832795437997 3.2847459246199033
32.2790621619483 3.4920522088973875
38.11579151868579 3.7776733688469677
25.112583426150362 3.3894635068661403
10.82704055627898 2.978865351048333
18.00764505573859 3.0334864836306368
6.0094367442810945 3.003191727247568
13.340618697856526 3.164305732900041
17.86091494172247 3.163395498972471
34.833130398134955 3.21254814961654
36.10003018741503 3.397599769174184
21.65862126289357 3.0076029108808053
10.048770145053288 3.2171008423956806
35.63646791323338 3.707476196367709
5.422336072782258 3.220149950622959
14.217149845578719 3.0639299654032057
37.706178903907215 3.3328717795325393
29.9136099462565 3.492414746954964
14.990887092683128 2.9818158957771974
1.3132398222856514 2.7013702029884574
32.908859263507715 3.1723696786933457
9.367363215122012 3.051637478569683
18.20218371711326 3.1509374813084734
60.38026130720987 3.5986600283005297
15.688685204233227 2.6561324833758735
11.159625002276645 3.359906640978639
27.403791769322908 3.6108340205198006
6.036700037349558 2.9140335244038016
24.741201659805384 3.4022293359644915
20.753627482226676 3.0760721978162793
49.14875113728927 3.2209787367643696
8.366017609582183 3.290448886636991
10.106490229907902 2.891062524313659
14.741720163966324 3.1182283067620618
29.98091265194903 3.5302093621875663
15.202228717966026 3.1846580911528846
16.849720548271527 2.969859166765862
6.153630539663622 2.533113053514574
17.028989935555316 2.928310327717119
19.810643781601268 3.2367800609211437
8.714399504288744 2.74788105617093
33.66512453804322 3.5720227489126293
23.438724800997523 3.4243191391618666
23.39776870048815 3.315304273549448
0.7803136113409896 3.3654931871167193
20.062893380135353 2.8302325089884164
22.931737918438714 3.3568712102736895
37.12515175323633 3.246115212840564
