With Shot Noise
06/11/2024 09:38:37 

VQEr_100_shots_10000_COBYLA_maxIter_10000_tol_1e-07_RA_r1_rl 

Reference value: 8.9163237056e-01 

Number of pauli strings:  352
Qubits:  6
VQE runs:  100
Optimizer:  COBYLA
Max iterations:  10000
Optimizers's tolerance:  1e-07
Ansatz:  RA_r1_rl 

All run converged!!!
Number of iterations for each converged VQE run:
[187, 174, 182, 192, 195, 165, 191, 195, 192, 183, 193, 164, 184, 182, 176, 194, 179, 180, 171, 181, 181, 201, 171, 186, 177, 158, 179, 180, 177, 190, 189, 195, 184, 170, 183, 180, 175, 180, 187, 158, 170, 177, 181, 168, 185, 184, 198, 191, 179, 189, 177, 215, 181, 175, 169, 152, 194, 164, 188, 193, 177, 188, 175, 175, 183, 175, 176, 189, 189, 201, 199, 184, 199, 200, 202, 165, 177, 179, 185, 190, 180, 178, 195, 186, 179, 182, 175, 162, 178, 186, 187, 203, 183, 190, 180, 198, 206, 192, 172, 214] 

Average iterations of converged run:
183 

VQE eigenvalues:
[31.588970172474795, 23.118885575178016, 9.206239129964379, 20.35620272836112, 30.14654116144872, 25.86177356488211, 12.106688656595201, 9.015980030249986, 14.329920736170555, 9.38440019220751, 18.55432021072086, 44.78429509377355, 20.211176169180668, 63.032154847672, 16.577029324445054, 10.088383772150577, 18.988534434412998, 70.37302363069807, 2.261226014748594, 36.02478406014954, 21.727130258947216, 40.37666045395615, 19.497866098945813, 24.969439021177845, 9.517277612285593, 13.749100299323072, 28.084700616672347, 32.245993364850435, 16.79083650475018, 7.693115858384715, 13.662047334978597, 19.33027511751698, 13.299928329330012, 38.372981440447674, 21.382700203744793, 8.015515304418017, 16.407518266741985, 44.16522604945185, 9.746239336297615, 41.725255959666676, 14.793902847367352, 33.90162733447204, 14.592504930161777, 21.393296681207545, 8.960290099107633, 17.310059125798425, 21.233921216429003, 20.861853770187047, 24.27602160118812, 10.468321621327568, 18.937290282847783, 45.466543361937866, 17.337832795437997, 32.2790621619483, 38.11579151868579, 25.112583426150362, 10.82704055627898, 18.00764505573859, 6.0094367442810945, 13.340618697856526, 17.86091494172247, 34.833130398134955, 36.10003018741503, 21.65862126289357, 10.048770145053288, 35.63646791323338, 5.422336072782258, 14.217149845578719, 37.706178903907215, 29.9136099462565, 14.990887092683128, 1.3132398222856514, 32.908859263507715, 9.367363215122012, 18.20218371711326, 60.38026130720987, 15.688685204233227, 11.159625002276645, 27.403791769322908, 6.036700037349558, 24.741201659805384, 20.753627482226676, 49.14875113728927, 8.366017609582183, 10.106490229907902, 14.741720163966324, 29.98091265194903, 15.202228717966026, 16.849720548271527, 6.153630539663622, 17.028989935555316, 19.810643781601268, 8.714399504288744, 33.66512453804322, 23.438724800997523, 23.39776870048815, 0.7803136113409896, 20.062893380135353, 22.931737918438714, 37.12515175323633] 

VQE eigenvalues standard deviation:
[3.499294761087261, 3.3760162562733944, 3.0467076347205935, 3.5264568448886835, 3.2690759590398484, 3.322603932288483, 3.34175601112627, 2.948784437706792, 3.401776293378915, 3.044872853546085, 3.465223002901646, 3.662195595223639, 3.0869000039619228, 3.243766614492599, 3.3718335820975107, 2.582228418980399, 3.3303642717424378, 3.4380306000656105, 2.76861509083258, 3.8274791193865108, 3.0714121266627665, 3.4238393789090464, 2.911773313569728, 3.3646319739238484, 3.4094930319354546, 3.469613566364374, 3.39350754413728, 3.01394260673035, 3.1010958000200555, 3.298327417670503, 3.3288835331530584, 3.435136093725033, 3.357187445205231, 3.405117625905877, 3.416742344522897, 3.0194139123658945, 2.705552289608266, 3.8004473913192354, 3.3504667240139554, 3.5833471337004896, 2.7704788297046457, 3.327088980943938, 3.384531006952796, 3.3295243558145358, 3.146942576335271, 3.203357309542784, 3.3402769882307877, 3.3810358456673515, 2.9645285160159447, 2.7591837524510483, 2.719661616821678, 3.555914791315083, 3.2847459246199033, 3.4920522088973875, 3.7776733688469677, 3.3894635068661403, 2.978865351048333, 3.0334864836306368, 3.003191727247568, 3.164305732900041, 3.163395498972471, 3.21254814961654, 3.397599769174184, 3.0076029108808053, 3.2171008423956806, 3.707476196367709, 3.220149950622959, 3.0639299654032057, 3.3328717795325393, 3.492414746954964, 2.9818158957771974, 2.7013702029884574, 3.1723696786933457, 3.051637478569683, 3.1509374813084734, 3.5986600283005297, 2.6561324833758735, 3.359906640978639, 3.6108340205198006, 2.9140335244038016, 3.4022293359644915, 3.0760721978162793, 3.2209787367643696, 3.290448886636991, 2.891062524313659, 3.1182283067620618, 3.5302093621875663, 3.1846580911528846, 2.969859166765862, 2.533113053514574, 2.928310327717119, 3.2367800609211437, 2.74788105617093, 3.5720227489126293, 3.4243191391618666, 3.315304273549448, 3.3654931871167193, 2.8302325089884164, 3.3568712102736895, 3.246115212840564] 

Median VQE eigenvalues:
19.159404775964987 

Min eigenvalue after 100 VQE steps on Aer qasm simulator: 7.80314e-01
Delta from reference energy value is -1.11319e-01 

Optimizer history of the smallest VQE eigenvalue:
[155.1660494153656, 230.06085857445868, 252.49933348955923, 186.540752168659, 172.29312972229593, 129.0023123401692, 124.2286935639661, 140.3260670989959, 115.37955879522943, 118.9809021081937, 96.16758481264392, 152.5976149123739, 92.58562206710046, 75.31081729279812, 73.67516408620902, 75.77577026167602, 191.78897008193013, 156.1724871772029, 24.480207593746197, 19.92032101656392, 18.81943260675456, 98.7330020212505, 17.035031249567794, 22.253498141357063, 20.599507620485415, 25.392089202913223, 22.606828330525182, 27.66742240858194, 16.64902250344104, 66.87567302092637, 27.540331732905504, 21.860531237202185, 27.82723419278747, 36.22751649934083, 30.717169940014923, 32.01912221368237, 18.288981287404976, 28.30172185228384, 14.254677474855363, 10.662462786545948, 8.810859120608526, 12.257784395020757, 12.964784203049124, 13.809605740936428, 14.125806764015955, 13.925660684719224, 7.964922053156891, 21.60076010545271, 12.811204571980753, 13.075671174906837, 11.464300018643474, 9.024891040794715, 10.60955532881327, 9.221559083956341, 10.336156230525027, 7.1244929409598114, 5.817028268957246, 4.901306577325399, 10.7337712194428, 9.883032475086372, 13.08088226094821, 9.245108755542914, 12.816677914494576, 8.4925837998079, 6.072711062037923, 9.853909592809236, 9.31963328234555, 4.938682864566928, 6.579554353749572, 13.779971474861386, 5.159682468872072, 14.507616480368036, 11.20657635129922, 7.228427840912302, 11.211624296886061, 9.805172313446862, 0.9926658455711835, 4.422056228832748, 6.7118495220529795, 11.276223063104666, 8.781218316448841, 2.6783444627669635, 9.36705128806871, 10.652165033029435, 9.171152487805788, 8.952366706611201, 12.153545708930631, 6.701743835930312, 5.123699858321492, 8.579328354440005, 2.0550205657497878, 10.054357265049806, 11.712584650110081, 8.192737973096248, 3.5052576144923355, 5.15078500461358, 9.464077886120515, 12.16034618541783, 12.658489800192662, 9.437423670732949, 3.1843651586186925, 10.039868410206195, 2.6652146110513586, 8.081648490203063, 9.43491209776318, 7.172195673287019, 8.806116530468644, 11.969969473998828, 8.816356914933094, 8.3767910970073, 11.733946744999281, 4.087811742975927, -0.32076615444954726, 7.144144761222112, 8.780846713587442, 9.879093745575558, 8.164636471381598, 11.382598725734516, 0.9930833157276124, 12.906662833029973, 7.330927057460168, 9.400957520416071, 10.167655460610177, 4.908835727275827, 8.356214286496206, 9.487930874269567, 8.74441183621004, 10.701677011341438, 8.663497460912863, 6.617230269854638, 10.186360222991254, 13.060833962672218, 8.792057001111203, 7.371798071287694, 9.260458659818601, 7.2942361094250785, 6.325121092486608, 6.285061870304135, 1.9457913877681832, 8.049096061946418, 8.56988044229462, 9.852531774124401, 8.881836806216015, 9.918078368863236, 2.140738568300876, 7.952650178549764, 11.503007389269465, 7.1145590727270545, 6.3344004917318815, 6.22457515828917, 7.950155079757795, 6.971469864457813, 2.71140154029571, 13.586064000429891, 11.242112633856621, 7.4809260018180535, 5.13746845294951, 3.1862232721260497, 7.085626526011982, 5.5695873689044815, 8.278466584275165, 9.446126495495218, 3.7235932643778114, 7.440729139378292, 3.944295138726373, 9.498512985850136, 12.891292865985537, 7.88125587188445, 2.2634028056047475, 10.648979706138935, 10.521564394364898, 3.7793753572129627, 3.1203735368895487, 5.054358673552309, 9.181912884333581, 7.584221991925924, 8.827838606561555, 5.261579778450733, 10.425589902769044, 9.676789662552302, 10.295403406626452, 8.576052051858644, 7.148902395332185, 1.7185471638168868, 11.727380532579843, 10.884993423119713, 10.921844249745064, 8.18155823361238, 13.877206708672853, 7.715749327075667, 9.829662951913889, 9.164460758423484, 5.216225387300632, 10.163532113796167, 10.416922059774105, 5.677238882902619, 6.884239601751087, 8.02917708673559, 4.556324241480727, 7.7452284510907905, 7.108194230273089, 13.237475707727809, 3.9937302737682083, 2.3164474211358668, 7.323551046097887, 0.7803136113409896] 

Optimizer history of the smallest VQE eigenvalue standard deviation:
[3.9135625657136117, 3.8756667272877277, 3.9345510195886577, 3.904027532803526, 3.8571624339039428, 3.8424320771341134, 3.8286514136098715, 3.8394143897735376, 3.8165192820030227, 3.8460224998934085, 3.7924434401697793, 3.807976233188506, 3.794915762861146, 3.434522583530947, 3.45996775706445, 3.467922819909114, 3.7980852834676866, 3.7082823225243793, 3.1189443445488467, 3.1991646083995713, 3.1763259631110445, 3.7306458185901206, 3.414745553037456, 3.412937074108475, 3.4172063047203842, 3.4140278501966987, 3.443626827117196, 3.4779621556418086, 3.435471819613355, 3.596928632285543, 3.450592014655634, 3.1219312775268255, 3.428381946087988, 3.4351141662245683, 3.4117925833072973, 3.475682861757938, 3.424726640847986, 3.503576838459399, 3.3897405241225695, 3.4050364056000224, 3.3836816178317415, 3.3855678791996, 3.4261617997016964, 3.4178633829464777, 3.3922638970744, 3.3824544991955703, 3.400930091805116, 3.4151450705693946, 3.4005125616899154, 3.3843702958211046, 3.451849834604184, 3.4039993524409944, 3.3964545291909674, 3.3849378749268113, 3.4075603984704714, 3.372444002484257, 3.3591763982595877, 3.3594572421741615, 3.37295639346499, 3.345111941148738, 3.3566960831374066, 3.3882875429364425, 3.371467298685418, 3.3024063765480536, 3.3512627239133232, 3.364550537744333, 3.367198531438317, 3.3629371821413963, 3.3459930382703567, 3.35866242565122, 3.3262564226135285, 3.359909317579477, 3.375139672233358, 3.3525416505376677, 3.354405254712949, 3.349883752273675, 3.365027526099022, 3.376207473401747, 3.3648083337283414, 3.3678820922698773, 3.3663833547992645, 3.375245930874933, 3.372405757374489, 3.3689734647203835, 3.367374859621247, 3.3617486658024376, 3.3717963098441395, 3.3580455726910174, 3.367418379728219, 3.362413526645328, 3.3637915601238366, 3.366839450842453, 3.3708354186517955, 3.365830783336201, 3.365964352895706, 3.3669410685421775, 3.3686206182123613, 3.3675089443801993, 3.3694204590245276, 3.3658298996503566, 3.368310869956766, 3.371271832582536, 3.3681819443184056, 3.3647999006538662, 3.3654518245918292, 3.3680220848947826, 3.3682768491960458, 3.368683254032178, 3.3658665544572655, 3.3683376470417365, 3.373522619687097, 3.3657889932127403, 3.3624591312471983, 3.3653018647645223, 3.370567871485187, 3.3690919564946595, 3.370085019505333, 3.371071432274643, 3.368128238742719, 3.3693107627096706, 3.368862865604638, 3.366714905465018, 3.3659844978474887, 3.372348552005548, 3.3679650332971733, 3.3700361003580346, 3.371489131794285, 3.3750264484200017, 3.36784717072625, 3.367152507619177, 3.3698876543146703, 3.3683683575140764, 3.3671957500687255, 3.369424658139216, 3.365660985484746, 3.368225010891372, 3.368855936013365, 3.366591879512609, 3.372169098039707, 3.3632722275974434, 3.36973532871703, 3.3661723782968798, 3.3676809395037197, 3.3685846307446674, 3.365721668958442, 3.3657160577700984, 3.366980458637135, 3.3672760627038825, 3.371198180544838, 3.3647565859205044, 3.3663545835443567, 3.3656043506316404, 3.366107896853223, 3.366642091961778, 3.3671728482559624, 3.3645620464816277, 3.3645747526268175, 3.366689937190922, 3.370139714469997, 3.3674407564450552, 3.365709045736619, 3.3688785046383813, 3.367777680163476, 3.3645042719656066, 3.368021645701009, 3.3707285781649636, 3.3692637765754307, 3.368337548734729, 3.3673023598424483, 3.3670356528468726, 3.3698574944917947, 3.36648391030548, 3.367463454484437, 3.365086155369447, 3.3675579576060217, 3.368563017218293, 3.369971459172709, 3.366194928243552, 3.3685165714221315, 3.3686478835437033, 3.3672194092080296, 3.3657110813704763, 3.366971211392781, 3.3678666044165078, 3.3738099833348087, 3.3677525139492, 3.366929182173296, 3.367976376449892, 3.3686240363270215, 3.369366961459596, 3.368615792980779, 3.3690384304246646, 3.3655884107312883, 3.368602038566402, 3.3714256505506923, 3.3679531214629437, 3.36545109723417, 3.3679042937320016, 3.364234152071101, 3.3650394288211087, 3.368796976265799, 3.3647857652544344, 3.364583280696994, 3.3640562681466526, 3.3692141314682607, 3.3654931871167193] 

Smallest VQE eingenvalue optimizer final message:
{   'aux_operators_evaluated': None,
    'cost_function_evals': 206,
    'eigenvalue': 0.7803136113409896,
    'optimal_circuit': <qiskit.circuit.library.n_local.real_amplitudes.RealAmplitudes object at 0x0000017849322B10>,
    'optimal_parameters': {   ParameterVectorElement(θ[1]): 0.3206401619059619,
                              ParameterVectorElement(θ[2]): -2.9683432632139977,
                              ParameterVectorElement(θ[10]): -1.2742290562065672,
                              ParameterVectorElement(θ[9]): 0.8816447125130285,
                              ParameterVectorElement(θ[11]): -0.38911645545461604,
                              ParameterVectorElement(θ[0]): 0.3057474858222197,
                              ParameterVectorElement(θ[5]): 1.547062754924569,
                              ParameterVectorElement(θ[8]): 2.845707523499222,
                              ParameterVectorElement(θ[6]): 3.6631095844753827,
                              ParameterVectorElement(θ[4]): 1.8698272669856701,
                              ParameterVectorElement(θ[3]): -2.7580288304252103,
                              ParameterVectorElement(θ[7]): -0.010210894158885502},
    'optimal_point': array([ 0.30574749,  0.32064016, -2.96834326, -2.75802883,  1.86982727,
        1.54706275,  3.66310958, -0.01021089,  2.84570752,  0.88164471,
       -1.27422906, -0.38911646]),
    'optimal_value': 0.7803136113409896,
    'optimizer_evals': None,
    'optimizer_result': <qiskit_algorithms.optimizers.optimizer.OptimizerResult object at 0x00000178490B9B50>,
    'optimizer_time': 470.9043107032776}
     ┌──────────┐ ░                           ░  ┌──────────┐
q_0: ┤ Ry(θ[0]) ├─░───────────────────────■───░──┤ Ry(θ[6]) ├
     ├──────────┤ ░                     ┌─┴─┐ ░  ├──────────┤
q_1: ┤ Ry(θ[1]) ├─░──────────────────■──┤ X ├─░──┤ Ry(θ[7]) ├
     ├──────────┤ ░                ┌─┴─┐└───┘ ░  ├──────────┤
q_2: ┤ Ry(θ[2]) ├─░─────────────■──┤ X ├──────░──┤ Ry(θ[8]) ├
     ├──────────┤ ░           ┌─┴─┐└───┘      ░  ├──────────┤
q_3: ┤ Ry(θ[3]) ├─░────────■──┤ X ├───────────░──┤ Ry(θ[9]) ├
     ├──────────┤ ░      ┌─┴─┐└───┘           ░ ┌┴──────────┤
q_4: ┤ Ry(θ[4]) ├─░───■──┤ X ├────────────────░─┤ Ry(θ[10]) ├
     ├──────────┤ ░ ┌─┴─┐└───┘                ░ ├───────────┤
q_5: ┤ Ry(θ[5]) ├─░─┤ X ├─────────────────────░─┤ Ry(θ[11]) ├
     └──────────┘ ░ └───┘                     ░ └───────────┘
The number of ansatz parameters is: 
 12
Line for latex table
RA r1 rl & $1\mathrm{e}{-07}$ & 10000 & 100/100 &183 & $7.8031\mathrm{e}{-01}$ & $3.3655\mathrm{e}{+00}$ & $-1.1132\mathrm{e}{-01}$ & $1.9159\mathrm{e}{+01}$ & $1.8268\mathrm{e}{+01}$ & - & 12h 07m 58s\\

