RA_r1_rl
04m51s__633
1e-07
0.35723304703371395
0.35723304703375514
0.3572330470336347
0.357233047033633
0.357233047033636
0.3572330470346571
0.35723304703367953
0.35723304703366954
0.35723304703368997
0.35723304703375014
0.3572330470336589
0.35723304703383263
0.35723304703370595
0.35723304703368985
0.35723304703371006
0.3572330470336321
0.3572330470337718
0.3572330470337409
0.3572330470338968
0.3572330470379774
0.3572330470336904
0.3572330470337657
0.3572330470336482
0.3572330470336683
0.3572330470337043
0.35723304703421466
0.3572330470338181
0.3572330470336461
0.3572330470336338
0.3572330470337103
0.3572330470383195
0.35723304703371495
0.35723304703367087
0.3572330470338254
0.35723304703363223
0.3572330470337025
0.35723304703364267
0.3572330470339976
0.35723304703369485
0.3572330470336844
0.3572330470339201
0.3572330470336388
0.3572330470336389
0.35723304703369163
0.3572330470336339
0.3572330470337308
0.3572330470336884
0.35723304703372283
0.35723304703363323
0.35723304703364567
0.3572330470337307
0.35723304703365166
0.3572330470336391
0.3572330470340941
0.3572330470341851
0.35723304703364867
0.3572330470336349
0.35723304703396874
0.35723304703363423
0.35723304703366676
0.3572330470346051
0.35723304703393555
0.35723304703363323
0.3572330470337982
0.35723304703367276
0.3572330470336419
0.3572330470391971
0.3572330470337274
0.35723304703436876
0.35723304703364633
0.3572330470337166
0.3572330470339039
0.3572330470336441
0.35723304703363334
0.3572330470336429
0.357233047033674
0.35723304703397263
0.357233047033638
0.3572330470336482
0.3572330470336632
0.35723304703363923
0.3572330470337248
0.357233047033642
0.357233047033633
0.3572330470422421
0.3572330470337278
0.3572330470336397
0.35723304703376024
0.3572330470337317
0.3572330470338533
0.35723304703363445
0.3572330470336472
0.35723304703364156
0.3572330470336732
0.3572330470340682
0.35723304703431236
0.3572330470338021
