RA_r1_rl
26m49s__38
1e-01
4.56896884712164
7.282698881188104
10.868156843200534
8.22912206231145
10.98584846037859
10.755451947183678
7.490508164652324
10.219015232268497
10.346034455809145
4.4577276661206255
9.618541410956711
13.027150094899454
21.924670105781438
27.07042293583779
4.643310211162099
12.08370425543087
21.126423045877505
10.677138252070728
18.87591243130929
10.010577437273934
6.781395022085345
2.1483693706029268
17.00681023246528
19.030694863397315
12.473351664755745
1.9416255082587925
25.59721335862518
18.595445228351963
10.486148197121988
24.132868059265668
3.146212699910688
15.087049581603539
4.792198599927075
10.87904346179231
9.170306107433206
9.008374549653162
1.7253039976623965
9.924458844113238
7.074260382279897
5.781745432227929
7.904791940995992
10.987996549798826
4.957712391382255
13.170825939973717
18.98590779270198
6.51546041423698
11.613124093288786
4.398428452199305
2.379725355455764
5.244084536463884
9.776317569613013
10.675281886190742
4.372365834624636
9.32940663778868
35.10298317334194
12.158096356814443
6.540593305426102
7.438451286160319
8.022187795719788
19.352105572068727
4.700764218669477
12.88678792775989
14.510953794478777
24.310317007544754
13.388736813790194
3.643235290441254
12.713930972436117
8.669922454359089
13.173634533998392
12.93183226767907
2.2585470625484487
4.819432306280234
8.035752026078121
2.6573912813257166
3.529200976114108
16.959981185291053
2.2315070338625773
8.329502907744288
7.307114204742978
6.354873245968665
20.652316991696573
-0.09211239155629514
7.643302837364615
10.316000879533068
6.716564856210317
11.04993313519471
12.10122045278801
9.80115971807987
10.539665143876277
6.812037443153594
6.654211096770176
19.175448919552792
7.311745496351512
4.665321279961773
5.632361033921196
24.544966234866383
26.596753984351828
12.82941031473017
8.59022519926819
7.472861006796909
