4.56896884712164 1.4504354918666058
7.282698881188104 1.2690142590868763
10.868156843200534 1.3856424583711546
8.22912206231145 1.3939833881558195
10.98584846037859 1.4505311832304388
10.755451947183678 1.291910452924562
7.490508164652324 1.405881087279757
10.219015232268497 1.3409280454150985
10.346034455809145 1.3406125403814129
4.4577276661206255 1.318772637351869
9.618541410956711 1.1625119591839455
13.027150094899454 1.3771599207947378
21.924670105781438 1.4522139782584675
27.07042293583779 1.479867615262608
4.643310211162099 1.2875476256088882
12.08370425543087 1.508620620993784
21.126423045877505 1.3329564753695133
10.677138252070728 1.233775778225438
18.87591243130929 1.4946782515107868
10.010577437273934 1.3516130783611908
6.781395022085345 1.350146266960212
2.1483693706029268 1.3860529882926056
17.00681023246528 1.4827999061081827
19.030694863397315 1.5209098578254099
12.473351664755745 1.4764609081950424
1.9416255082587925 1.216803390226684
25.59721335862518 1.5052361598992288
18.595445228351963 1.2957152140090864
10.486148197121988 1.3282363346583808
24.132868059265668 1.5346709359459851
3.146212699910688 1.4446514574114113
15.087049581603539 1.4303173400351028
4.792198599927075 1.4857191963673808
10.87904346179231 1.2523239733841527
9.170306107433206 1.3279274955794909
9.008374549653162 1.4724714768999572
1.7253039976623965 1.378834274907821
9.924458844113238 1.4486907658528076
7.074260382279897 1.3700837318748615
5.781745432227929 1.1356240843016951
7.904791940995992 1.4277080756299962
10.987996549798826 1.1577982971219178
4.957712391382255 1.3179278820295321
13.170825939973717 1.4449163736516641
18.98590779270198 1.3798721391497935
6.51546041423698 1.3723993608683396
11.613124093288786 1.416433014263973
4.398428452199305 1.4251049735840544
2.379725355455764 1.2561203692483398
5.244084536463884 1.1593642839546372
9.776317569613013 1.4711612597472055
10.675281886190742 1.3818557465898904
4.372365834624636 1.274320719807511
9.32940663778868 1.4460792053627918
35.10298317334194 1.4642600375562622
12.158096356814443 1.2419884766982012
6.540593305426102 1.3957973741812464
7.438451286160319 1.3648269681170782
8.022187795719788 1.3777194126393937
19.352105572068727 1.483426116030882
4.700764218669477 1.4871096525809064
12.88678792775989 1.3605267144862772
14.510953794478777 1.40576631568883
24.310317007544754 1.465643940478239
13.388736813790194 1.2155673364305295
3.643235290441254 1.3340302011984397
12.713930972436117 1.4213278054690892
8.669922454359089 1.2746572110410683
13.173634533998392 1.2911374635661703
12.93183226767907 1.5070964383503296
2.2585470625484487 1.1265617394203156
4.819432306280234 1.3266608695888737
8.035752026078121 1.425713905385656
2.6573912813257166 1.3103070352098691
3.529200976114108 1.4558943239233737
16.959981185291053 1.281087347649617
2.2315070338625773 1.2282166673196968
8.329502907744288 1.3410581226771472
7.307114204742978 1.4554582804644716
6.354873245968665 1.071784579781171
20.652316991696573 1.4050699284229191
-0.09211239155629514 1.3622100617686
7.643302837364615 1.3895166427534638
10.316000879533068 1.4029127624846436
6.716564856210317 1.3141191055706667
11.04993313519471 1.3454353010892348
12.10122045278801 1.4888738735687526
9.80115971807987 1.328674521001874
10.539665143876277 1.28072701014434
6.812037443153594 1.2415744495549936
6.654211096770176 1.4164988022753777
19.175448919552792 1.421465301495387
7.311745496351512 1.257860174254464
4.665321279961773 1.4188990393886085
5.632361033921196 1.4861900497954912
24.544966234866383 1.432254254104481
26.596753984351828 1.5011047955261865
12.82941031473017 0.9783897973757822
8.59022519926819 0.9172859847529088
7.472861006796909 1.1156438845598575
