RA_r1_rl
05m14s__50
1e-04
9.999999999998899e-05
0.00030000000000002247
0.0021999999999999797
0.00030000000000002247
9.999999999998899e-05
0.0
0.0
0.00030000000000002247
0.0008000000000000229
0.0008000000000000229
0.0031999999999999806
0.00019999999999997797
0.0009000000000000119
0.0028000000000000247
0.0005999999999999894
0.00030000000000002247
0.005900000000000016
0.0013000000000000234
0.00030000000000002247
0.00040000000000001146
0.0
0.00019999999999997797
0.0
0.0
0.0014000000000000123
0.0
0.0013000000000000234
9.999999999998899e-05
0.0
0.003300000000000025
9.999999999998899e-05
0.005699999999999983
9.999999999998899e-05
0.00019999999999997797
0.0
0.0006999999999999784
0.00030000000000002247
0.003400000000000014
0.0
0.00030000000000002247
0.0009000000000000119
0.0
0.0
0.0
0.00030000000000002247
0.0
0.0
0.00019999999999997797
0.0
0.0
0.0005999999999999894
0.0
0.0
0.0
9.999999999998899e-05
0.0014000000000000123
9.999999999998899e-05
0.0005000000000000004
0.004300000000000026
0.0
0.0009000000000000119
0.0
0.00040000000000001146
9.999999999998899e-05
0.0005999999999999894
0.0039000000000000146
0.00040000000000001146
0.0005999999999999894
0.0015000000000000013
0.0010999999999999899
0.00019999999999997797
0.0
0.00030000000000002247
9.999999999998899e-05
9.999999999998899e-05
0.00040000000000001146
0.0
9.999999999998899e-05
0.00019999999999997797
0.003400000000000014
0.0
9.999999999998899e-05
0.0038000000000000256
0.0006999999999999784
0.0016999999999999793
0.00019999999999997797
9.999999999998899e-05
0.00019999999999997797
0.0015000000000000013
0.0020999999999999908
0.0
0.0014000000000000123
0.0024000000000000132
0.0
0.00019999999999997797
0.0
0.0005000000000000004
0.00019999999999997797
0.0028000000000000247
0.0008000000000000229
