9.999999999998899e-05 9.999499987499087e-05
0.00030000000000002247 0.00017317909804592886
0.0021999999999999797 0.0004685253461660291
0.00030000000000002247 0.00017317909804592886
9.999999999998899e-05 9.999499987499087e-05
0.0 0.0
0.0 0.0
0.00030000000000002247 0.00017317909804592886
0.0008000000000000229 0.0002827295527531614
0.0008000000000000229 0.0002827295527531614
0.0031999999999999806 0.000564779603031128
0.00019999999999997797 0.0001414072133944981
0.0009000000000000119 0.0002998649696113272
0.0028000000000000247 0.0005284089325512974
0.0005999999999999894 0.0002448754785600193
0.00030000000000002247 0.00017317909804592886
0.005900000000000016 0.0007658452846365263
0.0013000000000000234 0.00036032069049667754
0.00030000000000002247 0.00017317909804592886
0.00040000000000001146 0.00019995999599920291
0.0 0.0
0.00019999999999997797 0.0001414072133944981
0.0 0.0
0.0 0.0
0.0014000000000000123 0.0003739037309254906
0.0 0.0
0.0013000000000000234 0.00036032069049667754
9.999999999998899e-05 9.999499987499087e-05
0.0 0.0
0.003300000000000025 0.0005735076285456028
9.999999999998899e-05 9.999499987499087e-05
0.005699999999999983 0.0007528286657666528
9.999999999998899e-05 9.999499987499087e-05
0.00019999999999997797 0.0001414072133944981
0.0 0.0
0.0006999999999999784 0.00026448251359966813
0.00030000000000002247 0.00017317909804592886
0.003400000000000014 0.0005821030836544349
0.0 0.0
0.00030000000000002247 0.00017317909804592886
0.0009000000000000119 0.0002998649696113272
0.0 0.0
0.0 0.0
0.0 0.0
0.00030000000000002247 0.00017317909804592886
0.0 0.0
0.0 0.0
0.00019999999999997797 0.0001414072133944981
0.0 0.0
0.0 0.0
0.0005999999999999894 0.0002448754785600193
0.0 0.0
0.0 0.0
0.0 0.0
9.999999999998899e-05 9.999499987499087e-05
0.0014000000000000123 0.0003739037309254906
9.999999999998899e-05 9.999499987499087e-05
0.0005000000000000004 0.00022355088906108006
0.004300000000000026 0.0006543324842921995
0.0 0.0
0.0009000000000000119 0.0002998649696113272
0.0 0.0
0.00040000000000001146 0.00019995999599920291
9.999999999998899e-05 9.999499987499087e-05
0.0005999999999999894 0.0002448754785600193
0.0039000000000000146 0.0006232808355789569
0.00040000000000001146 0.00019995999599920291
0.0005999999999999894 0.0002448754785600193
0.0015000000000000013 0.0003870077518603461
0.0010999999999999899 0.00033148001448050956
0.00019999999999997797 0.0001414072133944981
0.0 0.0
0.00030000000000002247 0.00017317909804592886
9.999999999998899e-05 9.999499987499087e-05
9.999999999998899e-05 9.999499987499087e-05
0.00040000000000001146 0.00019995999599920291
0.0 0.0
9.999999999998899e-05 9.999499987499087e-05
0.00019999999999997797 0.0001414072133944981
0.003400000000000014 0.0005821030836544349
0.0 0.0
9.999999999998899e-05 9.999499987499087e-05
0.0038000000000000256 0.0006152690468404876
0.0006999999999999784 0.00026448251359966813
0.0016999999999999793 0.00041195994950965487
0.00019999999999997797 0.0001414072133944981
9.999999999998899e-05 9.999499987499087e-05
0.00019999999999997797 0.0001414072133944981
0.0015000000000000013 0.0003870077518603461
0.0020999999999999908 0.00045777614616753247
0.0 0.0
0.0014000000000000123 0.0003739037309254906
0.0024000000000000132 0.0004893097178679389
0.0 0.0
0.00019999999999997797 0.0001414072133944981
0.0 0.0
0.0005000000000000004 0.00022355088906108006
0.00019999999999997797 0.0001414072133944981
0.0028000000000000247 0.0005284089325512974
0.0008000000000000229 0.0002827295527531614
