RA_r1_rl
09m19s__1141
1e-04
0.9188266069068685
0.8934226255465278
0.9169776374432475
0.9169092953026753
0.8934233744981033
0.917002515220635
0.893422322081977
0.916908397907042
0.8934221585983464
0.9169082245889996
0.9054906233435183
0.9166542540533227
0.9190264480378976
0.9169083034278147
0.9171238658915399
0.8934217242819663
0.9169080730637813
0.8934632852653668
0.9054887511315939
0.9169084391247502
0.9179459083376283
0.8934340709941282
0.893428121232105
0.9169346949013265
0.9169633931961679
0.8934337583569683
0.8934315722441211
0.9169366815921415
0.9054901499607706
0.8934225943860115
0.8934296782936201
0.893422712180258
0.8934227994894403
0.8934219077419735
0.8921908352962667
0.9169087940806299
0.8935521781850774
0.8935332107726373
0.9170155635157227
0.8934231786884917
0.9168862542389585
0.8935537689485792
0.9170135193491826
0.8934252820988179
0.9169082067842822
0.8923365406518041
0.9169322388660828
0.8922754661571933
0.9169081080508938
0.9054880357964684
0.8934691183221382
0.8934218690569299
0.9182379187462559
0.8923203076946242
0.9184503789516364
0.9054877903277466
0.893421731958226
0.9170117295401456
0.8934465471009092
0.8934218144204409
0.8934224115313472
0.9169081519479666
0.8934263244397085
0.8932983643098394
0.8935460058307982
0.8934447047665728
0.9170348501816699
0.9054890330751731
0.9054874266641793
0.9169082963286929
0.9169423828974382
0.8934221101514687
0.8934245059384476
0.9169081370015741
0.8923080815080741
0.90548790002547
0.8934221174161859
0.9169080163889689
0.8934305590204304
0.8934719944410379
0.8934223306270261
0.9171335445831931
0.9054916822337475
0.9175091821491529
0.9169083229641364
0.9054901019823502
0.9054883563300498
0.8934223541444067
0.8934236329826442
0.9169602341693986
0.8934220130972621
0.8930021854823462
0.8935240616169859
0.8923211702736371
0.8934387810588321
0.9169095841231558
