No Shot Noise
31/10/2024 18:59:50 

VQEr_100_COBYLA_maxIter_10000_tol_1e-04_RA_r1_rl 

Reference value: 8.8458044387e-01 

Qubits:  4
VQE runs:  100
Optimizer:  COBYLA
Max iterations:  10000
Optimizers's tolerance:  1e-04
Ansatz:  RA_r1_rl 

Only 96 runs out of 100 converged
Number of iterations for each converged VQE run:
[1252, 1132, 935, 618, 788, 639, 726, 431, 443, 494, 682, 894, 1699, 297, 1348, 490, 382, 2098, 2799, 420, 1044, 529, 1101, 448, 916, 1168, 677, 1346, 3139, 631, 787, 1229, 776, 288, 4300, 552, 671, 1205, 802, 714, 1619, 524, 561, 898, 291, 695, 1138, 558, 171, 2373, 923, 492, 1314, 317, 1224, 1424, 455, 652, 733, 315, 539, 360, 548, 2039, 408, 788, 716, 1684, 3388, 458, 1658, 1001, 1193, 331, 6633, 3327, 430, 510, 529, 937, 481, 820, 1588, 1165, 355, 789, 2184, 574, 713, 933, 573, 4336, 490, 8023, 708, 801] 

Average iterations of converged run:
1141 

VQE eigenvalues:
[0.9188266069068685, 0.8934226255465278, 0.9169776374432475, 0.9169092953026753, 0.8934233744981033, 0.917002515220635, 0.893422322081977, 0.916908397907042, 0.8934221585983464, 0.9169082245889996, 0.9054906233435183, 0.9166542540533227, 0.9190264480378976, 0.9169083034278147, 0.9171238658915399, 0.8934217242819663, 0.9169080730637813, 0.8934632852653668, 0.9054887511315939, 0.9169084391247502, 0.9179459083376283, 0.8934340709941282, 0.893428121232105, 0.9169346949013265, 0.9169633931961679, 0.8934337583569683, 0.8934315722441211, 0.9169366815921415, 0.9054901499607706, 0.8934225943860115, 0.8934296782936201, 0.893422712180258, 0.8934227994894403, 0.8934219077419735, 0.8921908352962667, 0.9169087940806299, 0.8935521781850774, 0.8935332107726373, 0.9170155635157227, 0.8934231786884917, 0.9168862542389585, 0.8935537689485792, 0.9170135193491826, 0.8934252820988179, 0.9169082067842822, 0.8923365406518041, 0.9169322388660828, 0.8922754661571933, 0.9169081080508938, 0.9054880357964684, 0.8934691183221382, 0.8934218690569299, 0.9182379187462559, 0.8923203076946242, 0.9184503789516364, 0.9054877903277466, 0.893421731958226, 0.9170117295401456, 0.8934465471009092, 0.8934218144204409, 0.8934224115313472, 0.9169081519479666, 0.8934263244397085, 0.8932983643098394, 0.8935460058307982, 0.8934447047665728, 0.9170348501816699, 0.9054890330751731, 0.9054874266641793, 0.9169082963286929, 0.9169423828974382, 0.8934221101514687, 0.8934245059384476, 0.9169081370015741, 0.8923080815080741, 0.90548790002547, 0.8934221174161859, 0.9169080163889689, 0.8934305590204304, 0.8934719944410379, 0.8934223306270261, 0.9171335445831931, 0.9054916822337475, 0.9175091821491529, 0.9169083229641364, 0.9054901019823502, 0.9054883563300498, 0.8934223541444067, 0.8934236329826442, 0.9169602341693986, 0.8934220130972621, 0.8930021854823462, 0.8935240616169859, 0.8923211702736371, 0.8934387810588321, 0.9169095841231558] 

Median VQE eigenvalues:
0.8995205978063792 

Min eigenvalue after 100 VQE steps on Aer qasm simulator: 8.92191e-01
Delta from reference energy value is 7.61039e-03 

Optimizer history of the smallest VQE eigenvalue:
[52.402193150262455, 39.694480867714425, 25.891433153900685, 23.952600654363966, 24.04903403153098, 28.986545169502214, 32.639538021630656, 12.794738452015105, 12.348643048672567, 6.07208464558217, 6.9331622030052324, 7.533974501861425, 6.866932735529445, 5.174123598304688, 5.754695031551107, 5.449943491094354, 6.267512029610812, 6.758187724982757, 5.080355024867608, 5.273116942555021, 5.213570370520317, 5.910903547554828, 4.838401110654411, 4.24121039832106, 5.192141822982187, 4.66644154657136, 4.396095221542869, 4.256908501718225, 4.850146667934431, 4.970699382893088, 4.091897297744349, 3.6912032526689487, 3.6275607273561348, 3.2801654311422963, 3.416672627671353, 3.7856128674935987, 2.7668611451852088, 4.349683872453783, 3.096106477192183, 3.2551042568168116, 2.813428031405069, 3.55637683471902, 2.697176629921915, 2.746729508030268, 3.1466015567771133, 2.7350820189785154, 2.39880432007642, 2.191547543119689, 1.9699397088352129, 1.9347221078628163, 1.7603261077482522, 1.7443285279656822, 1.8343225718125973, 1.7602240760995727, 1.7398387437792897, 1.3311201420534655, 1.336763375085119, 1.1872509960939384, 1.5094492068194756, 1.1738785141893995, 1.1801164956394623, 1.230555908291709, 1.1571283572718416, 1.1530545443840494, 1.1964940559789894, 1.2276086977173173, 1.136473764009947, 1.1511282681082318, 1.124335571186717, 1.176116429582943, 1.1618060843218019, 1.11034422806744, 1.1557909309080914, 1.0953936635623944, 1.085576025469616, 1.0806036519155293, 1.0605677334089605, 1.0653536700253612, 1.0802933793618874, 1.064299563127299, 1.0612300479544603, 1.0656120544800116, 1.0641074958168053, 1.0601742956390086, 1.0585376328839615, 1.0597022233206428, 1.060874858681728, 1.0585124361010516, 1.057795485884819, 1.064006972411181, 1.0562679971785993, 1.0564431888145487, 1.0562605814831176, 1.0556174912288963, 1.0552819965473947, 1.056848419111909, 1.0534593722467271, 1.0539829145428972, 1.0542540251353316, 1.053304685187491, 1.053774791889768, 1.053845158381843, 1.0535963912429545, 1.05296116090509, 1.0531530819191972, 1.0531747725028398, 1.0533127914703493, 1.0530856913817574, 1.0527316157525188, 1.0530213872949412, 1.053194175108489, 1.0523653145302572, 1.0526322965152966, 1.0523622300621769, 1.0521493653441398, 1.0521780336506605, 1.0520744658158017, 1.0521736763142504, 1.0520087678436303, 1.0520129702927794, 1.0519959737353342, 1.052051948447787, 1.051963089073063, 1.0520321333327054, 1.0519552921726114, 1.0519576335599652, 1.0519564429612391, 1.0519624426768543, 1.0519620845081323, 1.0520969276813745, 1.051946065401911, 1.0519614173213416, 1.0519316529197102, 1.051935680046233, 1.0519425478239435, 1.0519376494891859, 1.051950502910416, 1.0519294901543152, 1.0519350626388517, 1.0519380519792123, 1.0519279743683727, 1.0519205397572173, 1.0519513245910461, 1.051919858978692, 1.0519227169461545, 1.0519195072955632, 1.0519279497864409, 1.05191363805424, 1.0519056964310889, 1.0519081018215757, 1.0519055783858056, 1.0518937238779305, 1.051886113284334, 1.0518827794069852, 1.0518820506765203, 1.0518836901485848, 1.051872363007139, 1.0518612152930182, 1.051853956889786, 1.0518504124988812, 1.0518476797189724, 1.0518546247553635, 1.0518471137282634, 1.0518528177857691, 1.0518428269561095, 1.0518354155343372, 1.0518297606321514, 1.0518317339527976, 1.0518337607002821, 1.0518264424546375, 1.0518271601126323, 1.0518254788456254, 1.0518324012456117, 1.0518236739805185, 1.0518178990190277, 1.0518234658664904, 1.0518160379054764, 1.0518122270746002, 1.051818608045018, 1.051814643333557, 1.051807117578858, 1.0518097758476643, 1.051806939843762, 1.0518137427334087, 1.0518053409814854, 1.0518021922442475, 1.0518023322527659, 1.051799045596852, 1.0517972015783916, 1.05179984571977, 1.0517961057030867, 1.051791845937367, 1.0517914595116205, 1.0517907582358683, 1.051790731477522, 1.0517916805655472, 1.0517869940838709, 1.0517830158399708, 1.051783186433971, 1.0517830024430055, 1.0517793002632205, 1.0517763096908004, 1.0517741242207528, 1.051771699939722, 1.0517709799235082, 1.051770771823349, 1.0517667340617147, 1.0517627901865187, 1.0517593770612623, 1.0517557033529716, 1.0517535405337284, 1.05174990206259, 1.051746627665971, 1.0517465724487094, 1.0517469509860626, 1.0517420837486904, 1.0517378555212051, 1.0517346910153913, 1.051731616517483, 1.0517300234896234, 1.0517313798502614, 1.0517290918216484, 1.0517273632400432, 1.0517255033538342, 1.0517220733417039, 1.0517189587200508, 1.0517170259073783, 1.0517145253944142, 1.0517144627586072, 1.051712244146442, 1.0517072981585194, 1.0517050529107563, 1.0517010286925503, 1.0516973651091774, 1.0516952147809506, 1.0516962108092345, 1.051694176274488, 1.05169313728008, 1.0516885144113102, 1.0516843011398747, 1.0516798672385135, 1.051675710176562, 1.051671167112458, 1.0516665263080145, 1.0516615856676426, 1.051656643687007, 1.0516516892371512, 1.0516467229471278, 1.0516417513275615, 1.051636774641994, 1.0516317958888237, 1.0516268127789212, 1.0516218305935434, 1.0516168406355073, 1.051611862602552, 1.051606856743148, 1.051601963457604, 1.0515969170966442, 1.0515920795654317, 1.0515870702573746, 1.0515820859094005, 1.0515770913170768, 1.0515721006503838, 1.051567111780346, 1.0515621279707916, 1.0515571451665906, 1.0515521595035664, 1.0515471428887393, 1.0515423172149878, 1.0515381737562455, 1.0515349729503924, 1.0515352227926547, 1.0515386079234343, 1.0515276194053573, 1.0515188242325015, 1.0515131434849392, 1.0515099767519087, 1.0515059509200628, 1.051500742559335, 1.0514995698022982, 1.0515005903903194, 1.0514989258530387, 1.051501652555206, 1.0514920771169507, 1.0514865188355675, 1.0514826839443756, 1.051477282805079, 1.0514708160620962, 1.051465208970842, 1.0514592511988639, 1.0514537530781076, 1.0514498337240745, 1.051445052910542, 1.0514451551521231, 1.051446019096222, 1.0514387302291117, 1.0514334063962087, 1.051427152815616, 1.0514207199486143, 1.0514147711450923, 1.0514109746716178, 1.0514057097615408, 1.0513999747203961, 1.0513987571894547, 1.0513917807087536, 1.0513847464847375, 1.0513779465265516, 1.0513715271409074, 1.0513655222564031, 1.0513595476550446, 1.0513522636925632, 1.051344839608177, 1.0513373228009744, 1.051329833622503, 1.0513227608011244, 1.051315314500356, 1.0513078336851978, 1.051300195271693, 1.0512925432737317, 1.0512848807370139, 1.0512772070851253, 1.0512695232951825, 1.0512618308569368, 1.0512541313209904, 1.05124642613128, 1.051238716535776, 1.0512310035560493, 1.0512232879966148, 1.0512155704753479, 1.0512078514594565, 1.0512001312997246, 1.0511924102587547, 1.0511846885338465, 1.051176966273078, 1.051169243590143, 1.0511615205680103, 1.0511537972822007, 1.0511460737512812, 1.0511383501433644, 1.0511306259351616, 1.0511229038252619, 1.0511151700177412, 1.0511075152898333, 1.0510995947192676, 1.0510918319670215, 1.0510839885289676, 1.0510761749372528, 1.0510683754987942, 1.051060585268944, 1.0510528000710269, 1.051045018778813, 1.0510372389994576, 1.0510294626465284, 1.051021682103965, 1.0510139237566323, 1.051006096919419, 1.051001276266279, 1.05099548773719, 1.0509935638105512, 1.0509849690954842, 1.0509813232910963, 1.0509652117265345, 1.0509508010444049, 1.0509391677492717, 1.050929581626496, 1.0509242489866681, 1.050915588901301, 1.0509062326724907, 1.050900477789204, 1.0508923344745618, 1.0508838547276946, 1.0508752543349247, 1.0508699648761715, 1.050864997080713, 1.0508619006431204, 1.0508515731569772, 1.0508413912482792, 1.050833960837902, 1.0508239929609378, 1.0508136612715955, 1.0508030433924904, 1.0507922321030707, 1.0507816204318072, 1.0507716965378833, 1.0507616320142565, 1.0507512877671568, 1.0507414101754913, 1.0507325939269148, 1.0507235084224837, 1.050714366384524, 1.05070505180119, 1.0506952686458688, 1.0506856024379094, 1.0506760113064584, 1.0506681330195347, 1.0506606995860848, 1.0506514930503232, 1.0506435182819702, 1.0506320632640462, 1.0506201265012842, 1.0506086114694309, 1.0505974774051163, 1.0505873415641762, 1.0505779157645954, 1.050566656530297, 1.0505551329789513, 1.050543996189525, 1.0505338729311686, 1.0505221707222694, 1.0505101234771703, 1.050498064507357, 1.0504859924217158, 1.0504739079718795, 1.0504618154567706, 1.0504497169181772, 1.0504376138141907, 1.050425507195213, 1.050413397883782, 1.050401286455124, 1.0503891734215947, 1.0503770590290475, 1.0503649437875133, 1.0503528272698648, 1.0503407115390175, 1.0503285903756183, 1.05031648886611, 1.0503043160408658, 1.0502936471901554, 1.0502824210288235, 1.0502698206373602, 1.05025733086248, 1.0502449244012335, 1.050232637250308, 1.0502215324962672, 1.0502091458218685, 1.0501967862505965, 1.050184450408051, 1.0501721420037797, 1.0501598747589789, 1.0501477508540822, 1.0501357744204276, 1.0501233088826472, 1.0501107871797108, 1.0500982402577443, 1.0500856905105294, 1.0500731388128703, 1.0500605857303122, 1.0500480317580971, 1.0500354772606435, 1.0500229224614301, 1.0500103674864574, 1.0499978124078129, 1.0499852572676363, 1.0499727020913898, 1.0499601468946287, 1.049947591687421, 1.0499350364758053, 1.0499224812646337, 1.0499099260546685, 1.0498973708540633, 1.0498848156402072, 1.0498722605154065, 1.0498597049920775, 1.049847151750433, 1.0498345859166325, 1.0498222255547123, 1.0498095732661605, 1.049796933966555, 1.0497843009411216, 1.049771674769274, 1.049759053778448, 1.049746436886214, 1.0497338232049853, 1.0497212120520032, 1.0497086028955658, 1.049695995324849, 1.0496833890215738, 1.049670783738934, 1.0496581792847075, 1.049645575508495, 1.0496329722919084, 1.0496203695411217, 1.0496077671813706, 1.049595165152499, 1.049582563406023, 1.0495699619021837, 1.0495573606088233, 1.049544759498618, 1.0495321585504256, 1.0495195577431704, 1.049506957067228, 1.0494943564936734, 1.0494817560552796, 1.0494691556103708, 1.0494565555748125, 1.049443954499967, 1.0494313577285568, 1.0494187460820272, 1.049406237965561, 1.04939356166144, 1.049380927453573, 1.0493682816719292, 1.0493556477038777, 1.049343020101765, 1.0493303977201842, 1.0493177789639345, 1.0493051629406742, 1.049292548897997, 1.0492799363576308, 1.0492673249299502, 1.049254714372147, 1.049242104462372, 1.0492294950957557, 1.0492168860993267, 1.0492042775208044, 1.049191669005822, 1.0491790612729772, 1.0491664520709338, 1.0491538495000174, 1.0491412302442236, 1.0491291901387867, 1.049116719212928, 1.04910293829135, 1.0490888236082543, 1.049075084617157, 1.0490645941853323, 1.0490503326362413, 1.0490361739235106, 1.0490222176532407, 1.0490085761585128, 1.0489969354448794, 1.048983069114642, 1.0489693026516502, 1.0489556597979968, 1.048942181304211, 1.0489298881036628, 1.0489163683808216, 1.048902932390119, 1.04888957857045, 1.0488763361992541, 1.0488631202395737, 1.0488499143830143, 1.0488367588094014, 1.0488236264959816, 1.0488105143343571, 1.0487974142283492, 1.048784386375837, 1.0487713151864, 1.0487582618715616, 1.0487452094330763, 1.0487321649044488, 1.0487191283868285, 1.0487060986356875, 1.0486930730671373, 1.0486800511470982, 1.0486670350149139, 1.0486540212200084, 1.04864101060964, 1.0486280002675175, 1.0486149943907794, 1.0486019889256957, 1.0485889848952328, 1.0485759776332204, 1.0485629735217896, 1.0485499768286872, 1.0485369657085362, 1.0485239608443762, 1.048510965972836, 1.0484979381065715, 1.0484849211569114, 1.0484719200732868, 1.0484588455677397, 1.0484457810097585, 1.0484327335559822, 1.0484198122631225, 1.0484066901588436, 1.0483935959526447, 1.0483805209813943, 1.0483675011542126, 1.048354507992405, 1.048341445567386, 1.0483283962097873, 1.048315359895349, 1.048302363197244, 1.0482893318984676, 1.048276303630419, 1.048263277858127, 1.0482502470842006, 1.0482372199919838, 1.048224224667895, 1.0482111749352054, 1.0481981301483478, 1.0481850907983394, 1.0481720704770563, 1.0481592285714725, 1.0481461775714414, 1.0481331475110418, 1.0481200858289321, 1.0481070530306087, 1.0480940618592915, 1.0480809899330759, 1.0480679472741963, 1.0480549066666693, 1.0480419110114005, 1.0480288962070392, 1.0480158643773367, 1.0480028978205416, 1.0479898845500237, 1.0479768567390542, 1.0479638799278663, 1.0479509042812807, 1.0479378830320876, 1.047924928633352, 1.047911949291, 1.047898932850996, 1.047885988099867, 1.047873014617499, 1.0478600035269061, 1.0478470753760514, 1.0478340953797547, 1.0478210888317008, 1.0478081804055412, 1.0477951915772374, 1.0477821877132412, 1.0477692926437434, 1.0477562983280226, 1.0477432955053954, 1.047730400356265, 1.047717403968846, 1.047704401665441, 1.0476915022042963, 1.0476785047246477, 1.0476655028497657, 1.0476526026213318, 1.0476396033691633, 1.047626601495619, 1.0476136998691803, 1.0476006987722042, 1.0475876964535473, 1.04757478879246, 1.0475617864798386, 1.0475487836598638, 1.0475358698385377, 1.0475228665197789, 1.0475098632229871, 1.0474969454445353, 1.0474839409930796, 1.047470937105061, 1.0474580145177061, 1.047445009089073, 1.0474320045799292, 1.0474190764006694, 1.0474060702163333, 1.0473930651620316, 1.04738013288171, 1.0473671259698287, 1.047354120382448, 1.0473411842160498, 1.0473281766649052, 1.0473151705696162, 1.047302230350862, 1.0472892222925962, 1.0472762157605529, 1.047263272552047, 1.0472502640325978, 1.0472372570955204, 1.0472243109292667, 1.0472113020366374, 1.0471982947485419, 1.047185346142693, 1.0471723369389565, 1.0471593293460941, 1.0471463787194337, 1.0471333692584675, 1.0471203614017024, 1.0471074089821268, 1.0470943993206538, 1.047081391245775, 1.0470684376020591, 1.047055427772869, 1.0470424195084078, 1.0470294644891762, 1.0470164545506906, 1.0470034461482642, 1.046990491080916, 1.046977481020046, 1.0469644724688087, 1.0469515148870672, 1.0469385048480446, 1.0469254962850651, 1.0469125448041705, 1.0468995344681113, 1.0468865255795239, 1.0468735548570693, 1.0468605453145754, 1.04684753718014, 1.0468347233915962, 1.0468244866408174, 1.046772287327495, 1.0467125114542803, 1.0466530735215274, 1.0465952112066939, 1.0465468965617255, 1.0464948315366647, 1.0464412565925056, 1.0463886145871826, 1.0463368141382643, 1.0462931577430037, 1.0462487785560184, 1.046202079846477, 1.0461552115823454, 1.046110403515334, 1.0460781390353806, 1.0460744660154178, 1.046084038384411, 1.0460221604565274, 1.0459696022225116, 1.0459167560251523, 1.0458655360918354, 1.0458160756470891, 1.0457683081812779, 1.0457185068910404, 1.0456820122490482, 1.0456429847896638, 1.045615950645508, 1.0456054416192806, 1.0456025337521158, 1.045554077493362, 1.0455057813272974, 1.0454653948526782, 1.0454177482201683, 1.0453735529638704, 1.0453268637163715, 1.0452810604111415, 1.0452370731436031, 1.0451950074633825, 1.0451620709352933, 1.0451209319872996, 1.0450836097033471, 1.045047354625835, 1.0450232401927424, 1.0449821443247989, 1.0449400679668566, 1.0448975239939162, 1.0448568723390097, 1.0448176175895931, 1.0447800259647466, 1.044749204509537, 1.0447107407757612, 1.04467430515763, 1.0446402009818827, 1.0446021709502402, 1.0445641279641336, 1.0445264978247393, 1.0444893174445395, 1.0444560216805856, 1.0444209296821558, 1.0443841135443888, 1.044353744524154, 1.0443193867347431, 1.0442874876438424, 1.0442552157264746, 1.0442207464776425, 1.0441846337637282, 1.044150572448178, 1.044118064417758, 1.0440841730353128, 1.0440499777154413, 1.0440168073975578, 1.0439832692687017, 1.0439537767923175, 1.0439207104673058, 1.0438900928101085, 1.0438613991565178, 1.0438270861936838, 1.0437954700175012, 1.0437626566130744, 1.0437317708034564, 1.0436987728047968, 1.0436674109009545, 1.043636037144663, 1.0436033985484692, 1.0435708225981928, 1.0435391248844863, 1.04350795433839, 1.043477005224365, 1.043449891685581, 1.0434224873851656, 1.0433904273150074, 1.0433573367674984, 1.0433247634922838, 1.0432920163386958, 1.0432593790739897, 1.0432280167355568, 1.043196286163729, 1.0431644144951362, 1.0431340632017165, 1.04310504150448, 1.0430747096199897, 1.0430421163629902, 1.043009618904673, 1.0429782680215722, 1.0429464238329, 1.0429146602327029, 1.042883811278639, 1.042854398001793, 1.0428234825083613, 1.0427955218300575, 1.0427626127278307, 1.0427297228672359, 1.0426968568450312, 1.0426640131110685, 1.0426312004421672, 1.0425984622565723, 1.0425663164817542, 1.0425332708155914, 1.0425002489474706, 1.0424672046418526, 1.04243417110119, 1.0424011052296887, 1.0423681528532522, 1.0423350018622761, 1.0423019529448292, 1.0422687823237706, 1.0422355745278606, 1.042202432037751, 1.0421691924332515, 1.0421359938892558, 1.0421027552434075, 1.0420695602035623, 1.0420362857948184, 1.0420031120416648, 1.0419698879242822, 1.0419365492887842, 1.0419034521793011, 1.0418703409404708, 1.0418368502501494, 1.0418043168012074, 1.041771649717878, 1.041737939747976, 1.0417044997063314, 1.0416708367280545, 1.041637189565032, 1.0416035426135577, 1.0415698996503182, 1.041536261036023, 1.041502627414016, 1.0414690001115086, 1.041435382526494, 1.0414017884683076, 1.0413685716492849, 1.0413348477776068, 1.041301210080371, 1.0412675494965922, 1.0412338799691083, 1.0412002005709837, 1.0411665088132294, 1.0411328021271395, 1.0410990803368863, 1.0410653469701923, 1.041031607897629, 1.0409978697465885, 1.040964140495523, 1.040930434920562, 1.0408968119425417, 1.0408675426983889, 1.0408332989167275, 1.0407998190778311, 1.040765570077489, 1.0407318034063155, 1.0406978873881583, 1.0406640811835144, 1.0406308879864274, 1.040597024436959, 1.040562316022833, 1.0405273924427323, 1.0404925226811532, 1.040457729416205, 1.040423076421305, 1.0403893119024736, 1.040354603123346, 1.0403196885374857, 1.0402848080729736, 1.040249980735784, 1.0402152575306445, 1.0401804232191365, 1.0401456153332174, 1.040110883107238, 1.0400765938014325, 1.0400418510356606, 1.0400071214502358, 1.0399724101576837, 1.0399377117792137, 1.0399030390336712, 1.0398684457982639, 1.0398338426643459, 1.0397992817654689, 1.0397647465886697, 1.039730223978031, 1.03969573728433, 1.0396612564143568, 1.0396267968778876, 1.0395923636374138, 1.039557918379638, 1.0395235432873864, 1.0394891066842131, 1.0394548048127388, 1.0394203749639197, 1.039386159262593, 1.0393517357576683, 1.0393176002182076, 1.0392831831581573, 1.0392490907007903, 1.0392146804326678, 1.03918058202669, 1.0391461791163792, 1.0391120443107036, 1.039077649452812, 1.0390434715833048, 1.0390090854227296, 1.038974870476185, 1.038940493401569, 1.0389062507640443, 1.038871882709731, 1.0388376211605113, 1.0388032614638827, 1.0387689881343292, 1.0387346355154499, 1.0387003559551524, 1.038666008663588, 1.0386317271769028, 1.0385973832785598, 1.0385631032302307, 1.0385287609330283, 1.0384944849267543, 1.0384601428286704, 1.0384258727328934, 1.0383915299298037, 1.0383572667633576, 1.038322922827796, 1.0382886665676228, 1.0382543214519406, 1.0382200708925604, 1.0381857248111495, 1.0381514776416156, 1.0381171309662325, 1.0380828841673724, 1.0380485373465225, 1.0380142878321177, 1.037979941331019, 1.0379456865890946, 1.0379113408420726, 1.0378770793286831, 1.037842734697296, 1.0378084658980817, 1.0377741226338313, 1.037739846880202, 1.0377055050951076, 1.037671223283602, 1.037636882935833, 1.037602596263684, 1.037568257164893, 1.0375339669307222, 1.0374996287776606, 1.0374653362497401, 1.037430998675845, 1.037396705009305, 1.037362367645186, 1.0373280738278001, 1.0372937363568329, 1.0372594431671367, 1.0372251053649508, 1.0371908133363281, 1.037156475089076, 1.0371221844817837, 1.0370878457850112, 1.0370535565757983, 1.0370192175192126, 1.0369849294208504, 1.0369505901658644, 1.0369163026845454, 1.0368819634395705, 1.0368476759665217, 1.0368133369632915, 1.0367790488836905, 1.0367447103557357, 1.0367104211502642, 1.036676083313963, 1.0366417926310059, 1.0366074556693574, 1.0365731633572424, 1.0365388274070233, 1.036504533508796, 1.036470198652315, 1.0364359033742352, 1.0364015696368087, 1.0363672733040747, 1.0363329406580863, 1.0362986436677157, 1.0362643120433623, 1.036230014820827, 1.0361956841218574, 1.0361613870838946, 1.036127057205952, 1.0360927607297905, 1.036058431578188, 1.0360241359768518, 1.035989807481146, 1.0359555129849967, 1.0359211851084937, 1.0358868918539659, 1.0358525645976544, 1.0358182726243326, 1.0357839460257452, 1.035749655283527, 1.0357153294115784, 1.0356810397776461, 1.0356467147249884, 1.0356124260291404, 1.0355781019029675, 1.0355438139575508, 1.0355094908701086, 1.035475203499977, 1.0354408815593572, 1.0354065946269695, 1.0353722739288886, 1.0353379873514532, 1.0353036679725722, 1.0352693817296768, 1.035235063723146, 1.0352007778556687, 1.0351664612490485, 1.0351321758510725, 1.0350978606472014, 1.0350635758533029, 1.0350292620338282, 1.0349949780039873, 1.0349606655350923, 1.0349263824391244, 1.0348920712787901, 1.0348577892815398, 1.034823479387155, 1.034789198635535, 1.0347548899709642, 1.0347206105834987, 1.0346863031247069, 1.0346520251844993, 1.0346177189230628, 1.034583442474332, 1.034549137418933, 1.034514862467721, 1.0344805586433925, 1.0344462851621228, 1.0344119826079081, 1.0343777105433154, 1.0343434093085626, 1.0343091385920833, 1.034274838732019, 1.034240569291175, 1.0342062708621038, 1.0341720026312586, 1.034137705686034, 1.0341034386152876, 1.034069143199462, 1.0340348772609729, 1.0340005834096628, 1.0339663186005543, 1.0339320263367495, 1.0338977626790422, 1.0338634720130353, 1.0338292095507877, 1.033794920481186, 1.033760659275458, 1.0337263717912182, 1.0336921119139808, 1.0336578259974596, 1.0336235675247638, 1.033589283155315, 1.0335550261607005, 1.0335207433181886, 1.033486487866884, 1.033452206535021, 1.0334179526791976, 1.033383672848095, 1.0333494206239202, 1.0333151422916516, 1.0332808917179397, 1.0332466148912365, 1.0332123659700991, 1.0331780906638304, 1.0331438433829094, 1.033109569618903, 1.033075323955092, 1.0330410517601365, 1.0330068076840693, 1.0329725370876746, 1.0329382945685235, 1.0329040256004431, 1.0328697846105515, 1.0328355172984631, 1.0328012778172433, 1.0327670121847552, 1.0327327742013894, 1.0326985102665986, 1.0326642737813359, 1.0326300115560636, 1.0325957765804827, 1.0325615160700787, 1.0325272826258358, 1.032493023829789, 1.0324587919464774, 1.0324245348595997, 1.0323903045719844, 1.032356049185906, 1.032321820530785, 1.0322875668358191, 1.0322533398489717, 1.0322190878358386, 1.032184862549266, 1.0321506122107218, 1.0321163886504274, 1.0320821399825735, 1.0320479181670459, 1.0320136711701178, 1.0319794511098253, 1.0319452057884608, 1.0319109874861712, 1.0318767438491572, 1.0318425273008354, 1.0318082853606023, 1.031774070557094, 1.0317398303286094, 1.031705617257784, 1.0316713787574303, 1.0316371674063505, 1.0316029306506092, 1.0315687210076583, 1.0315344860119424, 1.0315002780685918, 1.0314660448462396, 1.031431838598432, 1.031397607159923, 1.0313634026087763, 1.031329172961333, 1.031294970113238, 1.031260742260806, 1.0312265411269717, 1.0311923150705118, 1.0311581156660585, 1.031123891404084, 1.0310896937467542, 1.0310554712761664, 1.0310212753848662, 1.0309870547018223, 1.030952860595158, 1.0309186416959661, 1.0308844493909632, 1.030850232272939, 1.030816041783809, 1.0307818264459323, 1.03074763778346, 1.0307134242267673, 1.0306792373978808, 1.0306450256256945, 1.0306108406336245, 1.030576630651406, 1.0305424474960618, 1.0305082393111187, 1.0304740579899196, 1.0304398516109188, 1.030405672119684, 1.0303714675561029, 1.0303372898900347, 1.0303030871514527, 1.0302689113062478, 1.0302347104017715, 1.0302005363744513, 1.0301663373121446, 1.0301321651016693, 1.0300979678882656, 1.0300637974960032, 1.0300296021365027, 1.0299954335663364, 1.029961240064156, 1.0299270733223274, 1.0298928816792507, 1.02985871677394, 1.0298245269904998, 1.0297903639312458, 1.0297561760071046, 1.0297220148042119, 1.0296878287385414, 1.029653669402248, 1.0296194851942402, 1.0295853277341511, 1.0295511453834583, 1.0295169898080045, 1.029482809314999, 1.0294486556309888, 1.0294144769970426, 1.0293803252095324, 1.0293461484371687, 1.0293119985493535, 1.0292778236421856, 1.029243675655632, 1.0292095026182424, 1.0291753565332165, 1.0291411853708883, 1.0291070411867618, 1.0290728719053026, 1.0290387296210182, 1.0290045622262878, 1.0289704218408955, 1.0289362563386375, 1.0289021178516493, 1.0288679542470998, 1.0288338176589398, 1.028799655956691, 1.0287655212688291, 1.028731361472643, 1.0286972286877358, 1.0286630708005438, 1.0286289399223703, 1.028594783946302, 1.0285606549796547, 1.028526500916151, 1.0284923738664984, 1.0284582217164888, 1.028424096589777, 1.0283899463539143, 1.0283558231561367, 1.0283216748350152, 1.0282875535719775, 1.0282534071662912, 1.0282192878432923, 1.0281851433541394, 1.028151025975703, 1.0281168834046197, 1.0280827679744744, 1.0280486273234963, 1.0280145138445376, 1.0279803751162782, 1.0279462635905077, 1.0279121267880817, 1.0278780172168382, 1.027843882343727, 1.0278097747278847, 1.0277756417878303, 1.027741536127963, 1.0277074051248298, 1.0276733014214319, 1.0276391723590173, 1.0276050706127895, 1.027570943494733, 1.0275368437066248, 1.0275027185362495, 1.027468620707759, 1.0274344974879723, 1.027400401621119, 1.0273662803544263, 1.0273321864517584, 1.027298067140264, 1.0272639752047827, 1.0272298578502173, 1.027195767885326, 1.027161652489166, 1.0271275644985134, 1.0270934510619956, 1.0270593650493487, 1.0270252535736404, 1.0269911695426777, 1.026957060029012, 1.0269229779832363, 1.0268888704329286, 1.0268547903755216, 1.0268206847901218, 1.0267866067238394, 1.0267525031051223, 1.026718427032363, 1.0266843253823503, 1.0266502513051021, 1.026616151626086, 1.0265820795459581, 1.0265479818403798, 1.0265139117587254, 1.0264798160292337, 1.0264457479471918, 1.0264116541964796, 1.0263775881151083, 1.0263434963458828, 1.0263094322662425, 1.0262753424811502, 1.0262412804044447, 1.026207192605979, 1.0261731325335754, 1.0261390467240592, 1.0261049886575888, 1.0260709048391365, 1.0260368487804359, 1.0260027669549643, 1.0259687129061144, 1.025934633075321, 1.0259005810386057, 1.025866503204034, 1.0258324531818754, 1.0257983773449708, 1.0257643293398118, 1.0257302555019392, 1.025696209516298, 1.0256621376788113, 1.025628093715034, 1.0255940238793262, 1.0255599819396868, 1.0255259141072397, 1.025491874193828, 1.0254578083661803, 1.025423770480908, 1.0253897066597355, 1.0253556708043288, 1.0253216089914108, 1.025287575167382, 1.0252535153645768, 1.0252194835732993, 1.0251854257826016, 1.0251513960252863, 1.0251173402487062, 1.0250833125265146, 1.0250492587660767, 1.0250152330801519, 1.0249811813378573, 1.0249471576893634, 1.024913107967171, 1.0248790863573303, 1.0248450386570942, 1.0248110190872148, 1.0247769734106829, 1.0247429558822019, 1.0247089122310575, 1.0246748967454542, 1.0246408551212556, 1.0246068416801395, 1.0245728020843565, 1.0245387906894088, 1.0245047531234195, 1.0244707437763458, 1.0244367082415227, 1.0244027009440497, 1.0243686674416912, 1.024334662195506, 1.0243006307269402, 1.0242666275336845, 1.0242325981002378, 1.02419859696147, 1.0241645695645436, 1.0241305704817163, 1.0240965451226984, 1.0240625480972225, 1.0240285247775853, 1.02399452981072, 1.023960508531955, 1.023926515624906, 1.0238924963885636, 1.0238585055424114, 1.023824488350081, 1.0237904995658853, 1.0237564844191573, 1.023722497697926, 1.023688484598365, 1.023654499941116, 1.0236204888902765, 1.0235865062980563, 1.0235524972974408, 1.0235185167713061, 1.0234845098223568, 1.0234505313633966, 1.0234165264675494, 1.0233825500768576, 1.0233485472354809, 1.023314572914245, 1.0232805721286449, 1.0232465998780262, 1.023212601149445, 1.0231786309706625, 1.0231446343003592, 1.023110666194635, 1.0230766715837858, 1.0230427055522917, 1.0230087130021057, 1.0229747490460357, 1.0229407585577162, 1.0229067966781973, 1.0228728082529237, 1.0228388484510478, 1.0228048620900427, 1.0227709043668531, 1.0227369200713345, 1.0227029644278358, 1.022668982199046, 1.0226350286361965, 1.0226010484753456, 1.0225670969940537, 1.0225331189024327, 1.0224991695035563, 1.0224651934824365, 1.0224312461667908, 1.022397272217417, 1.0223633269858323, 1.0223293551094768, 1.022295411962734, 1.0222614421606324, 1.022227501099544, 1.0221935333729166, 1.0221595943982698, 1.0221256287482854, 1.0220916918609122, 1.0220577282887517, 1.0220237934894558, 1.0219898319962517, 1.021955899285849, 1.0219219398726902, 1.0218880092520548, 1.021854051919997, 1.021820123389961, 1.0217861681400802, 1.021752241701471, 1.0217182885347906, 1.02168436418843, 1.0216504131059876, 1.0216164908526653, 1.0215825418555, 1.0215486216959906, 1.0215146747850985, 1.0214807567201503, 1.0214468118965836, 1.0214128959268842, 1.021378953191686, 1.0213450393179433, 1.0213110986721177, 1.0212771868949932, 1.0212432483395633, 1.0212093386596983, 1.0211754021957151, 1.021141494613701, 1.0211075602421757, 1.0210736547586232, 1.0210397224805776, 1.0210058190960116, 1.0209718889124824, 1.0209379876275044, 1.0209040595394707, 1.0208701603546175, 1.020836234363074, 1.0208023372788786, 1.0207684133848043, 1.0207345184018342, 1.020700596606146, 1.0206667037249473, 1.0206327840286018, 1.020598893249712, 1.0205649756536017, 1.0205310869775508, 1.0204971714825921, 1.0204632849099216, 1.0204293715169965, 1.020395487048196, 1.0203615757581954, 1.0203276933937766, 1.0202937842075765, 1.020259903948025, 1.0202259968664578, 1.0201921187122607, 1.0201582137361975, 1.0201243376878053, 1.0200904348180846, 1.0200565608759609, 1.0200226601134226, 1.0199887882779664, 1.0199548896234767, 1.0199210198950561, 1.0198871233494569, 1.0198532557284712, 1.0198193612925974, 1.0197854957794041, 1.0197516034540788, 1.0197177400490363, 1.0196838498350715, 1.0196499885385115, 1.0196161004367443, 1.0195822412489712, 1.0195483552602118, 1.0195144981815236, 1.0194806143065853, 1.019446759337285, 1.019412877576934, 1.0193790247173162, 1.0193451450723503, 1.019311294322671, 1.0192774167938667, 1.019243568154414, 1.0192096927424805, 1.0191758462135527, 1.0191419729192626, 1.019108128501099, 1.0190742573251723, 1.0190404150180226, 1.0190065459611581, 1.0189727057652895, 1.0189388388282274, 1.0189050007438294, 1.0188711359272635, 1.0188372999545476, 1.0188034372592012, 1.0187696033983697, 1.0187357428249306, 1.0187019110761575, 1.0186680526253327, 1.0186342229887688, 1.0186003666612244, 1.018566539137051, 1.018532684933488, 1.0184988595218245, 1.0184650074428938, 1.0184311841438902, 1.018397334190267, 1.0183635130040043, 1.0183296651763585, 1.0182958461029439, 1.0182620004019456, 1.0182281834414644, 1.0181943398677467, 1.0181605250202903, 1.0181266835745035, 1.0180928708401087, 1.0180590315228846, 1.0180252209016296, 1.0179913837136074, 1.0179575752055088, 1.0179237401472916, 1.017889933752409, 1.0178561008246323, 1.0178222965429666, 1.0177884657462017, 1.017754663577794, 1.0177208349126552, 1.0176870348575013, 1.0176532083245788, 1.0176194103826504, 1.0175855859825378, 1.0175517901538336, 1.01751796788707, 1.0174841741715674, 1.0174503540387618, 1.01741656243641, 1.0173827444380914, 1.0173489549488535, 1.017315139085593, 1.0172813517093895, 1.0172475379817425, 1.0172137527185, 1.0171799411270068, 1.0171461579766143, 1.0171123485218572, 1.0170785674842453, 1.017044760166712, 1.0170109812417198, 1.0169771760619952, 1.0169433992495165, 1.0169095962081105, 1.0168758215079858, 1.016842020605423, 1.0168082480175478, 1.0167744492543282, 1.0167406787784974, 1.0167068821551806, 1.0166731137912417, 1.0166393193082537, 1.0166055530560847, 1.016571760713947, 1.0165379965733286, 1.0165042063725431, 1.0164704443432517, 1.0164366562842952, 1.0164028963661407, 1.0163691104495014, 1.0163353526422767, 1.016301568868429, 1.0162678131718739, 1.0162340315413034, 1.016200277955181, 1.0161664984683239, 1.0161327469923978, 1.0160989696497422, 1.0160652202837197, 1.0160314450857215, 1.0159976978293386, 1.0159639247764556, 1.015930179629413, 1.015896408722093, 1.0158626656841048, 1.0158288969227836, 1.0157951559935463, 1.0157613893786526, 1.0157276505578647, 1.015693886089835, 1.0156601493771433, 1.0156263870564108, 1.0155926524515129, 1.015558892278477, 1.0155251597809871, 1.015491401756111, 1.015457671365703, 1.0154239154893607, 1.0153901872056497, 1.0153564334782796, 1.015322707300863, 1.0152889557228888, 1.015255231651371, 1.0152214822231889, 1.015187760257147, 1.0151540129791945, 1.0151202931182355, 1.0150865479908866, 1.0150528302345725, 1.0150190872582259, 1.0149853716061363, 1.0149516307811695, 1.0149179172328586, 1.0148841785596632, 1.014850467114689, 1.014816730593631, 1.0147830212515454, 1.01474928688301, 1.0147155796433107, 1.0146818474276755, 1.014648142289915, 1.0146144122275307, 1.014580709191202, 1.0145469812824452, 1.0145132803470391, 1.0144795545923022, 1.0144458557573217, 1.0144121321568964, 1.0143784354218266, 1.0143447139761208, 1.0143110193404306, 1.0142773000497838, 1.0142436075128993, 1.0142098903776715, 1.0141761999390717, 1.0141424849596143, 1.0141087966186968, 1.0140750837953674, 1.0140413975515468, 1.0140076868847205, 1.013974002737391, 1.0139402942274118, 1.0139066121759759, 1.0138729058232094, 1.0138392258670326, 1.0138055216718147, 1.0137718438103114, 1.0137381417729483, 1.0137044660055234, 1.0136707661263415, 1.0136370924523324, 1.013603394731688, 1.0135697231504464, 1.0135360275886556, 1.0135023580995446, 1.0134686646969373, 1.0134349972992795, 1.013401306056202, 1.0133676407493297, 1.0133339516660502, 1.0133002884492963, 1.0132666015261866, 1.0132329403988376, 1.0131992556361948, 1.0131655965975248, 1.0131319139957256, 1.0130982570450295, 1.0130645766043196, 1.0130309217409137, 1.0129972434616614, 1.012963590684749, 1.012929914567245, 1.012896263876117, 1.0128625899206904, 1.0128289413146014, 1.0127952695215576, 1.0127616229997163, 1.0127279533693823, 1.0126943089310059, 1.012660641463695, 1.01262699910802, 1.012593333804063, 1.012559693530261, 1.0125260303899528, 1.0124923921972608, 1.012458731220913, 1.0124250951084777, 1.012391436296415, 1.012357802263425, 1.0123241456159728, 1.0122905136615776, 1.012256859179046, 1.0122232293023865, 1.0121895769850915, 1.0121559491853278, 1.0121222990335939, 1.0120886733098604, 1.0120550253239744, 1.0120214016753968, 1.0119877558556916, 1.0119541342813838, 1.0119204906281707, 1.0118868711272209, 1.0118532296408456, 1.0118196122123262, 1.0117859728930887, 1.0117523575361476, 1.0117187203843294, 1.0116851070980213, 1.0116514721139613, 1.0116178608973416, 1.01158422808136, 1.0115506189334957, 1.0115169882859227, 1.011483381205847, 1.0114497527269757, 1.0114161477137482, 1.0113825214039198, 1.0113489184565623, 1.0113152943160777, 1.0112816934336084, 1.011248071462825, 1.0112144726442498, 1.0111808528434425, 1.0111472560877721, 1.0111136384573163, 1.011080043763518, 1.0110464283037255, 1.011012835670778, 1.0109792223820089, 1.0109456318088657, 1.010912020691446, 1.0108784321770612, 1.0108448232313403, 1.0108112367746478, 1.010777630000986, 1.010744045600897, 1.010710440999653, 1.0106768586551096, 1.010643256226606, 1.010609675936534, 1.0105760756811295, 1.0105424974444268, 1.010508899362464, 1.0104753231780126, 1.0104417272698965, 1.0104081531365887, 1.0103745594026354, 1.0103409873193656, 1.0103073957599387, 1.0102738257255386, 1.010240236341052, 1.010206668354393, 1.0101730811451584, 1.0101395152051078, 1.0101059301715305, 1.0100723662769022, 1.01003878341936, 1.0100052215689848, 1.0099716408878538, 1.0099380810805454, 1.0099045025762359, 1.0098709448107799, 1.009837368483693, 1.0098038127588933, 1.009770238609422, 1.0097366849240552, 1.0097031129525844, 1.0096695613054416, 1.0096359915123907, 1.009602441902209, 1.0095688742880184, 1.0095353267135723, 1.0095017612786366, 1.009468215738649, 1.0094346524834144, 1.009401108976616, 1.00936754790151, 1.0093340064266227, 1.0093004475320793, 1.0092669080878112, 1.009233351374291, 1.0091998139593295, 1.0091662594272979, 1.009132724040334, 1.009099171690229, 1.00906563832994, 1.0090320881622366, 1.008998556827299, 1.0089650088424837, 1.008931479531518, 1.0088979337300465, 1.0088644064417542, 1.0088308628241185, 1.0087973375570964, 1.008763796123811, 1.00873027287668, 1.008696733628255, 1.008663212399607, 1.0086296753365633, 1.0085961561250052, 1.0085626212478553, 1.0085291040519808, 1.0084955713612576, 1.008462056179665, 1.0084285256758772, 1.0083950125071328, 1.0083614841908406, 1.0083279730335006, 1.0082944469052582, 1.008260937757874, 1.00822741381826, 1.0081939066793077, 1.0081603849289353, 1.0081268797969587, 1.0080933602363777, 1.0080598571098973, 1.008026339739712, 1.0079928386172377, 1.0079593234380329, 1.007925824318042, 1.0078923113304592, 1.0078588142114469, 1.0078253034160884, 1.0077918082964934, 1.0077582996940269, 1.007724806572324, 1.0076913001633667, 1.0076578090379906, 1.0076243048232274, 1.0075908156925937, 1.007557313672693, 1.007523826535238, 1.0074903267108923, 1.0074568415650127, 1.0074233439369018, 1.007389860780974, 1.0073563653498663, 1.0073228841822666, 1.007289390948839, 1.0072559117679474, 1.0072224207329603, 1.0071889435371169, 1.0071554547013284, 1.0071219794888933, 1.0070884928530546, 1.0070550196223382, 1.007021535187238, 1.0069880639365691, 1.0069545817030081, 1.006921112430692, 1.0068876323994493, 1.0068541651038132, 1.0068206872757142, 1.0067872219550082, 1.0067537463309195, 1.0067202829833966, 1.0066868095641652, 1.0066533481880882, 1.0066198769745998, 1.0065864175681916, 1.0065529485613325, 1.0065194911228459, 1.006486024323514, 1.0064525688511226, 1.006419104260257, 1.0063856507521987, 1.0063521883707192, 1.0063187368251636, 1.0062852766540404, 1.0062518270691603, 1.0062183691093587, 1.0061849214833223, 1.0061514657358432, 1.0061180200667996, 1.0060845665326477, 1.0060511228187072, 1.0060176714989069, 1.0059842297382198, 1.0059507806338428, 1.0059173408244753, 1.0058838939365897, 1.0058504560766484, 1.0058170114063503, 1.005783575493897, 1.0057501330422967, 1.0057166990754076, 1.0056832588436215, 1.0056498268203264, 1.0056163888095317, 1.005582958727853, 1.0055495229392417, 1.0055160947972126, 1.005482661231962, 1.005449235027525, 1.0054158036869052, 1.0053823794180825, 1.0053489503033208, 1.00531552796804, 1.00528210108042, 1.0052486806766598, 1.0052152560174688, 1.005181837543154, 1.0051484151137065, 1.0051149985667758, 1.0050815783684164, 1.0050481637467459, 1.0050147457808705, 1.0049813330823685, 1.0049479173503586, 1.0049145065728633, 1.0048810930761538, 1.0048476842175524, 1.0048142729575809, 1.0047808660156623, 1.0047474569939505, 1.00471405196657, 1.0046806451845915, 1.0046472420695374, 1.004613837528833, 1.0045804363238926, 1.0045470340260314, 1.0045136347289718, 1.0044802346755783, 1.0044468372841244, 1.0044134394768038, 1.0043800439887032, 1.004346648429129, 1.0043132548420906, 1.0042798615319581, 1.0042464698436342, 1.0042130787846932, 1.0041796889927526, 1.0041463001867736, 1.004112912288863, 1.004079525737642, 1.0040461397314024, 1.004012755436742, 1.003979371319794, 1.0039459892835718, 1.00391260705349, 1.0038792272776143, 1.0038458469319802, 1.0038124694183832, 1.0037790909547437, 1.0037457157053888, 1.0037123391212919, 1.0036789661381766, 1.003645591431119, 1.0036122207163276, 1.0035788478837855, 1.0035454794393905, 1.003512108478836, 1.003478742306988, 1.0034453732158497, 1.0034120093187118, 1.0033786420944275, 1.0033452804742178, 1.0033119151141638, 1.0032785557731494, 1.0032451922747034, 1.0032118352151875, 1.0031784735756977, 1.0031451188000182, 1.003111759016822, 1.003078406527377, 1.0030450485977638, 1.0030116983969775, 1.0029783423182306, 1.0029449944086128, 1.0029116401779654, 1.0028782945620427, 1.0028449421767445, 1.0028115988570978, 1.0027782483143297, 1.0027449072936112, 1.0027115585905584, 1.0026782198714104, 1.0026448730052662, 1.0026115365904078, 1.0025781915582406, 1.0025448574505478, 1.002511514249428, 1.0024781824517066, 1.0024448410787345, 1.0024115115939012, 1.0023781720460865, 1.0023448448770926, 1.0023115071514483, 1.0022781823012998, 1.0022448463948224, 1.0022115238665816, 1.0021781897762385, 1.002144869573029, 1.0021115372957312, 1.0020782194207571, 1.0020448889533757, 1.0020115734099146, 1.0019782447493006, 1.0019449315406512, 1.0019116046836598, 1.001878293813203, 1.0018449687566078, 1.0018116602278122, 1.0017783369683881, 1.0017450307847484, 1.0017117093192025, 1.0016784054843175, 1.0016450858093715, 1.001611784326877, 1.0015784664391971, 1.001545167312843, 1.0015118512090064, 1.0014785544426248, 1.0014452401192282, 1.0014119457166852, 1.0013786331702685, 1.001345341135545, 1.0013120303626146, 1.0012787406997083, 1.0012454316967636, 1.0012121444097752, 1.0011788371732717, 1.0011455522664205, 1.0011122467927287, 1.0010789642702593, 1.0010456605557465, 1.0010123804220759, 1.0009790784630308, 1.0009458007225651, 1.0009125005153001, 1.0008792251725813, 1.0008459267133274, 1.0008126537729731, 1.0007793570579122, 1.0007460865246705, 1.0007127915499325, 1.000679523428607, 1.0006462301903079, 1.0006129644858122, 1.0005796729799838, 1.0005464096973267, 1.00051311992001, 1.0004798590642714, 1.0004465710114403, 1.00041331258785, 1.000380026255386, 1.0003467702692737, 1.0003134856530282, 1.0002802321098447, 1.0002469492056196, 1.0002136981108907, 1.0001804169144746, 1.0001471682738206, 1.0001138887809202, 1.0000806426001079, 1.0000473648063715, 1.0000141210913072, 0.9999808449923206, 0.9999476037489679, 0.9999143293403207, 0.9998810905748289, 0.9998478178519619, 0.9998145815705711, 0.9997813105289202, 0.9997480767380177, 0.9997148073729645, 0.9996815760790566, 0.9996483083858811, 0.9996150795956162, 0.9995818135695862, 0.9995485872897373, 0.9995153229260402, 0.9994820991635162, 0.9994488364572789, 0.9994156152191312, 0.9993823541653992, 0.9993491354588848, 0.9993158760526409, 0.999282659885094, 0.9992494021212491, 0.9992161885001934, 0.9991829323735973, 0.9991497213067385, 0.9991164668121373, 0.9990832583072976, 0.999050005439422, 0.999016799504597, 0.9989835482580536, 0.9989503449014538, 0.9989170952707722, 0.9988838945007243, 0.9988506464803981, 0.998817448305454, 0.9987842018898503, 0.9987510063186847, 0.9987177615021458, 0.9986845685436652, 0.9986513253203929, 0.998618134983708, 0.9985848933478344, 0.9985517056422005, 0.9985184655877957, 0.998485280522703, 0.9984520420437155, 0.9984188596288845, 0.9983856227191719, 0.9983524429644892, 0.9983192076178428, 0.9982860305334266, 0.998252796743519, 0.9982196223397004, 0.9981863901001299, 0.9981532183874887, 0.9981199876917299, 0.9980868186810645, 0.9980535895224836, 0.9980204232248625, 0.9979871955967456, 0.9979540320234418, 0.9979208059189493, 0.997887645081527, 0.9978544204936879, 0.9978212624039904, 0.9977880393257483, 0.9977548839958373, 0.9977216624199846, 0.9976885098622438, 0.9976552897814882, 0.9976221400085624, 0.9975889214154696, 0.9975557744402634, 0.997522557327329, 0.997489413163059, 0.9974561975225832, 0.9974230561827826, 0.9973898420069753, 0.99735670350549, 0.9973234907864266, 0.997290355137399, 0.9972571438669764, 0.9972240110849339, 0.9971908012549651, 0.9971576713547549, 0.9971244629568613, 0.9970913359536356, 0.9970581289793278, 0.9970250048886738, 0.9969917993292492, 0.9969586781671341, 0.9969254740137928, 0.9968923557964936, 0.9968591530402482, 0.9968260377844698, 0.9967928364162015, 0.9967597241390321, 0.9967265241494451, 0.9966934148684213, 0.9966602162480214, 0.9966271099810802, 0.9965939127202367, 0.9965608094858022, 0.9965276135746337, 0.9964945133916016, 0.9964613188200869, 0.9964282217077535, 0.9963950284656716, 0.9963619344439031, 0.9963287425208471, 0.9962956516099034, 0.9962624609952646, 0.9962293732160028, 0.9961961838989634, 0.9961630992727492, 0.9961299112422641, 0.9960968297910235, 0.99606364303585, 0.9960305647820582, 0.9959973792907219, 0.9959643042574327, 0.9959311200182489, 0.9958980482291186, 0.9958648652301352, 0.9958317967094893, 0.9957986149385344, 0.9957655497112787, 0.9957323691559257, 0.995699307247686, 0.9956661278952497, 0.9956330693323059, 0.9955998911698406, 0.995566835979192, 0.995533658993491, 0.9955006072028961, 0.995467431380448, 0.9954343830183909, 0.9954012083454258, 0.9953681634412215, 0.9953349899036807, 0.9953019484874015, 0.9952687760708973, 0.9952357381734926, 0.9952025668633702, 0.9951695325166784, 0.9951363622979048, 0.9951033315346393, 0.9950701623919038, 0.9950371352457154, 0.9950039671633859, 0.9949709436689176, 0.9949377766309518, 0.9949047568238446, 0.9948715908138911, 0.9948385747308314, 0.994805409732172, 0.994772397410916, 0.9947392334064367, 0.9947062248858702, 0.9946730618580807, 0.9946400571782771, 0.994606895109303, 0.9945738943115101, 0.9945407331830523, 0.9945077363097788, 0.9944745761031167, 0.9944415831982186, 0.9944084238942107, 0.994375435002876, 0.9943422765819172, 0.9943092917507375, 0.9942761341927657, 0.9942431534698516, 0.9942099967543242, 0.9941770201892715, 0.9941438642951583, 0.9941108919392003, 0.9940777368449978, 0.9940447687509378, 0.9940116144346101, 0.9939786506570338, 0.9939454970960311, 0.9939125376913308, 0.9938793848625174, 0.9938464298889255, 0.9938132777686441, 0.9937803272864346, 0.9937471758503836, 0.9937142299217887, 0.9936810791451547, 0.993648137834548, 0.9936149876918242, 0.9935820510658405, 0.9935489015309475, 0.9935159696585294, 0.9934828207046842, 0.9934498936572098, 0.9934167452569815, 0.9933838231083678, 0.9933506752336267, 0.9933177580604695, 0.9932846106823499, 0.9932516985640281, 0.9932185516529599, 0.9931856446717388, 0.9931524981973691, 0.993119596438595, 0.9930864503697944, 0.9930535539220363, 0.9930204082268591, 0.9929875171820229, 0.9929543718277009, 0.9929214862812482, 0.9928883412341319, 0.9928554612851719, 0.9928223165107659, 0.9927894422623581, 0.9927562977252375, 0.9927234292844409, 0.992690284948249, 0.9926574224265605, 0.9926242782539181, 0.9925914217672853, 0.9925582777198819, 0.9925254273890156, 0.9924922834274832, 0.9924594393781161, 0.9924262954620019, 0.9923934578252335, 0.9923603139130146, 0.992327482825437, 0.9922943388744426, 0.992261514478565, 0.9922283704450203, 0.9921955528895846, 0.9921624087284369, 0.9921295981688407, 0.9920964538338213, 0.9920636504323339, 0.9920305058759354, 0.991997709802247, 0.9919645649755862, 0.9919317764072342, 0.991898631260116, 0.9918658503828734, 0.9918327048636699, 0.9917999318721641, 0.9917667859278316, 0.9917340210259681, 0.9917008746019634, 0.9916681180035551, 0.9916349710438275, 0.9916022229733016, 0.9915690754201869, 0.9915363361131462, 0.9915031879073832, 0.9914704576114286, 0.9914373086920693, 0.9914045876675528, 0.9913714379719317, 0.9913387264928432, 0.991305575956517, 0.991272874311338, 0.9912397228680332, 0.9912070313608307, 0.9911738789424124, 0.9911411978939326, 0.9911080444302992, 0.9910753741791375, 0.9910422195982154, 0.991009560502046, 0.9909764047297066, 0.9909437571668899, 0.9909106001268927, 0.990877964497752, 0.9908448061116681, 0.9908121828404117, 0.9907790230276431, 0.9907464125640494, 0.9907132512416428, 0.990680654063144, 0.990647491145857, 0.9906149077597379, 0.9906131337569913, 0.9907080716602941, 0.9904195194293576, 0.9902724582266746, 0.9900244750351027, 0.9897780513181065, 0.9895332794597487, 0.9892905449212772, 0.9890516858027967, 0.9888142560129296, 0.9885792073090163, 0.9883558041050857, 0.9881192513530764, 0.9878850241514231, 0.9876516764789672, 0.9874208165196083, 0.9872023822192487, 0.986975033810861, 0.9867470248169878, 0.9865205024740078, 0.9863001431414364, 0.9860892806096084, 0.9858666999352059, 0.9856456293039113, 0.9854280616437003, 0.985211442907582, 0.9849962959340313, 0.9847828411926159, 0.9845688144025738, 0.9843573213781452, 0.9841465282094112, 0.9839412625825711, 0.9837347200008729, 0.9835278490724924, 0.9833225208290237, 0.9831196027293607, 0.9829185961022101, 0.9827197363953513, 0.9825197904648567, 0.9823220229901597, 0.9821255942244399, 0.9819325577946305, 0.9817413251143969, 0.9815519769065357, 0.9813604080294869, 0.981171183078623, 0.9809831039587348, 0.9807977022395742, 0.9806143772561975, 0.9804328066023141, 0.9802568389688321, 0.9800792792105505, 0.9798988027777402, 0.9797205634164332, 0.9795446870402694, 0.9793768977540914, 0.979202443224974, 0.9790298409047421, 0.9788604940282031, 0.9786916475549972, 0.9785288316367668, 0.9783662377642302, 0.978211853810947, 0.9780487690274211, 0.9778857017872581, 0.9777251573890294, 0.9775696073581203, 0.9774142088068939, 0.9772570089343843, 0.977101737528803, 0.9769495064477483, 0.9767983626034179, 0.9766474356992947, 0.9764981059169833, 0.9763512554570146, 0.9762054297510185, 0.9760608135651739, 0.9759175926673824, 0.9757764346704146, 0.9756365790962708, 0.9754981948386642, 0.9753611262450426, 0.9752261384175923, 0.9750923326644765, 0.9749603105107639, 0.9748296104041692, 0.97470084653417, 0.9745734775068524, 0.9744479249081762, 0.9743237193954015, 0.9742016204993579, 0.9740808314423364, 0.9739620888874403, 0.9738447870850018, 0.9737295656797796, 0.9736159037751654, 0.9735043662574102, 0.9733943718842825, 0.9732867728122064, 0.9731807605699868, 0.9730772255227643, 0.972975494277821, 0.9728763798191089, 0.9727793214765204, 0.9726851834731705, 0.9725933063079227, 0.9725049759153231, 0.9724193831660144, 0.9723381231477065, 0.9722606820162674, 0.97218926517084, 0.9721240656578499, 0.9720693919547541, 0.9720284113987167, 0.9720138086955539, 0.972044440466201, 0.971999599074171, 0.9720779929150121, 0.9719911482324727, 0.9719546934324158, 0.9717290512275951, 0.9715045464526804, 0.9712813384969775, 0.9710594371253682, 0.9708389188780916, 0.9706200425145, 0.9704039869471323, 0.9702426905705904, 0.9700519940567183, 0.9698445191933677, 0.9696431028742719, 0.9694521782377699, 0.9692815024785892, 0.9690859415203021, 0.9688865617735001, 0.9686785779716145, 0.9684758611963947, 0.9682816716212157, 0.9680924006054891, 0.9679019956111733, 0.9677012384726906, 0.9675097609098737, 0.9673175447492769, 0.9671425571121914, 0.9669890143921905, 0.9668095264478496, 0.9666140171607069, 0.9664296872617463, 0.9662471733656748, 0.9660555000048056, 0.9658688857474379, 0.9656846459280797, 0.9654988254330542, 0.9653171712712103, 0.9651424665102497, 0.9649691910805118, 0.9647867603548387, 0.9646177696708667, 0.9644495263696854, 0.964270331058689, 0.9640953693629403, 0.9639216797718391, 0.9637436043970155, 0.9635735381985328, 0.9634055155407211, 0.9632392846880952, 0.9630770392676947, 0.9629060319887601, 0.962750926437328, 0.9625894130849842, 0.9624218405882353, 0.9622605544894214, 0.9620917227991649, 0.9619359986934554, 0.961772959134508, 0.9616170377763729, 0.9614571965563612, 0.9613108448509333, 0.9611557295078855, 0.9609954438032914, 0.9608488123905895, 0.9607034069671317, 0.9605430931766751, 0.9603861168122854, 0.9602379476682072, 0.9600866365236166, 0.9599333692456508, 0.9597879064288017, 0.9596445896247346, 0.9594964125469359, 0.9593454040757536, 0.9592208232326153, 0.9590900321082586, 0.9589387853096203, 0.9587919561837757, 0.9586488991133393, 0.9585025229501192, 0.9583610562785749, 0.9582265254254336, 0.9580880276680162, 0.9579523420816173, 0.9578125296452976, 0.957690693586045, 0.957554414486959, 0.957412576316592, 0.9572724660893756, 0.9571437987988238, 0.9570078176913038, 0.9568718153358359, 0.9567533934829078, 0.9566253751570453, 0.9564938132447317, 0.9563800379101368, 0.956253337417528, 0.9561248949882397, 0.9559910327737697, 0.9558639618179379, 0.9557356156321024, 0.9556222183274042, 0.9555041785849476, 0.9553747694500312, 0.9552569796670421, 0.9551359299628255, 0.9550119214051968, 0.9548987141734314, 0.9547794793850571, 0.9546536706265237, 0.9545344206516986, 0.9544171837758203, 0.9542967065228652, 0.9541849325969566, 0.9540704908603335, 0.9539493850176516, 0.9538411512718622, 0.9537278899220029, 0.9536118849156546, 0.9534920757482616, 0.9533817762065394, 0.9532682984080508, 0.953152223363747, 0.9530382360455625, 0.9529355811102238, 0.9528269219450903, 0.9527132300424801, 0.9526020829361861, 0.9525087506648274, 0.952403637005931, 0.9522973384225448, 0.9521870662965558, 0.952075111406791, 0.9519731271596539, 0.9518723721030489, 0.9517658973562341, 0.9516560139052199, 0.9515544217754532, 0.9514510891422715, 0.9513491454820765, 0.9512619866119929, 0.9511713943109464, 0.9510718500817075, 0.9509729638303849, 0.9508677955345507, 0.9507669785838713, 0.9506716525103596, 0.9505798382143965, 0.9504771278857093, 0.9503786605795187, 0.9502811547823851, 0.9501836937458213, 0.9500857557740251, 0.9499898460399252, 0.9498939192160769, 0.9498006838273756, 0.9497342911664034, 0.9496504605285814, 0.9495601853063317, 0.9494615009305876, 0.9493659464733815, 0.9492697908073437, 0.949178319787645, 0.9490847826056382, 0.9489895858772315, 0.9488955864726929, 0.948806420811995, 0.9487142635035173, 0.9486291099163214, 0.9485437946381784, 0.9484572284008992, 0.9483643717554502, 0.9482790294215597, 0.9481871616346513, 0.9480956023028042, 0.9480079625012213, 0.9479239121095364, 0.9478336740652518, 0.9477509255623993, 0.9476620080570524, 0.9475750909880216, 0.947504100761036, 0.9474230733120603, 0.9473389407365458, 0.9472514270681841, 0.9471732738151591, 0.94708505294249, 0.9469984855608814, 0.9469201271205427, 0.9468399709788352, 0.9467532188666202, 0.9466684755555773, 0.9465926429029994, 0.9465065191902037, 0.946421975831152, 0.9463377165065727, 0.9462679479625424, 0.9461869186675665, 0.946107829787986, 0.946026224479127, 0.9459416237821512, 0.9458625911326247, 0.9457783493376223, 0.9456945632786896, 0.9456137154368405, 0.9455360349520365, 0.9454585425730663, 0.9453765837640316, 0.9453078843626356, 0.9452410336782155, 0.9451594000072733, 0.945078902002036, 0.9450044251045955, 0.9449278784707319, 0.9448515663512713, 0.9447694712863374, 0.9446882172385704, 0.9446072360118685, 0.9445263241878189, 0.9444492951410427, 0.9443692444522627, 0.9442940264736809, 0.944220267049795, 0.9441439735225295, 0.9440712505112743, 0.9439914977842967, 0.9439154466716582, 0.9438380421369986, 0.9437635795330932, 0.9436927123774352, 0.9436132659563956, 0.9435359826833478, 0.9434571606696387, 0.9433789986941631, 0.9433052130787953, 0.9432300516779863, 0.9431520807200442, 0.9430807361812222, 0.9430079557410153, 0.9429333461021491, 0.942857304238934, 0.9427829158222198, 0.942712847237359, 0.9426414830876609, 0.9425662684297588, 0.9424890927360251, 0.9424122370111709, 0.9423362425675167, 0.9422597314639408, 0.9421871477562264, 0.9421149427419324, 0.9420393069611844, 0.9419703313854149, 0.9419004948301295, 0.941829887534466, 0.9417547120464581, 0.9416843489815626, 0.9416105371689946, 0.9415360420797471, 0.9414611985008916, 0.9413916368511384, 0.9413272219504056, 0.9412604551667851, 0.941185306707561, 0.9411110896870681, 0.9410369776828154, 0.9409624616701244, 0.9408994498003066, 0.9408279502625004, 0.9407540854911108, 0.9406812312873281, 0.9406092341499271, 0.9405369609166698, 0.940465780323297, 0.9403920894273138, 0.9403190636821543, 0.9402604401306547, 0.9401913483518505, 0.9401215387997701, 0.9400483564154544, 0.9399756373494853, 0.9399041697869764, 0.9398328935767375, 0.9397643969603824, 0.939691328373054, 0.939619830889565, 0.9395480857783528, 0.9394764319844455, 0.9394036239743704, 0.9393336415719417, 0.9392617739719767, 0.9391895999738972, 0.9391201178336682, 0.9390502575341646, 0.9389784275158871, 0.9389076257898153, 0.9388365063766562, 0.938766625455816, 0.9386950692656779, 0.9386300869856379, 0.9385589855413611, 0.9384902102170933, 0.9384203119892159, 0.9383511740760544, 0.9382832039644511, 0.9382117159999395, 0.9381413016958773, 0.9380701868257066, 0.937999497215571, 0.9379317923357593, 0.9378629924372338, 0.9377918618507689, 0.9377222178805357, 0.937651489707877, 0.9375825575369795, 0.9375122755322416, 0.9374423284624956, 0.9373724758226756, 0.9373038552376203, 0.9372336794825991, 0.937164174078974, 0.9370971834394366, 0.9370271383017466, 0.9369581543536857, 0.9368883860389701, 0.9368202516541136, 0.9367513846041308, 0.9366827378045555, 0.9366127558833984, 0.9365436266650732, 0.9364738336667213, 0.9364045640614405, 0.9363359786122916, 0.9362684379989307, 0.9361992033846667, 0.9361312544924507, 0.936062903385831, 0.935994277743823, 0.9359298763557088, 0.9358610707153603, 0.9357933065313575, 0.9357252686012384, 0.9356575634946194, 0.9355910264413699, 0.9355255369275982, 0.9354566708146781, 0.9353887611582841, 0.935320342850608, 0.9352525716872551, 0.9351872610606409, 0.9351187122891839, 0.9350515660577194, 0.9349836152052341, 0.9349180912015203, 0.9348514648353206, 0.9347832910012233, 0.9347173075826365, 0.9346500479769587, 0.934583439499542, 0.9345172641158924, 0.9344495262672894, 0.9343826294615899, 0.934317390674595, 0.9342495276092521, 0.9341818964614919, 0.9341163721865167, 0.9340494872241861, 0.9339819505432072, 0.933915344115478, 0.9338481659927349, 0.933782128064334, 0.9337161651810255, 0.933653513049018, 0.9335896819868444, 0.9335234727611426, 0.933457515164566, 0.933391273613102, 0.9333276701538304, 0.9332629039672178, 0.9331963302410693, 0.9331324140701329, 0.9330655054062652, 0.9329993343154543, 0.9329328163984081, 0.9328664138211645, 0.9328008227709113, 0.9327352433735608, 0.9326721075142587, 0.9326060598094036, 0.9325419134884743, 0.9324757920547432, 0.9324103824028458, 0.9323450526866065, 0.9322836804574123, 0.9322185109471848, 0.9321576831882848, 0.9320916291659421, 0.9320255650508167, 0.9319599889858132, 0.9318945848156177, 0.931830539553238, 0.931765276008308, 0.9316998260338272, 0.9316361809108071, 0.9315711376752264, 0.9315105176129792, 0.9314488876191441, 0.9313834335146004, 0.9313181188773615, 0.9312533740640588, 0.9311896446521671, 0.9311258052695555, 0.9310614490170241, 0.9309979323121332, 0.930934304536591, 0.9308712110986201, 0.9308121005087796, 0.9307509067561047, 0.9306858196713784, 0.9306213292818498, 0.93055672369128, 0.9304921181750441, 0.9304280045235375, 0.9303647497430244, 0.9303039622972409, 0.9302407817251592, 0.9301813374009433, 0.9301214933307516, 0.9300570685000539, 0.9299930531089698, 0.929929864588993, 0.9298671129552426, 0.9298040345159869, 0.9297402536914797, 0.929678737006588, 0.9296160465496727, 0.9295567718466418, 0.9294937980435377, 0.9294370906882767, 0.9293729845442635, 0.9293098933055038, 0.929247032072782, 0.9291860385419363, 0.9291233238199248, 0.92906041762191, 0.9289977987012686, 0.9289356961986052, 0.9288725352756715, 0.9288096620611825, 0.9287524068455526, 0.9286957225099233, 0.9286323124821664, 0.9285692234201043, 0.9285079313147675, 0.9284445706607677, 0.9283814357298734, 0.9283182572606341, 0.9282552499037109, 0.9281924143990665, 0.9281296446390257, 0.928067763929976, 0.9280055966262961, 0.9279431680460055, 0.9278821486499899, 0.9278201389827152, 0.9277598332882724, 0.9277006676943407, 0.9276409481416258, 0.9275796251835564, 0.9275214359962591, 0.927459271018772, 0.927398695088071, 0.9273385694541908, 0.92727898717027, 0.927217592777555, 0.9271596845547405, 0.9270972578747156, 0.9270353421755351, 0.9269731549539605, 0.9269109842976355, 0.9268505648479934, 0.9267899577803006, 0.9267282927464362, 0.9266671626689303, 0.9266063704580175, 0.9265451238974487, 0.9264835994799209, 0.9264233197991285, 0.9263649112386892, 0.926305166309348, 0.9262444402135623, 0.9261835876004632, 0.9261262673398024, 0.9260684953774426, 0.9260100546438023, 0.9259490534447223, 0.9258891244319305, 0.925829496535341, 0.9257680268323307, 0.925706822747505, 0.9256462708353923, 0.9255850587467168, 0.9255248075264572, 0.9254637766405199, 0.9254040641877389, 0.9253435522677546, 0.925283874152752, 0.9252242273169122, 0.9251655439284334, 0.9251061799287099, 0.925047138440071, 0.924987786212167, 0.9249271564527957, 0.9248681636975443, 0.9248101157637794, 0.9247501642533604, 0.9246924441857557, 0.9246331002918977, 0.9245748460285768, 0.9245221119915539, 0.9244674794741802, 0.9244122152235353, 0.9243517719106497, 0.9242916396252432, 0.9242314675132911, 0.9241712477215696, 0.9241117454250469, 0.9240520871904166, 0.9239932730677507, 0.9239333194381757, 0.9238736610209857, 0.9238138980054077, 0.9237547051913528, 0.92369539717572, 0.9236372990327445, 0.923578168745236, 0.9235198463456704, 0.9234623679309283, 0.923404346405096, 0.9233506778064706, 0.9232976084023341, 0.9232437219542199, 0.9231842001162476, 0.9231254659352972, 0.9230664955137783, 0.9230075811143557, 0.9229510974367509, 0.9228917563489101, 0.9228328181620105, 0.9227738359074747, 0.9227150305145202, 0.9226561860425212, 0.9226004769111298, 0.9225416762587455, 0.9224831888674543, 0.9224263115701675, 0.9223678187560137, 0.9223095114025578, 0.9222534504894875, 0.922198009268564, 0.9221396393511295, 0.9220821460259921, 0.9220242208739393, 0.9219690914038633, 0.9219117999515177, 0.921855099568371, 0.921799377379224, 0.9217417394222011, 0.9216848724450921, 0.921634499021906, 0.9215835628187562, 0.9215354928819192, 0.9214781270966931, 0.9214198425154583, 0.9213617795558215, 0.9213038166878986, 0.9212464930050298, 0.9211886372747485, 0.9211318523334275, 0.9210743118337302, 0.921016672002685, 0.9209591672213793, 0.9209016075150583, 0.9208441430875516, 0.9207871775856682, 0.9207301489577493, 0.9206738103279869, 0.9206189233694243, 0.9205657942254789, 0.9205147649472997, 0.9204639231713994, 0.9204067307508143, 0.9203497613205206, 0.9202927168265188, 0.9202394323777106, 0.9201821267657547, 0.9201253558959268, 0.9200682789384118, 0.9200118639474639, 0.9199564947846711, 0.9198996467329449, 0.9198429980823846, 0.919786965450404, 0.9197305671855889, 0.9196741272464909, 0.9196176931564308, 0.9195630267426249, 0.9195090670742105, 0.9194546532557089, 0.9193985657348177, 0.919342486090713, 0.9192865120573153, 0.919232765596837, 0.9191810733228541, 0.9191324802525028, 0.9190881559148826, 0.9190457792267956, 0.9189894674475366, 0.9189356597766496, 0.9188799671260989, 0.9188239778253743, 0.9187688861939454, 0.9187128557880889, 0.9186572448240319, 0.9186017213534735, 0.9185460244675632, 0.9184903236105613, 0.9184346464335955, 0.9183823913469769, 0.918330191454757, 0.9182749639258022, 0.9182196249856583, 0.9181652116281723, 0.9181101540646305, 0.9180564814407288, 0.9180036961752094, 0.9179512639123111, 0.9178969396376987, 0.917843145265426, 0.9177904351247544, 0.9177397827622528, 0.9176858847235253, 0.9176392148391761, 0.9175929476546926, 0.917552904620123, 0.9174984498924218, 0.917443413071124, 0.917388502846134, 0.9173340426389462, 0.9172797144848399, 0.9172251592030908, 0.917170497369785, 0.917115900577494, 0.9170623143650322, 0.9170090449988091, 0.9169546165223454, 0.9169036047940848, 0.9168508193803703, 0.916797169900445, 0.9167433819436865, 0.9166903004023575, 0.9166375917824994, 0.9165849074115481, 0.9165319127301919, 0.9164835728173851, 0.9164322508704098, 0.9163793549301416, 0.9163359479057474, 0.9162899888884969, 0.9162455192506936, 0.9161923360480926, 0.9161393179996544, 0.9160881524862079, 0.916034405418642, 0.9159807876316399, 0.915927387854034, 0.9158740978858564, 0.9158216751925431, 0.915768925849048, 0.9157156777344734, 0.9156627006127885, 0.91560999034729, 0.9155574085949268, 0.915507526983544, 0.9154590994761626, 0.9154085124640117, 0.9153562915765684, 0.9153041662183582, 0.9152556300981678, 0.9152045942374899, 0.9151530245820902, 0.9151016841259706, 0.9150516035427224, 0.9150016968382265, 0.9149586032682155, 0.9149138228174863, 0.9148630476328893, 0.9148103828241655, 0.9147581376486867, 0.9147059114610165, 0.9146536432719194, 0.9146013230085027, 0.9145493293133543, 0.9144980531676347, 0.9144461750236035, 0.9143942193714376, 0.9143437190658975, 0.914293843069703, 0.9142427190104008, 0.9141909153114975, 0.9141399759899789, 0.9140893578955896, 0.9140401085370418, 0.9139894525908996, 0.9139384794272043, 0.9138889805514634, 0.9138425239851917, 0.9137969163562689, 0.9137460462352216, 0.9136968660172985, 0.9136459657576299, 0.9135970884901348, 0.9135473828522833, 0.9134989854710563, 0.913448972093558, 0.9134026683988284, 0.913359462089064, 0.9133082951354455, 0.9132573675451139, 0.9132064664066267, 0.9131555298475387, 0.9131054455735137, 0.9130545909496781, 0.9130044624701305, 0.9129540077025036, 0.9129039423704782, 0.9128538374571378, 0.9128038643876352, 0.9127535711023229, 0.9127064237883766, 0.9126569947310353, 0.9126092629341547, 0.9125612895831989, 0.912512084159049, 0.9124641360011054, 0.912414879790299, 0.9123668985305816, 0.9123176086211842, 0.9122694125581361, 0.9122246143492858, 0.9121821908149033, 0.9121322130249003, 0.9120829755663489, 0.9120331774953152, 0.9119837259209994, 0.9119344845968261, 0.9118851229309461, 0.9118368770932123, 0.9117896708093376, 0.9117430320471683, 0.9116953812761895, 0.9116468405642104, 0.9115994649414642, 0.9115519438005055, 0.9115031831077393, 0.9114559375673249, 0.9114067407130596, 0.9113590643858623, 0.9113103437130887, 0.9112615147397817, 0.9112134698412532, 0.9111648206641421, 0.9111200535426518, 0.9110724634616812, 0.9110238443575853, 0.9109757082575681, 0.9109280042652186, 0.9108820152061676, 0.91083536260098, 0.9107887834461155, 0.9107404149198257, 0.910692082262462, 0.9106441016653005, 0.9105962505876103, 0.9105490846669368, 0.9105033830275099, 0.9104553319527405, 0.9104075978666996, 0.9103599136889057, 0.9103124426409345, 0.9102656500957166, 0.9102203767024372, 0.9101769620673473, 0.9101312874251936, 0.9100837520132196, 0.9100366552101274, 0.9099894023458202, 0.9099432512047603, 0.909895853400663, 0.9098484544690354, 0.9098020864015873, 0.909755205594519, 0.9097080162775826, 0.9096624503187154, 0.9096168931219967, 0.909573912463955, 0.9095289329506862, 0.9094821487220949, 0.9094354419543575, 0.909389516362681, 0.9093427606627149, 0.9092963419905459, 0.9092503355714718, 0.9092038391864592, 0.9091576428647427, 0.9091125097900761, 0.9090662582182164, 0.9090209209482037, 0.9089767892891739, 0.9089320953896497, 0.9088869241828311, 0.9088422149660651, 0.9087990342785436, 0.9087531044167609, 0.9087104390040748, 0.9086643339399226, 0.9086187015120597, 0.9085733097709524, 0.908527507914624, 0.908481986887276, 0.9084365280323065, 0.9083917217426404, 0.9083473599857536, 0.9083023531946238, 0.908257474231437, 0.908213348301382, 0.9081703352205978, 0.9081273428370494, 0.9080839150367496, 0.9080400583230653, 0.9079959799803483, 0.9079515083494026, 0.9079067279903378, 0.9078641218410172, 0.907821640777754, 0.90777933203621, 0.9077350635263188, 0.9076953740590714, 0.9076574561452536, 0.9076126772158846, 0.9075692138470867, 0.9075247170256842, 0.907481219568384, 0.9074374125480991, 0.9073947626286258, 0.9073517684806008, 0.9073074258905869, 0.9072638102307508, 0.9072198701032164, 0.9071767666812938, 0.907134315429025, 0.9070949649278428, 0.9070518957154541, 0.9070100614557526, 0.9069677369495592, 0.9069269691337635, 0.9068865980439086, 0.9068453313652147, 0.9068018499640682, 0.906758846736249, 0.9067170064959029, 0.906673444701107, 0.9066302308821244, 0.906587132596545, 0.9065439487814132, 0.9065013058752677, 0.9064588283398985, 0.9064164846803701, 0.9063742816836887, 0.9063321568243636, 0.9062958889460576, 0.906253435301194, 0.9062119230327412, 0.9061700059268862, 0.9061279604348736, 0.9060868025351528, 0.9060461188075438, 0.9060066660782568, 0.9059676876101047, 0.9059259289839855, 0.9058861671566648, 0.9058453582633019, 0.9058060029001356, 0.9057656005662348, 0.9057299150413061, 0.9056926896142669, 0.9056563614266516, 0.9056180982053657, 0.9055759483495298, 0.9055344275238624, 0.9054925841406363, 0.9054508085967299, 0.9054091801432722, 0.9053679447463813, 0.9053272359224085, 0.9052862149694042, 0.9052449433614225, 0.905203926832258, 0.9051634062069125, 0.90512432274569, 0.9050841929778186, 0.9050472914457838, 0.9050088232113228, 0.9049704008496714, 0.9049303428839163, 0.9048902834431162, 0.9048521963717239, 0.9048122583051683, 0.9047734597530716, 0.9047359346886727, 0.9046989962047425, 0.9046606144687229, 0.9046254002188177, 0.9045927338483264, 0.9045627899305818, 0.9045221385586283, 0.9044816389887829, 0.9044442538613856, 0.9044038151975916, 0.9043636641430935, 0.904324643721917, 0.904285549198643, 0.9042458115351666, 0.9042060337614732, 0.9041678587790327, 0.9041288177755415, 0.9040891105530318, 0.9040508824803226, 0.9040115446190787, 0.9039736773918992, 0.90393510026733, 0.903896518096947, 0.9038591775751569, 0.903821208542967, 0.9037855124303814, 0.9037488310403509, 0.9037118006787276, 0.9036735562323868, 0.9036354340398024, 0.9035988460417018, 0.9035620740573916, 0.9035265060806621, 0.9034956850854495, 0.9034636503803101, 0.90343776645212, 0.9034050607959774, 0.9033661994278976, 0.9033277501460729, 0.9032895279738206, 0.9032509575708959, 0.9032165123079412, 0.9031802661416723, 0.9031419691082475, 0.9031084536661884, 0.9030717101819437, 0.9030342386981451, 0.9029985408676434, 0.9029620013223375, 0.902925249416246, 0.9028883688892703, 0.9028525427708595, 0.9028167086580997, 0.9027868487451086, 0.9027615605594979, 0.9027245195720422, 0.9026878250968066, 0.902651525584246, 0.902616052137609, 0.9025788646666754, 0.9025443360524033, 0.9025088865619172, 0.9024718525041905, 0.9024353982839617, 0.9023993721066345, 0.9023653829608952, 0.902328328050561, 0.9022914361450773, 0.9022559375460678, 0.9022256098863513, 0.902195974308972, 0.9021710589257554, 0.9021342973382627, 0.902098326125137, 0.9020618031226779, 0.9020272495161835, 0.9019919083646624, 0.9019563233875667, 0.901922936561185, 0.901887081781959, 0.9018520290318746, 0.9018158546534712, 0.9017803233111987, 0.9017450307917996, 0.9017109560562406, 0.9016767419096315, 0.9016420204083426, 0.9016101885516206, 0.9015804613657017, 0.9015451731411118, 0.9015102386136364, 0.9014758632152413, 0.9014442359791042, 0.9014095612347957, 0.9013741118890386, 0.9013397717308155, 0.9013047585724908, 0.9012716516453554, 0.9012367833108583, 0.9012022824414201, 0.901169482484398, 0.9011348390145036, 0.9011012870211608, 0.9010671846140076, 0.9010344922728983, 0.9010048998355584, 0.900971296284168, 0.9009370533053964, 0.9009065432314781, 0.9008719923399136, 0.9008381480413723, 0.900804239563172, 0.9007707293801231, 0.9007376533634841, 0.9007043834408838, 0.9006741757255102, 0.9006404072412026, 0.9006091454464658, 0.9005753266645316, 0.9005418877469338, 0.9005093628446902, 0.9004788430358754, 0.9004464988433275, 0.9004130368752591, 0.9003821095941358, 0.9003484942842622, 0.9003156806478458, 0.9002824236861167, 0.9002496536674857, 0.9002196783579391, 0.9001889591533154, 0.9001562317555746, 0.9001260726081117, 0.9000932342512559, 0.9000608498227192, 0.9000282512868408, 0.8999998589516867, 0.8999682021857766, 0.8999363720757567, 0.8999049224707811, 0.8998725016424591, 0.8998413901003541, 0.8998107982447696, 0.8997788711550836, 0.8997485370797902, 0.8997168698374501, 0.899684800455754, 0.8996545170234621, 0.8996242979839143, 0.899592561433192, 0.8995609154915739, 0.8995306861105964, 0.8994990148896274, 0.8994688968375185, 0.8994374110488856, 0.8994066181874797, 0.8993755871740549, 0.8993498343479147, 0.8993199671652602, 0.899288664792794, 0.8992581783991561, 0.899227792940654, 0.8991985372260622, 0.8991734264409935, 0.8991445699911598, 0.8991136168521795, 0.899083321556196, 0.8990536815050536, 0.8990231448768617, 0.8989954525045933, 0.8989649215120404, 0.898935580681331, 0.8989049934722996, 0.8988748464803898, 0.8988459204295848, 0.8988209807236494, 0.8987908886728438, 0.8987627284089618, 0.8987369035737149, 0.8987082287810663, 0.8986782565386893, 0.8986487567512548, 0.8986195632530588, 0.8985910054354959, 0.898561736161424, 0.8985349570570457, 0.8985065183621564, 0.898476960493858, 0.8984487362298914, 0.8984203814036623, 0.8983916332512827, 0.8983673143131814, 0.8983401062152773, 0.8983109789066255, 0.898282207395569, 0.8982542134485549, 0.8982255067973648, 0.8981970410714285, 0.898168707578581, 0.8981416684147682, 0.8981140878722856, 0.898087170587578, 0.8980596410648491, 0.8980349615738654, 0.8980116662950266, 0.8979833055958273, 0.8979549377876291, 0.8979265448288525, 0.8978985580961866, 0.8978708023974429, 0.8978431112339156, 0.8978163104358565, 0.8977893505412219, 0.8977634518630535, 0.8977365019490242, 0.8977093987844552, 0.8976825719780087, 0.897655851024835, 0.8976295240530368, 0.897605134640858, 0.8975794019158227, 0.8975533914146175, 0.8975277623698986, 0.8975003966125555, 0.8974735970293641, 0.8974464508450141, 0.8974206447253842, 0.897393884809497, 0.897367635282921, 0.8973414968851131, 0.8973171254103245, 0.8972912656547208, 0.8972651348106372, 0.8972424333895287, 0.8972191666366297, 0.8971946119162878, 0.8971697217427526, 0.8971432910369946, 0.8971170823352425, 0.8970910779717991, 0.8970649444290075, 0.8970396648006302, 0.897014578662413, 0.8969889278655854, 0.8969635685456563, 0.8969393460256924, 0.8969166679263366, 0.8968934373798153, 0.8968681849377365, 0.8968434570906879, 0.8968182802451262, 0.8967945837114764, 0.8967705425673612, 0.8967464266875259, 0.89672580818972, 0.896704945106853, 0.8966828540862479, 0.8966576501159721, 0.8966348440219796, 0.896612114548997, 0.896587047258132, 0.8965623279280497, 0.8965378489208634, 0.8965140851792219, 0.8964898029764681, 0.8964663340337719, 0.8964424004489734, 0.8964195699307779, 0.896396445848213, 0.8963728160478435, 0.8963497594789183, 0.8963274821216908, 0.8963040528099613, 0.8962809588551266, 0.89625928589961, 0.8962390156549136, 0.8962209009213001, 0.8961970923199225, 0.8961738115534172, 0.896150338095323, 0.8961274504468, 0.8961045669192352, 0.8960829894489174, 0.8960613387800171, 0.8960386384239875, 0.8960171777944631, 0.8959960992680618, 0.8959735252743669, 0.895956812734152, 0.8959352904164396, 0.8959152689035857, 0.895892294601018, 0.8958697635202358, 0.8958475044466107, 0.8958249397607293, 0.8958033828883302, 0.8957809978829493, 0.8957587449867208, 0.895738399489838, 0.8957173563060279, 0.8956953410015583, 0.8956763373218397, 0.8956556446199483, 0.8956336509081809, 0.89561236051802, 0.8955903737171712, 0.895569721712771, 0.8955491750191884, 0.8955280443795527, 0.8955063383555842, 0.8954851640667788, 0.8954654342287988, 0.8954450447045864, 0.8954244019871912, 0.8954033816407059, 0.8953853161928026, 0.895366301239303, 0.8953451431672511, 0.895324391161281, 0.8953036107378567, 0.8952836985982631, 0.8952643138964368, 0.895246102051263, 0.895225479583521, 0.8952072947589751, 0.8951881179344845, 0.8951684510249527, 0.8951483929043587, 0.895130307264458, 0.8951104673892258, 0.8950901083897456, 0.8950713792484524, 0.8950520433343405, 0.8950320403888955, 0.8950129971026175, 0.8949943017714832, 0.894974850517956, 0.8949552998019054, 0.894935717790855, 0.8949174499990541, 0.894897845739419, 0.8948789437756505, 0.8948606471450631, 0.894843130909264, 0.8948237493675381, 0.8948048740576038, 0.8947869434624517, 0.8947695381502175, 0.8947514432108817, 0.8947336849886068, 0.8947146623052407, 0.8946967904298295, 0.894677940208969, 0.8946593532231373, 0.8946426163946344, 0.8946254895391413, 0.8946068048969874, 0.8945897472067936, 0.8945721767036322, 0.894554347387877, 0.8945360859536405, 0.8945215130677207, 0.8945046579198594, 0.8944865338588384, 0.8944689684124543, 0.8944510879311449, 0.8944333908553599, 0.8944179432013284, 0.8944018920293305, 0.8943843328196067, 0.8943675950108146, 0.894350151804243, 0.8943339880617514, 0.8943177088382803, 0.8943013077342754, 0.8942860479185198, 0.8942712092098314, 0.8942538372124111, 0.8942369453722733, 0.8942212294136322, 0.8942058279836296, 0.8941890151348935, 0.894172810366655, 0.8941570633157699, 0.8941405872249819, 0.8941249423049109, 0.8941104011526366, 0.8940942139177557, 0.894078669398214, 0.8940650966989772, 0.8940521204158104, 0.8940357737681699, 0.8940201035340269, 0.8940055550054141, 0.8939911717834205, 0.8939750292133362, 0.8939592459282881, 0.8939441656004501, 0.8939298507194614, 0.8939162439771289, 0.8939010605878555, 0.8938857187278093, 0.8938709816340822, 0.8938562804825916, 0.8938412754478966, 0.8938282554442397, 0.8938148550078893, 0.8937996631204438, 0.8937859756400273, 0.8937711990212182, 0.8937580711756083, 0.8937434674420716, 0.8937286728962245, 0.8937150694175033, 0.8937005870691166, 0.8936865058213022, 0.8936722585724994, 0.8936590927266762, 0.893644891783403, 0.8936311298217432, 0.8936170740216275, 0.8936044004037413, 0.8935922639627395, 0.893578347278204, 0.8935658380129128, 0.8935519175421033, 0.8935382025910719, 0.8935254970277853, 0.8935122930997788, 0.8934989485725875, 0.8934863107759726, 0.8934731607564024, 0.8934599847206799, 0.8934484412329441, 0.8934354156058817, 0.893422251201811, 0.8934090992449479, 0.893396785141318, 0.8933838847903102, 0.893371185325106, 0.8933586020818721, 0.8933468947894144, 0.8933353330722055, 0.8933232156175217, 0.8933108810362927, 0.8933026642717008, 0.8932926635810198, 0.8932800960712939, 0.8932675900745106, 0.8932552773038207, 0.8932433178604099, 0.8932314231204855, 0.8932197444117671, 0.8932086327452857, 0.8931977329660116, 0.8931875616004913, 0.8931766674474411, 0.8931657801910496, 0.8931565654563333, 0.8931497814561177, 0.8931379463529253, 0.8931265883604265, 0.8931163070120904, 0.8931052814638142, 0.8930948362297259, 0.8930850854654361, 0.8930750952805319, 0.893064562950622, 0.8930544714534417, 0.8930464855902285, 0.8930374167779044, 0.893026939642878, 0.8930162501182346, 0.893006597362611, 0.8929977372074194, 0.8929885964274382, 0.8929788841192986, 0.8929690233750313, 0.8929598818763672, 0.8929540063569866, 0.8929471946670315, 0.8929365792665799, 0.8929273453994466, 0.8929187671666311, 0.8929103618512454, 0.8929015103715525, 0.8928922473831499, 0.8928831425577389, 0.892875839474161, 0.8928715662468716, 0.8928614525600177, 0.8928525386925905, 0.8928440854054727, 0.8928352067559945, 0.8928269971920975, 0.8928192432522958, 0.8928110028120809, 0.8928025275102689, 0.8927953762415447, 0.892786053863938, 0.892777381023736, 0.892769340837751, 0.8927613911593131, 0.8927541998498428, 0.8927456818508662, 0.8927377625309698, 0.8927305184494898, 0.8927228725242359, 0.8927143778537759, 0.8927063275625753, 0.8926981430365851, 0.8926905087069501, 0.8926830677061417, 0.8926748269088249, 0.8926669080764532, 0.8926595319000399, 0.8926520956132523, 0.892645531842539, 0.8926385375676071, 0.8926306909055238, 0.8926230262652542, 0.8926155964054378, 0.8926078259443264, 0.8926004028887403, 0.8925936927355123, 0.8925868607109313, 0.892580207640514, 0.8925751861323235, 0.8925693226066175, 0.8925621783686325, 0.892556273970548, 0.8925491238642607, 0.8925419729323845, 0.8925356151212598, 0.8925288036527439, 0.892522427618537, 0.8925180243069959, 0.8925120732906433, 0.8925060153206402, 0.8925005043354716, 0.8924986724882252, 0.8924943007421561, 0.8924877987727652, 0.8924820442314747, 0.8924774549012441, 0.8924728531036771, 0.8924723216988384, 0.8924721943491839, 0.8924647401502654, 0.8924599363863719, 0.8924553660767944, 0.8924499283047643, 0.8924453998325249, 0.8924422745764693, 0.892442990895226, 0.8924413632152819, 0.8924395311901482, 0.8924336844217837, 0.8924289145763894, 0.8924246760192115, 0.892420381603633, 0.8924170598701925, 0.8924159263502226, 0.892417821250599, 0.8924135375102047, 0.8924103204116935, 0.892404914191054, 0.892400846681242, 0.892397653775966, 0.8923953927111873, 0.8923940660449119, 0.8923909508057384, 0.8923939513794721, 0.8923901651315761, 0.892384454633094, 0.8923799680586847, 0.8923771334476704, 0.8923755382289171, 0.8923768986028393, 0.8923766399154802, 0.8923742836696406, 0.8923690537597839, 0.8923669649110552, 0.8923660614217034, 0.8923615183227603, 0.8923594775335799, 0.8923596644382238, 0.8923585914014044, 0.8923547281896221, 0.8923560347247936, 0.8923547899236054, 0.8923502181983405, 0.8923486785494869, 0.8923453105090446, 0.8923460190839468, 0.8923467466467317, 0.892342752743616, 0.8923392953683947, 0.8923386477562258, 0.89233730023884, 0.8923339173802818, 0.892333024703769, 0.8923327177466455, 0.8923354148032692, 0.8923275100377024, 0.892324152516692, 0.8923213468985737, 0.8923185459634989, 0.8923177637632878, 0.8923169172137195, 0.8923170315500139, 0.8923163989364321, 0.8923128423546675, 0.8923096393357696, 0.8923067583679042, 0.8923051384569232, 0.8923028065360056, 0.8923006075703039, 0.8922996131182022, 0.8923019255103004, 0.892298160655316, 0.89229474175387, 0.8922925059136562, 0.8922921429996018, 0.8922938322286142, 0.8922927854996033, 0.8922919526870308, 0.8922877910976263, 0.8922857036329178, 0.8922851647779702, 0.8922848921791319, 0.8922839556774885, 0.8922816348543959, 0.8922830889602168, 0.8922829559133145, 0.8922773089628945, 0.8922741306274585, 0.8922730830156795, 0.8922725145672004, 0.8922725674890345, 0.8922729036808593, 0.8922739592556458, 0.8922702590403119, 0.8922676109243878, 0.8922640428429652, 0.8922611248045655, 0.8922587605768285, 0.8922581621671394, 0.8922595421287627, 0.892258895170312, 0.8922604905195642, 0.892258244659178, 0.8922560085021377, 0.8922535916506944, 0.892253953829025, 0.8922545360883141, 0.8922521905974699, 0.8922499392145194, 0.8922523092219635, 0.892250284833203, 0.892249379215297, 0.8922486517829321, 0.8922466965979972, 0.8922462956049505, 0.8922478566133973, 0.8922468419456445, 0.8922465670879499, 0.8922437163167112, 0.8922428525863694, 0.8922431101065873, 0.8922432317604879, 0.8922442620760163, 0.8922443470190538, 0.8922407716614018, 0.892241779476575, 0.8922399265943638, 0.8922385258922042, 0.8922380266016215, 0.8922390280406387, 0.8922378365181536, 0.8922396607775022, 0.8922352206200744, 0.8922353479465035, 0.8922355409224478, 0.8922324312035527, 0.8922327660319284, 0.8922330862511056, 0.8922312936262615, 0.8922300305859789, 0.8922294145616129, 0.8922302110438751, 0.8922296705507478, 0.8922293738388088, 0.8922281201775026, 0.8922280351002092, 0.8922300950307168, 0.8922251603665505, 0.8922241653652419, 0.8922251083126245, 0.8922246345702981, 0.8922223387433859, 0.892223174326228, 0.8922236687441106, 0.8922211608053315, 0.8922195948961182, 0.8922190196763399, 0.8922208833389059, 0.8922185077840328, 0.8922182979698599, 0.8922195889762474, 0.8922173822288233, 0.8922156572786131, 0.8922171004540598, 0.8922165814684337, 0.8922144050797584, 0.8922129144213017, 0.8922119426445065, 0.8922135693869526, 0.8922125097320434, 0.8922115914518898, 0.8922119148376751, 0.8922109016459999, 0.8922099902326304, 0.892211029756211, 0.8922109089837126, 0.8922087412316204, 0.8922096131210985, 0.8922085674333768, 0.8922079536123491, 0.8922081695792425, 0.8922092171234876, 0.8922071990777485, 0.8922074984385844, 0.8922067986135385, 0.892205875886134, 0.8922055851925345, 0.8922056110456221, 0.8922049740101491, 0.8922066057697791, 0.892204530573745, 0.8922050239764036, 0.892203924257101, 0.8922039482027793, 0.8922036691955592, 0.8922036826954458, 0.8922036943716729, 0.8922033764873799, 0.8922035787589189, 0.8922028983327597, 0.8922020181554767, 0.8922015096156269, 0.8922009969102266, 0.8922011140427322, 0.8922012654869174, 0.8922012983335347, 0.8922010601861607, 0.8922008348842336, 0.8922004844421577, 0.8921999796164187, 0.8922004787992415, 0.8922002207175186, 0.8921996782382733, 0.8921994038387128, 0.8921994320489488, 0.8921992587891707, 0.8921991693486205, 0.8921992367454121, 0.8921996198684649, 0.8921990214228279, 0.8921985287534383, 0.8921987321704846, 0.8921986239053175, 0.8921983806453365, 0.892198466937586, 0.8921983626061788, 0.8921982948851213, 0.8921982554791895, 0.8921981522240929, 0.8921980921146659, 0.8921978765222509, 0.892197725408955, 0.8921975714008346, 0.8921973907467247, 0.8921972392091294, 0.8921971399146216, 0.8921969855354545, 0.8921969632943941, 0.8921970074405533, 0.8921968408418625, 0.8921967712830184, 0.8921966035662499, 0.8921964382184254, 0.892196349801463, 0.8921962059810817, 0.8921960906005378, 0.8921959233146133, 0.8921958477416375, 0.8921957536733574, 0.8921957576026311, 0.8921957444585761, 0.8921956222108373, 0.89219555389061, 0.8921957146879892, 0.8921955055564499, 0.8921953310060844, 0.8921951883851483, 0.892195078046322, 0.892195057627972, 0.8921951338476816, 0.892194954018165, 0.8921950100246195, 0.8921949856566961, 0.8921948494601571, 0.8921946838043798, 0.8921946664412297, 0.8921947212177727, 0.8921945336400878, 0.8921944055507459, 0.8921943545736689, 0.8921943906332825, 0.8921942742822945, 0.8921942161245697, 0.8921940360988129, 0.8921938756602961, 0.8921937545769808, 0.8921936175326074, 0.8921935028522994, 0.8921933824253524, 0.8921933918575448, 0.8921933693230027, 0.8921932814145207, 0.8921932557474276, 0.8921932627963197, 0.8921931603515324, 0.8921931405627122, 0.8921931574428311, 0.8921931244712779, 0.8921931313237986, 0.8921932246553773, 0.8921930032885121, 0.8921929004574939, 0.8921928951033995, 0.8921928874661152, 0.8921927668334987, 0.892192709218373, 0.892192792242789, 0.8921926421188354, 0.8921926271592787, 0.8921926310173055, 0.8921925310828942, 0.8921925155248353, 0.892192493775355, 0.8921924165851527, 0.892192306589175, 0.8921923355308965, 0.8921923142361092, 0.8921922028759565, 0.8921921883365257, 0.8921921915290065, 0.8921922196703777, 0.8921921678826648, 0.8921921181176738, 0.8921920760558967, 0.8921921965503138, 0.8921920404048275, 0.8921919478560345, 0.89219192076052, 0.892191887221162, 0.8921917855679087, 0.8921918710883546, 0.8921917786915453, 0.8921917338775988, 0.8921917024324935, 0.8921916618744131, 0.8921916087316172, 0.8921916119837972, 0.8921916740429962, 0.8921915835648905, 0.8921914984719987, 0.8921914253694598, 0.8921914463073964, 0.8921914190528976, 0.8921913784221935, 0.892191415756888, 0.8921914042889229, 0.8921913127000478, 0.8921913029628205, 0.8921913247118892, 0.8921912955541963, 0.8921913367023789, 0.8921911643314643, 0.8921911012776791, 0.8921911424017913, 0.8921911092046217, 0.8921910860677924, 0.892191082997563, 0.8921910409092882, 0.8921910119745141, 0.892190970623997, 0.8921909345364352, 0.8921910340612026, 0.8921909273272547, 0.8921908542534945, 0.8921908885732694, 0.8921908842761673, 0.8921908590802946, 0.8921908676430517, 0.8921908352962667] 

Smallest VQE eingenvalue optimizer final message:
{   'aux_operators_evaluated': None,
    'cost_function_evals': 4300,
    'eigenvalue': 0.8921908352962667,
    'optimal_circuit': <qiskit.circuit.library.n_local.real_amplitudes.RealAmplitudes object at 0x000002800D520AA0>,
    'optimal_parameters': {   ParameterVectorElement([0]): 1.357453473135876,
                              ParameterVectorElement([1]): 1.5414894461272746,
                              ParameterVectorElement([2]): 1.5546424505403678,
                              ParameterVectorElement([3]): 1.5708335617498046,
                              ParameterVectorElement([4]): -1.7311570795865021,
                              ParameterVectorElement([5]): -1.9709796823932253,
                              ParameterVectorElement([6]): -1.474853824609944,
                              ParameterVectorElement([7]): 1.568384206919538},
    'optimal_point': array([ 1.35745347,  1.54148945,  1.55464245,  1.57083356, -1.73115708,
       -1.97097968, -1.47485382,  1.56838421]),
    'optimal_value': 0.8921908352962667,
    'optimizer_evals': None,
    'optimizer_result': <qiskit_algorithms.optimizers.optimizer.OptimizerResult object at 0x000002800F76A6F0>,
    'optimizer_time': 14.921038627624512}
                        
q_0:  Ry([0])  Ry([4]) 
                   
q_1:  Ry([1])  X  Ry([5]) 
              
q_2:  Ry([2])  X  Ry([6]) 
              
q_3:  Ry([3])  X  Ry([7]) 
                   
The number of ansatz parameters is: 
 8
Line for latex table
RA r1 rl & $1\mathrm{e}{-04}$ & 96/100 &1141 & $8.9219\mathrm{e}{-01}$ & $7.6104\mathrm{e}{-03}$ & $8.9952\mathrm{e}{-01}$ & $1.494\mathrm{e}{-02}$ & - & 00h 09m 19s\\

