RA_r1_rl
08m30s__1687
1e-08
9.547918011776346e-14
4.679590048795035e-14
1.425526363618701e-13
8.132383655379272e-14
8.287814878826794e-14
5.773159728050814e-14
8.393286066166183e-14
3.7247982476174e-14
2.072342297765317e-12
7.895906151134113e-13
4.155564781171961e-13
3.7136960173711486e-14
4.3021142204224816e-14
5.745404152435185e-14
9.198197759019422e-14
1.2073675392798577e-13
8.776313009661862e-14
1.176836406102666e-13
4.912736883966318e-14
1.5121237595394632e-13
5.084821452783217e-14
4.884981308350689e-14
8.731904088676856e-14
8.820721930646869e-14
1.318944953254686e-13
1.7257861806285746e-12
4.942712905631197e-13
1.1057821325266559e-13
3.5638159090467525e-14
5.906386491005833e-14
4.451994328746878e-14
6.250555628639631e-14
1.0574874309554616e-13
5.417888360170764e-14
3.774758283725532e-14
9.248157795127554e-14
9.320322291728189e-14
7.027711745877241e-14
3.5915714846623814e-14
5.521694212973216e-13
8.981704269217516e-14
7.155387393709134e-14
7.377431998634165e-14
6.927791673660977e-14
1.314226505400029e-12
3.3861802251067274e-14
2.2593038551121936e-12
1.163735774412089e-12
1.0430545316353346e-13
2.350897254643769e-13
1.630917623174355e-13
1.053046538856961e-13
9.831024883055761e-14
1.0469403122215226e-13
5.306866057708248e-14
1.0930145677434666e-13
4.624078897563777e-14
8.376632720796806e-14
1.1868284133242923e-13
8.770761894538737e-14
2.3425705819590803e-13
3.8913317013111737e-14
6.233902283270254e-14
1.0891287871572786e-13
1.9562129693895258e-13
3.019251515468113e-13
1.0380585280245214e-14
3.214650767802141e-13
2.660094367001875e-13
1.3239409568654992e-13
1.0751399770470016e-12
2.3370194668359545e-14
5.181965967437918e-13
3.911870827266739e-13
8.854028621385623e-14
3.941291737419306e-14
8.804068585277491e-14
3.963496197911809e-14
1.0169642905566434e-13
6.672440377997191e-14
5.601075159233915e-14
9.930944955272025e-14
5.800915303666443e-14
7.799316747991725e-14
1.4555023852835802e-13
6.050715484207103e-14
1.4727108421652702e-13
8.076872504148014e-14
1.244004899092488e-13
8.54316617449058e-14
5.540012892879531e-14
4.694022948115162e-13
1.1357581541915351e-13
