No Shot Noise
31/10/2024 17:41:36 

VQEr_100_COBYLA_maxIter_10000_tol_1e-08_RA_r1_rl 

Reference value: 0.0000000000e+00 

Qubits:  6
VQE runs:  100
Optimizer:  COBYLA
Max iterations:  10000
Optimizers's tolerance:  1e-08
Ansatz:  RA_r1_rl 

Only 93 runs out of 100 converged
Number of iterations for each converged VQE run:
[1274, 977, 1405, 1199, 919, 1245, 1271, 870, 6632, 5004, 1798, 1259, 1156, 1225, 1301, 1548, 983, 1149, 1258, 1093, 1004, 1090, 906, 987, 1352, 6352, 1937, 917, 809, 1139, 1132, 1497, 1265, 1135, 1153, 1153, 1388, 982, 1230, 3079, 1214, 1212, 1164, 1547, 4565, 1023, 7849, 5528, 1517, 1300, 1229, 1434, 1132, 1581, 1259, 1133, 1203, 979, 1010, 1157, 3283, 936, 1240, 1130, 1501, 2624, 1064, 2790, 1904, 1186, 4557, 963, 4833, 2098, 881, 1175, 1154, 1050, 1279, 1148, 1063, 1359, 994, 1256, 1202, 1281, 1093, 1269, 1299, 1101, 1032, 2894, 1170] 

Average iterations of converged run:
1687 

VQE eigenvalues:
[9.547918011776346e-14, 4.679590048795035e-14, 1.425526363618701e-13, 8.132383655379272e-14, 8.287814878826794e-14, 5.773159728050814e-14, 8.393286066166183e-14, 3.7247982476174e-14, 2.072342297765317e-12, 7.895906151134113e-13, 4.155564781171961e-13, 3.7136960173711486e-14, 4.3021142204224816e-14, 5.745404152435185e-14, 9.198197759019422e-14, 1.2073675392798577e-13, 8.776313009661862e-14, 1.176836406102666e-13, 4.912736883966318e-14, 1.5121237595394632e-13, 5.084821452783217e-14, 4.884981308350689e-14, 8.731904088676856e-14, 8.820721930646869e-14, 1.318944953254686e-13, 1.7257861806285746e-12, 4.942712905631197e-13, 1.1057821325266559e-13, 3.5638159090467525e-14, 5.906386491005833e-14, 4.451994328746878e-14, 6.250555628639631e-14, 1.0574874309554616e-13, 5.417888360170764e-14, 3.774758283725532e-14, 9.248157795127554e-14, 9.320322291728189e-14, 7.027711745877241e-14, 3.5915714846623814e-14, 5.521694212973216e-13, 8.981704269217516e-14, 7.155387393709134e-14, 7.377431998634165e-14, 6.927791673660977e-14, 1.314226505400029e-12, 3.3861802251067274e-14, 2.2593038551121936e-12, 1.163735774412089e-12, 1.0430545316353346e-13, 2.350897254643769e-13, 1.630917623174355e-13, 1.053046538856961e-13, 9.831024883055761e-14, 1.0469403122215226e-13, 5.306866057708248e-14, 1.0930145677434666e-13, 4.624078897563777e-14, 8.376632720796806e-14, 1.1868284133242923e-13, 8.770761894538737e-14, 2.3425705819590803e-13, 3.8913317013111737e-14, 6.233902283270254e-14, 1.0891287871572786e-13, 1.9562129693895258e-13, 3.019251515468113e-13, 1.0380585280245214e-14, 3.214650767802141e-13, 2.660094367001875e-13, 1.3239409568654992e-13, 1.0751399770470016e-12, 2.3370194668359545e-14, 5.181965967437918e-13, 3.911870827266739e-13, 8.854028621385623e-14, 3.941291737419306e-14, 8.804068585277491e-14, 3.963496197911809e-14, 1.0169642905566434e-13, 6.672440377997191e-14, 5.601075159233915e-14, 9.930944955272025e-14, 5.800915303666443e-14, 7.799316747991725e-14, 1.4555023852835802e-13, 6.050715484207103e-14, 1.4727108421652702e-13, 8.076872504148014e-14, 1.244004899092488e-13, 8.54316617449058e-14, 5.540012892879531e-14, 4.694022948115162e-13, 1.1357581541915351e-13] 

Median VQE eigenvalues:
8.854028621385623e-14 

Min eigenvalue after 100 VQE steps on Aer qasm simulator: 1.03806e-14
Delta from reference energy value is 1.03806e-14 

Optimizer history of the smallest VQE eigenvalue:
[19.905665199617914, 19.054473136805125, 18.753007442826096, 17.472421507123187, 18.954533323153605, 14.492944653444297, 14.584140868957956, 15.151087207197241, 15.112178636555544, 14.886217168651795, 12.832825395192506, 9.18496937542504, 9.481397800019657, 9.998020099055305, 9.468331447887858, 8.16697037471304, 8.877498662750428, 11.345225510295208, 8.283912058521508, 7.428049908098484, 7.9908612341794685, 10.893611984897735, 10.291841696219658, 6.841752873567793, 9.009296669429283, 5.192473169270042, 9.489018213433779, 4.952223328065361, 6.706408128887114, 4.96819595686893, 5.825807665479125, 4.880500101904097, 6.014772878240477, 6.364076177410286, 3.637205213262971, 6.684387630550505, 3.474645859163459, 3.6071562206859107, 3.4597009924929387, 3.5809266479339636, 5.122070952285274, 2.733394661504072, 3.3405113063792595, 2.9260174151472804, 2.8873959265975193, 2.683985670419879, 3.8041343953398736, 2.5936579425102453, 2.910174176493254, 2.96134117059909, 2.458051664596924, 3.1871921085569963, 2.084784111419635, 2.048349574796308, 2.214533285331215, 2.142152070201561, 2.205586736342154, 1.9863532411830525, 1.8359026003538115, 1.4509609265851788, 1.698915376151738, 1.4487656878800281, 1.3436281017346892, 1.5801770609302548, 1.380851305830546, 0.9936959996613474, 1.0036135317248098, 0.9078700525576283, 0.7983370856039003, 0.8613187111651761, 0.9897779172823226, 0.7970179321925783, 1.1572797766162182, 0.9681160759127148, 0.6773232563442577, 0.6346931153502708, 0.6283196891857947, 0.685396061212527, 0.6562489624655551, 0.7080444353458234, 0.6520448005202668, 0.6125939673115972, 0.6030706847611624, 0.5886859664703661, 0.5560275194957482, 0.4195961240522522, 0.4456587983995593, 0.4676232968207568, 0.33087858965025124, 0.3031180940077996, 0.32051048766236906, 0.294014728519927, 0.2788881675239142, 0.25954778265789374, 0.24069585114441655, 0.23544367654588655, 0.26607529180776335, 0.24528804814314487, 0.2669983420257635, 0.1728975412817988, 0.1559249948218342, 0.16492093183450163, 0.18769400938624015, 0.16546237558824722, 0.18348695505695473, 0.15658631680995816, 0.18442561645687688, 0.16444672860594856, 0.11609936018410338, 0.22199410708273776, 0.13883347819440223, 0.1970807864695735, 0.1315643611711993, 0.09412770011609572, 0.07781107115002422, 0.08007084793157226, 0.07013140687154196, 0.07188830698529397, 0.07249416865680275, 0.06909449420344099, 0.06439440920204648, 0.06518908424568187, 0.07179689446705995, 0.057154244925042286, 0.054904983061222934, 0.06061246296572664, 0.05224968154447901, 0.051615163188427016, 0.058613460159251396, 0.07087129305894324, 0.04217651835379976, 0.05075780687372011, 0.04542760453947692, 0.04302977142146314, 0.0461662117986667, 0.07063191094394555, 0.0478219247252481, 0.03577875858187496, 0.027508892465749724, 0.029837327758139742, 0.035013467364090445, 0.026671741563896123, 0.032660184127918934, 0.031178692063627944, 0.03539757779749847, 0.027237456432811946, 0.02391139923444119, 0.028328211864431962, 0.02452477362646671, 0.024372523468280616, 0.023600911380389278, 0.025225107346707798, 0.02419630897177999, 0.019821474926416394, 0.015081437857019708, 0.014297529741121862, 0.016129366058895478, 0.010178381665593095, 0.010495413177197266, 0.01158423209256676, 0.009854712735302362, 0.011041388293291932, 0.009833566966531093, 0.009147761854842507, 0.008311277881489443, 0.009052508249798752, 0.010685134976925192, 0.008431729211957784, 0.00962835661710676, 0.006814783440467598, 0.01016092305570887, 0.007205181182694087, 0.004693402707026673, 0.006038242353401613, 0.004515001852062106, 0.00638345000234275, 0.004496058571814121, 0.0057920417687366, 0.005613911258004367, 0.0047128721882960245, 0.005011858567896488, 0.004598825803762363, 0.00470650570934128, 0.005216100762969467, 0.004633632883764727, 0.004877054054303387, 0.0053035625841444944, 0.003928738772483065, 0.003982158371861166, 0.0037107908389510946, 0.004192632876359514, 0.003964437240510321, 0.0037522810419614028, 0.003526426740453781, 0.003343923491285039, 0.003050193176035776, 0.0032090227458059783, 0.0031815678591649577, 0.003114020342307011, 0.0028611878822708547, 0.003127023543388896, 0.0029239785339086888, 0.0026199267092423817, 0.002279183652631467, 0.002548868179910513, 0.0022825256348997236, 0.002091199207852168, 0.002149287253541521, 0.0023651482914757715, 0.00204573676252634, 0.0019328432081962554, 0.001999900054582615, 0.0017912880207627269, 0.0019096115645121925, 0.0017994390716208342, 0.0018703993553233489, 0.0020827794270336097, 0.0016908020711686178, 0.0014992836808419008, 0.0016146888117544167, 0.0015466627915546871, 0.001456313611648663, 0.001443159935258731, 0.0013773982498110349, 0.0014109837601948838, 0.0012509341620577374, 0.001347099458408052, 0.001273886735912777, 0.0012705998556380438, 0.0012335520126775523, 0.0012824249282749056, 0.001291902066263173, 0.0011060648696313846, 0.0010735767403118879, 0.0010724833643251386, 0.001063831972813456, 0.0010581126090576376, 0.0010459931552224133, 0.0011507212009119194, 0.0009032489798773691, 0.0008360955595711483, 0.0008503726201162243, 0.000816050181087713, 0.000800655233997638, 0.0008125126164522656, 0.0007933220987238476, 0.0007720940726043124, 0.0006815360639303436, 0.0005926765584549076, 0.0005817948760410974, 0.0005987811920924457, 0.0005610986947478525, 0.0005058482712858581, 0.0005519255036317006, 0.0005568445110100684, 0.00045588513476590986, 0.0004537637331524236, 0.0004602827232779161, 0.0004277358912033735, 0.00044177251084381863, 0.00043286362174782544, 0.00047059896725648587, 0.00042672887201072873, 0.0003716298542888463, 0.00036618089334022885, 0.00036967849024638344, 0.0003915575359733081, 0.0003609697034751558, 0.0004361341488119952, 0.00033514878494855793, 0.0002868509364545857, 0.0003257685016159195, 0.00030544809437982323, 0.00030272901113925776, 0.00029035404579813573, 0.00029868598427224, 0.00039724784131955904, 0.000263342530743671, 0.00026925973821967375, 0.00026640790708704065, 0.000274352078577178, 0.00027570358164402675, 0.0002484725838680091, 0.0002367275173061345, 0.00021867625044769134, 0.0002253697704236446, 0.00021408396870503665, 0.00019629564067330518, 0.00018179906932819234, 0.00019673475451936762, 0.00018784448380348984, 0.0001855691464036635, 0.00018083414044600676, 0.00017080062551994013, 0.00016446946832876508, 0.00016417647584887618, 0.00016033010002730608, 0.00017438992009716214, 0.0001683189212756675, 0.00016069370822019424, 0.00016980284182199767, 0.00015435050758538793, 0.00013225361934826596, 0.00012768650364125556, 0.00012439182949131045, 0.00011692646122651862, 0.00011496031773883253, 0.0001257458839802883, 0.00011672041525712107, 0.00010483816947576274, 9.478317426475646e-05, 9.364165230374422e-05, 8.492269278848052e-05, 8.042661325152745e-05, 8.104475100334518e-05, 9.163228418629377e-05, 8.124479770599269e-05, 7.980908487142946e-05, 7.330700859897732e-05, 6.832311586441042e-05, 6.540478013472573e-05, 6.56799904566463e-05, 6.38311791080759e-05, 8.766926454978341e-05, 6.46772877242463e-05, 6.856410738315111e-05, 5.710036677175623e-05, 6.273924402883102e-05, 5.803125868303338e-05, 5.963648098750163e-05, 5.652591831722953e-05, 6.198491484504798e-05, 5.7827477579597275e-05, 5.539760788375592e-05, 5.769109271108741e-05, 5.169376432490047e-05, 4.8382054819384734e-05, 4.8107490883964044e-05, 4.7991990539564267e-05, 4.985226289616618e-05, 5.123709615478811e-05, 4.369246773588964e-05, 3.927504559880779e-05, 3.707673591513139e-05, 3.8760657692649136e-05, 3.468127250505493e-05, 3.900291789016297e-05, 3.739799629515206e-05, 3.4333225785665444e-05, 3.518835533616871e-05, 3.1686955564880215e-05, 3.323977590474758e-05, 3.064252201334661e-05, 2.7711030300525685e-05, 2.848605376082336e-05, 3.6904424073502806e-05, 2.8444186639997593e-05, 2.9896468950130206e-05, 2.6482161173457808e-05, 2.5143891591528078e-05, 2.6186765843816406e-05, 2.013543421880426e-05, 2.028826901612213e-05, 2.09647205189345e-05, 2.4494907073957517e-05, 2.0417288836949155e-05, 2.011926156025856e-05, 2.01251480686504e-05, 1.9890837417657625e-05, 1.7903924975526397e-05, 1.8543695957606854e-05, 1.8130555916207047e-05, 1.9542991648358043e-05, 1.7326947697793305e-05, 1.8359436925019512e-05, 1.7584806601855796e-05, 1.526048642175315e-05, 1.5502470361916654e-05, 1.5205062570911032e-05, 1.4760502774657791e-05, 1.5252183171499123e-05, 1.454283530910594e-05, 1.5144966734936816e-05, 1.3591950433156086e-05, 1.1764750376841437e-05, 1.1297350240024873e-05, 1.110418248184697e-05, 1.12787981564888e-05, 1.1486887709855065e-05, 1.0879778233607862e-05, 1.1233264199439486e-05, 9.84116855828887e-06, 9.01798450769764e-06, 9.157864312825392e-06, 8.528077110991905e-06, 7.931704971764209e-06, 7.259301846751498e-06, 6.771915730896527e-06, 6.690380214058322e-06, 7.1807579252736176e-06, 6.240858417605466e-06, 6.430173794813587e-06, 7.453311723026879e-06, 5.5326458397453315e-06, 4.711415894809168e-06, 5.434018395311657e-06, 4.9161754126503254e-06, 4.574426071934923e-06, 4.708503518080498e-06, 6.13702971896668e-06, 4.688703492516932e-06, 5.048760575387945e-06, 4.58584262580386e-06, 4.628776126336387e-06, 4.144091873881095e-06, 4.12194415977396e-06, 4.110706346815984e-06, 4.257768901116954e-06, 4.2986541946565815e-06, 4.13256280024088e-06, 3.992383067696892e-06, 4.10832837266506e-06, 3.970144036413714e-06, 4.095394395331464e-06, 3.624504250621108e-06, 3.320393329675486e-06, 3.1042334058262178e-06, 2.876428231490813e-06, 2.7822994318471572e-06, 2.7461829077424227e-06, 2.8013156109785164e-06, 2.9505343977498377e-06, 3.1124269962989892e-06, 2.8051124464356647e-06, 2.7212821337441184e-06, 2.6806656879263535e-06, 2.6248842909248893e-06, 2.595502297864094e-06, 2.0992650784923406e-06, 1.9345207197263292e-06, 1.958628333353918e-06, 1.985230138612515e-06, 1.7537484176544105e-06, 1.6319237560735722e-06, 1.6568061689259395e-06, 1.8521850275732277e-06, 1.817575164764218e-06, 1.6814275606846785e-06, 1.8754579896862467e-06, 1.73146719756323e-06, 1.6613903149331755e-06, 1.4286822370146446e-06, 1.4749872431774058e-06, 1.6160546186805291e-06, 1.3968859402524458e-06, 1.3755204795184994e-06, 1.7831002352974856e-06, 1.3041380106382228e-06, 1.0726976050756676e-06, 9.927985640811876e-07, 1.00779523709571e-06, 1.3951754632146596e-06, 1.0881361235393072e-06, 1.0876690351713236e-06, 1.0754884963160016e-06, 1.0914386717186808e-06, 1.0793125966856998e-06, 8.088327522193239e-07, 9.524486318523984e-07, 8.16799698322157e-07, 8.232023135379407e-07, 7.699665182103743e-07, 8.423558023329392e-07, 8.333123492354488e-07, 8.736892522787088e-07, 7.65787199652479e-07, 7.43074490272555e-07, 7.207158111421919e-07, 7.085497675252128e-07, 7.36877927010049e-07, 7.349873251127903e-07, 7.189135197704921e-07, 7.631351309211887e-07, 6.423990178694439e-07, 5.975658595724909e-07, 5.996272948172177e-07, 6.139518529679755e-07, 6.184953817434113e-07, 6.07696205523478e-07, 6.949644497655783e-07, 5.914605458179345e-07, 5.706186221310361e-07, 6.101730571916875e-07, 5.347973709435294e-07, 6.214199818055377e-07, 4.942718776490551e-07, 4.73406832512957e-07, 4.525830741841652e-07, 4.44556252254813e-07, 4.949934496734087e-07, 3.9286845965325057e-07, 4.076346998282965e-07, 3.669728195765387e-07, 3.558557824523412e-07, 4.2435557429110204e-07, 3.722550437901262e-07, 3.1423067198277366e-07, 3.746439991569872e-07, 3.2314138859179664e-07, 3.4880220822763874e-07, 2.855714704153023e-07, 3.773297350129212e-07, 3.0782439131016304e-07, 2.83426953961996e-07, 2.8178245459198337e-07, 2.7764780446970505e-07, 3.0792792393707913e-07, 2.709100488385019e-07, 2.7760000492760284e-07, 2.553561065932186e-07, 2.541173834136323e-07, 2.671224306194375e-07, 2.260410802978896e-07, 2.3863018955294635e-07, 2.2899012847021893e-07, 2.294117090739789e-07, 2.2522760084742188e-07, 2.0792589555673757e-07, 2.146638644062726e-07, 2.081820283383884e-07, 2.0761647490097346e-07, 2.1009994238818663e-07, 1.960386628585553e-07, 1.8387092198812738e-07, 1.9515009858084298e-07, 1.992253963467583e-07, 1.6444085509936812e-07, 1.629341732645173e-07, 1.536069520469141e-07, 1.4711880613749173e-07, 1.4247460283778324e-07, 1.6464946389627144e-07, 1.4459145358802772e-07, 1.3320895142499012e-07, 1.1776255970374905e-07, 1.1600545346546198e-07, 1.1446535891357357e-07, 1.3394512776709888e-07, 1.1703509861238359e-07, 9.447955606756153e-08, 9.49004357320149e-08, 9.438582981857735e-08, 9.329760292109412e-08, 9.344929441379435e-08, 8.904081710836564e-08, 8.929946615499063e-08, 8.859876954314672e-08, 9.850406890166141e-08, 9.104588938324554e-08, 7.699822912599075e-08, 7.520454031739732e-08, 8.635746417962054e-08, 7.592846462678438e-08, 8.254627076320631e-08, 6.979343564195162e-08, 7.373671995214437e-08, 6.286577808323202e-08, 6.218682269132358e-08, 7.206656738034667e-08, 6.596029850092222e-08, 7.152772424356968e-08, 6.475645542014519e-08, 7.243179261928745e-08, 5.6903410261543996e-08, 4.5830408246239074e-08, 5.1961683233958667e-08, 4.621258598014322e-08, 6.834300070313049e-08, 4.364167882631165e-08, 4.080472132406143e-08, 4.023866556623901e-08, 4.068764164477656e-08, 4.3239621383417415e-08, 4.021661242914476e-08, 4.0713111160162185e-08, 4.071192755139563e-08, 4.5140942261934214e-08, 3.7453825929567586e-08, 3.8991056883208586e-08, 3.7595235147236394e-08, 3.305969964451094e-08, 3.115120966734608e-08, 3.220973271433891e-08, 3.283561855749184e-08, 3.026335215761122e-08, 2.8367901305781373e-08, 2.627616679795608e-08, 3.062784492691151e-08, 2.7704804173023234e-08, 2.5007332038473606e-08, 2.5054505081723022e-08, 2.5569124373348018e-08, 2.515610242337374e-08, 2.5912202883393576e-08, 2.622162220689006e-08, 2.0530174782429356e-08, 2.288254558058256e-08, 2.0136404155213228e-08, 2.247417096867821e-08, 2.0924231458607778e-08, 1.876027749814213e-08, 2.5849783646947344e-08, 1.7783574335350494e-08, 1.7686783981840648e-08, 1.8354685216159794e-08, 2.2499852481150384e-08, 1.631259327616874e-08, 1.6522464618695665e-08, 1.7816573383289125e-08, 1.5299902123011577e-08, 1.5613881965137466e-08, 1.1959550849649503e-08, 1.579957836783663e-08, 1.1444069858423944e-08, 1.410406824664534e-08, 1.0962151519855468e-08, 1.0541949313491727e-08, 9.683282731209886e-09, 9.458397065564839e-09, 1.0086849078216886e-08, 1.3827468503535556e-08, 1.017200018660347e-08, 7.239585819718286e-09, 1.016484302285292e-08, 7.399756418724479e-09, 9.458617389324075e-09, 7.977596749864091e-09, 1.2232536927836435e-08, 7.32309407558418e-09, 7.463871909418884e-09, 9.030086012273841e-09, 7.347643660171599e-09, 6.046949607707575e-09, 6.278993602837346e-09, 6.299452126601324e-09, 7.217481556853755e-09, 6.190967238861589e-09, 5.178038386954853e-09, 5.215105070011106e-09, 5.607935893436888e-09, 5.477771458650693e-09, 5.412521097980516e-09, 4.997844638143789e-09, 4.928302377305016e-09, 4.954205545804058e-09, 4.523635632747158e-09, 4.247431184545292e-09, 3.790974589801266e-09, 3.7755610304834875e-09, 3.4374024182604046e-09, 3.384566071851225e-09, 3.3870871662955437e-09, 3.3974445479145743e-09, 3.444915797068404e-09, 3.331111053661573e-09, 3.0557436581091224e-09, 2.9824349101481573e-09, 2.933658482806578e-09, 2.7286919390689945e-09, 2.9868658102394363e-09, 2.7712210859398567e-09, 2.4138361309766765e-09, 2.4220538907826494e-09, 2.4135747289655285e-09, 2.5094104572076503e-09, 2.5536001646564443e-09, 2.3456753761585958e-09, 2.377044117096716e-09, 2.392621711866383e-09, 2.4665052222871964e-09, 2.4484040905825566e-09, 2.30504865195158e-09, 2.1077130596403038e-09, 2.1383567139210413e-09, 2.113843045048469e-09, 2.059471759796594e-09, 2.0554366542135938e-09, 2.4696128475554247e-09, 1.660399373548671e-09, 1.6317526774223268e-09, 1.5203804326624493e-09, 1.3718937652562602e-09, 1.4233498268900746e-09, 1.6662387580801408e-09, 1.4780751622645028e-09, 1.5409531983756608e-09, 1.3597036274681784e-09, 1.1095731555776922e-09, 1.0975516051558998e-09, 1.1334847505040102e-09, 1.2244487646029256e-09, 1.0847294729110502e-09, 1.3589590008855623e-09, 1.105038283100157e-09, 1.0599912614317475e-09, 1.074508038101385e-09, 1.0223996094183008e-09, 9.752974539090076e-10, 1.0890882085057285e-09, 9.454264038311067e-10, 1.261898974203035e-09, 1.0388498949964742e-09, 7.731724149806496e-10, 7.03953340064345e-10, 7.459570738888033e-10, 7.388142875264236e-10, 6.716155964703319e-10, 7.986313277363877e-10, 7.857964834379061e-10, 7.058069129151079e-10, 6.602072222250399e-10, 6.150275289051876e-10, 5.932470070746376e-10, 7.266919288539953e-10, 5.63652791107927e-10, 8.710220322782902e-10, 6.101757987764245e-10, 5.000360125961834e-10, 5.024137772480231e-10, 5.241063139038715e-10, 7.071154217719311e-10, 4.474463577430754e-10, 3.980584195595327e-10, 3.768100276246855e-10, 4.077195248086696e-10, 3.578830565231783e-10, 3.312095597785003e-10, 2.94154978153216e-10, 2.817484578976348e-10, 3.1580377202189425e-10, 2.2431539958844837e-10, 2.4650292917982597e-10, 2.3600671417156605e-10, 2.0968110581165433e-10, 2.05071293279957e-10, 1.873436406008011e-10, 1.894063239582522e-10, 1.9625295832881307e-10, 2.6604912717331786e-10, 2.0067891792763248e-10, 2.5293472871723566e-10, 1.8888968167374287e-10, 1.380176528620325e-10, 2.0519874688318396e-10, 1.405375260610242e-10, 1.5391821150956275e-10, 1.4703915862668282e-10, 1.3614742666590018e-10, 1.3761636274978173e-10, 1.4063905595662618e-10, 1.4198014985922214e-10, 1.3980894220111395e-10, 1.5308532219648896e-10, 1.4219664334902404e-10, 1.5008194687027299e-10, 1.4622925093021877e-10, 1.2763501366919172e-10, 1.0903078440094305e-10, 1.1608919381345117e-10, 1.1015693912597158e-10, 1.0582923426483148e-10, 1.0996548116537497e-10, 1.076937983235382e-10, 1.0947975859210146e-10, 9.633205344528051e-11, 1.0615536227831512e-10, 9.492812091949077e-11, 9.856948590680759e-11, 7.822059666651171e-11, 8.687855990174853e-11, 8.292944109200562e-11, 7.487399589223287e-11, 8.154804609361577e-11, 8.533485029715848e-11, 8.217182490000141e-11, 6.69806432540554e-11, 6.884781633686998e-11, 8.174622090351136e-11, 6.385669770736513e-11, 6.357153692349016e-11, 6.370848293357767e-11, 7.951378444559509e-11, 6.299011312549396e-11, 6.106265493244223e-11, 5.3644255704199395e-11, 4.961120403379482e-11, 5.048333973078911e-11, 7.298739390648734e-11, 4.466160774541095e-11, 4.1540826334340863e-11, 4.277456167045557e-11, 3.794126124390118e-11, 3.0942970408176507e-11, 4.0602132767020294e-11, 3.096745082586949e-11, 2.5435986650279574e-11, 3.439831752771738e-11, 2.5115520774221523e-11, 3.640554524508843e-11, 2.3837543050575505e-11, 3.7232661398434175e-11, 2.1116219883765552e-11, 2.2037371927297045e-11, 2.559774614496746e-11, 2.6999791291615338e-11, 2.1622093004936005e-11, 2.208921934254704e-11, 2.741296079022959e-11, 2.2348511929948245e-11, 1.9882873125709466e-11, 2.0578760917544514e-11, 2.0313473125810333e-11, 2.1610990774689753e-11, 1.8254786571247905e-11, 1.8114565403237748e-11, 1.8754331421177994e-11, 1.7340850977376476e-11, 2.0535850797642752e-11, 1.765793067320942e-11, 1.6584733586455513e-11, 1.718825082264175e-11, 1.7027379506373563e-11, 1.822186845856777e-11, 1.693017948056763e-11, 1.7979007171931016e-11, 1.6084023002349568e-11, 1.6134149571911394e-11, 1.7260970430754696e-11, 1.3980927526802134e-11, 1.3371637130887848e-11, 1.3546386234963848e-11, 1.3376633134498661e-11, 1.3456957770330291e-11, 1.1974699010153245e-11, 1.0684453322085119e-11, 1.0786371795745708e-11, 1.0868250743811814e-11, 9.137579581874888e-12, 8.26644308560276e-12, 8.138101303956091e-12, 8.550882224511724e-12, 7.432665594109267e-12, 6.565414878423326e-12, 5.803746372379237e-12, 5.995481888732002e-12, 5.945799408380026e-12, 6.3584693066331965e-12, 6.457334666976067e-12, 5.281552972746795e-12, 5.547284853690826e-12, 5.170808226040435e-12, 4.629630012686903e-12, 3.991751373888519e-12, 4.2538750300025185e-12, 4.1419090379690715e-12, 5.1824655677989995e-12, 4.243216888966117e-12, 3.900657574718025e-12, 4.200750858274205e-12, 3.018363337048413e-12, 3.1615821072250583e-12, 3.2619462686511724e-12, 3.90087961932295e-12, 3.2244762415700734e-12, 3.076705556992465e-12, 3.0410118867507663e-12, 2.412681165964159e-12, 3.690880934215102e-12, 2.4721891200840673e-12, 2.4538704401777522e-12, 2.587707825796315e-12, 2.2480350914122482e-12, 2.267575016645651e-12, 2.1285750939625814e-12, 2.3598900611432327e-12, 2.2422619316841974e-12, 2.153721645470341e-12, 2.1669332994633805e-12, 2.311928426479426e-12, 1.9426127373378677e-12, 1.7718049249992873e-12, 1.7598700274845669e-12, 1.8541279622752427e-12, 1.691868867226276e-12, 1.8572920978954244e-12, 1.8588464101298996e-12, 1.7449930389545898e-12, 1.7265633367458122e-12, 1.8923751454735793e-12, 1.5537016118116753e-12, 1.5754619830943284e-12, 1.5453749391269866e-12, 1.4925838343060605e-12, 1.6168733019128467e-12, 1.4560019856446615e-12, 1.7715828803943623e-12, 1.3464784842653899e-12, 1.2957412920400202e-12, 1.3053447212030278e-12, 1.3518630659348219e-12, 1.323885445714268e-12, 1.3667955656160302e-12, 1.26793020527316e-12, 1.2553291739436645e-12, 1.21452847778869e-12, 1.0346168366481834e-12, 9.600098493933729e-13, 1.0202949596305189e-12, 9.393041899841137e-13, 8.875677970365814e-13, 9.126033262418787e-13, 8.441580767737378e-13, 8.044120924921572e-13, 8.279488206142105e-13, 7.569500581894317e-13, 7.698286452750835e-13, 7.119860256921129e-13, 6.984968159429172e-13, 7.241429678117584e-13, 6.63136212608606e-13, 6.340483693634269e-13, 6.162292898181931e-13, 6.974976152207546e-13, 5.607181385869353e-13, 4.972688927296076e-13, 5.054290319606025e-13, 4.79061235125755e-13, 4.817257703848554e-13, 4.657385588302532e-13, 4.876654635666e-13, 4.591327318337335e-13, 4.506950368465823e-13, 4.780065232523611e-13, 5.155320614846914e-13, 4.443667656062189e-13, 3.9057646006313007e-13, 4.330424907550423e-13, 4.4259040876681865e-13, 3.5360603334311236e-13, 3.3389957465601583e-13, 3.7048142331741474e-13, 3.9035441545820504e-13, 3.260169911811772e-13, 2.8282931552325863e-13, 2.7094992915976945e-13, 2.7111646261346323e-13, 2.873257187729905e-13, 2.757793993168889e-13, 3.230193890146893e-13, 2.671751708760439e-13, 2.619571226603057e-13, 2.918221220227224e-13, 2.159938894408242e-13, 3.0675462170393075e-13, 2.013944566670034e-13, 1.5393242236427795e-13, 2.0555779300934773e-13, 1.73749903353837e-13, 1.7286172493413687e-13, 1.5987211554602254e-13, 1.9695356456850277e-13, 1.616484723854228e-13, 1.496580637194711e-13, 1.4560574967958928e-13, 1.6259216195635418e-13, 1.5853984791647235e-13, 1.7486012637846216e-13, 1.5815126985785355e-13, 1.535993554568904e-13, 1.371680546924381e-13, 1.5171197631502764e-13, 1.3700152123874432e-13, 1.3999912340523224e-13, 1.4371837053772651e-13, 1.4854784069484595e-13, 1.421640583032513e-13, 1.3300471835009375e-13, 1.315059172668498e-13, 1.2828627049543684e-13, 1.0985656828665924e-13, 1.0313971898767704e-13, 1.0574874309554616e-13, 1.0563772079308364e-13, 1.0152989560197057e-13, 1.0802470029602773e-13, 1.0519363158323358e-13, 1.067479438177088e-13, 9.930944955272025e-14, 9.958700530887654e-14, 9.348077867343818e-14, 1.1224354778960333e-13, 9.642286968869485e-14, 1.1957101975212936e-13, 1.0935696792557792e-13, 9.475753515175711e-14, 1.0130785099704553e-13, 7.949196856316121e-14, 7.738254481637341e-14, 7.704947790898586e-14, 7.460698725481052e-14, 7.405187574249794e-14, 7.577272143066693e-14, 7.732703366514215e-14, 6.705747068735946e-14, 6.006306563222097e-14, 6.7390537594747e-14, 6.683542608243442e-14, 8.276712648580542e-14, 6.961098364399732e-14, 5.823119764158946e-14, 5.5566662382489085e-14, 6.356026815979021e-14, 5.684341886080802e-14, 4.446443213623752e-14, 4.796163466380676e-14, 4.929390229335695e-14, 4.191091917959966e-14, 4.8905324234738146e-14, 4.7128967395337895e-14, 4.529709940470639e-14, 2.8976820942716586e-14, 2.5923707624997405e-14, 3.980149543281186e-14, 2.5590640717609858e-14, 3.5915714846623814e-14, 2.1316282072803006e-14, 2.2870594307278225e-14, 1.304512053934559e-14, 7.882583474838611e-15, 1.4710455076283324e-14, 1.1324274851176597e-14, 1.0880185641326534e-14, 1.9373391779708982e-14, 1.3100631690576847e-14, 1.3211653993039363e-14, 1.5376588891058418e-14, 2.8754776337791554e-14, 1.3711254354120683e-14, 1.0269562977782698e-14, 1.4099832412739488e-14, 1.176836406102666e-14, 1.1157741397482823e-14, 1.0269562977782698e-14, 7.882583474838611e-15, 1.021405182655144e-14, 8.604228440844963e-15, 9.769962616701378e-15, 8.43769498715119e-15, 1.1379786002407855e-14, 9.936496070395151e-15, 9.048317650695026e-15, 1.2712053631958042e-14, 1.0269562977782698e-14, 1.0380585280245214e-14] 

Smallest VQE eingenvalue optimizer final message:
{   'aux_operators_evaluated': None,
    'cost_function_evals': 1064,
    'eigenvalue': 1.0380585280245214e-14,
    'optimal_circuit': <qiskit.circuit.library.n_local.real_amplitudes.RealAmplitudes object at 0x00000223856F3F50>,
    'optimal_parameters': {   ParameterVectorElement(θ[0]): 4.069595445811785e-09,
                              ParameterVectorElement(θ[1]): 3.1415926520167594,
                              ParameterVectorElement(θ[2]): 3.1415926447166562,
                              ParameterVectorElement(θ[3]): -0.6006902852023269,
                              ParameterVectorElement(θ[4]): -1.5707963304279633,
                              ParameterVectorElement(θ[5]): 1.570796334611124,
                              ParameterVectorElement(θ[6]): -6.121302773345027e-10,
                              ParameterVectorElement(θ[7]): -3.141592661243382,
                              ParameterVectorElement(θ[8]): -1.7685707817407933e-08,
                              ParameterVectorElement(θ[9]): 3.742282924529112,
                              ParameterVectorElement(θ[10]): 1.5707963449125595,
                              ParameterVectorElement(θ[11]): -4.712388789456264},
    'optimal_point': array([ 4.06959545e-09,  3.14159265e+00,  3.14159264e+00, -6.00690285e-01,
       -1.57079633e+00,  1.57079633e+00, -6.12130277e-10, -3.14159266e+00,
       -1.76857078e-08,  3.74228292e+00,  1.57079634e+00, -4.71238879e+00]),
    'optimal_value': 1.0380585280245214e-14,
    'optimizer_evals': None,
    'optimizer_result': <qiskit_algorithms.optimizers.optimizer.OptimizerResult object at 0x0000022382BD3C20>,
    'optimizer_time': 2.372084617614746}
     ┌──────────┐ ░                           ░  ┌──────────┐
q_0: ┤ Ry(θ[0]) ├─░───────────────────────■───░──┤ Ry(θ[6]) ├
     ├──────────┤ ░                     ┌─┴─┐ ░  ├──────────┤
q_1: ┤ Ry(θ[1]) ├─░──────────────────■──┤ X ├─░──┤ Ry(θ[7]) ├
     ├──────────┤ ░                ┌─┴─┐└───┘ ░  ├──────────┤
q_2: ┤ Ry(θ[2]) ├─░─────────────■──┤ X ├──────░──┤ Ry(θ[8]) ├
     ├──────────┤ ░           ┌─┴─┐└───┘      ░  ├──────────┤
q_3: ┤ Ry(θ[3]) ├─░────────■──┤ X ├───────────░──┤ Ry(θ[9]) ├
     ├──────────┤ ░      ┌─┴─┐└───┘           ░ ┌┴──────────┤
q_4: ┤ Ry(θ[4]) ├─░───■──┤ X ├────────────────░─┤ Ry(θ[10]) ├
     ├──────────┤ ░ ┌─┴─┐└───┘                ░ ├───────────┤
q_5: ┤ Ry(θ[5]) ├─░─┤ X ├─────────────────────░─┤ Ry(θ[11]) ├
     └──────────┘ ░ └───┘                     ░ └───────────┘
The number of ansatz parameters is: 
 12
Line for latex table
RA r1 rl & $1\mathrm{e}{-08}$ & 93/100 &1687 & $1.0381\mathrm{e}{-14}$ & $1.0381\mathrm{e}{-14}$ & $8.854\mathrm{e}{-14}$ & $8.854\mathrm{e}{-14}$ & - & 00h 08m 30s\\

