1.6034000000000006 0.020009459363011295
0.06099999999999994 0.005654975862017448
0.29389999999999716 0.015364613792738173
0.11920000000000108 0.00921007318103392
0.5111000000000008 0.019242667980298347
0.1457999999999977 0.010297874343766287
1.0907 0.022890834956375016
0.10490000000000066 0.009830362709483332
1.4469000000000012 0.021331868061658373
1.6075999999999997 0.021188080611513647
0.856300000000001 0.02234487232006486
0.14080000000000048 0.01141914077328061
0.2787000000000024 0.016970036269849293
0.18120000000000047 0.01397861938819424
1.5766999999999989 0.025412685237888574
3.397100000000002 0.028185789203071823
0.13609999999999722 0.01096099899644189
0.7367000000000008 0.02169881616586489
1.9356999999999989 0.022624448744665578
0.9369999999999994 0.022280102692761528
1.7185000000000024 0.020314958208177546
0.09890000000000221 0.010637045689476024
0.37349999999999817 0.015732332853076805
0.23189999999999955 0.01249021669147497
3.082200000000004 0.02767652116867291
0.23499999999999766 0.010245083308592485
0.2745999999999995 0.013140884597316877
0.14920000000000044 0.013663791860241411
1.7373000000000012 0.023031186573861117
3.4209999999999976 0.03047126022992814
0.4471000000000007 0.02062878859749162
0.6884000000000015 0.020295249197780273
2.5265999999999984 0.0220798668474246
0.33619999999999983 0.0171413537388387
3.3864 0.029186887877949572
0.8432999999999975 0.020094340870006142
0.0630999999999986 0.00778855962293417
0.9547000000000008 0.019071180482602538
0.37569999999999837 0.017686135954470092
1.7250999999999994 0.02396061015500233
0.09499999999999886 0.007968041164552271
0.1568000000000005 0.012787832028924992
0.5222999999999978 0.017202420265764934
1.7204999999999995 0.019526276936477148
0.09649999999999892 0.007545700696423068
0.15690000000000204 0.011683524511036924
0.7281000000000013 0.022052144861668226
2.1088000000000005 0.031651516740908325
0.39390000000000036 0.019350481931982993
0.519899999999998 0.0181403367388811
1.0226000000000042 0.023841588202131177
0.12599999999999767 0.010420812252411045
0.905800000000001 0.020757165509770352
0.42790000000000106 0.01610398605935808
0.3520999999999983 0.015873139229528578
0.2414999999999985 0.007067518871570109
0.8065999999999995 0.021354052730102532
0.0838000000000001 0.008487572797920482
0.08520000000000039 0.008286747974929643
0.10420000000000051 0.00893145228952159
0.24320000000000164 0.01115994677406661
0.06059999999999732 0.003882967937029584
0.476899999999997 0.020837402165337207
0.24379999999999669 0.012692931261139006
0.0813000000000006 0.00823067135779335
0.31479999999999997 0.01614156374085238
0.7652000000000001 0.017794874767752662
0.6320000000000014 0.021965697803621002
0.2234000000000016 0.01448610893235311
0.34070000000000356 0.018294887783203272
1.597699999999998 0.024634379208739964
3.1479 0.03054539413725089
0.18989999999999974 0.012047162030951537
2.1686000000000014 0.020208729994732465
1.2681000000000022 0.020734209051709706
6.841499999999998 0.0463109274253928
0.5139999999999976 0.01681941687455305
0.19510000000000183 0.014549829380442922
0.9725999999999999 0.012940456869832669
0.1609999999999996 0.012309504620414262
0.14339999999999797 0.013124716225503678
0.12140000000000128 0.009730956787490095
0.08690000000000175 0.008887335539969248
0.5523999999999987 0.02022884939881654
0.13439999999999763 0.008211770089329069
0.12230000000000096 0.009245256783886527
0.5061 0.020571647697741682
0.29309999999999725 0.016801076483368538
0.13240000000000052 0.011016776661074711
0.2559999999999967 0.013826773303992543
1.112 0.01565745841444262
2.6247999999999987 0.021742505927330458
0.0929999999999982 0.008834546734269923
0.18989999999999974 0.014348172462024562
0.15520000000000067 0.011342964515504785
0.20269999999999833 0.014195133426636038
1.2367000000000026 0.024104694750193393
0.1095000000000006 0.0069584230253700845
0.42710000000000115 0.015189987590515031
0.8459000000000003 0.019487447934503903
