4.5984678206711926e-05
0.0006371907592536696
2.4156549211340472e-05
5.212421715516946e-05
6.187944281343949e-05
8.411606661257176e-05
0.0001123346284994664
7.376147475296468e-05
0.00012101406930570269
7.960425696779128e-05
0.0003623217675398638
3.5589028732685435e-05
0.00011983956002897811
0.0008639447875732897
0.00012415788530245608
3.2808503046433124e-05
0.0002465464128884043
0.0005895590146184904
3.370972331617761e-05
7.817165904949741e-05
9.119013261116304e-06
1.0119428769717054e-05
3.4343776448564345e-05
2.7726227954438798e-05
0.00010979524621612669
0.00014418074697669647
0.0005524247953020422
2.7579360827145738e-05
0.00041445699108111356
1.2197575225081358e-05
1.067350075678597e-05
3.548071803838315e-05
0.00014784055407823793
0.00042373628049624523
0.00016368539242039848
3.584271990414445e-05
8.864484956855323e-05
6.512245258105676e-05
0.00010281888516350257
0.0001211577101826733
5.1893218998289026e-05
4.9814761778288474e-05
5.613909892793201e-05
0.0004065954828748608
0.0002524786759369735
3.459295585150901e-05
1.5496585647811756e-05
0.0002715101533615205
0.00021242019776102072
4.775514106392098e-05
4.845398269714973e-05
0.00033664329413046756
1.7988648681077635e-05
0.00010481520254196353
4.042080914462565e-05
6.543699332872688e-05
0.0003439013907473032
4.681996122712917e-05
4.462493673046408e-05
2.959659279333504e-05
7.816569168234144e-05
0.0006011148671397626
0.00033665943534016973
0.00018828737840614895
0.00028830454257500193
4.6644954893038104e-05
4.672511740805296e-05
8.55451782588168e-05
0.00036371455800859875
7.168871912049957e-05
4.251608249061789e-05
0.00011301328932422638
8.385120189824402e-05
4.605961796128044e-05
0.0001898611211628709
8.751276506613337e-05
3.723710473918507e-05
2.8947743977048024e-05
8.748314026080228e-05
0.000559286735970943
2.850611527110969e-05
2.9014968349838632e-05
0.00025149734842333515
5.816009322862081e-05
4.6429444035600564e-05
1.4917164273431371e-05
0.0005143237166900794
0.00010815845043010697
6.352681651161651e-05
0.0005275868449700627
3.5667261557181806e-05
5.110739197866643e-05
0.0002287911090991246
8.263205782144123e-05
4.087789236911776e-05
6.50268390026687e-05
5.039639361370529e-05
0.00010872691167451709
0.0002378259075050404
7.782266764855272e-05
