RA_r1_rl
15m33s__2789
1e-03
0.14687876211540368
0.027493878875696542
0.10352068611132637
5.466754982315002
0.04671887969935973
0.16101229890364444
0.09508562352581573
0.14325705852545467
0.13944604356850188
0.10732230648365126
0.039507495344263344
0.17858092977530537
0.05671805062778512
0.20854570036160686
0.10534973843332851
0.13253473091122536
0.1964187297958369
0.09191212278027028
1.9789981282897162
0.1252224220151168
1.7449884935707092
0.10094505072787341
1.7327951943022109
0.10193430891322353
0.12670999867857313
0.1165767846704675
0.07536179781128538
5.631575280940622
0.08107392894395216
0.02505279959697171
0.07707563671501116
0.05373266779063379
0.40844003761028114
0.12159138032630823
5.223619106198464
0.029327091499525726
1.766315445157665
0.21511349118813372
5.724419756966654
1.6767245836425277
1.1602843679649193
0.049073685073451556
5.528682746358525
0.0857960272005639
0.03297912645030632
0.137659474959826
0.11876382199688584
0.4078704460003249
0.0409027612076861
1.9238803490169496
0.0828014569872868
0.030816224704482642
0.07347961997770791
0.0449266953447508
0.10213636518570657
0.08966773132013683
5.726871758338263
9.450526900506462
1.7456289864459484
0.25069680255733506
5.550998211414305
1.694893499784139
0.019087161691164645
0.03483806881558149
0.07439470587199115
5.594807009779872
0.07483593400954547
0.14172817650295388
0.07447873652201664
0.11409787415943762
0.09543371613338925
0.03609271704471484
0.20752251437306235
0.11382085453036295
0.10576032374756661
1.7561777180191167
1.6729380193577699
0.12264108962219544
1.7828414192125877
0.1305663114690203
9.465223060242275
0.06197830867144172
0.04061172161354709
9.45587842762857
1.7804854680396642
0.07819380655450658
0.10088745353213402
0.07168262894171618
5.7766514086057725
0.08146694017914469
0.0890530146147206
0.10126753642235298
0.06041375336499799
0.0694803958571596
0.09381564108245011
0.023519334879983922
0.12910654255328985
0.08205637242013886
0.1761570119767203
0.10269040600637658
