No Shot Noise
01/11/2024 12:38:19 

VQEr_100_COBYLA_maxIter_10000_tol_1e-03_RA_r1_rl 

Reference value: -1.1669756808e-03 

Qubits:  5
VQE runs:  100
Optimizer:  COBYLA
Max iterations:  10000
Optimizers's tolerance:  1e-03
Ansatz:  RA_r1_rl 

All run converged!!!
Number of iterations for each converged VQE run:
[4188, 2795, 1617, 912, 3143, 2230, 2282, 3218, 1947, 1179, 2369, 2452, 3144, 3339, 1893, 5340, 2540, 2899, 2253, 3755, 4429, 3304, 831, 3433, 3884, 2245, 2334, 1894, 2931, 1604, 2216, 1185, 1697, 3799, 2538, 1236, 1175, 1553, 645, 846, 2350, 2366, 1965, 7630, 5788, 4749, 4312, 2460, 2995, 5359, 1783, 1190, 1345, 5712, 2259, 3439, 1401, 808, 1950, 2360, 1975, 1012, 3371, 915, 2554, 1924, 4441, 4228, 4646, 3714, 2367, 2394, 2612, 5537, 1053, 579, 2493, 5484, 7296, 2157, 1806, 6664, 2851, 999, 1300, 2589, 5215, 3940, 3227, 2823, 3730, 564, 3281, 2999, 3642, 1757, 1910, 3394, 4094, 1913] 

Average iterations of converged run:
2789 

VQE eigenvalues:
[0.14687876211540368, 0.027493878875696542, 0.10352068611132637, 5.466754982315002, 0.04671887969935973, 0.16101229890364444, 0.09508562352581573, 0.14325705852545467, 0.13944604356850188, 0.10732230648365126, 0.039507495344263344, 0.17858092977530537, 0.05671805062778512, 0.20854570036160686, 0.10534973843332851, 0.13253473091122536, 0.1964187297958369, 0.09191212278027028, 1.9789981282897162, 0.1252224220151168, 1.7449884935707092, 0.10094505072787341, 1.7327951943022109, 0.10193430891322353, 0.12670999867857313, 0.1165767846704675, 0.07536179781128538, 5.631575280940622, 0.08107392894395216, 0.02505279959697171, 0.07707563671501116, 0.05373266779063379, 0.40844003761028114, 0.12159138032630823, 5.223619106198464, 0.029327091499525726, 1.766315445157665, 0.21511349118813372, 5.724419756966654, 1.6767245836425277, 1.1602843679649193, 0.049073685073451556, 5.528682746358525, 0.0857960272005639, 0.03297912645030632, 0.137659474959826, 0.11876382199688584, 0.4078704460003249, 0.0409027612076861, 1.9238803490169496, 0.0828014569872868, 0.030816224704482642, 0.07347961997770791, 0.0449266953447508, 0.10213636518570657, 0.08966773132013683, 5.726871758338263, 9.450526900506462, 1.7456289864459484, 0.25069680255733506, 5.550998211414305, 1.694893499784139, 0.019087161691164645, 0.03483806881558149, 0.07439470587199115, 5.594807009779872, 0.07483593400954547, 0.14172817650295388, 0.07447873652201664, 0.11409787415943762, 0.09543371613338925, 0.03609271704471484, 0.20752251437306235, 0.11382085453036295, 0.10576032374756661, 1.7561777180191167, 1.6729380193577699, 0.12264108962219544, 1.7828414192125877, 0.1305663114690203, 9.465223060242275, 0.06197830867144172, 0.04061172161354709, 9.45587842762857, 1.7804854680396642, 0.07819380655450658, 0.10088745353213402, 0.07168262894171618, 5.7766514086057725, 0.08146694017914469, 0.0890530146147206, 0.10126753642235298, 0.06041375336499799, 0.0694803958571596, 0.09381564108245011, 0.023519334879983922, 0.12910654255328985, 0.08205637242013886, 0.1761570119767203, 0.10269040600637658] 

Median VQE eigenvalues:
0.11395936434490028 

Min eigenvalue after 100 VQE steps on Aer qasm simulator: 1.90872e-02
Delta from reference energy value is 2.02541e-02 

Optimizer history of the smallest VQE eigenvalue:
[661.5109029533262, 394.22125186770387, 216.73994632735113, 312.0574648139119, 595.2010520456657, 194.2796232992074, 195.99226800094013, 181.9679310940817, 91.20503385780336, 202.0752801693682, 91.66233380164515, 192.8569894836305, 456.2603279817739, 220.77169217769497, 93.55059176269967, 94.00116960421671, 99.89255041700808, 159.54337997377618, 91.10406380242418, 116.91551427759579, 102.10649259595205, 101.36003411261012, 82.8329515768231, 80.43087368508233, 72.1852180600533, 71.76351933011917, 68.38703873614061, 105.23024379791427, 56.27787278270165, 50.15839092728087, 49.285785994154686, 65.02016371114426, 50.61790844301162, 63.999449191025164, 50.55522040835321, 51.195032520530766, 48.29291913150002, 53.64579475792756, 47.033855389699184, 50.15398257854182, 45.17275188270122, 40.77410450159688, 42.815331373017216, 37.29406231353834, 34.23992662040619, 34.32233975121585, 34.47778051506649, 33.041797044303905, 29.613372299336735, 31.66136526340466, 28.665840758451424, 33.161080847462244, 29.31127594591867, 25.643980650955303, 23.427967139195434, 26.374254002664482, 24.15468744906976, 25.619014056469496, 23.76573416934969, 28.7653250286688, 24.414529283552554, 20.9455780275867, 23.14099553028011, 22.115412128427703, 21.18323222274912, 21.020146855147313, 21.320541844718647, 20.548225349036482, 20.841448238487523, 20.934474008369328, 20.55686260240627, 21.48622608497034, 21.0877557144901, 19.976922133587816, 19.532936951410107, 19.185175607556946, 18.922699935302845, 19.132885617089965, 19.29932109685997, 19.20618705173402, 19.381847400993376, 18.86874458311825, 19.14220887516947, 19.43164349496713, 18.929479011789212, 19.017003910771386, 19.27178817733865, 18.844574691513913, 18.96865947682324, 18.823340152413763, 19.034713457484894, 18.95098320480566, 18.94713573250951, 18.91130338362427, 18.641339842403603, 18.581872917149358, 18.51564495596364, 18.7869986558476, 18.49093288269024, 18.18327616595521, 18.273206757189477, 18.106023106775933, 18.01303224936877, 18.12656007600409, 18.078860981553387, 18.32601962539562, 18.133846236223484, 17.90486816196131, 17.9233197894839, 17.941907939929173, 18.038712680970566, 17.7991152867809, 17.829842839623968, 17.820472728954392, 17.803951032895792, 17.72870722048777, 17.734851109771142, 17.72338402025412, 17.745993416038957, 17.754633549118736, 17.68198857395708, 17.635634708618433, 17.623467824269454, 17.623815345323838, 17.56991314428374, 17.690345364046728, 17.59301902681006, 17.511461127809934, 17.531102528192417, 17.58784278724856, 17.491907706804433, 17.47669643719764, 17.505123441665642, 17.508572842693543, 17.397101740457696, 17.34658018660967, 17.329098436735407, 17.365117477910267, 17.33111549137794, 17.3805652443196, 17.254620379294607, 17.242738745655142, 17.217541721172484, 17.138981317746598, 17.18236605773659, 17.117283372365986, 17.087363212365887, 17.057975247965878, 17.018654287176606, 17.003113109033755, 17.028176753558416, 17.00429980746963, 16.95426592511386, 16.920314825111245, 16.912181219792743, 16.871113939943605, 16.82266862837101, 16.909490554417086, 16.847808002938876, 16.8394263832916, 16.85007121574464, 16.811995943926483, 16.835740085129647, 16.74629344469753, 16.816698584244985, 16.732240785939336, 16.72490358711593, 16.687907892647758, 16.621498755062564, 16.628909585944275, 16.625222292804107, 16.617463253447067, 16.627822029871787, 16.592422351203577, 16.54239102123897, 16.504180062997854, 16.48117954457711, 16.480432870876015, 16.63692561090927, 16.49826780579868, 16.471910491532373, 16.490574851372752, 16.41631817029383, 16.43501411269626, 16.381468572108624, 16.357935642210002, 16.40650386030961, 16.288749792332364, 16.28830900014142, 16.3105984030974, 16.27364194652523, 16.265099272742066, 16.243556126250027, 16.244894148925155, 16.299605770103064, 16.21688115997274, 16.242226221878024, 16.19734685751671, 16.22624452893106, 16.218823513258513, 16.192676111571995, 16.188631489243527, 16.19708503667123, 16.1689978837734, 16.16731327632694, 16.16466366428448, 16.13143316234454, 16.115236026031674, 16.104498443685536, 16.068489401546994, 16.076498139822508, 16.07048737431082, 16.028654672627205, 16.009873483260918, 16.002175858174386, 16.00326816680497, 15.990259358793114, 15.970245976665916, 15.979375654000131, 15.986419819301062, 15.956719303086205, 15.968355270987606, 15.947984432513332, 15.909675135132579, 15.878573674906416, 15.864370245293117, 15.887918555312746, 15.861897440905514, 15.868739813452633, 15.864611320561313, 15.836974335067007, 15.860278843809835, 15.830009215619002, 15.805117207114572, 15.785916822446069, 15.796711509755301, 15.777967212977547, 15.755741233709829, 15.741248652206522, 15.736402003258464, 15.736204028036761, 15.733618716942523, 15.730317794870137, 15.7708987877477, 15.742868919598433, 15.72771508624575, 15.74584026179627, 15.683367381361903, 15.67148124384541, 15.669061734465949, 15.691458471155528, 15.664058477736326, 15.630236837709798, 15.613685853980051, 15.605391472787215, 15.605197195084422, 15.596157531906575, 15.547519684823776, 15.519829144161795, 15.536978435494772, 15.51951394925555, 15.489567159263254, 15.49179822569014, 15.492392100896033, 15.497840759381777, 15.490956104869566, 15.507941732502408, 15.507538976637896, 15.460914944527943, 15.466069874428356, 15.455705404100582, 15.433438446551722, 15.458427080159694, 15.432682777071157, 15.431402400662519, 15.439742017848573, 15.413103391199279, 15.41829029928211, 15.401131240889507, 15.391695771838043, 15.372770455932438, 15.39563277834259, 15.354844082451958, 15.348088161165233, 15.35184659294054, 15.346139902897566, 15.34243893899865, 15.305590424601274, 15.280453323032974, 15.264411611185933, 15.306391461843452, 15.253271476220196, 15.229753351876958, 15.218527632851163, 15.21815959414586, 15.236336438530634, 15.214620020035872, 15.20008403353384, 15.196102702703278, 15.213200412528117, 15.183570862614841, 15.158241560075263, 15.160669295100856, 15.151333497935298, 15.18151260935724, 15.134308571293595, 15.105817544008172, 15.1026052561861, 15.104631014578123, 15.107694246009721, 15.105131635428691, 15.108276844702912, 15.125372721483673, 15.071257335886136, 15.04948135922588, 15.045028699983623, 15.034387230532793, 15.031849145313194, 15.045137061658052, 14.998101989386438, 14.985258541503262, 14.979857212646499, 14.977650113334608, 14.95713314334526, 14.969761416858146, 14.938512567703096, 14.9421004058603, 14.920529023677114, 14.892198352759706, 14.883411892124732, 14.889211818186824, 14.880141078027812, 14.926298680802201, 14.88804510161478, 14.869175073239523, 14.864735469460534, 14.82206740571002, 14.813664657817066, 14.815507063992312, 14.810256427121073, 14.789978469563223, 14.7545071201523, 14.748577863127453, 14.746084747303895, 14.738976964322969, 14.756413752663233, 14.741876134562522, 14.73065762467581, 14.69912320913349, 14.674883396170259, 14.679373985470752, 14.683227263993755, 14.667873331359228, 14.634656447962321, 14.62463206876711, 14.63326438404293, 14.619916700966186, 14.624275184900336, 14.621856711574745, 14.612051593134714, 14.59457782267648, 14.586539879109091, 14.576766044109359, 14.596753117220462, 14.566321187785816, 14.52647420412904, 14.534931748696243, 14.527086863014851, 14.51930999336239, 14.52339747667357, 14.492185020584788, 14.51597031975047, 14.49936861472806, 14.46825149651812, 14.459360412641997, 14.464770096600656, 14.458179874020635, 14.469756409528532, 14.4188132300507, 14.39349255620859, 14.38823684147339, 14.389119811575567, 14.38596716726692, 14.389109024024998, 14.399751774863313, 14.367658907728313, 14.34165571085014, 14.325850942414963, 14.32852434096253, 14.327444318923012, 14.322910209551575, 14.326200082390459, 14.313372038165648, 14.304854514609993, 14.301847743716372, 14.307426134263084, 14.301564804653315, 14.288141215747697, 14.277333453986358, 14.268932413221235, 14.270370403743684, 14.277998297823663, 14.251954751524568, 14.243123112513853, 14.230536999716824, 14.220666165195441, 14.217157709231447, 14.219599725519114, 14.209875325202054, 14.210877888317142, 14.21211976945367, 14.19893650044673, 14.202528100237013, 14.192482478345259, 14.17710698689824, 14.167030525926505, 14.162215611307719, 14.164660049900405, 14.155759523400503, 14.149622823731086, 14.146149576025051, 14.150237851379078, 14.136312427954206, 14.12853286636906, 14.113605810247677, 14.10226172418665, 14.104306840256386, 14.10856649636895, 14.101863455322112, 14.099107607605923, 14.083106384811542, 14.077202511214544, 14.078771937720298, 14.07705805577589, 14.06883492139304, 14.059136203357918, 14.06485762073329, 14.068459044794952, 14.044157883021105, 14.039675459813894, 14.039293588407894, 14.027574031212845, 14.01496398970994, 14.001386193920887, 13.990091268804742, 13.979355437031648, 13.97100557628686, 13.960132891896166, 13.967803501587465, 13.964656314413267, 13.961536163170065, 13.957845285502263, 13.945234430295624, 13.929107047827475, 13.937331018775083, 13.926622220785385, 13.91571304627232, 13.921119808155039, 13.919967641922844, 13.90076452277767, 13.893669613804905, 13.89352416740499, 13.891522862775512, 13.882564605219393, 13.86892273098299, 13.853287666536445, 13.841845662545659, 13.82597661919519, 13.809745831584227, 13.793581701179814, 13.778363710799065, 13.764938734410553, 13.747153199822204, 13.730843710337593, 13.715023288147227, 13.698592064170857, 13.682296316120526, 13.66622094246419, 13.650227604392544, 13.635368210980001, 13.622289900941682, 13.607285521784437, 13.596645255601773, 13.586899802594797, 13.583383456404414, 13.582961823291493, 13.584712554849908, 13.582129183261394, 13.56739940020728, 13.550996587902736, 13.534883486380611, 13.519100647340265, 13.503130956117543, 13.489393760594695, 13.478014949568825, 13.460690170351025, 13.449432680143023, 13.444233561284431, 13.434487365132552, 13.429213858882465, 13.421333194423086, 13.42162912183765, 13.411120197298283, 13.404035069993125, 13.399621523295375, 13.40804750232301, 13.384381283856332, 13.382078199747992, 13.392875510441904, 13.371720512147423, 13.363818513178455, 13.364929915191972, 13.35458234153268, 13.350812999707976, 13.356284775880505, 13.337965293922963, 13.340055149333617, 13.343788950720072, 13.322792831175622, 13.315073657672611, 13.30114473300304, 13.295799767745999, 13.28620026529515, 13.287894577105314, 13.284115323940132, 13.276774556462376, 13.2666178516171, 13.255227382545778, 13.250832421896586, 13.238003351991543, 13.23909650552438, 13.236964609220536, 13.219298828419857, 13.207291384182971, 13.194732675497054, 13.189769299345318, 13.179531215855606, 13.165802595189872, 13.15371809493843, 13.14658459803458, 13.136958936404797, 13.123150493953647, 13.125601143775684, 13.12711061676961, 13.107727991139345, 13.099292207176898, 13.0969727214834, 13.098812276263438, 13.102372608482487, 13.0935471806225, 13.094660778623103, 13.096739957016927, 13.081130699011842, 13.08023919378147, 13.08515578587853, 13.07022614854677, 13.062790280710187, 13.053003968749168, 13.065075108832508, 13.062495802688481, 13.040241797724814, 13.032382689975478, 13.024011181261107, 13.013930239275902, 13.009965142785328, 13.008113178291502, 13.008520298333423, 13.017127306492492, 13.001121478081643, 13.006393764247235, 12.996244874716165, 12.980436124219915, 12.979642000093824, 12.98021870179942, 12.980376386899849, 12.982791062110532, 12.964856366176244, 12.955660568885126, 12.953973368352772, 12.955445750211824, 12.949013968740582, 12.940099259210916, 12.929944064512808, 12.924514168666644, 12.91465474270206, 12.914230677860077, 12.924058862948153, 12.89669388531848, 12.882554916243418, 12.874748643831955, 12.870375344304684, 12.878036343300755, 12.869595033947897, 12.876417554527995, 12.869038187530629, 12.868741402905593, 12.873080221760217, 12.87921987870869, 12.865323565078459, 12.846496293309889, 12.842394826571098, 12.832638757755026, 12.820173591372479, 12.822283187199098, 12.820946699243411, 12.807091849111325, 12.802464085906907, 12.8056119139277, 12.803536785238396, 12.805379944702104, 12.787227535166318, 12.77744393726818, 12.785887212475467, 12.780701973217615, 12.766421676688283, 12.766318605665584, 12.76697065143208, 12.76412308237275, 12.762270800145956, 12.756521263478922, 12.751132838981935, 12.750344598965032, 12.755235810337927, 12.744400579061013, 12.728021461889567, 12.722142065795088, 12.708874540021567, 12.699186060057036, 12.690212088143682, 12.685362724524609, 12.684165941904913, 12.68603858772074, 12.685949093160229, 12.6841440869696, 12.687267426594339, 12.667057380452148, 12.653052732003239, 12.6440343981042, 12.649715172047268, 12.646169061209983, 12.631896275872233, 12.616071932196027, 12.605079830886105, 12.592909306026332, 12.580371894501532, 12.572159664688343, 12.561697488570335, 12.546457893203128, 12.531027464239997, 12.516264624226512, 12.501001763782094, 12.486291997421132, 12.471269510537446, 12.457912836477902, 12.44483140482313, 12.430012831170426, 12.416042960925381, 12.406043958739863, 12.393513428553113, 12.390238253619568, 12.392909435339604, 12.393546910585977, 12.390303187851654, 12.380896661475624, 12.366983957652979, 12.35626695204789, 12.343288833523726, 12.334497030992631, 12.336795366539414, 12.335735981827469, 12.320707214632183, 12.319998475515115, 12.323981807782612, 12.313253513072654, 12.313096220887832, 12.307194582957925, 12.294784662483288, 12.282965260005904, 12.283587959902631, 12.288486443465613, 12.271628953669708, 12.262065616752297, 12.251496392881345, 12.248203464803982, 12.246694135802285, 12.24730069914994, 12.243947796456151, 12.233644699862465, 12.22404328937216, 12.217269957758528, 12.222007893334395, 12.209330320212686, 12.196497739368331, 12.184712074999169, 12.178506205261202, 12.178810704568958, 12.180342846729198, 12.17814634134097, 12.178965877662606, 12.171492467067704, 12.17739813132941, 12.166948010122654, 12.152488578309706, 12.14892132501591, 12.13833522217483, 12.13414440090482, 12.13486306463326, 12.132346040322679, 12.126804369252195, 12.127001665670136, 12.12620633974029, 12.120602198381066, 12.106690591191892, 12.097780305345266, 12.089998321173775, 12.094380375545523, 12.095846030270076, 12.087641069551962, 12.084637547992653, 12.072749154599705, 12.064280399903168, 12.059315406455367, 12.06136401117111, 12.05404170512795, 12.051376090514864, 12.048886657320823, 12.042682221805533, 12.028160665712514, 12.022712557458675, 12.023047550978585, 12.012588243307631, 12.015667967222411, 12.015509181598608, 12.016917734576381, 12.007591326111982, 11.996840782246585, 11.991639172610622, 11.989456568678275, 11.987366519834241, 11.981517773729182, 11.984100902550471, 11.987908904606442, 11.979216966347328, 11.975289951988467, 11.967856025147787, 11.951005857093675, 11.943564832356062, 11.949033274592223, 11.945357112430463, 11.940543704168066, 11.94607276871559, 11.928623585799542, 11.921910828023531, 11.912014213779488, 11.90727482655818, 11.909532686685475, 11.895475760381418, 11.902280598201312, 11.893653078743908, 11.883513981213463, 11.876465250619539, 11.874985296641164, 11.875232273328043, 11.871589247106064, 11.871684267880228, 11.873345615743345, 11.87186766038799, 11.882945684088883, 11.854468703342278, 11.840969881238603, 11.841346172672289, 11.84443536523933, 11.831660170808384, 11.834715510466838, 11.8304553200996, 11.824490754102865, 11.82439041283936, 11.821809715518638, 11.818347529889921, 11.80675007347969, 11.80090491984689, 11.787455063256195, 11.786046562743714, 11.794602381005044, 11.773295945036915, 11.761517617565888, 11.760325967243578, 11.761275860452065, 11.755929284808449, 11.754785481209097, 11.755415880691695, 11.758366068243415, 11.754091426798674, 11.748361907025432, 11.734436757617507, 11.728916108134136, 11.721897855293392, 11.716663603184802, 11.706653195460621, 11.710785312140239, 11.706358582018941, 11.707792647950804, 11.712048247498787, 11.712529176047472, 11.703816169864131, 11.690035392390044, 11.687852784098817, 11.68697644434216, 11.696057355666891, 11.685900263815542, 11.67525545489517, 11.670737168359297, 11.66504952168419, 11.664836150895272, 11.659117543252759, 11.658028368651326, 11.657906968438708, 11.652229664571038, 11.63258190596259, 11.627533639942445, 11.62715352571239, 11.62558326024578, 11.614335685652703, 11.60812168686118, 11.613669712938588, 11.608097564148114, 11.616412653258992, 11.60622269084009, 11.620005388687243, 11.608281848771608, 11.589370719000543, 11.580738620596394, 11.572038054397344, 11.575011677953903, 11.570086917542392, 11.570515110291446, 11.576834202097457, 11.570434053920543, 11.56951949805482, 11.562503904551038, 11.562225089891987, 11.550769083209094, 11.556017792443155, 11.556742734184358, 11.54276969805573, 11.531255366542132, 11.53126121920048, 11.533842582173278, 11.527906297168668, 11.530829524255493, 11.527519040550782, 11.526790109119592, 11.52368630918266, 11.516771671507557, 11.497437350739215, 11.487402401167095, 11.475366895184985, 11.46752849611346, 11.451808194745164, 11.440579838639346, 11.427989075526058, 11.415070055543064, 11.40111518105145, 11.390947273658094, 11.385169777395204, 11.379064013201038, 11.391023116686522, 11.37919425943988, 11.367129808100035, 11.353579591429526, 11.349012213785361, 11.347719200594575, 11.349537895978946, 11.3503411726944, 11.345535082891432, 11.339730134858666, 11.327653653747966, 11.327545893209496, 11.32890448391902, 11.321678992477027, 11.313078739546519, 11.318498384891225, 11.309561332794972, 11.297289088860568, 11.290506746214392, 11.28643812471849, 11.279008169940285, 11.271252389922157, 11.260109800820139, 11.245105592473072, 11.234935535325123, 11.223133768382956, 11.221239520749116, 11.222004103388443, 11.219677799375257, 11.214326011881068, 11.206366865206018, 11.201588103857663, 11.200414087716386, 11.202348761219088, 11.197393300686807, 11.185356786871893, 11.184638107457664, 11.177456902006115, 11.16482042798732, 11.154916523877136, 11.15612018767005, 11.155352232571634, 11.158877468424786, 11.156735254335851, 11.144824169239035, 11.13887945164384, 11.134247153383306, 11.119574755857736, 11.118409220329792, 11.116982997829414, 11.105178974975818, 11.096525605304526, 11.096237129978812, 11.10229529926686, 11.08298773993969, 11.072421809423078, 11.066914710515327, 11.055215770604814, 11.054407906397223, 11.053347153425472, 11.038294577191403, 11.034521017480323, 11.025520568147614, 11.022500821652537, 11.00803958069542, 11.004598041530805, 10.997605176098247, 11.002803898020481, 10.99809588321247, 10.985793242779636, 10.973814351568633, 10.960449327955942, 10.957468527279548, 10.964107142568157, 10.958504298981959, 10.945152441195543, 10.939807529986528, 10.936917978502732, 10.927752691004512, 10.936898299016558, 10.930988142455021, 10.920733913405556, 10.908373987870938, 10.896344242405085, 10.893621417467184, 10.88667269211437, 10.875823223473454, 10.890006139580544, 10.874857023574314, 10.86483043349915, 10.855787875444626, 10.851684370008668, 10.852869121040273, 10.84561933331341, 10.849965875131998, 10.842261514911696, 10.83071942014381, 10.820996128520616, 10.81276712677288, 10.82219393909247, 10.819022298574597, 10.800065702228286, 10.790042372307358, 10.786806547471176, 10.789771916569169, 10.786556641021544, 10.78784927888859, 10.781214689291327, 10.791290842804683, 10.77522651691936, 10.760641595727302, 10.751293103918108, 10.74231574334911, 10.740894539382204, 10.74658003784817, 10.735351751457184, 10.71901855306234, 10.70923151175138, 10.703700786881964, 10.701440662750862, 10.702051082850504, 10.696173690324166, 10.698625116717379, 10.70017838311558, 10.688356923149735, 10.684108202982326, 10.666327116861408, 10.65494486181897, 10.64647038581767, 10.638751993500037, 10.636792044733374, 10.635398546495797, 10.640485490852896, 10.633765846623522, 10.630847376082547, 10.638314975434755, 10.631411753836833, 10.631117899203199, 10.615384576031197, 10.611309224872224, 10.607593592412886, 10.605195658017303, 10.614974187984323, 10.60381895341109, 10.602791671679414, 10.585454988637204, 10.579671449815358, 10.577547724050543, 10.577958199201895, 10.56673857990406, 10.558227187603206, 10.553410039422902, 10.56091471477075, 10.550971266311485, 10.567538604384954, 10.55259715194711, 10.535873778089076, 10.525714740744487, 10.51341330455611, 10.510293224155625, 10.51261049863516, 10.510339823434471, 10.507442760471259, 10.502519305544855, 10.501045280398175, 10.50328116406125, 10.493387992012302, 10.47638138702504, 10.46485762980781, 10.4565664023668, 10.448689427023325, 10.446320213730115, 10.44643978984791, 10.45340894983923, 10.440100844887501, 10.443261200248836, 10.44181583785293, 10.44037909485079, 10.453122836868591, 10.438309817408598, 10.422314617487036, 10.422059542226247, 10.417432146992336, 10.407298270903963, 10.399791495375034, 10.396116866651385, 10.401977975733436, 10.393118354119956, 10.395500464997497, 10.383243262894242, 10.37515178784396, 10.361877017509217, 10.359312811508437, 10.356641343300284, 10.355424222195204, 10.351456603886456, 10.335516696313183, 10.339089086564769, 10.335913248605033, 10.33083331173951, 10.331099848590696, 10.323665238936695, 10.317524895122578, 10.318771043381167, 10.31006336018997, 10.3118152356558, 10.310403967162996, 10.30291646991408, 10.291609594155068, 10.283737797016997, 10.28415446536696, 10.283253180014215, 10.279761007086137, 10.276761009266556, 10.27557882637605, 10.27577861034867, 10.25887901484343, 10.248728691082203, 10.241387477840485, 10.231509205270573, 10.223044889003887, 10.21141572326647, 10.201791965171006, 10.198037976708369, 10.180199406558396, 10.179334027311013, 10.180572742367147, 10.168674093659936, 10.15795781822316, 10.146837906070735, 10.144002853584706, 10.134456825468058, 10.131060056500427, 10.131517418587547, 10.12385643500808, 10.124520815205075, 10.117099279419973, 10.11389717137274, 10.107344899451613, 10.09660738371563, 10.08948727859754, 10.095637037449922, 10.091272690831588, 10.077017232592487, 10.07250843195694, 10.072184065657783, 10.06959979109482, 10.071527611615805, 10.074758448343005, 10.067467047000292, 10.058143546766, 10.064806780417449, 10.059412813567025, 10.045216279607432, 10.038048266659432, 10.038235635303604, 10.03801978915495, 10.03212303338409, 10.042113379818792, 10.03339882446082, 10.025806915743022, 10.026879253588238, 10.02930775522486, 10.014506642645939, 10.010345260418987, 10.020851304966307, 10.015027088608255, 10.000315434922012, 9.991076595414642, 9.996281082903966, 9.993215785591682, 9.992992340796295, 9.995557313414277, 9.982357765080996, 9.981602617274065, 9.974754383570318, 9.964100247148174, 9.956357987793389, 9.959797895484282, 9.95963174080934, 9.949690890769318, 9.945084327721759, 9.944583290817539, 9.944364779965824, 9.947739935741133, 9.939189354665764, 9.933634904902032, 9.934388895403323, 9.943733580632166, 9.919623927252019, 9.91728754349192, 9.917606668086723, 9.91786409211436, 9.914716896356556, 9.905938936174794, 9.904269497168354, 9.900317106524026, 9.890475546684549, 9.896113583728143, 9.894744459806095, 9.880189424460758, 9.872779143682772, 9.878417766411374, 9.882496584215433, 9.869292490447805, 9.870127791611939, 9.856789726494386, 9.848756691768468, 9.844037352845742, 9.848592493472568, 9.845051889856439, 9.850192477798615, 9.849345027599586, 9.840102910356032, 9.837025997893347, 9.83406274722378, 9.82074358127433, 9.820207773010807, 9.822305510232477, 9.810200525074354, 9.813944563662398, 9.806723557360009, 9.79411199631618, 9.786455925321906, 9.782870439107594, 9.78568008080841, 9.781364205869947, 9.778656567312611, 9.766429587893002, 9.755230478919707, 9.749704248389085, 9.752038136574308, 9.751258204459498, 9.744468583477646, 9.736003339849121, 9.725462492418485, 9.725518169826989, 9.729385902374007, 9.722564353896457, 9.722099730594518, 9.712376376272168, 9.705154074173684, 9.700405622592447, 9.702116819374055, 9.696415141575224, 9.691130385948531, 9.700400029733734, 9.69569153142491, 9.677563426262417, 9.67956974212373, 9.6787113934237, 9.675504348474501, 9.676051884129581, 9.670737136593031, 9.674062250167609, 9.669270717068345, 9.656210767206765, 9.661853225139161, 9.654355805823227, 9.644114883778801, 9.650763751922506, 9.642574407950077, 9.63812733787331, 9.63935443651685, 9.640820233729073, 9.641779337375198, 9.630786954561229, 9.625446070369637, 9.61357995675242, 9.601208055418404, 9.596252219351971, 9.586832040697406, 9.580870844910958, 9.569308307285759, 9.567188316793406, 9.568446027060778, 9.559346154430191, 9.554498912049748, 9.555872986036272, 9.555273430231772, 9.544957324007031, 9.531310654091657, 9.524352230673724, 9.516604355787711, 9.504772602339147, 9.492166036346717, 9.480572833898625, 9.469403710838305, 9.460001235559506, 9.451358041436627, 9.439066031274507, 9.428255347721525, 9.419715245850385, 9.41623886989243, 9.417638378194315, 9.422267736139004, 9.418361424941045, 9.42217773052305, 9.410587394276018, 9.398414183634774, 9.387439550316099, 9.384336170220314, 9.382311647067882, 9.386379538698467, 9.386974949873403, 9.377789582606006, 9.365615939643995, 9.359972959739107, 9.3517341144571, 9.351466942222931, 9.341571920893696, 9.334822649839428, 9.326080339593961, 9.331311114722618, 9.325284776116773, 9.323931322605196, 9.32856263218759, 9.313265964357239, 9.303059647367935, 9.299264257804111, 9.288109953703879, 9.29090111594925, 9.290848943891897, 9.279995770207258, 9.276322778170128, 9.267832864491453, 9.264332116188193, 9.26391259395752, 9.25685801213938, 9.260814443926586, 9.256769828948192, 9.250397448439427, 9.24669091708196, 9.2374461953786, 9.235882587022584, 9.240894316070131, 9.228913754406046, 9.218286635790442, 9.225441482167374, 9.219634526926376, 9.213867133934686, 9.225647643701539, 9.218056632107452, 9.213026982232275, 9.215970100317763, 9.198020093237112, 9.19375730833386, 9.19851704789189, 9.18809885952919, 9.179948583812857, 9.167732151982985, 9.160184053025104, 9.158781848879398, 9.156370076677312, 9.160808886047914, 9.157650099841865, 9.145160564538529, 9.136131553317156, 9.133841750442052, 9.134712497386467, 9.132929568368903, 9.130745002029782, 9.121718255513391, 9.120614281462853, 9.118345966256848, 9.105539086395403, 9.102745449383585, 9.100604303440086, 9.091423045482449, 9.091463049143144, 9.093561995464038, 9.08064723938995, 9.086304669465564, 9.081366636130875, 9.072628269913903, 9.067073597563208, 9.060545527209863, 9.055675606806178, 9.061853236797425, 9.054353779940536, 9.062226836252583, 9.05154281957967, 9.040451578737514, 9.038330524002761, 9.041003692744301, 9.035152695561754, 9.036178959326525, 9.041263201976284, 9.033409643956968, 9.028904810147152, 9.014539772044857, 9.006318390748701, 9.003728514039613, 9.005911708894184, 8.995915025562295, 8.995865074508671, 8.991602996570702, 8.979593807578311, 8.973226922471794, 8.97982004831189, 8.97228131242155, 8.962810522868358, 8.961429230031193, 8.966724499864313, 8.955197168253449, 8.95213499871602, 8.93904012538971, 8.949355588913766, 8.941211115270303, 8.927456143940432, 8.91907315582401, 8.920412757501309, 8.917888246997911, 8.920506022274083, 8.915635538098456, 8.916208800324947, 8.918472400682793, 8.910846794513843, 8.901118020188537, 8.896228921210122, 8.897209203730858, 8.892491286374783, 8.887379461362878, 8.87773572480463, 8.87105921425928, 8.871626892558188, 8.870739492557334, 8.876413649653554, 8.867528103943014, 8.861262312269211, 8.859219692975085, 8.85989823266011, 8.858140865460507, 8.868651829359042, 8.848777042185679, 8.838153633239585, 8.829906060178148, 8.838477801429448, 8.829955420454478, 8.823963562809062, 8.828730006384175, 8.826529909147586, 8.825023723071002, 8.8107936087158, 8.80753041695929, 8.810704014109314, 8.802692662810086, 8.791166411594983, 8.787908482852176, 8.776449177062865, 8.778534856326344, 8.776053705879928, 8.771610608791292, 8.764970446952907, 8.758031781142911, 8.752596272775643, 8.75724725107036, 8.759664863451405, 8.741729320905959, 8.73256610183607, 8.729710205512996, 8.724181384082119, 8.715530411101522, 8.720898329843791, 8.712964454587437, 8.699997192268698, 8.69851473730415, 8.698629745528358, 8.699005312896304, 8.701625122652233, 8.696567035222575, 8.692790277553335, 8.686850712157398, 8.693789145972294, 8.692290135248843, 8.687229361345695, 8.675648286895267, 8.668915930819814, 8.661584917730927, 8.65612676469761, 8.651994066773698, 8.65147095606717, 8.662626903355505, 8.648702173707322, 8.650415837095709, 8.643595141995684, 8.630049699503301, 8.617094151185677, 8.612624370725092, 8.610776762871932, 8.611666552674551, 8.615047033788768, 8.599373975628733, 8.594537176362723, 8.593030017280093, 8.59049283352036, 8.592938762738054, 8.58990238291394, 8.57856745511642, 8.569748592076984, 8.560168820540099, 8.553683969847874, 8.544722884379272, 8.537275781016815, 8.525222809551746, 8.51798178807639, 8.511865159315933, 8.508140911266409, 8.50922138918124, 8.497837283693256, 8.490653361271333, 8.487770001135496, 8.475347816532183, 8.469053656788496, 8.470671330336335, 8.45938740800322, 8.457530911728467, 8.458869129629155, 8.456325368401261, 8.458645075666212, 8.445924565245118, 8.45095618872184, 8.450593936067357, 8.431871568726365, 8.425082889355485, 8.419864562228101, 8.419910147773003, 8.419567524046029, 8.413788927519056, 8.411103756250112, 8.40871422521431, 8.403900942554113, 8.395936450496855, 8.387556865255458, 8.379440708375785, 8.375245832826408, 8.383494806667258, 8.379520528087088, 8.373681797235959, 8.370884978562284, 8.362582291887275, 8.357223092962863, 8.365060974218263, 8.35752609149001, 8.351339724856302, 8.361174616009691, 8.346858965504927, 8.336144510065727, 8.331173306179664, 8.328005201344133, 8.32736806711468, 8.327330063835033, 8.32472736504122, 8.316573347413065, 8.304138815845064, 8.292210349256482, 8.287703304196722, 8.279124431413525, 8.272588179318879, 8.267133629565764, 8.271991789639193, 8.268998430696739, 8.264263766142435, 8.2711811957253, 8.264760252379842, 8.266749039750927, 8.250044949858326, 8.24303975628331, 8.243752907987743, 8.243723597545344, 8.247989576908502, 8.243967543613433, 8.23896163350597, 8.238606538175745, 8.228682869079707, 8.232881338071097, 8.226556190563038, 8.217124190330543, 8.211220181853095, 8.198969653494753, 8.196180156021171, 8.194746751487717, 8.19005966299176, 8.185339878578535, 8.183545256686388, 8.188020271613869, 8.172799556993038, 8.172182694405848, 8.16543006748429, 8.166012089346681, 8.165310674219455, 8.150661481583121, 8.144011944796434, 8.138486396896594, 8.137672848719678, 8.137211959952577, 8.138690386481567, 8.136369137153615, 8.14880394148479, 8.140774222008444, 8.124076370746227, 8.117215108739478, 8.112383016020742, 8.113808361932204, 8.120370266735355, 8.097716669897926, 8.08992236077518, 8.08649838741819, 8.086757327002335, 8.08573916031589, 8.084687836295135, 8.082231755415517, 8.084751686689456, 8.075271858611453, 8.063708143172475, 8.058633081959767, 8.053266802875042, 8.06143473844052, 8.056147977233175, 8.052699914402016, 8.051488098029546, 8.053792428470638, 8.04488704810711, 8.04391898128025, 8.040771229885644, 8.032411261222851, 8.034600800073354, 8.026980067770166, 8.017677949401584, 8.011710441596112, 8.009420560759182, 8.011379099931869, 8.009149733456269, 8.009120976217138, 7.998164275311449, 7.989628886326876, 7.9869933387826615, 7.975887600255407, 7.9668087582752305, 7.956665693676158, 7.953845486265893, 7.954910446099627, 7.952899808456212, 7.94647053075319, 7.944005024081356, 7.941308691690006, 7.93989557818747, 7.949737619496165, 7.925317381756872, 7.914413436807801, 7.903334682714998, 7.896889201258089, 7.89165495008173, 7.886939458750942, 7.880112771857082, 7.881469382039262, 7.886446765725075, 7.878631082523416, 7.883773506764713, 7.882503805854964, 7.867534364580058, 7.861434304969881, 7.8713779350163104, 7.8631578139734835, 7.862600268779443, 7.863986812049977, 7.852160852712504, 7.847274382959907, 7.846455952442555, 7.841017429081998, 7.83997547260663, 7.845113476427845, 7.829687671201898, 7.83739846827873, 7.833609146734755, 7.82055744035667, 7.8166188249714645, 7.81707079053568, 7.812918536350471, 7.8024946371156245, 7.797916399306341, 7.787537629697011, 7.777936846886793, 7.765470888937573, 7.75859759742637, 7.7529803019938095, 7.741630576265567, 7.730438377339966, 7.719158277630943, 7.710733127495091, 7.706078524299357, 7.7044659182226845, 7.706471569191036, 7.715926442807368, 7.706496199779068, 7.688727160032329, 7.678535191789624, 7.675812056138315, 7.67533471435506, 7.6746973411091375, 7.674178576029973, 7.671046319854268, 7.679166158138363, 7.670838923916979, 7.67539246681692, 7.668780661611105, 7.657435997249505, 7.655934896655991, 7.6420572229221175, 7.638038036750073, 7.641201677324169, 7.63476968683272, 7.6397902402399565, 7.637257374037149, 7.628720452246944, 7.627319161377876, 7.62564384397425, 7.621729475144621, 7.613066266447076, 7.619725692088272, 7.619336024631403, 7.609715738111079, 7.610088574238864, 7.597976134012945, 7.590689681218396, 7.586214193297039, 7.584934837486475, 7.583336222909246, 7.595896970352809, 7.587943364908784, 7.571360841023867, 7.5631222842774495, 7.56188866805537, 7.562949767920337, 7.558152442969603, 7.557226879147578, 7.551838230235326, 7.5390647855484, 7.529968430567944, 7.529635556988675, 7.527556638225294, 7.521723581975032, 7.516779994475897, 7.505650636413761, 7.498291376862239, 7.491172173307607, 7.487217844286383, 7.488889373706551, 7.483801870508263, 7.473518276301659, 7.466169245909554, 7.47058009060721, 7.471313034742347, 7.465980745371063, 7.463996533332291, 7.450903652675386, 7.449955705992092, 7.4504113759825765, 7.444670786466004, 7.449149244316621, 7.438878964689131, 7.434547079255908, 7.427271533386479, 7.414160430418671, 7.413223220882374, 7.414319497120846, 7.399123299107739, 7.3871718040304915, 7.379560491984708, 7.368986750900871, 7.359300729918411, 7.351847267304201, 7.343126613078351, 7.342898146092656, 7.338219067537729, 7.335559211856706, 7.337922512349521, 7.326294028729116, 7.327084625936174, 7.3252158431080305, 7.312863108833582, 7.310051259360413, 7.309933416906988, 7.310672449046307, 7.314722497149468, 7.307890206363075, 7.29610017932507, 7.291127147978302, 7.29394598856527, 7.284141607907053, 7.280976985410361, 7.275247839940941, 7.266131911282676, 7.268785331692232, 7.263793278062131, 7.256924107227377, 7.257920018125331, 7.245086027661371, 7.234944596340382, 7.227465889042039, 7.219625336423319, 7.211126974643958, 7.207408647161702, 7.2005129840312145, 7.192067120493064, 7.203099382198721, 7.192120076942039, 7.178852304365494, 7.1719767549497515, 7.166721349056908, 7.158885873905391, 7.150861281729976, 7.152063499448014, 7.153286612238237, 7.152890567689313, 7.151701596010366, 7.152751162540004, 7.15162620323843, 7.138389058567861, 7.134013441464028, 7.136117236759869, 7.135864971356005, 7.1283438566918935, 7.136990621986537, 7.1291262019703305, 7.116005490432346, 7.110334987742095, 7.111851909852397, 7.109830482411086, 7.106519475480121, 7.108719805741999, 7.100615551402125, 7.089702130179206, 7.081157520207306, 7.071728271700725, 7.064818211299332, 7.060154446341574, 7.054752228633941, 7.0437001972667055, 7.0322186814502015, 7.0237269158969315, 7.022753557694201, 7.019753266329816, 7.009492262979694, 7.004456738965461, 7.005257502409071, 6.994539638287935, 6.988568898833698, 6.988753702195172, 6.990934989204936, 6.988398951707734, 6.983542525457146, 6.97720322597256, 6.968445920791822, 6.9570196195658, 6.949733783727109, 6.951510812991654, 6.949268451526696, 6.940247160046617, 6.930705753457471, 6.926770195799401, 6.935665586048064, 6.926080722152276, 6.922244335779153, 6.914424552034529, 6.906062214549411, 6.903182687241604, 6.908545562148312, 6.900283176752765, 6.902989943417874, 6.892778308598286, 6.879441554544084, 6.877910457896833, 6.87765850618337, 6.8764178643560765, 6.875844937595207, 6.867531092288576, 6.855147035268112, 6.848453106140996, 6.847217592864321, 6.846919202159559, 6.839646258707037, 6.826449128167663, 6.814358591043718, 6.8035807743888626, 6.794975040846382, 6.7853340579801875, 6.781954345293164, 6.779625739042199, 6.7821863627276135, 6.776492009609815, 6.7905697770639675, 6.778503896144398, 6.760952461887312, 6.751540055306113, 6.758347968887328, 6.751467749557269, 6.748867068711582, 6.745727108697222, 6.739611849387673, 6.736692483794723, 6.735245953404682, 6.750957706068818, 6.73543099893682, 6.724556201441669, 6.718486757618841, 6.707484713826188, 6.704298274981411, 6.706433960595003, 6.704892635664689, 6.702481035084275, 6.69060585037196, 6.683461938508699, 6.687132639554458, 6.684912894014403, 6.679114958989223, 6.680013924961295, 6.668052414630414, 6.662718507626133, 6.65992075094371, 6.664167486451601, 6.649614950032706, 6.6392609855706155, 6.633720782369356, 6.628438927565033, 6.619298016598163, 6.6165994324037, 6.619463027015463, 6.611632981641465, 6.607189142071673, 6.594489004956736, 6.589002334637253, 6.583188213711074, 6.5782408752845365, 6.583132857300312, 6.5786838841925634, 6.573950879481943, 6.56086136640168, 6.559394018288456, 6.5562434279717, 6.55709670791349, 6.554842694294461, 6.544564562099687, 6.543123061317592, 6.549226647717864, 6.537933069898189, 6.526174835601873, 6.519212280595235, 6.5089036843826715, 6.499355567229859, 6.494870812239347, 6.489056736662167, 6.48582709863703, 6.490443793205467, 6.483750568961972, 6.484852592355052, 6.485928280374344, 6.485555397883498, 6.46825032463023, 6.4592411952750695, 6.458379929196191, 6.461183682923495, 6.463512653679156, 6.4617478284372245, 6.44882092109825, 6.453914697650957, 6.446460325618028, 6.441557812055942, 6.441577568080053, 6.430196646719249, 6.424108353006755, 6.412357856625485, 6.404058518622961, 6.396032257689277, 6.386202334225021, 6.384242848678934, 6.380988304448498, 6.385586919199172, 6.3813571336962545, 6.381764472841411, 6.3688178224806355, 6.374109829708747, 6.366047775927286, 6.35430652206158, 6.3508525779640665, 6.3488265156399795, 6.345351697699164, 6.333975349361923, 6.336192265036378, 6.337311635070667, 6.331644823709354, 6.3355403591425645, 6.319499543597552, 6.310765487429862, 6.308035037445758, 6.305556962580956, 6.300973492743689, 6.304174793416134, 6.302688764109503, 6.290483121130981, 6.282399187496969, 6.272340849384557, 6.265161833655276, 6.258593188956522, 6.256372201958726, 6.246018176282451, 6.250843728726113, 6.241348195629122, 6.240037915518834, 6.238969896661639, 6.22807145183459, 6.220294155112861, 6.214459330315142, 6.21716521288553, 6.210639203962226, 6.20989784571117, 6.21286169004753, 6.20051900759541, 6.187783704429244, 6.18185221129428, 6.173747251386765, 6.167300322881412, 6.163270800645694, 6.170714093141248, 6.161831493694339, 6.150039635623363, 6.144960591400693, 6.146048772162018, 6.149359032379985, 6.137372111249188, 6.128838328193531, 6.126807075425415, 6.1259613222033105, 6.13214544556441, 6.127841196104815, 6.135410351709753, 6.1256372218694475, 6.115004680300174, 6.108350284852621, 6.118605455297531, 6.106374794873773, 6.103332929486758, 6.093753185689383, 6.082484993332631, 6.083926173811406, 6.082436058223547, 6.081366866513283, 6.08108035906368, 6.077500522554255, 6.06314023734222, 6.058497810230399, 6.056758001518239, 6.063944506615797, 6.042597206592031, 6.033141666512392, 6.024044240255199, 6.023670036420593, 6.025716274162701, 6.02500506214657, 6.023229099269827, 6.024341065481923, 6.028872255542453, 6.01233094952293, 6.001865215320875, 5.994983642196446, 5.991543505254618, 5.98979953966305, 5.980761178743753, 5.974377880426119, 5.962969909429115, 5.966640487976441, 5.961463467642459, 5.956112448734354, 5.956207795993792, 5.9454937494477935, 5.939863618157571, 5.9392900962367845, 5.9459264139221775, 5.934210427708444, 5.925652853854403, 5.912624586597971, 5.914407850110499, 5.912494969196618, 5.906966017000663, 5.902598420895589, 5.903323678581929, 5.906282428219673, 5.891604103801788, 5.888737270473232, 5.8875258018199625, 5.887751081840188, 5.8908281672767915, 5.87820388264687, 5.873703500720435, 5.87327802066426, 5.8716028592937, 5.87416749915883, 5.878895303302219, 5.857248161372083, 5.851435049365095, 5.85015079520214, 5.853985691234413, 5.854224955190167, 5.851528161793916, 5.8464370364443, 5.839651158196547, 5.847280592164301, 5.837013684893937, 5.82605442945554, 5.818052099580627, 5.8265611878105315, 5.81722474030093, 5.805645885029164, 5.798044296188031, 5.787930116453156, 5.777397192029836, 5.771374217293697, 5.762674975720708, 5.7639651236216425, 5.764729923227786, 5.75379819631445, 5.743604319282587, 5.732925054165833, 5.722299475974267, 5.716493824668709, 5.70648676277651, 5.6972069142078166, 5.6920987204533935, 5.6844129621881425, 5.675360601917866, 5.664741889874494, 5.658103406811823, 5.660357957998792, 5.647243231450806, 5.644920178018255, 5.642335511016339, 5.639754276247055, 5.6383366890077475, 5.643828313666574, 5.632968057049378, 5.629134276705778, 5.61309274973689, 5.602351286093487, 5.595112542363393, 5.586768733447383, 5.580009856881713, 5.575361458944868, 5.577854974352249, 5.5863450643163866, 5.577147451684609, 5.575784225926986, 5.57841049934108, 5.562381884415748, 5.554098618269083, 5.550326494834497, 5.554083939017061, 5.5533115634823575, 5.53857222996226, 5.53338787301571, 5.530743175662889, 5.533011159148187, 5.525251351278427, 5.524976551154768, 5.518374330349523, 5.519935243338758, 5.525850308950131, 5.507669534374989, 5.50109721882827, 5.493671277327756, 5.489248684062974, 5.489450265086539, 5.490979687732959, 5.480417931185997, 5.478083465716931, 5.479022396035695, 5.481099027837463, 5.485802141641664, 5.463201372334794, 5.456522651767637, 5.452781361223857, 5.4530241593329585, 5.456967726163799, 5.447521679193287, 5.446710983938073, 5.435712260817473, 5.434368317653554, 5.430350927033033, 5.420524059148837, 5.407412917489904, 5.394677355632467, 5.383867947664329, 5.374076203003057, 5.367456872873751, 5.369757064070399, 5.369370382555783, 5.355612716229337, 5.353409782994336, 5.352544590531067, 5.346505994651437, 5.33475937672964, 5.325133019913025, 5.323259009157075, 5.321887189550018, 5.317453104654502, 5.326032263415823, 5.3119236259891185, 5.29706324704859, 5.287737547021757, 5.284577518331568, 5.288006759029043, 5.27568138895883, 5.267965989300629, 5.26135097343385, 5.252852545983055, 5.246465965955701, 5.242923553175368, 5.228415610679652, 5.215835824089673, 5.206059967872998, 5.194026875004824, 5.1822470330299595, 5.177870248400833, 5.174612895141303, 5.168919676935944, 5.167726889597852, 5.1656398054399135, 5.15917752964916, 5.149303603888857, 5.144645735566406, 5.158115497947198, 5.145569314618103, 5.128560213237838, 5.11551897374156, 5.10859999102473, 5.097812953766078, 5.091979934723224, 5.089825499953451, 5.086188417155228, 5.101188785622966, 5.08585109613964, 5.081739506640075, 5.080466888805416, 5.073584258027979, 5.061445321155834, 5.05347345482153, 5.051055909467235, 5.065515837543378, 5.049210678889545, 5.0342663115270545, 5.027825593052642, 5.024601553505753, 5.024317838239896, 5.022626244546382, 5.022441506945426, 5.015657369081958, 5.009182328599618, 4.9946621043290005, 4.982823975819452, 4.969243703718703, 4.960800174251518, 4.947501070611686, 4.938228790627493, 4.925937802400754, 4.923029782660381, 4.923031656820558, 4.920906973814058, 4.920421231554991, 4.922353178456896, 4.924586906899767, 4.90667973091671, 4.895810187824089, 4.891193762464046, 4.890441754448199, 4.888354315688829, 4.877133951513304, 4.873342780285593, 4.858135271513519, 4.850445639823818, 4.842828739446581, 4.835305940036153, 4.835458090435698, 4.832444780178416, 4.824254706479529, 4.822011369192996, 4.816889167601371, 4.803939958255378, 4.800546664821831, 4.797954930311551, 4.797876630486281, 4.786229324626561, 4.78422915199525, 4.7818211803889765, 4.776400336095027, 4.765643991458129, 4.750289963957557, 4.743647010624431, 4.73247674509602, 4.729747880118386, 4.7245496035802015, 4.731761002976531, 4.719693113116542, 4.716738598000158, 4.716410497216746, 4.702949451999285, 4.694946729335015, 4.682922397186335, 4.68239982508766, 4.6779206891439005, 4.670123879888335, 4.660346554523718, 4.656777816797127, 4.6546553140524765, 4.64406294848295, 4.634331878938145, 4.623383235891433, 4.6167988051326985, 4.607274091311745, 4.593296881690059, 4.5871535038254505, 4.579255136131396, 4.571486701297521, 4.564237746674826, 4.559612407728442, 4.559603086450766, 4.548489737103257, 4.54184369017129, 4.538087624284817, 4.543863484199001, 4.5357229791859295, 4.520720057823745, 4.520573998199903, 4.522321114957562, 4.515886742776336, 4.511449823080742, 4.510731015705286, 4.5015162257379, 4.499185482718602, 4.493552157742282, 4.480337068823117, 4.472173522596222, 4.457782855194335, 4.443671882275256, 4.429587477349917, 4.415995129360521, 4.403246961635597, 4.390483308541758, 4.381637721092965, 4.377511064367243, 4.370290676051981, 4.366321885451747, 4.368741766602125, 4.359834039244875, 4.352425485385263, 4.3375662948030165, 4.327562857914443, 4.313344658398795, 4.30335891340852, 4.291445714037209, 4.284242161295439, 4.285307455616747, 4.288524706369188, 4.279022903827856, 4.286571479404901, 4.277172121464704, 4.267236513140078, 4.260503108935581, 4.248549024906133, 4.248960693156662, 4.2502848356219305, 4.244555288507078, 4.23343285199603, 4.221726807843321, 4.2236954775027655, 4.2205020396667825, 4.212786198109105, 4.20566503823155, 4.20093708524074, 4.190640139736548, 4.180007668744476, 4.17162026416871, 4.177670427231859, 4.1756277630445275, 4.155947032334911, 4.141459317158265, 4.127953271923903, 4.114005441242457, 4.103261571848701, 4.092557777871102, 4.081911369841627, 4.071317339345456, 4.06221398282518, 4.060080661606178, 4.062701945895511, 4.058307171094237, 4.059347885890109, 4.042073216042314, 4.026465698533981, 4.011870493830175, 3.9985837017113752, 3.9857304395473134, 3.9720002943781223, 3.964254299901686, 3.9550384802871834, 3.9452525658488264, 3.939244191406175, 3.932473777029944, 3.918631477193679, 3.9062272618675413, 3.892137554070036, 3.8785529854968837, 3.8663261018452726, 3.8533894815723495, 3.843418073158172, 3.827371482201468, 3.813456613832335, 3.8019127261074384, 3.7936681263439747, 3.788868783187903, 3.7889187464207232, 3.7799513200698707, 3.772724370810147, 3.771568204322486, 3.7687722592202837, 3.767777533054534, 3.762083734873711, 3.7444742974946186, 3.729439248034767, 3.715831284171364, 3.706229697671455, 3.7012413397698034, 3.696882239174179, 3.690594401428465, 3.6883629945231853, 3.6838077456112392, 3.6863969438302857, 3.6828583528180943, 3.6671630356290437, 3.6533254076846404, 3.6394416872219852, 3.626387390867202, 3.6122366317894836, 3.598559886149268, 3.588913014447833, 3.584292573714001, 3.583855597130707, 3.5858917928637055, 3.572706317494797, 3.5573422833837745, 3.5423252248252486, 3.5283237342268903, 3.5160715949797328, 3.5040402653691283, 3.4931092103558834, 3.48236716865555, 3.4819436332506695, 3.4859794194657634, 3.4777831724704336, 3.4755970255904445, 3.4616770017908665, 3.4468579475359955, 3.4330620225321433, 3.4216461662534154, 3.4091902183583804, 3.398953854658828, 3.389592465224303, 3.3770460779884974, 3.3715082640818133, 3.3730594620939227, 3.3673025711434645, 3.368785649979006, 3.3523844875625293, 3.338450234366533, 3.327716236480396, 3.3143884043588434, 3.304700548460329, 3.294945510339845, 3.28026831602392, 3.2672838126486474, 3.2532355857499184, 3.2414677461732566, 3.2292840821764246, 3.224174424967548, 3.2188561418331916, 3.219414289177748, 3.2050459246207414, 3.1927446965880564, 3.1838978361624117, 3.184538546072776, 3.18496958418139, 3.1695381304593706, 3.155545345748617, 3.1476065498966608, 3.1410823233230722, 3.1256314315081655, 3.1147940998538424, 3.1055952105417246, 3.1016925535592694, 3.0995649352234533, 3.089051806742851, 3.0844209623853445, 3.07610165940776, 3.0676531858392653, 3.052126157546442, 3.039516494373328, 3.0270878899110354, 3.014861512103658, 3.0064575462922676, 2.9937127774210186, 2.9837557168163413, 2.9795654877536983, 2.976978560869898, 2.964161761827569, 2.951210017465015, 2.9382557713473885, 2.9301495499365906, 2.923161975883433, 2.9191789857644355, 2.914122614167758, 2.8999350098241674, 2.8897761521091176, 2.8868756600837107, 2.886509006338106, 2.8704185604050094, 2.8562300485604153, 2.8443272295731, 2.8344604868932994, 2.8269321236059857, 2.8256876186389275, 2.8240685810339436, 2.826761048651522, 2.823425903453129, 2.8154727866886686, 2.8039183381041193, 2.793452907053603, 2.78446472004323, 2.778159544993401, 2.775318096903347, 2.7711616766003795, 2.7537297321426952, 2.757041778614178, 2.753763906888486, 2.745767913205575, 2.734496789389305, 2.7220520143751665, 2.7126840152666136, 2.708438932637407, 2.7131105648516862, 2.7111410970021215, 2.713381840613954, 2.7103112195429944, 2.6925939404268395, 2.6801375285190563, 2.6659829629148026, 2.6551940632964173, 2.6480550001136174, 2.643714684583846, 2.643537002150289, 2.631535330618, 2.619328946436266, 2.6067366224679898, 2.599522863021087, 2.5831937059515724, 2.5681810523366333, 2.5538208344570865, 2.5394628287530834, 2.5259849767024787, 2.512273941623119, 2.4989895825984885, 2.485312300510306, 2.4721425071765566, 2.458074917325803, 2.4450004028095655, 2.432931666386577, 2.419421522825265, 2.406206951480841, 2.392862625193848, 2.3823820968006646, 2.3748398813226563, 2.36716102714938, 2.3661646340997096, 2.3652950135608664, 2.3580920408827906, 2.3603965669307456, 2.3557019346225916, 2.3395614271181078, 2.3292368416889917, 2.3197063555307196, 2.312673541047764, 2.3096932577575418, 2.308845863916525, 2.3030207087559953, 2.305074310068925, 2.3105122798256925, 2.294338652217381, 2.2889924479088952, 2.288085344391614, 2.2726913022942288, 2.259817890883535, 2.2489478479339766, 2.2349044330365078, 2.2220603859440438, 2.210285046090739, 2.1989123980663376, 2.1972895173690827, 2.1959628509736437, 2.1897427790065827, 2.186529578494704, 2.1744010434406853, 2.160433883746327, 2.1457310210426517, 2.1327021362315803, 2.123000356407755, 2.1165015170161503, 2.107658150158694, 2.0990834298344607, 2.0918107937590755, 2.083883119382983, 2.08807965088543, 2.081658031228197, 2.0736946698234955, 2.058668262978559, 2.0458506255241606, 2.032677566977998, 2.019595238154646, 2.0136123369936874, 2.0067891875347863, 2.008632742340324, 2.006358961976362, 1.9950994353273086, 1.991311628105966, 1.9826327608503589, 1.9765074788372523, 1.9761831855697505, 1.9631863329778554, 1.9520885899346212, 1.943792019090754, 1.944350378635296, 1.9490844067063633, 1.9352181936389532, 1.9348022167887144, 1.9357003488593314, 1.9212631003212106, 1.9093235251145249, 1.9030984099327188, 1.8930769578982822, 1.8831113195203575, 1.8781806943701076, 1.8685702721408661, 1.8762658041413323, 1.8673184710967732, 1.8555157314762403, 1.8466246845838379, 1.8355169052691176, 1.8268731188055887, 1.8258552952185005, 1.8258622560146514, 1.8225320268780738, 1.8293857104852442, 1.8282644579149423, 1.807639528614385, 1.7978234773911674, 1.7916011847639073, 1.7898728070561107, 1.7883425359993539, 1.7765667714949585, 1.7657462352542082, 1.7566682156945865, 1.7427707380696233, 1.729183065181631, 1.7160518363648825, 1.704479178727314, 1.6933282813207797, 1.6829131908946056, 1.672107429608938, 1.6644750860700135, 1.6564259878754255, 1.6494948262617477, 1.6472099960839728, 1.646439373743543, 1.6356698301458257, 1.623509351416096, 1.6133662124580348, 1.607379991418246, 1.5967447949029867, 1.5882059689596595, 1.581139295665745, 1.5741689633828266, 1.5652489658685098, 1.5632624918540257, 1.562241603809483, 1.5499891925794866, 1.5382705923480233, 1.5270154543909393, 1.5187760260592644, 1.5112354772470873, 1.505217830970523, 1.5026241788049939, 1.4962078919951594, 1.4868048526647217, 1.477478624198639, 1.4660727164400575, 1.4549553526578163, 1.4434591090550224, 1.4339153153746609, 1.4276163223838914, 1.4273160874842437, 1.425582895328114, 1.4246887962229287, 1.424838583536856, 1.4158395296787065, 1.4048136561576068, 1.3916376190546729, 1.3800614525007124, 1.3691224966286344, 1.3628358984436288, 1.3561140936831209, 1.35036448330336, 1.3450691285425564, 1.3454179190043996, 1.351874790846237, 1.3442080259079938, 1.3392939873012852, 1.3304269580986534, 1.3185660463079416, 1.3086199377728205, 1.297200803792244, 1.2873812348781724, 1.2766742859086273, 1.2673542697273148, 1.2595297070729297, 1.258181916298134, 1.261072566705927, 1.2459952682520838, 1.236580664167415, 1.2304455947849213, 1.2252981704185943, 1.2152965664501134, 1.2066577109077365, 1.1998471412885663, 1.198575854116565, 1.2010742065499134, 1.1955845682627406, 1.184262990831202, 1.1785768512844337, 1.166660955363149, 1.157821756881895, 1.1499145591242161, 1.1390604059891363, 1.1309926276611812, 1.1259660648090242, 1.1224369168871544, 1.1148097457582882, 1.1097327976207072, 1.11035054272325, 1.112152200129627, 1.0995724543074252, 1.0898285720537322, 1.0811477454026246, 1.0713975583105153, 1.0604377243644916, 1.0526655945478978, 1.047718646413184, 1.0461757569113308, 1.0476348332431908, 1.0377094550123087, 1.035171055174504, 1.0243004100083395, 1.0135725585634399, 1.0050329806640659, 0.9977221008671509, 0.9881924778153826, 0.9875041639066228, 0.9860479243616336, 0.9840611700966162, 0.9821826643662016, 0.9769678738986614, 0.9681246497204995, 0.9622732274961614, 0.9520541804226375, 0.9432574050248522, 0.9383680940588075, 0.9282301474846926, 0.9209756610478292, 0.9168762089829263, 0.9162174126994712, 0.912865974616643, 0.9124881716157127, 0.9074207235142328, 0.9009947052468719, 0.8923757043688412, 0.8854641459598142, 0.8906167055246381, 0.8866245569087512, 0.874811466494734, 0.8646329575234567, 0.8557153445265265, 0.8456490162269419, 0.8362143453376911, 0.826851171129574, 0.8180431600363697, 0.8089676494718661, 0.7994156371250145, 0.790958652538695, 0.7835473788090352, 0.7748241424280036, 0.7673867690137588, 0.7632534213403782, 0.757546578437846, 0.7577922107887027, 0.7563347896288986, 0.748196736051175, 0.7391705687563512, 0.7314114335678277, 0.7233004240133941, 0.7183846462080223, 0.7163469883205382, 0.7093900713689596, 0.7025032802382605, 0.69512379514007, 0.693231286164293, 0.6853813410194014, 0.6769269276935874, 0.6680091710124998, 0.6603728412976889, 0.6535996714499455, 0.6488702681950891, 0.6435938914356055, 0.6434537306581677, 0.6463362016922581, 0.6402825340194926, 0.6341581345066192, 0.627024033062633, 0.6182012332934747, 0.6097362163172134, 0.602899728162792, 0.5975356818940621, 0.5965896876350008, 0.5985804138374327, 0.5891587917860193, 0.585332441743471, 0.5818354098963259, 0.5816745944568349, 0.5812064644722084, 0.5722190474201564, 0.5645519962736556, 0.5574649626174913, 0.5522683837267518, 0.5470617500433881, 0.5399049442424495, 0.5360977208048407, 0.5322779890180156, 0.5320594620150347, 0.5297247275573591, 0.5246276353975977, 0.5165813259337149, 0.5103591869465813, 0.5044930175321658, 0.5009871031622068, 0.496892462149509, 0.49218625752251527, 0.49380648722540627, 0.48985074587944627, 0.4876917206380779, 0.48557373817133215, 0.4813603918319552, 0.47436166734391166, 0.4693019021137401, 0.4658280148304012, 0.46315515668219015, 0.4596364246520431, 0.4582585214413947, 0.4547329111133989, 0.446251049354036, 0.4436144053538289, 0.43756708577938364, 0.4341045251095099, 0.42863650330582187, 0.4266400697242073, 0.431255384820578, 0.42655728019942, 0.4243047243976935, 0.42721518277271586, 0.42284471962665177, 0.42233948421238215, 0.4147334040734455, 0.4101092732683948, 0.4091052744922914, 0.41189909983841283, 0.4024648948294093, 0.3965209676487471, 0.3920384957836543, 0.387046440744706, 0.38431191152358857, 0.38520213335317066, 0.3852417590202955, 0.37974585804223343, 0.3783635657562356, 0.3708960949307476, 0.3657456317929401, 0.36261617009336466, 0.3571907408031565, 0.35480895435526477, 0.35208779033970655, 0.3515437622312399, 0.3508847475362094, 0.34810562263823663, 0.3455911144167437, 0.343903520395429, 0.3366946714896368, 0.3328912597559465, 0.3303260857688235, 0.3237408652730408, 0.32086539423705207, 0.31942029286410467, 0.31377521393883206, 0.3094592433565522, 0.3041558447646607, 0.2994097210523787, 0.2962701782704571, 0.2940690435275582, 0.2927882749863392, 0.2935507926085898, 0.2866351878050562, 0.2805806572782851, 0.27488009467333235, 0.26922294438799294, 0.26374460752988205, 0.25958583615471886, 0.254494514954107, 0.25368322332726545, 0.25292713117215937, 0.24694608447377453, 0.2426929129277688, 0.2419503428985561, 0.24292659998796634, 0.23830566288285077, 0.23473685013275042, 0.23309961695058462, 0.23447815438309527, 0.23079559600306587, 0.22841324885987302, 0.2294112280460141, 0.22831138785949612, 0.2232515070185127, 0.22110035903044156, 0.21908935174571964, 0.21947917956168655, 0.2185525771588549, 0.21695087239404842, 0.21575441969209275, 0.21146403123039648, 0.2105567076528444, 0.21059554555655585, 0.20624865718406105, 0.20137328099919571, 0.19754046924694335, 0.19423312824000555, 0.19199371673064747, 0.19354657695037208, 0.1921029153234885, 0.19047739065476177, 0.19021332572072985, 0.18835142287273499, 0.1864353610017664, 0.18476469934661055, 0.18318762866290983, 0.18056494597928452, 0.17983888932070308, 0.1808614281589045, 0.17979364612523324, 0.17506930005193255, 0.17344662752387363, 0.17304491705178926, 0.17424297085928103, 0.17203740479928137, 0.1695863716724526, 0.16618892770534638, 0.16766671786588272, 0.164765820317758, 0.1620104253768242, 0.16028703022667556, 0.15825106266069255, 0.15864944527002806, 0.15807741639545914, 0.15675315571545145, 0.15784309807439, 0.15871551958499241, 0.15883126288500377, 0.15271805775228126, 0.1525161974671514, 0.15167850243337455, 0.14901746090315682, 0.15091199043235015, 0.14972763193534033, 0.14530791537433013, 0.14282344953202475, 0.14388947059651896, 0.14273366118817488, 0.1405507813818344, 0.1388782416629607, 0.13780174582611981, 0.1381125655767121, 0.13842553431060167, 0.13700193281528278, 0.13448397938377732, 0.1337152560402703, 0.13520047913171584, 0.13372228318511403, 0.13147586597785776, 0.13375971203431503, 0.13084178157548249, 0.13020677008888293, 0.12861793425296159, 0.12674030440243023, 0.12639856644616493, 0.12570945444357307, 0.12372644202175981, 0.1274986906766084, 0.12359707241820933, 0.11984846226102147, 0.1208794081582818, 0.12016490008633057, 0.11817570242006759, 0.11608623794931777, 0.11626958079683714, 0.11592191654788153, 0.11749901831481435, 0.1151370342097277, 0.11395321096236921, 0.11408977669908665, 0.11607260734371533, 0.11064424408356616, 0.10820735205388399, 0.10730757216578635, 0.10641927984879829, 0.10493316220012577, 0.10560692846870401, 0.1048406719431948, 0.10415807503839691, 0.10309206851913566, 0.1017714861272983, 0.10341933859399, 0.10233999556142442, 0.10113495155174751, 0.10384362048214268, 0.09985244096690055, 0.0986952740287309, 0.09532601189630152, 0.09565032875854917, 0.0961286327961034, 0.09441667635806106, 0.09303469314292168, 0.09494038279241412, 0.0933216754365448, 0.09010762640522685, 0.08805261582084767, 0.08748309282511013, 0.08835415016797221, 0.08559676825051432, 0.08339041304804617, 0.08578593331865791, 0.08371886916151072, 0.08189123635927698, 0.08207274043300616, 0.08219233949762872, 0.0819784849987123, 0.08209212971377122, 0.0824793823539729, 0.0805814449200345, 0.08181332991956991, 0.08086086337314291, 0.07864806539178448, 0.07867557932969349, 0.07881816481033177, 0.0790591175324985, 0.07957812554559285, 0.07865788769514526, 0.07839161039191989, 0.07812447009500711, 0.07725675876914295, 0.07736119251262519, 0.07713505939386722, 0.07704694641725085, 0.07763454619633103, 0.07597269390183747, 0.07588427117648022, 0.07665782592218384, 0.07471466404328297, 0.07426592406826849, 0.07441992018288901, 0.0730651901467152, 0.07308365744771894, 0.07324275159133853, 0.07275390769828127, 0.07282312603137253, 0.07177252139618728, 0.07219301209542839, 0.0715110899923167, 0.07044460732689584, 0.0701734864100646, 0.06998522241619964, 0.06930322753073614, 0.06847187511084851, 0.06802197367306462, 0.06778335016585646, 0.06852683298156337, 0.06671102208760749, 0.06646883862718522, 0.06658792203427177, 0.06525256948572922, 0.06509996486982494, 0.06469576600858495, 0.0652968682339009, 0.06456847407043242, 0.06436708029137772, 0.0642350261605995, 0.06318979704338712, 0.06247611097650807, 0.062331835393659385, 0.06268710065245986, 0.061745888042346486, 0.06084783056241594, 0.0597609282312731, 0.05948702771888137, 0.05915698874552655, 0.059172033232592014, 0.05889343176213524, 0.058758605734089975, 0.057973899069438506, 0.057450314700010385, 0.056284924291625016, 0.05632932744190611, 0.05653098174444937, 0.0553035946971101, 0.05457967462919788, 0.054419379965829795, 0.05446868613704492, 0.05471658012401226, 0.05428162064634812, 0.054401283973876446, 0.05448005258087196, 0.053521581716907796, 0.05307601281670438, 0.052800016675768835, 0.053157350088303135, 0.05196081499266891, 0.0515848868657004, 0.051714234333950504, 0.052231418831116594, 0.050589938142573954, 0.050675281220546764, 0.050624724108669694, 0.049778659614556076, 0.04995859562483307, 0.0498975129314535, 0.04945028064102941, 0.04908116497714199, 0.04906275468208543, 0.04931647241012416, 0.04809783204588636, 0.04727258258115985, 0.04698888750046126, 0.04675865413275204, 0.0470763598695888, 0.04596137656174337, 0.045415870934686686, 0.04553896197387952, 0.045725839828532955, 0.045202771861628355, 0.04437425207462575, 0.04453791515238614, 0.044499318860199644, 0.04384940176036767, 0.0432220983185545, 0.043792351504916005, 0.043455824202134785, 0.0430842365290901, 0.04328344861812994, 0.04249708648843553, 0.04325474840320975, 0.04286742101494789, 0.04182039585278663, 0.04115608857542297, 0.04049274886610488, 0.04016217497007424, 0.04020044910799747, 0.040041604784414764, 0.03975589719478556, 0.03967192418931487, 0.03954463438169331, 0.03873704278338941, 0.03811790262663073, 0.037916161231538625, 0.037734902269122905, 0.03752247446697099, 0.037856943217956185, 0.03741299069004078, 0.03674766289255671, 0.03769280261337782, 0.036753796592404075, 0.036973156561790566, 0.036538449236049764, 0.035819547958243936, 0.035519150649035214, 0.03555647144690288, 0.036253762976106385, 0.03578357208121774, 0.03551152648901412, 0.035369916996916606, 0.0347244872934781, 0.034389313981364134, 0.034178642690874006, 0.033538755473867976, 0.03335420398141575, 0.033271290507557394, 0.03282322656018488, 0.03243071497182104, 0.03197049570501376, 0.031994962339781385, 0.031999203316100844, 0.031731514284872975, 0.03188724556185818, 0.032028040945030534, 0.031109258708869603, 0.03073124663496507, 0.030417090066188424, 0.030582617382422406, 0.030433290504660926, 0.030598459192398564, 0.03078548502471068, 0.030295441103450615, 0.030349378819527484, 0.029680578343258546, 0.030079203474428495, 0.029540590805399947, 0.029601489661856162, 0.029728632779589592, 0.029239977862399735, 0.02918895473074523, 0.029070398827678035, 0.02902353801558588, 0.02911974157702457, 0.029609975679977363, 0.02927927679781095, 0.028641305512892123, 0.028690254577091845, 0.0282683973409511, 0.028143637317853076, 0.02808596282590936, 0.028438338574978128, 0.0281189566078468, 0.027463178899619023, 0.027346081804293654, 0.027203434292768836, 0.026991168509854502, 0.027098515343770058, 0.027053619487820924, 0.027075296164411622, 0.026527607064191105, 0.02619001837093926, 0.026339484549477654, 0.02619538350590811, 0.026213048897144597, 0.026183318795522825, 0.02645114967327622, 0.026247554402297424, 0.026004063012028844, 0.026123851736437498, 0.026020410041763586, 0.026435454379316825, 0.026099045495142192, 0.02597307651423697, 0.025861284755538616, 0.025632873469547457, 0.025582525468339057, 0.02567287020698439, 0.025397355910390274, 0.025333168203862333, 0.02541227387328615, 0.025334944987559394, 0.02552884195920946, 0.025504935043460186, 0.025173267862380277, 0.02526120630440587, 0.024958005832072416, 0.02478957315509478, 0.024800306044383325, 0.024864084832749822, 0.02461529570429133, 0.024510594292157295, 0.024382087073223202, 0.024341762855972005, 0.02436072526877875, 0.024548393865849616, 0.024352379521968337, 0.02413806813545505, 0.024202187644178808, 0.024161284937051275, 0.024027278388813134, 0.023969581761878134, 0.02430745863681194, 0.02396715949553152, 0.023761589954726436, 0.02358305562310392, 0.023673060419581504, 0.023548962371095494, 0.023714146836543604, 0.0235556817005389, 0.023487562505449477, 0.02357883306576536, 0.023299809740603528, 0.023174938622664176, 0.023281840396860654, 0.023202066090420304, 0.023208888303458464, 0.023254916759212985, 0.02299577558724497, 0.02292406878121689, 0.023019622859178246, 0.022926004268206457, 0.023026325165618866, 0.02293196013000698, 0.022897444004977507, 0.023012743204589903, 0.022648835631545627, 0.022536644324786748, 0.022521981086668252, 0.02257417461961675, 0.022512042129304133, 0.02240477553148812, 0.022280078806669712, 0.02212264160424937, 0.022001747159730023, 0.021983418822398737, 0.022045289255173017, 0.022000214638038362, 0.02197108105405632, 0.021938364104031938, 0.021894150923620237, 0.021773850543069906, 0.021653172309206936, 0.02150081124340264, 0.021473074336180176, 0.021543149695726904, 0.021372914996251713, 0.021236073163994895, 0.02112571365197724, 0.021293911946421273, 0.021196237499548132, 0.021152158383708985, 0.021122512913483105, 0.021010221553978137, 0.02091244056093078, 0.020860629088328864, 0.020832951889333984, 0.021040359553739063, 0.020872149716803512, 0.020654861723874762, 0.020804491314295848, 0.020685190128712616, 0.020561576638087442, 0.02067019834627104, 0.020543805332130183, 0.020601059516283216, 0.02053236952162285, 0.020501401966559918, 0.020512934344162348, 0.020552698674238035, 0.020656982085449083, 0.020332206102744, 0.0202824421968405, 0.020263950076169657, 0.020385929147204163, 0.020223503894754913, 0.02013173811707958, 0.020101037046448056, 0.020011435509113884, 0.019925148733804576, 0.019888058622093308, 0.01983285753829378, 0.019905575350555038, 0.020009840786211375, 0.019839804092375735, 0.019784192831831415, 0.019659096015449795, 0.01960999674463737, 0.01957614028802035, 0.01962427199479, 0.01952552532944629, 0.019613287076792663, 0.019524410646302837, 0.019385272841631163, 0.019328058953856697, 0.01924600217037309, 0.019245987574384338, 0.01926985938599457, 0.01926734132476926, 0.019257513962136596, 0.01915562046791075, 0.019172656102646957, 0.019144806079293253, 0.019124575958989642, 0.01914010890433049, 0.019345207581927815, 0.019087161691164645] 

Smallest VQE eingenvalue optimizer final message:
{   'aux_operators_evaluated': None,
    'cost_function_evals': 3371,
    'eigenvalue': 0.019087161691164645,
    'optimal_circuit': <qiskit.circuit.library.n_local.real_amplitudes.RealAmplitudes object at 0x0000021C0D1F7710>,
    'optimal_parameters': {   ParameterVectorElement([1]): 2.4850426557241097,
                              ParameterVectorElement([2]): -1.625782719591656,
                              ParameterVectorElement([0]): 3.1412513695135833,
                              ParameterVectorElement([9]): -1.5895163864733066,
                              ParameterVectorElement([8]): -4.732035022238501,
                              ParameterVectorElement([7]): 4.828734245116659,
                              ParameterVectorElement([6]): -1.118694412798919,
                              ParameterVectorElement([5]): -3.133171985930429,
                              ParameterVectorElement([4]): -1.5705998640920464,
                              ParameterVectorElement([3]): -4.716019688401994},
    'optimal_point': array([ 3.14125137,  2.48504266, -1.62578272, -4.71601969, -1.57059986,
       -3.13317199, -1.11869441,  4.82873425, -4.73203502, -1.58951639]),
    'optimal_value': 0.019087161691164645,
    'optimizer_evals': None,
    'optimizer_result': <qiskit_algorithms.optimizers.optimizer.OptimizerResult object at 0x0000021C0D1F75C0>,
    'optimizer_time': 10.114212274551392}
                             
q_0:  Ry([0])  Ry([5]) 
                        
q_1:  Ry([1])  X  Ry([6]) 
                   
q_2:  Ry([2])  X  Ry([7]) 
                   
q_3:  Ry([3])  X  Ry([8]) 
                   
q_4:  Ry([4])  X  Ry([9]) 
                        
The number of ansatz parameters is: 
 10
Line for latex table
RA r1 rl & $1\mathrm{e}{-03}$ & 100/100 &2789 & $1.9087\mathrm{e}{-02}$ & $2.0254\mathrm{e}{-02}$ & $1.1396\mathrm{e}{-01}$ & $1.1513\mathrm{e}{-01}$ & - & 00h 15m 33s\\

