46.43046422195504
22.801852021502267
126.27482376155274
13.635206979179307
92.70262326726882
7.817494239011089
156.33488097006025
23.055345323160402
9.823758824770207
14.265251418687937
154.16719552521988
37.13863087722159
20.966953376859948
100.21136317055546
241.11764305448023
104.16060381642846
101.78122697214646
331.1120057514482
85.44809794665927
41.487104609044074
55.579451042552726
124.84354905039717
189.30081390761464
126.40932382645806
55.3638050562205
13.170911772978863
27.93204139247626
94.93153422910609
78.56465373344373
23.68804177547465
31.81583065398881
31.684712570567456
220.66927088623405
37.55080936201686
161.38877466385532
82.89082476992968
43.90051816215966
58.78480728903558
46.00407706212974
152.66852784436864
87.8981817337195
103.0559001652584
196.5609322891628
407.5094214927357
33.010093951035216
246.42402031946565
15.237973093396326
33.83921191578811
194.04230784499185
41.82565247376537
83.66068080885906
281.85464485993225
100.79685649730159
117.05665525568708
8.241522785976226
268.2991630865281
99.83910768603201
7.513423536099195
715.3390390429344
44.42007335752951
83.3939135633148
7.9112314849740235
158.8288344488085
20.357813884977
15.540061173275499
62.357727007683934
31.362180009856534
27.83710747915536
62.12986811048373
80.74020611870753
252.9355615300022
65.67292026701871
775.2988711871026
9.616582586965531
47.81251738348687
130.71124579508452
60.22774193643806
18.81432800611474
590.5494274450039
117.0517595925169
32.473187286635564
150.22098129345903
564.7502040490618
20.693628963197597
19.3691889407644
55.61432175184924
362.88784134907525
30.246889831774062
14.692059305076102
59.467476026953584
564.0747228743119
57.034742995657645
17.068142272374615
14.130864718921918
8.124732706741826
287.921687963087
62.05912202477743
36.794126334478975
29.141154439659697
25.20846598621835
